id
267
332
346
374
395
403
441
631
716
847
858
860
862
919
1548
1835
2132
2504
2507
2521
2852
2875
2905
2911
2956
3256
3386
3491
3526
3642
3647
3701
4342
4702
5067
5089
5094
5591
5685
5866
5882
5955
6190
6211
6230
7141
7508
7576
7578
7607
7964
7980
8008
8281
8283
8334
8430
8533
8733
8818
8877
8880
9379
9471
9924
9925
9990
10168
10204
10245
10533
10658
10897
10907
10912
10917
11061
11164
11558
11559
11561
11562
11969
11992
12039
12279
12813
13021
13061
13308
13585
13830
14036
14171
14855
15747
15959
16035
16148
16184
16619
16679
17106
17268
17287
17531
17656
17670
17675
17758
17794
17980
18009
18092
18098
18111
18269
18274
18276
18338
18686
18689
18695
18820
19003
19014
19217
19498
19698
19815
19829
19968
19990
20087
20681
20717
21133
21141
21197
21198
21245
21881
21981
21991
22089
22425
22658
22675
22697
22936
22954
22995
23171
23287
23321
23417
23533
23563
23697
23819
23840
24065
24125
24146
24152
24421
24463
24676
24948
25079
25132
25139
25152
25199
25240
25487
25603
25694
25704
25727
25761
25978
26138
26387
26389
26478
26571
26581
26893
26974
26991
27116
27140
27414
27548
27570
27571
27611
27684
27688
27914
27941
28290
28422
28439
28870
28911
28943
29401
29512
29518
29523
29543
29793
29937
30305
30367
30419
30657
30674
30680
30691
30986
31065
31612
31676
31711
31744
31976
32267
32270
32343
32527
32778
32991
33246
33313
33321
33519
34017
34077
34192
34203
34212
34268
34410
34590
34599
34731
34760
34941
34989
35153
35196
35308
35479
35516
35577
35587
35652
36031
36048
36124
36159
36464
36497
36501
36590
36707
36838
36911
36917
37038
37125
37126
37213
37217
37526
38021
38192
38244
38373
38385
38465
38532
38995
39219
39239
39548
39554
39686
39765
40419
40423
40515
40577
40642
40784
40798
40839
40880
40906
40926
40938
40990
41096
41253
41971
42021
42498
42541
43004
43068
43124
43129
43430
43471
43828
43848
44025
44332
44392
44420
44972
45275
45336
45457
45476
45478
45501
45628
45798
46140
46215
46303
46478
47045
47433
47531
47563
47657
47718
47929
47953
48353
48393
48404
48546
48549
48698
49402
49404
49452
49506
50116
50345
50389
50390
50407
50473
50482
50546
50599
50621
50659
50678
50705
50761
50767
50810
50822
50958
51170
51226
51268
51313
51931
52098
52106
52135
52639
53206
53374
53803
53932
54107
54198
54219
54449
54459
54856
54870
55046
55197
55302
55393
56095
56263
56771
56838
56886
56957
57480
57559
57640
57680
57722
57798
57854
58427
58536
58732
58913
59148
59404
59495
59884
60002
60055
60110
60221
60403
60460
60476
60579
60782
60833
61432
61523
61572
61605
61618
61748
61856
62011
62058
62103
62255
62305
62461
62477
62520
62537
62565
62645
62682
62763
62868
63171
63457
63484
63801
63833
64206
64327
64385
64424
64745
64847
65051
65160
65164
65396
65403
65412
65624
66694
66718
66817
66824
66833
66869
66884
66897
67001
67007
67235
67290
67646
67752
68596
68651
69129
69306
69756
69757
69813
69814
69816
69878
69879
70496
70594
70617
70817
70823
70866
70881
70988
71017
71037
71052
71084
71132
71146
71182
71187
71318
71400
71441
71475
72274
72378
72395
72475
72707
72746
72901
73244
73382
73386
73417
73736
73836
73930
73939
74227
74306
74312
74389
74532
75844
75846
75889
75922
75977
76011
76328
76389
76469
76541
76543
76547
76631
77469
77487
77597
78139
78255
78382
78511
78517
78521
78677
78742
78903
78983
79323
79448
79742
79833
79936
80006
80810
81063
81200
81249
81288
81324
81352
81360
81392
81487
81508
81521
81556
81620
81631
81665
81708
81784
81802
81820
81876
82453
82498
82510
82705
82749
82799
82817
82840
82925
83058
83104
83137
83382
83455
83470
83685
83756
83777
84515
84549
84583
84612
84702
84705
84755
84813
85042
85127
85344
85689
85997
86034
86725
87776
87827
87875
87949
87958
87959
87966
87996
87998
88018
88020
88038
88047
88053
88059
88105
88700
88852
88867
88894
88930
88960
89076
89185
89343
89450
89659
89920
90032
90048
90148
90340
90550
90736
90743
90822
90840
91419
91425
91431
91457
91515
91523
91528
91622
91666
92876
93264
93329
93439
93614
93642
93655
93695
93734
93794
93848
93868
93929
93933
93937
93975
94044
94140
95120
95206
95288
95304
95420
95429
95452
95453
95471
95479
95587
95654
95986
96031
96211
96332
96546
96565
96920
96940
96941
96953
97064
97093
97118
97153
97195
97394
97708
97755
97765
98800
98868
98944
99120
99143
99177
99200
99201
99242
99275
99329
99399
99431
100286
100707
100715
100929
101165
101209
101260
101434
101511
101984
102401
103156
103462
103627
103635
103784
103873
103928
103940
103970
104012
104165
104230
104344
104364
104375
104463
104648
104687
104862
105135
105285
105307
105596
105813
105950
107013
107424
107767
107896
107901
108099
108110
108161
108206
108305
108514
108652
108694
108947
109909
109951
110080
110159
110209
110212
110221
110316
110385
110397
110421
110439
110534
110546
110573
110617
110637
110651
110782
110824
110887
110942
110946
110965
111037
111045
111081
111130
111271
111323
111340
111350
111360
111374
111385
111430
111465
111481
111561
111649
111887
112181
112494
112562
112719
112788
112874
112916
113067
113419
113480
113530
113561
113586
113730
114024
114145
114164
114636
114734
114869
114880
115029
115080
115085
115213
115229
115335
115394
115504
115505
115551
115687
115884
115998
116003
116010
116771
116818
117137
117490
117565
117808
117961
117974
118206
118768
118792
118844
118849
119802
119805
119813
119832
120105
120467
120484
120597
120617
120683
120830
120835
121300
121388
121490
121505
121528
121531
121726
122400
122809
122897
122945
123011
123056
123142
123170
123176
123221
123258
123313
123406
123437
123476
123673
123753
123770
123771
123795
123997
125945
126385
126532
126665
126784
126802
126925
127044
127132
128569
128647
128681
128703
128784
128795
129003
129152
129432
130076
130101
130138
130221
131221
131224
131245
132833
133285
133303
133348
133349
133373
133441
133453
133474
133513
133540
133662
133663
133710
133746
133752
133775
133828
133879
134095
134104
134207
134243
134598
134763
134775
134890
135068
135076
135473
135526
135587
135856
135869
135905
135923
135926
135989
136328
136355
136362
136449
136528
136769
136774
136796
138305
138426
138641
138642
139412
139575
139583
139621
139646
139650
139652
139682
139688
139739
139810
139839
139844
139975
139985
140059
140128
140163
140187
140249
140250
140254
140258
140389
140392
140541
140590
140687
140762
140779
140856
141020
141026
141232
141364
142581
142834
142855
142857
142982
143067
143108
143252
144483
144578
144592
144680
144714
144771
145128
145494
145581
145624
145774
146583
146626
146663
146705
146726
146734
146741
146768
146787
146802
147326
147360
147373
147401
147440
147633
147740
148887
148928
148974
149480
149521
149539
149546
149863
149903
150001
150052
150117
150506
150537
150557
150574
150960
151025
151085
151243
151298
151347
151363
151797
151821
152049
152234
152302
152407
152529
152553
152593
152600
153104
153204
153484
153846
153940
154033
154041
154092
154099
154130
154755
154772
154815
154829
154877
154879
155089
155151
155191
155237
155311
155324
155516
155519
155810
156493
156570
156656
157233
157252
157330
157331
157359
157428
157606
157680
157690
157912
158530
158539
158552
158574
158918
158940
159094
159670
159900
159920
160354
160944
161016
161087
161391
161400
161402
161408
161427
161428
161601
161908
162382
162395
162863
162872
162875
162886
163345
163386
163401
163404
163540
163952
163956
163978
164069
164331
164404
164570
164625
164687
165013
165026
165032
165036
165038
165043
165053
165061
165076
165097
165647
165874
166438
166522
166530
166565
166601
166619
166636
167278
167435
167522
167834
167844
167870
167986
168018
168185
168638
168652
168660
168662
168677
168688
168705
169806
169824
169846
169868
169903
169910
169932
169935
169948
170004
170005
170016
170392
170691
170789
170823
171140
171215
171323
171359
171859
171887
172237
172258
172299
172329
172330
172342
172356
172699
172709
172714
172729
172796
172865
173047
173711
173725
173729
173737
173748
173751
173799
173808
173822
174225
174364
174377
174380
174399
174462
174464
174835
174852
174949
174985
174998
175021
175044
175058
175250
175293
175404
175477
175505
175524
175711
176238
176271
176283
176304
176320
176324
176333
176827
176962
177350
177558
177565
177608
177611
177617
177851
177892
177903
178010
178026
178042
178093
178130
178133
178243
178252
178254
179025
179028
179086
179107
179178
179187
179193
179196
179215
179241
179257
179258
179277
179301
179310
179311
179316
179319
179343
179354
179407
180073
180087
180670
180678
180739
180749
180967
180982
180984
181204
181230
181392
181474
181571
181588
181607
182133
182137
182147
182149
182172
182205
182503
182567
182570
182659
182671
182676
182680
182701
183065
183444
183517
183524
183528
183743
183852
184473
184516
184546
184608
184649
184656
184770
184773
184915
185253
185439
185500
185518
185606
185652
185686
185911
186210
186261
186290
186632
186915
186916
187117
187195
187266
187278
187283
187328
187398
187485
187511
187766
188477
188638
188647
188678
188682
188759
188763
188814
189307
189402
189404
189619
189806
190076
190087
190194
190265
190411
190427
191112
191117
191163
191220
191381
191429
191462
191765
191798
191833
191848
191898
192060
192095
192115
192145
192152
192326
192327
192328
192377
192681
192754
192769
192772
192837
192838
192879
193519
193645
193661
195278
195485
195766
196537
196557
196559
196573
196618
196645
196651
196654
196671
196675
196742
196760
196766
196771
196856
196857
196858
196868
196871
196922
196978
197000
197040
197143
197179
198202
198344
198472
198524
198538
198546
198564
198661
198695
199324
199375
199423
199527
199623
199629
199631
199664
199740
199920
199958
200058
200094
200250
200261
200285
201074
201225
201564
201587
201594
201605
201625
201660
201673
201678
201686
201718
201751
201775
201776
201799
201807
201896
202052
202142
202317
202601
202725
202800
203040
203236
203696
203702
203705
203715
203718
203734
203736
203741
203748
203751
203786
204049
204078
204087
204531
204716
204736
204831
204848
204853
204982
205194
205196
206030
206035
206049
206080
206095
206103
206114
206127
206132
206185
206193
206572
206617
206675
206702
206709
206768
207230
207234
207278
207292
207313
207352
207765
207871
208315
208858
208872
208886
208916
208928
208930
209331
209338
209339
209351
209728
209801
209845
210054
210069
210078
210089
210098
210112
210253
210261
210263
210292
210300
210311
210372
210413
210419
210437
210526
210529
210652
210857
210883
210884
210949
211209
211317
211396
211433
211797
211815
211849
212004
212290
212504
212525
212566
212660
212738
212761
212771
212825
212974
212979
213143
213312
213339
213375
213395
213681
213686
213693
213736
214002
214005
214033
214040
214075
214597
214689
214701
214723
214810
214982
214983
215062
215085
215275
215314
215315
215324
215342
215655
215945
216123
216223
216250
216276
216552
216675
216688
216756
216828
216890
216994
217000
217005
217360
217460
217596
218039
218279
218334
218729
218770
218897
218973
219045
219407
219432
219439
219451
219777
219823
219836
219869
220320
220616
220654
221230
221261
221294
221307
221666
221729
221742
221749
221761
221972
222346
222799
223676
223697
223703
223706
223747
223765
223769
223779
223783
223801
223826
223834
223845
223846
223847
223852
223868
224420
224675
224861
224970
225078
225301
225385
225969
226014
226060
226073
226737
226771
226779
226798
226799
226813
226821
226830
226844
226851
226852
226857
226878
226880
226883
226891
226901
226903
226914
226931
226932
226934
227467
227515
227519
227543
227550
227552
227553
227595
227596
227633
227676
227682
227921
227947
227964
228161
228887
228893
229149
229171
229175
229177
229203
229222
229624
229845
229886
229937
229977
230651
230667
230935
231270
231302
231305
231332
231366
231531
231703
232233
232524
232574
232590
232592
232603
232635
232643
232788
232857
232882
232927
232929
233420
233437
233467
233506
233633
233660
233706
233721
233738
233813
233946
234128
234131
234801
234813
234835
234865
235194
235224
235236
235294
235299
235311
235318
235331
235368
235379
235380
235410
235425
235848
235934
236385
236577
236586
236589
236602
236644
236828
236857
236908
236915
236916
236930
237039
237050
237142
237153
237241
237257
237259
237339
237368
237457
237459
237921
237925
237932
237934
237946
237954
237968
237973
238145
238202
238213
238251
238661
238663
238725
239127
239306
239318
239463
239478
239665
239724
239734
239775
239983
239986
240178
240384
240419
240677
240701
240715
241018
241206
241283
241316
241411
241483
241498
241652
241829
241853
242019
242443
242929
242955
243036
243180
243185
243289
243309
243401
243435
244099
244101
244135
244309
244420
244532
244545
244797
244803
244925
244951
245391
245700
245895
245934
246006
246084
246276
246289
246297
246302
246357
246428
246480
247277
247285
247637
247846
247970
247981
248340
248342
248441
248617
248632
248856
249056
249061
249143
249170
249245
249255
249905
249921
249960
249962
249981
249992
249993
250662
250672
250690
250693
251137
251250
251494
251633
251704
252395
252508
252522
252562
252566
252571
252579
252623
252647
252662
253296
253303
254098
254752
254777
254808
254810
254811
254897
254922
254934
255005
255006
255028
255233
255378
255405
255705
255902
256087
256241
256254
256280
256377
256383
256391
256400
256416
256509
256729
256795
257068
257072
257082
257094
257105
257110
257136
257514
257538
258204
258294
258305
258486
258498
258513
258583
258595
258663
259199
259231
259304
259964
260020
260041
260064
260198
260782
260811
260824
260876
260969
260988
260999
261045
261065
261085
261112
261142
261197
261218
261230
261234
261243
261277
261285
261314
261390
261439
261560
261584
261600
261616
261634
262287
262323
262390
262431
262460
262549
262562
262641
262653
262700
262731
262795
262824
262860
262882
262968
263250
263313
263362
263471
263658
263686
263696
263942
264058
264173
264192
264238
264258
264271
264664
265382
265831
265840
265869
266393
266634
266769
266878
266952
267459
267461
267499
267505
268057
268071
268080
268092
268113
268546
268574
268578
268579
268586
269059
269064
269065
269074
269303
269456
269772
269795
269820
270343
270484
270560
270593
271083
271163
271177
271761
271772
271803
271822
271825
271837
271855
271859
271864
271876
271885
271896
272669
272825
272873
272891
272893
272912
272993
273001
273035
273045
273068
273073
273081
273115
273424
273732
273972
274286
274383
274444
274501
274550
274586
274691
274800
274948
275032
275040
275054
275068
275187
275208
275210
275257
275409
275411
275418
275480
275569
275587
276101
276222
276553
276560
276571
276584
276591
276595
276624
276842
276935
276975
277025
277588
277600
277697
277712
277721
277729
277735
277740
277747
277753
277774
277815
278274
278313
278412
278531
278563
278688
278758
278821
278823
278850
278970
279030
279035
279078
279253
279310
279321
279335
279353
279369
279372
279391
279457
279459
279491
279516
279556
279563
279663
279678
279689
279715
279797
280163
280340
280393
280398
280405
280648
280649
280656
280984
281089
281382
281403
281417
281496
281508
281530
281578
281582
281611
281628
281648
281650
281676
281690
281730
281853
281991
282294
282300
282390
282432
282562
282579
282704
282749
283158
283205
283371
283688
283692
283696
283712
283894
284013
284077
284190
284516
284608
284628
284788
284950
284971
285032
285477
285518
285970
286248
286298
286388
286695
286959
287052
287345
287372
287451
287576
287888
287931
287978
288241
288304
288310
288385
288416
288489
288648
289162
289305
289499
289682
289781
290089
290119
290201
290240
290272
290276
290420
290441
290495
290516
290591
290596
290609
290623
290652
290824
290880
290885
290888
290890
290989
291020
291096
291100
291171
291246
291298
291347
291678
291706
291709
291755
291981
292032
292127
292183
292201
292206
292226
292283
292340
292374
292590
292708
292868
292953
292957
293012
293092
293166
293599
293805
293871
293876
293952
294083
294321
294330
294422
294424
294458
294792
294820
294881
294941
294993
295014
295098
295120
295249
295281
295538
295576
295715
295875
295878
295897
295980
296217
296471
296617
296647
296661
296741
296764
296840
296889
297070
297213
297288
298040
298209
298253
298262
298599
298640
298663
298671
298701
299152
299170
299174
299208
299215
299221
299237
299666
299703
299708
299752
299761
299767
299829
299886
300063
300518
300649
300655
300677
300690
300692
300705
300731
300734
300792
300796
300797
301300
301342
301425
301427
301443
301469
301767
302148
302157
302784
302794
303143
303147
303590
303620
303637
303642
304157
304247
304248
304259
304262
304284
304295
304298
304312
304313
304327
304337
304361
304365
304397
304434
304438
304470
304511
305254
305285
305303
305320
305337
305572
305677
305862
305898
305948
305966
305991
306130
306227
306301
306304
306858
307516
308291
308329
308825
308851
308908
308912
308918
308945
308950
308970
308974
308990
308994
309007
309011
309030
309055
309506
309541
309563
309572
309589
309609
309625
309680
309872
309933
310250
310302
310329
310378
310568
310575
310584
310599
310600
310863
311111
311685
311764
311777
311794
311833
311840
311851
312297
312395
312574
312693
312821
312885
313038
313274
313587
314250
314276
314330
314336
314355
315404
315604
315624
315734
315738
315835
315886
316116
316205
316212
316231
316235
316257
316411
316448
316540
316898
317205
317443
317477
317534
317537
317883
318341
318571
318745
318752
318833
318840
318882
318916
318988
319009
319019
319056
319065
319106
319389
319929
319969
319970
319977
320012
320281
320285
320360
320683
320849
320963
321060
321124
321157
321161
321169
321387
321393
321753
321881
321958
322040
322197
322387
322411
322476
322544
322901
322918
323181
323566
323818
323852
323867
323957
323965
323970
323981
324005
324007
324082
324629
324633
324649
324695
324742
325334
325336
325350
325445
325447
325463
325490
325662
325719
325981
325998
326014
326469
326481
327007
327019
327044
327053
327358
327371
327428
327440
327926
328614
328639
328685
328704
328723
328863
329409
329845
330018
330124
330134
330140
330174
330625
330665
330766
330908
331018
331021
331081
331231
331349
331356
331622
332189
332196
332643
332724
332771
332894
332940
333176
333182
333568
333650
333653
333700
333953
334772
334792
334821
334827
334848
334853
334872
334878
334885
334890
335177
335587
335611
335626
335976
336178
336389
336393
336403
336405
336440
336441
336442
336443
336447
336454
336719
336874
336893
336915
336918
336968
337092
338052
338086
338089
338125
338140
338145
338157
338193
338197
338675
338742
338816
338836
338841
339427
339429
339450
340404
340421
340441
340499
340500
340514
340519
340885
341162
341187
341209
341210
341253
341273
341316
341397
342120
342366
342389
342470
342554
342700
342731
342760
342822
342827
342844
342857
342898
342906
342961
343189
343361
343443
344083
344477
344481
344492
344498
344502
344504
344790
345035
345054
345388
345445
345485
345894
345914
345958
345980
345981
345983
345992
346001
346063
346115
346691
346692
346713
346727
346797
346899
347063
347114
347442
347865
347866
347870
347897
348084
348128
348129
348365
348408
349010
349070
349107
349276
349320
349322
349350
349783
349812
349813
349821
349824
349932
349992
350227
350330
350403
350531
350936
350950
351198
351413
351452
351844
351874
352401
352411
352492
352503
352905
353007
353115
353132
353288
353529
353563
353608
353674
353684
353814
354323
355051
355064
355070
355352
355501
355521
355526
355541
355569
355685
356135
356553
356600
356628
356642
356703
356826
356885
357310
357681
357691
357698
358143
358173
358183
358191
358193
358194
358232
358247
358270
358277
358291
358348
358718
358726
358840
359047
359271
359447
359856
360083
360109
360140
360933
361368
361372
361384
361456
361785
361832
361855
361864
361868
361889
362354
362459
362494
362513
362804
362826
362827
362952
362957
362995
363167
363872
363932
363938
363945
363954
364013
364028
364283
364833
364917
364921
364965
365594
365760
365770
366023
366077
366078
366112
366136
366162
366200
366237
366331
366759
366762
366897
366909
366921
366923
366959
366978
367004
367369
367379
367556
367559
367573
367613
367667
367783
367917
368015
368026
368049
368059
368064
368074
368608
368623
368624
368628
368783
369351
369384
369390
369417
369446
369576
369587
369760
369857
369921
370006
370197
370202
370786
370790
370800
370805
370807
370811
370814
370831
371187
371209
371234
371256
371260
371279
371780
372081
372564
372565
372598
372604
372607
372608
372635
372669
372674
372936
372979
373068
373081
373251
373260
373313
373323
373334
373360
373442
373501
374140
374154
374157
374173
374565
374584
374610
374612
374616
375011
375023
375045
375306
375378
375428
375494
375984
375997
376071
376201
376243
376301
376345
376556
376632
376703
376722
376750
377428
377806
377833
377855
377882
377884
377913
378324
378728
378729
378730
378736
378743
378755
378768
378777
378780
378784
378789
378791
378798
378819
378844
378857
378874
379395
379424
379693
379696
379774
380044
380056
380057
380085
380101
380330
380648
380873
380901
380926
381450
381466
381493
381498
381532
381534
381563
381569
381940
382066
382202
382330
382335
382345
382359
382378
382782
382788
382791
382815
382822
383311
383639
383656
383918
383933
383949
383971
383995
384010
384017
384024
384025
384033
384052
384056
384094
384135
384529
384570
384800
384832
384858
384867
384933
384963
384979
384980
385056
385221
385374
385484
385608
385614
386098
386165
386797
387017
387024
387044
387067
387086
387088
387098
387112
387163
387175
387179
387186
387193
387209
387247
387333
387374
387434
387640
387964
387973
388192
388247
388598
388626
388630
388633
388672
388691
388702
388747
388989
389110
389115
389165
389185
389193
389231
389532
389670
389794
390092
390156
390307
390442
390796
390952
391245
391264
391524
391588
391607
391623
391625
391637
391661
391892
392009
392086
392087
392090
392367
392564
392598
392613
392679
392865
392915
392953
392969
392978
393095
393134
393145
393160
393238
393276
393324
393532
393618
394171
394180
394210
394211
394216
394222
394263
394464
394492
394577
394584
394633
394649
394703
395040
395066
395355
395374
395408
395469
395646
395678
395718
395911
395936
396055
396088
396132
396206
396429
396442
396599
397273
397275
397289
397308
397361
397374
397560
397652
397655
398432
398510
398537
398545
398591
398592
398916
398957
399009
399095
399213
399275
399280
399397
399522
399796
400063
400405
400419
400664
400858
400859
400887
400903
400904
401077
401204
401290
401349
401424
401426
401598
401669
401682
401708
402257
402294
402303
402307
402310
402360
402573
403074
403088
403148
403163
403577
403578
403584
403640
403681
403736
403853
404027
404246
404718
404805
404947
405574
405616
405626
405627
405634
405636
405641
405642
405644
405651
405652
405665
405702
405706
406598
406632
406706
406714
406715
406733
407351
407406
407413
407457
407481
407499
407509
407855
408378
408462
408469
408472
408567
408576
408580
408645
408691
409455
409482
409495
409498
409507
409509
409561
409570
409593
409628
409642
409684
410063
410122
410552
410573
410607
411013
411308
411432
411462
411492
411901
411913
412253
412293
412426
412980
413144
413607
413613
413650
413677
413685
413981
414504
414510
414511
414526
414542
414546
415142
415161
415195
415212
415217
415470
415583
415610
415617
415693
415701
416619
416627
416660
416666
417012
417029
417058
417067
417180
417198
417251
417272
417292
417334
417748
417802
417808
419087
419113
419117
419121
419144
419145
419253
419312
419876
419884
419921
419986
419997
420050
420120
420163
420171
420539
420664
420697
420978
420994
421038
421083
421245
421269
421278
421279
421408
421594
421635
421692
421718
421732
421805
421833
421860
421865
422060
422073
422126
422144
422266
422372
422439
422477
422487
422521
422580
422613
422931
423248
423250
423281
423681
423724
423725
423756
423762
423801
423820
424675
424686
424691
424695
424921
425203
425204
425243
425314
425906
425927
425931
425950
425996
426011
426034
426442
426495
426554
426560
426583
426680
426695
426697
426713
426772
426773
426797
427053
427054
427100
427220
427238
427299
427390
427403
427414
427615
428016
428050
428051
428075
428716
428722
428734
428762
428775
428779
428833
428840
428870
428873
428889
429197
429202
429704
429850
430022
430144
430397
430641
430799
430806
430810
431085
431122
431449
431495
431825
431839
431892
431947
431956
431958
431981
432024
432483
432511
432817
432979
433032
433096
433109
433616
433620
433621
433622
433684
433730
433795
433865
433898
434264
435187
435204
435207
435235
435269
435732
435746
435784
435839
435928
436283
436304
436320
436330
436605
436864
436904
436906
436927
436943
436954
436993
437032
437094
437116
437194
437426
437535
437702
437775
437810
437947
438541
438577
438596
438611
438627
438656
438779
438831
439112
439350
439462
439644
439803
439826
1998 SS40
1999 TQ52
1999 UZ31
2001 QY150
2001 TT232
2002 GZ
2002 NB75
2002 PQ200
2002 QZ38
2002 QZ92
2002 QX110
2002 QU147
2002 RF131
2002 RG210
2002 RY282
2002 TT381
2002 TC384
2002 VT138
2003 SY411
2003 SD287
2003 SC349
2003 TR36
2003 UJ160
2003 UX339
2003 UW352
2004 DA72
2004 HV24
2004 RL40
2004 TS13
2004 TJ227
2005 JK11
2005 NJ65
2005 QC81
2005 QX121
2005 SV66
2005 SK84
2005 SX234
2005 TR67
2005 TR83
2005 TU122
2005 UA5
2005 UU117
2005 UW406
2005 UM415
2005 UF169
2005 UC171
2005 UF434
2005 UA232
2005 UD526
2005 UD281
2005 UY292
2005 VG24
2005 VU114
2005 VE131
2005 WT45
2005 WB143
2005 YZ6
2005 YL43
2006 AV17
2006 BR37
2006 BN50
2006 BF127
2006 JN2
2006 KJ8
2006 QQ58
2006 QJ178
2006 QJ185
2006 RM70
2006 RO84
2006 RT98
2006 RV121
2006 SR90
2006 SP115
2006 SF187
2006 SM329
2006 SV374
2006 SP115
2006 SY379
2006 SG388
2006 SW407
2006 SE411
2006 SR163
2006 SF187
2006 SM329
2006 SU333
2006 TB29
2006 TE47
2006 TU95
2006 TX110
2006 TC111
2006 TH122
2006 UN18
2006 UA43
2006 UY98
2006 UO172
2006 UC101
2006 UQ121
2006 UV125
2006 UO171
2006 UO172
2006 UT226
2006 US270
2006 UE335
2006 UV358
2006 VK5
2006 VG41
2006 VY58
2006 VF66
2006 VW82
2006 VF136
2006 WN17
2006 WK37
2006 WX69
2006 WL71
2006 WC77
2006 WZ155
2006 WH180
2007 BG18
2007 CN30
2007 CD32
2007 DO103
2007 ES135
2007 HM57
2007 LC21
2007 MS13
2007 QZ3
2007 RM50
2007 RB51
2007 RA165
2007 RN203
2007 RX225
2007 RX226
2007 TO28
2007 TA29
2007 TB58
2007 TV367
2007 TX367
2007 TX129
2007 TO133
2007 TB399
2007 TH408
2007 TH427
2007 TK193
2007 TW322
2007 TS343
2007 UH41
2007 UU64
2007 UO74
2007 US79
2007 UL89
2007 UY93
2007 UK106
2007 UX109
2007 UW134
2007 VP51
2007 VC69
2007 VF103
2007 VS104
2007 VC106
2007 VV111
2007 VV145
2007 VK156
2007 VC161
2007 VR293
2007 VQ318
2007 XS54
2007 YZ5
2007 YX28
2007 YF49
2008 AE35
2008 AT40
2008 AO120
2008 AF127
2008 BX50
2008 CY60
2008 CU149
2008 CK196
2008 CF206
2008 DT45
2008 EF11
2008 ER46
2008 EQ134
2008 EK157
2008 FD12
2008 FW101
2008 GF144
2008 JM12
2008 JD26
2008 RV37
2008 RY100
2008 RN125
2008 SQ180
2008 SD197
2008 SP213
2008 SM216
2008 SW220
2008 SJ250
2008 SX269
2008 SY278
2008 SB283
2008 SM300
2008 TX12
2008 TQ25
2008 TM47
2008 TO104
2008 TZ107
2008 TM108
2008 TA120
2008 UU10
2008 UG34
2008 UJ40
2008 US45
2008 UE51
2008 UL360
2008 UT147
2008 UV260
2008 UU266
2008 UQ285
2008 UX333
2008 WD78
2008 WY99
2008 WX122
2008 WY127
2008 XZ32
2008 XE48
2008 YA104
2008 YT107
2008 YV156
2008 YQ172
2009 AH25
2009 BZ10
2009 BG28
2009 BQ73
2009 BW73
2009 BN110
2009 BK121
2009 BJ153
2009 CR28
2009 CF47
2009 CD49
2009 DR14
2009 FX58
2009 HL12
2009 HT96
2009 HD99
2009 PR9
2009 RF43
2009 RQ58
2009 SZ9
2009 SL30
2009 ST116
2009 ST132
2009 SC146
2009 SB225
2009 SG257
2009 SW266
2009 SV280
2009 SA281
2009 SF303
2009 SA350
2009 TW30
2009 UY14
2009 UN27
2009 UM48
2009 UA97
2009 UZ111
2009 UU115
2009 UQ125
2009 UA148
2009 UH148
2009 VF69
2009 VJ87
2009 WM12
2009 WO46
2009 WK101
2009 WM108
2009 WJ116
2009 WX178
2009 WY207
2009 WM257
2009 XM
2009 XM8
2009 YG7
2010 CG35
2010 DN13
2010 DK44
2010 MB77
2010 MY82
2010 MM93
2010 NM109
2010 NH112
2010 OD65
2010 RL10
2010 RA44
2010 RH57
2010 RQ98
2010 SG
2010 SB20
2010 TW70
2010 TD113
2010 TC148
2010 TW184
2010 UN18
2010 UX22
2010 VG38
2010 VX56
2010 VP92
2010 WA7
2010 WL67
2011 AX73
2011 BD27
2011 BR37
2011 BC44
2011 BG61
2011 BK76
2011 BG109
2011 BG116
2011 CO45
2011 CA107
2011 CO114
2011 DH23
2011 EX25
2011 FT103
2011 HN58
2011 HW76
2011 JK7
2011 KY2
2011 KS25
2011 LL21
2011 OY33
2011 QC24
2011 QK62
2011 QN62
2011 RS18
2011 SQ40
2011 SE45
2011 SP72
2011 SG82
2011 SH126
2011 SF129
2011 SO130
2011 SA146
2011 SH192
2011 SF201
2011 SX201
2011 SH227
2011 SV230
2011 SP232
2011 SR234
2011 SU256
2011 UC11
2011 UP28
2011 UQ58
2011 UF96
2011 UC97
2011 UN125
2011 UR221
2011 UG222
2011 UO268
2011 UB339
2011 UP124
2011 UN125
2011 UX397
2011 UR221
2011 UG222
2011 UJ234
2011 UO268
2011 UN274
2011 UA275
2011 UB297
2011 UB339
2011 UW350
2011 VJ22
2011 WJ20
2011 WD56
2011 WC57
2011 WL81
2011 WM85
2011 YT13
2012 AC2
2012 AY13
2012 BY12
2012 BB29
2012 BF54
2012 BC67
2012 BQ75
2012 BE129
2012 CN10
2012 DB5
2012 EQ7
2012 FZ19
2012 FX22
2012 FY49
2012 FU66
2012 GR3
2012 HL14
2012 JU8
2012 LL8
2012 LB10
2012 RL24
2012 RZ34
2012 SZ38
2012 SZ56
2012 TX9
2012 TR16
2012 TP17
2012 TJ23
2012 TC38
2012 TS50
2012 TL57
2012 TD59
2012 TB84
2012 TM88
2012 TP93
2012 TW114
2012 TP126
2012 TH133
2012 TR143
2012 TU158
2012 TR165
2012 TR211
2012 TZ246
2012 TE287
2012 TA299
2012 TA305
2012 TP306
2012 UU13
2012 UO20
2012 UH31
2012 UN48
2012 UO70
2012 VV13
2012 VC21
2012 VK73
2012 VK74
2012 WX2
2012 XJ68
2012 XE120
2013 AD3
2013 AP21
2013 AC37
2013 AM44
2013 AD46
2013 AH68
2013 AX77
2013 AV117
2013 BR36
2013 BC77
2013 CU12
2013 CT57
2013 CT67
2013 CF131
2013 CQ160
2013 CL169
2013 CQ174
2013 CR190
2013 CA194
2013 EG78
2013 EM80
2013 EN95
2013 FQ11
2013 GK98
2013 GY101
2013 GV116
2013 GB124
2013 GD124
2013 HT1
2013 HM19
2013 HG30
2013 HQ41
2013 HS52
2013 HO61
2013 HR73
2013 HO74
2013 HK115
2013 HE128
2013 HE139
2013 JO18
2013 JB32
2013 PQ1
2013 PV24
2013 PN30
2013 QS20
2013 QJ57
2013 QE87
2013 QZ89
2013 RZ71
2013 RU74
2013 RY75
2013 RR76
2013 ST17
2013 SL35
2013 SC43
2013 SH72
2013 TK19
2013 TT71
2013 TP83
2013 TH97
2013 TQ102
2013 TO141
2013 VC4
2013 VY6
2013 WV26
2013 WH27
2013 YU51
2013 YF59
2013 YV93
2013 YP101
2013 YL116
2013 YV122
2013 YA125
2014 AC36
2014 BQ15
2014 BD23
2014 BY33
2014 BF52
2014 BR60
2014 DU55
2014 EZ12
2014 EL20
2014 ED25
2014 EK31
2014 EP44
2014 FD39
2014 FD47
2014 GN5
2014 GO7
2014 GA36
2014 GF36
2014 HW42
2014 HX74
2014 HF92
2014 HO112
2014 HU141
2014 HU163
2014 HA176
2014 HG181
2014 JG18
2014 JF29
2014 JO39
2014 JN51
2014 KW1
2014 KE15
2014 KT18
2014 KO44
2014 LC24
2014 MN4
2014 MH38
2014 MZ53
2014 NM35
2014 NL51
2014 NG53
2014 NJ54
2014 OC5
2014 ON8
2014 OJ13
2014 ON30
2014 OQ46
2014 OB48
2014 OP92
2014 ON115
2014 OA386
2014 OK126
2014 OM387
2014 OC130
2014 OD143
2014 OP154
2014 OK182
2014 OM194
2014 OA204
2014 OP253
2014 OZ280
2014 OM301
2014 PE32
2014 PW37
2014 PG40
2014 PX40
2014 QO21
2014 QK74
2014 QQ377
2014 QK378
2014 QJ386
2014 QT126
2014 QT387
2014 QQ144
2014 QM415
2014 QO204
2014 QU213
2014 QU247
2014 QL271
2014 QX307
2014 RT36
2014 SD83
2014 SO101
2014 SA124
2014 SA148
2014 SY155
2014 SE163
2014 SE173
2014 SF175
2014 SW186
2014 SZ202
2014 SD210
2014 SC257
2014 SV264
2014 SE315
2014 TP11
2014 TX28
2014 TE29
2014 TL39
2014 TT49
2014 UD11
2014 UW17
2014 UV31
2014 UN36
2014 UH51
2014 UD102
2014 UR111
2014 UB152
2014 UZ152
2014 UP193
2014 UG204
2014 VJ16
2014 WF5
2014 WS108
2014 WN401
2014 WE406
2014 WX150
2014 WO427
2014 WV232
2014 WH234
2014 WT249
2014 WN258
2014 WT262
2014 WX307
2014 WF313
2014 WO355
2015 AY7
2015 AY34
2015 AZ34
2015 AA63
2015 AW171
2015 AD181
2015 AA245
2015 AX273
2015 BG20
2015 BH25
2015 BR27
2015 BR54
2015 BY71
2015 BE84
2015 BP86
2015 BB104
2015 BA107
2015 BT398
2015 BX156
2015 BC157
2015 BJ160
2015 BL160
2015 BU422
2015 BD429
2015 BV213
2015 BV237
2015 BR253
2015 BV256
2015 BW259
2015 BO270
2015 BB273
2015 BK316
2015 CK1
2015 CX3
2015 CE11
2015 CW25
2015 CA42
2015 CX42
2015 DM23
2015 DV31
2015 DY85
2015 DV119
2015 DW167
2015 DN211
2015 DP222
2015 EP13
2015 EL17
2015 FA42
2015 FG43
2015 FZ71
2015 FR78
2015 FB113
2015 FW118
2015 FD150
2015 FK156
2015 FW168
2015 FO264
2015 FW292
2015 FF299
2015 FN302
2015 GG14
2015 GT29
2015 GP44
2015 HL5
2015 HB89
2015 HU154
2015 HJ162
2015 HV175
2015 HF180
2015 KQ2
2015 LD33
2015 MK9
2015 MN13
2015 MX26
2015 MH66
2015 MR67
2015 MZ98
2015 NU6
2015 OC13
2015 OZ17
1994 WN7
1995 SA21
1995 SO51
2000 WO63
2001 FS204
2001 RV122
2001 TR254
2001 WA21
2002 AJ66
2002 QF88
2002 RP287
2002 SF69
2002 TP366
2002 TW378
2002 UQ69
2003 AE21
2003 BY20
2003 DD2
2003 HC55
2003 PC13
2003 SJ69
2003 SK366
2003 UT385
2004 DL8
2004 DB64
2004 RP245
2004 TF112
2004 TO145
2004 TX152
2004 XM91
2005 BE32
2005 CN12
2005 EA213
2005 ET246
2005 EJ298
2005 EZ316
2005 GH98
2005 JV62
2005 NK117
2005 SO235
2005 SM272
2005 TP44
2005 TP82
2005 UK62
2005 UF417
2005 UY195
2005 UC206
2005 UB223
2005 UN233
2005 UQ258
2005 UK272
2005 US276
2005 UO292
2005 UK309
2005 UL321
2005 VU67
2005 VS94
2005 YT88
2006 AF51
2006 AQ65
2006 BG41
2006 BS175
2006 DU79
2006 HS45
2006 HT93
2006 JB78
2006 KF48
2006 QS150
2006 RW106
2006 RJ107
2006 RW111
2006 SA82
2006 SC107
2006 SM374
2006 SS379
2006 SW399
2006 SD153
2006 SK170
2006 SD191
2006 SL256
2006 SD309
2006 SF348
2006 TA127
2006 UC19
2006 UH25
2006 US40
2006 UU122
2006 UZ126
2006 UK142
2006 UM168
2006 UQ277
2006 UY282
2006 UB312
2006 VA26
2006 WG22
2006 WL32
2006 WA37
2006 WD48
2006 WT183
2007 BH23
2007 BP45
2007 BJ64
2007 CA17
2007 CX28
2007 DV13
2007 ES54
2007 EZ200
2007 FB50
2007 GJ5
2007 JU6
2007 RN27
2007 RS46
2007 RA64
2007 RY171
2007 RV192
2007 TK85
2007 TU92
2007 TS371
2007 TC387
2007 TZ389
2007 TL135
2007 TZ423
2007 TC438
2007 TQ262
2007 UN19
2007 UP79
2007 UX79
2007 UE83
2007 UX134
2007 VM18
2007 VF19
2007 VN29
2007 VQ32
2007 VC112
2007 VN120
2007 VO137
2007 VM162
2007 VW209
2007 VX235
2007 VA313
2007 WA41
2008 CS87
2008 DK45
2008 DJ62
2008 EQ71
2008 FV81
2008 FA128
2008 GR88
2008 GM117
2008 HZ13
2008 JX39
2008 RO36
2008 RZ77
2008 RP110
2008 SW16
2008 SO108
2008 SZ131
2008 SS279
2008 TY49
2008 TF108
2008 TX141
2008 UJ45
2008 UN268
2008 UF348
2008 VB71
2008 WS8
2008 WE77
2008 WT88
2008 YL30
2008 YD53
2008 YL73
2008 YP128
2009 AQ24
2009 BB37
2009 BN167
2009 DE27
2009 DM98
2009 DX107
2009 DP134
2009 EQ15
2009 FE12
2009 FD52
2009 OM25
2009 RG29
2009 SM24
2009 SG62
2009 SS194
2009 ST202
2009 SW261
2009 SN357
2009 VP15
2009 VQ19
2009 VR22
2009 VY81
2009 VX89
2009 WH37
2009 WA209
2010 AG133
2010 BQ33
2010 BE55
2010 BV57
2010 BC75
2010 CS45
2010 CG49
2010 CR90
2010 CP209
2010 CK239
2010 CS239
2010 DT16
2010 DD28
2010 DQ61
2010 DR81
2010 EO8
2010 EK62
2010 FB18
2010 FD43
2010 FB53
2010 GT9
2010 GO18
2010 GJ36
2010 GK36
2010 GS63
2010 GV95
2010 GB96
2010 GG116
2010 GA124
2010 GB156
2010 GS168
2010 HR3
2010 JF23
2010 JJ25
2010 JO54
2010 JC98
2010 JZ122
2010 JM127
2010 JF139
2010 KD61
2010 KU124
2010 KX125
2010 LP8
2010 LY18
2010 LD29
2010 LP44
2010 LE56
2010 LO69
2010 LC75
2010 LX88
2010 LZ88
2010 LH93
2010 LM94
2010 LH101
2010 MB14
2010 NA51
2010 NF101
2010 PT6
2010 PS11
2010 PG16
2010 PQ27
2010 PJ80
2010 RM26
2010 RA150
2010 SS34
2010 TK21
2010 TX29
2010 TJ43
2010 TE88
2010 TN88
2010 TY110
2010 UB82
2010 VW16
2010 VW52
2010 VP94
2010 VT97
2010 WC24
2011 AT52
2011 BA34
2011 BQ44
2011 BZ49
2011 BM63
2011 BC72
2011 BE113
2011 BM113
2011 CS11
2011 CS45
2011 CY56
2011 CT89
2011 ES
2011 ES15
2011 EK64
2011 FF63
2011 HC63
2011 HX96
2011 OF30
2011 QF74
2011 QP81
2011 QF92
2011 SM38
2011 SM43
2011 SL101
2011 SD120
2011 SD143
2011 SS147
2011 SA148
2011 SE198
2011 SU224
2011 SA239
2011 SR263
2011 TN1
2011 UT78
2011 UC148
2011 UD217
2011 UF318
2011 UX329
2011 UA351
2011 UG355
2011 WF25
2011 WJ102
2011 WU124
2011 YB21
2011 YM67
2012 BA7
2012 BN47
2012 BR64
2012 BL101
2012 BM152
2012 CL7
2012 CL26
2012 CX32
2012 CE34
2012 CO45
2012 DR43
2012 DS71
2012 DU73
2012 FC47
2012 FE79
2012 PF14
2012 PK25
2012 QO42
2012 RN9
2012 RX42
2012 SK14
2012 SA26
2012 SJ27
2012 SP46
2012 TN19
2012 TF30
2012 TN51
2012 TR54
2012 TC80
2012 TC85
2012 TJ85
2012 TB93
2012 TD94
2012 TV111
2012 TT122
2012 TY143
2012 TH157
2012 TX205
2012 TK233
2012 TM236
2012 TZ237
2012 TU238
2012 TQ240
2012 TW261
2012 TX283
2012 TZ291
2012 TX294
2012 UR7
2012 UW20
2012 UL56
2012 UA57
2012 UW133
2012 UV146
2012 UJ164
2012 VZ84
2012 VJ109
2012 WU12
2012 WV12
2012 WL16
2012 XV31
2012 XO42
2012 XG48
2012 XK101
2012 XZ113
2012 XW139
2013 AX139
2013 AJ171
2013 AH182
2013 BF30
2013 BH42
2013 CK20
2013 CQ45
2013 CH106
2013 CW107
2013 DS5
2013 EQ26
2013 ET98
2013 GG34
2013 GK96
2013 GK118
2013 GD134
2013 GO135
2013 HZ35
2013 HY36
2013 HA38
2013 HN44
2013 HP44
2013 HN45
2013 HK68
2013 HH70
2013 HN70
2013 HC71
2013 HY73
2013 HT77
2013 HO83
2013 HL84
2013 HN89
2013 HB90
2013 HE92
2013 HT93
2013 HZ93
2013 HC108
2013 HQ108
2013 HT115
2013 HC116
2013 HX119
2013 HO127
2013 HD134
2013 HF136
2013 HJ136
2013 HV136
2013 HJ143
2013 HN146
2013 HL149
2013 NY13
2013 QA13
2013 QK23
2013 QT52
2013 RC3
2013 RL63
2013 RW76
2013 SZ18
2013 SV41
2013 SK65
2013 TJ19
2013 TH23
2013 TG87
2013 TA88
2013 TW123
2013 WH89
2013 YL47
2013 YF65
2013 YB118
2013 YN130
2014 AH26
2014 BP7
2014 BR45
2014 DX36
2014 DD107
2014 DZ133
2014 EU7
2014 EG34
2014 EN39
2014 GW1
2014 GL21
2014 GM24
2014 GB33
2014 HZ16
2014 HF18
2014 HE21
2014 HK41
2014 HO65
2014 HX72
2014 HX91
2014 HA123
2014 HF128
2014 HL141
2014 JO37
2014 JZ51
2014 JK52
2014 KN92
2014 KU92
2014 LB5
2014 LY6
2014 LL14
2014 LT17
2014 ND2
2014 OP4
2014 OC12
2014 OM17
2014 OW18
2014 OC30
2014 OY44
2014 OS49
2014 OE51
2014 OS52
2014 OO66
2014 OC73
2014 OQ87
2014 OG368
2014 OU370
2014 OS119
2014 OJ122
2014 OU124
2014 OX124
2014 OH125
2014 OF126
2014 OR136
2014 OG138
2014 OY138
2014 OT144
2014 OZ151
2014 OL154
2014 OF165
2014 OM201
2014 OT216
2014 ON219
2014 OG237
2014 OY243
2014 OS244
2014 OG249
2014 OP303
2014 OB312
2014 OT313
2014 OX315
2014 OK318
2014 OQ327
2014 OV328
2014 OX329
2014 OA335
2014 OZ351
2014 PK12
2014 PO68
2014 QY360
2014 QW123
2014 QX420
2014 QW188
2014 QU206
2014 QK228
2014 QS229
2014 QT235
2014 QB280
2014 RS3
2014 RJ8
2014 RP30
2014 SW89
2014 SD93
2014 SR94
2014 SO102
2014 SV102
2014 SY107
2014 SL130
2014 SC146
2014 SK147
2014 SM159
2014 SQ188
2014 SU224
2014 SV333
2014 UW76
2014 UH148
2014 UF182
2014 US193
2014 WK2
2014 WU15
2014 WD17
2014 WY46
2014 WU48
2014 WF84
2014 WN97
2014 WY99
2014 WO133
2014 WL132
2014 WZ143
2014 WD144
2014 WG282
2014 WW310
2014 WR356
2015 AZ38
2015 AT40
2015 AU61
2015 AQ106
2015 AM169
2015 AZ188
2015 AU193
2015 AQ222
2015 AN264
2015 AH272
2015 AD274
2015 AU275
2015 BK38
2015 BD40
2015 BU57
2015 BX59
2015 BS74
2015 BH88
2015 BE119
2015 BK133
2015 BR134
2015 BW401
2015 BO153
2015 BR413
2015 BD154
2015 BH414
2015 BW159
2015 BY433
2015 BJ181
2015 BH189
2015 BL189
2015 BY189
2015 BO190
2015 BA451
2015 BX191
2015 BY199
2015 BL471
2015 BU472
2015 BQ217
2015 BC224
2015 BH225
2015 BH229
2015 BK236
2015 BW241
2015 BB503
2015 BK244
2015 BX249
2015 BO253
2015 BU253
2015 BF265
2015 BW349
2015 BD352
2015 BG352
2015 CV2
2015 CH3
2015 CY11
2015 CL21
2015 CM26
2015 CL29
2015 CQ32
2015 CD41
2015 DD3
2015 DJ33
2015 DT35
2015 DU44
2015 DK94
2015 DB97
2015 DU148
2015 DE152
2015 DB153
2015 EK15
2015 EB46
2015 EJ46
2015 FN75
2015 FL132
2015 FE224
2015 FG246
2015 FD325
2015 GN17
2015 GN19
2015 GX31
2015 GA35
2015 HL6
2015 HN6
2015 HH67
2015 HN69
2015 HP71
2015 HG76
2015 HA80
2015 HW98
2015 HK110
2015 HS173
2015 KF8
2015 KY9
2015 KR16
2015 KC24
2015 KB115
2015 LT27
2015 LB38
2015 ME38
2015 MS47
2015 MS68
2015 MV69
2015 MJ72
2015 MQ74
2015 ME88
2015 PC36
2015 PG41
2015 PB53
