id
8709
27832
30946
46991
52419
58306
72526
73754
74853
75221
79214
79315
80175
80827
82186
85274
85296
85297
85310
86340
86819
86851
90788
90793
92334
92349
92381
94618
94788
94860
96012
96249
99410
99790
100185
100187
100191
100201
100216
100219
100279
100343
100368
102290
102516
103168
103901
106522
107051
107315
107464
107631
109333
112226
112670
112856
113552
113591
113778
113952
114004
115081
116691
117231
117830
118189
118216
118359
118613
119177
120526
120532
120533
120534
120541
121025
124404
124426
124660
124903
124927
125004
125018
125455
126147
126257
127610
127739
127761
128374
128539
129286
129334
131567
131639
131733
131889
133998
134012
134078
134694
135001
135441
135443
135649
135699
136109
136247
136631
136709
136711
136727
136801
136903
136941
137029
137074
137314
137476
137572
137585
138868
138975
139059
139138
140209
141692
141771
141835
141984
142138
142263
142334
142397
142523
142610
142697
143406
143933
143940
144023
144353
145023
145139
145825
145826
146983
146984
147012
147437
147461
147474
147494
147588
147753
147961
147962
147969
147970
147991
148271
149226
149230
149621
149808
150124
150126
150234
150275
150331
150679
150712
150733
150849
150870
151518
151567
151675
151925
151938
152146
152178
152200
152248
152266
152417
152575
152576
152587
152951
152981
153307
153538
153572
153574
153592
153714
154271
154343
154742
155013
155054
155059
155073
155093
155148
155204
155392
155591
155644
155920
155960
155978
156094
156738
156780
156796
156839
156842
157128
157142
157499
157519
157521
157822
157846
157857
157967
157972
158199
158209
158627
158666
158876
159249
160081
160154
160176
160376
160378
160405
160614
161611
161878
161964
162017
162029
162220
163087
163104
163106
163412
163686
164234
164238
164244
164245
164256
164442
164578
164580
164632
165376
166324
166693
166932
166945
166951
167338
167795
167865
168929
169435
169478
169681
170281
170459
170567
171264
171324
171479
171492
171809
172287
172464
172601
172688
172979
173128
173460
173590
174119
174141
174158
174720
174741
174742
175160
175186
175245
175405
175637
175639
175838
175935
176632
176669
176715
176749
177179
177205
177216
177683
177720
177731
177770
177996
178037
178080
178162
178190
178215
178236
178306
178368
178412
178785
179590
179706
179709
179751
179753
179769
179793
180449
180904
180935
181339
181362
181415
181763
181766
181888
181997
182052
182248
183160
183168
183189
183236
183237
183601
183605
183648
183699
183703
183719
183856
183898
183973
184058
184270
184291
184386
184448
184503
184612
184650
185010
185166
185223
185261
185368
185388
185525
185527
185562
185573
185606
185663
185725
185987
186393
186494
186508
186620
186800
186811
187055
187064
187116
187196
187292
187521
187750
187851
187977
188192
188245
188410
188420
188766
188982
188987
189284
189361
189413
189787
189972
189998
190233
190509
190773
190774
190806
190838
190848
191917
191927
191958
192312
192364
192516
192787
193789
193806
193903
193938
193982
194026
194042
194090
194148
194154
194156
194174
194180
194201
194235
194357
194369
194376
194410
194465
194467
194639
194878
195063
195148
195182
196248
197583
197591
197801
198896
198903
198922
198981
199017
199059
199143
199228
199577
199858
199871
200093
200095
200144
200618
200652
200662
200664
200702
200720
200729
200744
200758
200943
201058
201437
201439
201450
201641
202103
202508
202821
202861
203136
203139
203350
203355
203909
204290
204411
204438
204504
204691
204720
204978
205106
205313
205323
205658
205663
205679
205697
205706
205943
206338
206344
206390
207016
207025
207077
207085
207481
207569
207686
207709
207830
207880
208715
208777
209081
209517
209543
209554
209603
209604
209628
209634
209652
209679
209746
209748
209755
209768
209796
209937
209941
209962
210045
210206
210297
210387
210460
210737
211063
211536
211595
211918
212003
212221
212373
212462
212488
212731
212752
212769
212811
212854
212968
213117
213569
213582
214114
214152
214188
214198
214541
214596
214697
214908
215025
215072
215476
215480
215502
215591
215600
215699
215856
215857
215875
215885
216259
216715
216717
216730
216857
217268
217577
217593
218112
218168
218607
218697
218727
218832
218876
218940
219029
219135
219488
219501
219513
219996
220008
220182
220254
220492
220529
220947
220954
221010
221029
221053
221104
221114
221297
221612
221712
221806
221852
221862
221872
221923
221954
222031
222106
222203
222214
222400
223005
223028
223091
223180
223556
224032
224033
224081
224104
224110
224123
224126
224171
224190
224213
224240
224243
224271
224505
224530
224551
224834
224882
224982
225097
225109
225286
225487
226286
226640
226641
227071
227142
227161
227172
227218
227222
227244
227305
227311
227344
227397
227422
227845
227878
228017
228057
228205
228424
228433
228440
228446
228455
228727
228859
229063
229387
229398
229410
229411
229424
229443
229496
229539
229676
229709
230566
230628
230818
231132
231224
231675
231796
232154
232156
232178
232202
232414
232481
232584
232793
233095
233110
233129
233130
233139
233361
233374
233543
234012
234385
234418
234443
234461
234482
234632
234671
235032
235270
235359
235701
235706
235851
236170
236210
236216
236247
236316
236463
236531
236831
237159
237172
237366
237368
237397
237664
238446
238494
239260
239296
239552
239576
239639
240029
240551
240829
240949
241115
241120
241430
241537
241583
241771
241878
241973
242034
242063
242551
243117
243221
243879
243944
244027
244180
244310
244325
244662
244723
244814
244966
245123
245325
245599
245737
246156
246648
246687
246766
247131
247513
247733
247769
248034
248638
248723
249099
249104
249168
249711
249795
250030
250138
250146
250323
250330
250600
250605
250606
250623
251010
251402
251446
251659
251794
252381
253137
253563
253662
254473
254475
254498
254631
254907
255251
255684
255838
256554
256694
256774
256879
257000
257068
257274
257282
257468
257472
257801
257988
258031
258816
258919
258922
258924
259039
259065
260574
260587
260630
260710
260825
260980
261035
261040
261043
261088
261541
262072
262463
262476
262554
262733
263102
263134
263619
263724
263866
263869
263876
264832
265509
265521
265545
265549
265596
265730
266117
266167
266215
266341
266344
266481
266496
266558
266705
266718
266845
267018
267074
267170
267279
267311
267398
267879
268252
268262
268278
268306
268358
268396
268437
268438
268442
268817
268865
268887
268897
269163
269170
269191
269400
269498
269650
269670
269898
270050
270087
270167
270287
270363
270440
270681
270792
270822
270852
270878
270996
271319
272139
272207
272223
272229
272258
272281
272330
272341
272426
272508
272648
272993
273388
273443
273571
273692
273797
273882
273918
273952
274081
274124
274231
274614
274615
274821
274858
274892
274908
274950
274962
275119
275179
275185
275374
275495
275650
275783
275907
276037
276063
276090
276291
276766
276787
277233
277237
277265
277274
277340
277385
277388
277442
277642
277649
277710
278175
278206
278357
278537
278672
278693
278754
279168
279266
279326
279522
279524
279714
279728
279887
279930
280020
280388
280461
280463
280466
280784
280836
280873
280920
281136
281155
281245
281406
281604
281821
281963
281994
282178
282445
282463
282474
282640
282655
282958
283291
283321
284230
284273
284508
284540
284804
285051
285096
285308
285498
285624
285769
285784
285853
286128
286264
286411
286876
286878
286892
286974
286975
287126
287135
287560
287603
287871
287991
288174
288315
288362
288366
288439
288744
289096
289144
289254
289258
289374
289427
289521
289571
289576
289594
289602
289608
289628
289911
290030
290073
290091
290132
290519
290551
290661
290727
290793
290797
290879
290972
290973
290986
291275
291556
291613
291625
291639
291686
291867
291894
291985
292621
292856
292921
292964
293179
293183
293240
293335
293374
293402
293450
293494
293513
293627
293888
294011
294033
294233
294238
294259
294409
294457
294748
294844
294927
294980
295027
295098
295157
295166
295204
295427
295639
295762
295901
295922
295952
296018
296060
296116
296220
296457
296464
296467
296472
296548
296571
296749
297129
297223
297240
297451
298623
298767
298881
298996
298997
298999
299206
299702
300241
300291
300392
300394
300410
300422
300448
300506
300507
300545
300551
300631
300784
300811
301093
301140
301161
301307
301317
301470
301645
301661
301851
302072
302489
302534
302581
303291
303458
303596
303977
304006
304099
304955
304981
305175
305193
305221
305621
305642
305658
305723
305771
305868
305957
306024
306261
306283
306286
306446
306566
307130
307284
307366
307370
307634
307754
307757
307856
307997
308038
308956
309026
309226
309311
309342
309380
309516
309531
309544
309551
309598
309736
309801
309978
310034
310253
310287
310292
310349
310518
310908
311251
311583
311639
311701
311745
311782
312079
312135
312230
312566
312933
312938
313430
313614
313618
314309
315300
315319
315491
315534
315581
315823
315852
316093
316184
316317
316436
316558
316638
316645
316661
316662
316681
316734
316806
316847
317090
317241
317363
317401
317442
317469
317475
317516
317768
317893
317904
317938
318089
318453
318580
318658
318668
318687
318767
318932
319102
319239
319523
320256
320461
320636
320742
320823
321189
321205
321208
321226
321247
321357
321485
321872
321972
322049
322209
322427
322480
322613
322614
322993
323093
323159
324964
325035
325041
325314
325861
325865
326006
326296
326305
326684
327042
327054
327202
327284
327432
327646
327797
327870
327910
328130
328205
328264
328372
328495
328518
328554
328642
328650
328960
329167
329522
329935
330408
330605
330617
330856
331121
331310
331326
331338
331457
332049
332052
332531
332556
333180
333542
333685
333849
334013
334067
334185
334683
334821
334846
334890
335351
335389
335430
335477
335504
335798
336250
336472
336500
336503
336633
336800
336970
337012
337043
337139
337399
337410
337683
337952
338611
338657
338658
338838
338928
338930
340267
340371
340380
340411
340444
340523
340557
340940
340954
341196
341991
342000
342027
342093
342428
342449
342617
342837
342858
342888
343187
343358
343385
343447
343695
343732
343765
343789
343839
343884
343967
345028
345911
345915
345948
345963
346355
346623
346753
347076
347485
347598
347642
348046
348255
348885
349225
349278
349567
349573
349609
349639
349670
349719
350280
350416
350640
351493
352157
352829
352853
352867
353823
354003
354623
354634
354989
355342
355422
355519
355932
356004
356372
356848
357072
357379
358123
358616
359654
359662
359672
359764
359854
360055
360098
360503
360545
360751
360768
361095
361221
361807
361821
362123
362353
362618
363586
363996
364260
364895
364931
365662
365843
366047
367150
367331
367465
367928
368365
368653
368986
369268
369960
369961
370169
370439
370457
370477
370995
371555
371843
372695
372912
372976
373063
373240
373586
373726
374404
374502
374919
375171
375212
375312
375346
375414
375602
375823
375953
376412
376664
376698
376706
376828
377917
378245
378811
378819
378854
379395
379889
380030
380760
381177
381466
381571
381774
381802
382393
382399
382574
382948
383005
383044
383053
383229
383878
383902
383991
384012
384024
384036
384040
384124
384330
384348
384358
384505
384648
384969
384998
385681
386097
386493
386887
387051
387235
387453
387489
387614
387824
388581
388698
389039
389526
389533
390073
390082
390515
391567
391827
391872
391892
392328
392545
392561
392783
392820
394165
394516
394519
394593
395903
396315
396879
396922
398126
398425
398507
398736
398804
398926
399309
399466
400019
400286
400335
400614
401074
401198
401338
401396
401416
402049
402727
402761
403133
403383
403716
403887
404295
404394
404515
405160
405769
406717
406892
407433
407851
407919
408736
408866
409381
409410
409502
409506
411293
411792
411898
412613
412775
412908
412910
412957
413106
413540
413551
414715
415078
415236
415421
415634
415735
418197
419198
419459
420010
420378
420665
421056
421854
421927
422200
422594
422789
422958
423056
423058
423643
424720
424783
424796
425279
425404
425683
425805
425807
425824
425889
426015
426100
426411
426720
426773
426868
427399
427409
428014
428335
428338
428719
428809
428848
429612
429625
429726
429900
429905
430018
430406
430640
430901
431037
431813
431890
431908
431944
432116
432295
432490
432547
432684
432804
432877
433030
433043
433629
433656
433763
434484
434657
435177
435740
436171
436879
437066
437797
438511
438569
438830
439203
1994 JX
1994 RP24
1994 SG11
1994 SQ11
1994 UU9
1994 VH4
1994 WH4
2000 AT221
2001 UE226
2002 AV142
2002 EY163
2002 PN72
2002 PW171
2002 PR175
2002 QV138
2003 HL23
2003 SL138
2003 SB248
2003 UX182
2003 UC333
2004 BY64
2004 ER20
2004 TX82
2004 TK235
2005 EC316
2005 JN28
2005 JR86
2005 PO5
2005 QQ123
2005 SV47
2005 SZ139
2005 SZ144
2005 SK146
2005 SB172
2005 TW122
2005 UW162
2005 UK260
2005 UW162
2005 UP516
2005 UK260
2005 VK32
2005 WL125
2005 WQ139
2005 WO164
2005 YJ19
2006 DC43
2006 SM65
2006 SG347
2006 UH60
2006 UP107
2006 VA66
2006 VT88
2006 VR103
2006 WX15
2006 WD47
2007 EH51
2007 EL111
2007 PD43
2007 RA177
2007 SH12
2007 TO34
2007 TN262
2007 TF137
2007 TN262
2007 UV47
2007 VB28
2008 AO120
2008 CW13
2008 EC69
2008 EJ153
2008 GR39
2008 RV37
2008 SS1
2008 SZ43
2008 SJ90
2008 SH108
2008 SU269
2008 TJ33
2008 TC79
2008 TV166
2008 TL183
2008 TN188
2008 UM37
2008 UB72
2008 UK77
2008 WY34
2008 YS55
2008 YH136
2009 BP175
2009 BX184
2009 CX64
2009 HK52
2009 WF83
2010 AY16
2010 FX15
2010 GO145
2010 GO161
2010 JP45
2010 NS102
2010 RE20
2010 TX140
2010 VP52
2010 VW69
2010 XX12
2010 XT79
2011 AP77
2011 BA17
2011 CN18
2011 CG77
2011 EE5
2011 FL84
2011 GT53
2011 GR74
2011 JH26
2011 QM63
2011 QS77
2011 SM25
2011 SX141
2011 SB178
2011 SM215
2011 UB20
2011 UX28
2011 UV30
2011 UT39
2011 UF72
2011 UV131
2011 UU159
2011 UK174
2011 UC362
2011 UV131
2011 UK174
2011 UX245
2011 UV260
2011 VG4
2011 WS39
2011 XS1
2011 YS11
2011 YB73
2012 EW10
2012 FP36
2012 QO25
2012 RK9
2012 RR19
2012 SF9
2012 SA51
2012 TE234
2012 TK256
2012 UN36
2012 UH57
2012 UW90
2012 UP113
2012 VA101
2012 XB117
2012 XK121
2013 AW19
2013 AV20
2013 AJ80
2013 BJ78
2013 CW30
2013 CH78
2013 CY94
2013 CX178
2013 CW179
2013 EE83
2013 FQ11
2013 FG21
2013 FA24
2013 GE36
2013 GS49
2013 LH1
2013 PA70
2013 QU13
2013 QN69
2013 QO78
2013 RJ39
2013 RZ64
2013 YA148
2014 AA1
2014 DA84
2014 DR128
2014 EG42
2014 EA46
2014 FU27
2014 FH66
2014 GQ46
2014 HS16
2014 HK45
2014 HL100
2014 MP25
2014 MH53
2014 OX2
2014 OD73
2014 OE389
2014 OT159
2014 OB192
2014 OP324
2014 QS419
2014 UN54
2014 WC69
2014 WS160
2014 WJ144
2014 WZ414
2014 WA501
2014 YO3
2015 BH443
2015 BN467
2015 FR143
2015 FS329
2015 KC58
2015 ME69
2015 MY74
2015 OK24