id
2456
5476
7214
8125
15535
16099
23622
24485
24534
35276
37298
42168
43706
56951
68725
107004
122860
152297
163731
185919
186125
187024
188952
195126
220312
230339
241956
243490
249032
254679
257375
257412
258669
286110
307560
310641
316147
316833
321377
341900
343644
353353
355791
358501
359352
365475
371918
377110
381417
381703
392201
392455
395692
398740
418372
418399
422786
437734
2006 QL39
2007 EE68
2008 EC54
2008 KK38
2009 WJ186
2009 WP228
2010 AR102
2010 UK97
2010 VP147
2011 OL9
2012 SG25
2012 TB146
2013 CK96
2014 EO38
2015 MF43
2000 AH225
2002 AH92
2008 GT54
2010 GR78
2010 JK52
2010 LQ132
2010 MY33
2010 NO103
2011 LS20
2011 QJ96
2012 BG60
2014 DP83
2014 WE132