id
87
107
319
2196
3141
20664
25856
32394
38578
45536
45653
54622
56341
60235
65145
84873
92265
95995
96607
111461
115325
115843
116498
134086
134870
136615
145348
155302
158596
165939
172973
175101
177920
181175
184682
187446
188959
194038
201197
207636
237822
242729
245880
246402
250571
256520
263678
267015
270263
272104
274546
278447
278792
281870
283165
283187
287047
300968
303289
303939
308480
315074
316533
317524
317980
323328
325721
327630
329122
330764
335660
340819
343151
348550
350183
353478
355242
359510
360459
360581
361536
362536
362926
362931
373076
375133
387501
391772
400750
403432
404181
406780
408607
411948
412642
413115
420243
420623
425011
426297
428197
429951
430364
433202
436681
437303
437696
2005 UU435
2007 HG63
2007 TH333
2008 AU116
2008 GU36
2009 VC45
2010 TX44
2010 UG49
2011 UA206
2012 CM40
2012 DN84
2012 VP93
2013 HR150
2013 TN2
2014 QC174
2014 SZ314
2014 US47
2014 UK79
2015 BU222
2015 CR10
2015 CF39
2002 TY348
2003 TO55
2004 VA69
2005 UD435
2005 UB522
2006 RD108
2007 RR203
2007 VQ158
2010 JP124
2010 NG102
2012 UK40
2013 AY164
2013 CO30
2013 EX37
2014 OB307
2014 QC34
2014 RR1
2014 SF309
2014 WE318
2014 WQ279
2014 WE318
2015 AP70
2015 BS190
2015 BZ236
2015 DN6
2015 HO98