id
6976
7133
8557
8896
9872
9966
9969
10104
10106
10161
10163
10184
10399
10558
10584
11099
11166
11316
11338
11671
11698
11912
11916
11917
11918
11919
11925
12019
12335
12340
12602
12747
13121
13400
15046
15296
15299
15306
15345
15386
15429
15506
15533
15596
15754
15759
15982
15992
16006
16022
16097
16274
16570
16571
16637
16738
16824
16872
16987
17040
17505
17506
17507
17551
17705
17878
17908
18095
18145
18171
18173
18387
18396
18506
18529
18764
18801
18985
19246
19306
19393
19432
19542
19594
19765
20031
20032
20035
20147
20158
20286
20295
20302
20310
20437
20491
20556
20557
20570
20663
20691
20828
20849
21108
21114
21116
21124
21185
21302
21332
21384
21396
21453
21458
21480
21481
21482
21613
21621
21632
21638
21650
21752
21774
21803
21820
21948
21976
22063
22343
22346
22353
22356
22505
22519
22575
22613
22645
22725
22775
22797
22809
22823
22827
22829
22852
22858
22884
22922
22928
22947
22961
23038
23289
23292
23325
23327
23331
23515
23519
23522
23772
23995
24046
24070
24090
24096
24098
24106
24186
24201
24251
24352
24509
24735
24886
25098
25116
25220
25335
25336
25358
25393
25423
25433
25515
25516
25901
26010
26199
26845
27094
27105
27108
27162
27459
27775
27778
27870
27933
28197
28202
28268
28397
28678
28693
28742
28769
28866
28893
29219
29222
29227
29228
29229
29232
29233
29234
29237
29333
29373
29407
29446
29490
29659
29673
29687
29692
29699
29748
29749
29766
29805
30152
30253
30341
30371
30437
30864
30869
30872
30873
31029
31107
31108
31124
31369
31378
31395
31403
31404
31424
31437
31438
31440
31441
31449
31474
31479
31504
31508
31562
31629
31672
31862
31965
31981
32010
32018
32040
32065
32103
32149
32151
32156
32522
32593
32595
32613
32830
32833
32840
32843
32847
32953
33020
33077
33091
33343
33382
33384
33406
33415
33417
33458
33460
33463
33477
33740
33801
33897
33917
33971
34157
34276
34313
34450
34458
34647
34694
34702
34733
34761
34762
34769
34876
34877
35117
35137
35172
35260
35374
35384
35692
35705
35732
35828
36330
36377
36406
36453
36531
36549
36577
36749
37006
37113
37381
37423
37604
37605
37607
37787
37812
37836
37841
38063
38156
38173
38336
38612
38945
39153
39223
39562
39564
39566
39570
39571
39701
39867
39873
39930
39973
40269
40292
40294
40344
40345
40358
40371
40445
40452
40468
40558
40581
40634
40753
40806
41484
41525
41697
41771
41791
41947
42025
42032
42081
42326
42363
42520
42564
42622
42658
42693
42829
42874
42879
42882
42898
42900
42955
42991
43005
43052
43209
43310
43317
43408
43484
43588
43609
43650
43658
44128
44156
44699
44703
44718
44733
44745
44766
44772
44776
44816
44822
44828
44859
44952
44954
44960
45043
45059
45181
45251
45354
45791
45804
45812
45834
45897
45979
45986
46003
46356
46391
46402
46593
46595
46687
46791
47093
47229
47245
47264
47283
47297
47299
47302
47958
47992
48057
48064
48082
48281
48939
49000
49454
49702
49736
49746
49985
50070
50078
50517
52055
52317
52325
52330
52331
52332
52333
52428
52432
52503
52508
53018
53049
53080
53087
53369
53487
53580
54037
54076
54099
54231
54255
54275
54282
54300
54443
54700
54827
54860
54965
55026
55058
55143
55157
55199
55230
55244
55271
55412
55454
55542
55757
55762
55764
55765
55834
56053
56056
56070
56102
56145
56147
56155
56296
56330
56545
56638
56653
56677
56690
57062
57065
57166
57167
57192
57210
57274
57312
57358
57372
57375
57395
57407
57409
57458
57521
57569
57775
57812
57822
57925
58038
58195
58197
58199
58200
58202
58203
58207
58208
58250
58282
58324
58339
58443
58444
58466
58601
58606
58617
58695
58738
58743
59053
59089
59120
59123
59125
59134
59156
59163
59192
59207
59213
59224
59229
59276
59279
59284
59304
59312
59324
59333
59334
59342
59361
59364
59409
59508
59836
59898
60086
60213
60215
60571
60630
60908
60909
61077
61104
61118
61125
61132
61173
61188
61204
61215
61332
61341
61386
61448
61457
61460
61482
61495
61504
61505
61544
61560
61581
61646
61658
61696
61703
61752
61979
62042
62047
62091
62170
62370
62736
63236
63307
63319
63434
63435
63577
63665
63677
63704
63737
63749
63782
63827
63842
63849
63850
63902
63912
63915
63975
63982
64029
64032
64036
64044
64047
64050
64058
64076
64077
64083
64095
64123
64128
64164
64237
64247
64253
64256
64296
64360
64364
64381
64387
64401
64425
64436
64456
64470
64559
64566
64567
64600
64652
64685
64734
64750
64768
64780
64793
64803
64812
64901
64919
65066
65083
65354
65702
65706
65707
65708
65710
65711
65713
65715
65839
65865
66120
66189
66280
66320
66369
66382
66397
66691
67188
67283
67345
67494
67525
67526
67856
67918
68046
68215
68221
68446
68455
68491
68513
68535
68608
68681
68811
68879
69109
69110
69131
69298
69310
69313
69314
69315
69353
69397
69476
69482
69487
69507
69599
69603
69610
69630
69659
69667
70126
70148
70158
70185
70195
70207
70224
70228
70267
70269
70284
70288
70291
70324
70329
70384
70414
70478
70661
71970
71995
72042
72071
72081
72112
72117
72152
72174
72195
72212
72281
72284
72366
72411
72486
72496
72503
72720
72923
72941
72982
73016
73021
73024
73073
73110
73154
73240
73242
73312
73523
73709
73712
73714
73716
73808
73874
74000
74013
74613
74617
74622
74638
74655
74663
74684
74690
74751
74756
74760
74761
74775
74779
74809
74836
74839
74851
74864
74890
74922
74923
74936
74974
75034
75039
75077
75143
75286
75287
75457
75619
75627
76940
76985
76987
77032
77070
77073
77116
77129
77197
77213
77284
77323
77343
77377
77443
77482
77922
78040
78081
78877
78934
79151
80147
80148
80180
80186
80209
80285
80342
80367
80596
82293
84048
85203
85205
85957
85961
86895
86964
87042
87511
88336
88395
88663
88955
89016
89317
89431
89490
90165
90229
90268
90289
90382
90503
90752
90757
90950
91234
91246
91248
91252
91254
91279
91294
92493
92536
92605
92803
92878
94457
94479
94515
94517
94570
94575
94635
94672
94694
94696
94721
94733
94754
94760
94780
94801
94854
94856
94884
94929
94983
94992
94995
95009
95226
95721
95752
95760
95832
95925
95970
96202
96240
96618
96645
96712
96781
97072
97890
98003
98049
98144
98158
98305
99344
99390
99485
99625
99734
99765
100053
100084
100086
100496
100527
100746
100820
100829
100851
100852
100868
100883
100888
101328
101493
101526
101569
101584
101626
101912
101913
101960
101999
102025
102080
102242
102245
102252
102300
102357
102396
102408
102411
102506
102552
102790
102821
102980
103015
104811
106968
106974
106996
107016
107036
107061
107062
107117
107146
107152
107175
107186
107192
107211
107251
107272
107276
107287
107308
107336
107392
107417
107552
107595
107888
107921
108107
108831
109108
109162
109817
111528
111791
111923
111998
112053
112076
112208
112262
112342
112921
113711
114527
114546
114561
114834
114867
114931
114985
115215
115270
115372
115374
115419
115466
115503
115587
115777
115801
115810
115914
115925
116122
116136
116141
116268
116573
116677
117148
117183
117279
117459
117481
117553
117561
117569
117651
117657
118176
118654
119254
119265
119372
119393
119697
119965
119998
120005
120059
120355
120380
120470
120476
120543
120708
120968
121003
121024
121026
121057
121061
122190
122513
122762
124257
124275
124317
124394
124407
124432
124506
124543
124546
124607
124616
124720
124723
124735
124738
124739
124826
124852
124989
125005
125058
125231
125266
125301
125319
125339
125671
125681
125881
126022
126934
127617
127619
127683
127705
127837
127895
127919
127961
127973
127975
128063
128676
128916
128965
128972
129915
129917
129918
129932
129980
130579
130613
130642
130750
130833
130838
131122
131821
131926
132100
132167
132229
132263
132266
132268
132276
133084
133113
133134
133164
133260
133287
133294
133384
133511
133819
133940
134250
134253
134408
134409
134525
134561
134583
134589
134619
134683
135110
135181
135215
135228
135276
135303
135328
135329
135541
135553
135573
135651
136106
136112
136524
136656
136789
136909
137257
137370
137454
137511
137527
137559
137622
137632
137643
137652
137667
138504
138997
139171
139269
139281
141727
141825
142011
142032
142036
142186
143725
143793
143803
143852
144084
144096
144239
144295
144960
144981
145000
145010
145069
145113
145300
145495
145517
145588
145922
145988
147118
147982
147993
148071
149243
149460
150459
150728
150769
150852
151538
151655
151690
152719
152749
152999
154424
154431
154439
154452
154475
154645
155081
155224
155375
156040
156189
156789
156799
156812
156821
156828
156861
156863
156865
156894
156897
156914
156937
158215
158631
158660
158674
158675
158920
158989
159251
159471
159492
159558
159725
159735
159737
159769
159987
160036
160137
161286
161675
162058
162662
163109
163165
164451
164620
164621
164667
165273
165481
165561
166027
166120
166203
166217
166332
167027
167031
167703
167720
167770
167821
167831
168096
168472
169017
169596
169636
169640
170290
170294
170299
170434
170965
171266
171289
171321
171336
171497
171545
171546
172159
172459
172461
172510
172572
172584
172615
172835
173190
173257
173272
173278
173581
174107
174599
174642
174645
174651
174694
174704
174709
174737
174788
174807
174833
175422
175816
175829
175835
175845
176147
176157
176692
177160
177250
177274
177685
177700
177734
177783
177956
178041
178118
178482
178484
178507
178535
178568
178807
179612
179702
180298
180310
180898
181047
181936
183057
183578
183616
183618
183623
183644
183647
183859
184328
185004
185029
185825
185968
186724
186812
187817
187840
188376
190764
190880
190901
192297
192298
192603
194012
194069
194127
194247
194284
194295
194373
194382
194429
194430
196275
196276
196288
196314
196315
196329
196338
196353
196386
196393
196397
196400
196433
198049
198179
199103
199108
199953
199971
200009
200606
200749
200756
200807
201477
201483
203127
203346
203899
203907
203911
204669
204719
205856
205860
205896
205908
205933
206330
206350
207704
208000
208047
208651
209079
209080
209089
209136
209613
209667
209689
210017
210079
210488
210970
211139
211176
211511
211634
212032
212757
212856
213004
213011
213065
213080
213486
213892
214167
214181
214200
214250
214550
214604
215131
215436
215645
215684
215873
216468
216712
216904
217232
218788
219212
219322
220460
222051
223162
223214
223219
224193
226269
226356
227268
227335
227336
229383
229453
229688
229926
230222
230554
230567
230588
230598
230613
230617
231203
231216
231452
231851
232409
232418
232450
232451
232461
233081
233134
233669
233911
234037
234186
234560
235045
235607
235694
237319
237503
238062
238073
238075
238869
238884
238890
238980
239001
239020
239754
239787
239902
240322
240602
240825
240826
240881
241148
242246
243829
244947
245140
245231
245306
245751
245833
246172
246956
247807
247835
247847
248656
248682
249631
249663
249817
250369
250390
250446
251063
251567
251823
251924
252873
253470
253537
253630
253658
253709
253726
253735
253742
253816
253852
253951
254479
254503
254651
254653
255651
255815
256692
256725
256869
256992
257115
257617
257638
258741
259561
259562
259567
259588
259629
259713
260610
260647
261947
261965
262016
262017
262039
262085
262109
262548
263386
263853
266057
266059
266068
266118
266123
266691
267106
267566
272226
273333
273753
274100
276469
276657
278464
278504
278507
279399
279446
279451
279948
282055
282658
283221
283568
284929
286624
286686
287581
287584
287807
287850
287880
287916
287932
287964
288026
288080
288107
288228
288246
288326
288357
289414
289430
289848
290040
290714
290907
290978
291180
291496
291641
291883
291930
291984
292360
292362
292835
292892
294074
294099
294373
294704
294728
294968
295967
297007
297161
297405
299540
303287
304037
304084
307544
308659
309251
309315
309404
310902
310920
310971
311278
312101
312499
312785
313736
315383
315461
316031
316652
316754
316946
317056
317652
317757
317887
317962
318461
318560
319504
319567
320246
320623
321130
321343
321755
322667
322672
323299
323333
323374
324341
324384
324487
324984
325806
326182
327724
328151
329178
330529
330589
330631
334962
338434
338475
340001
343271
344914
347937
347938
347960
349548
351689
351764
354368
355888
355908
356709
357354
357377
358008
358036
358046
358088
362951
362960
363459
367069
367741
367956
369719
369950
371399
371415
371435
374682
374779
375688
376191
377988
378032
378091
378094
381036
386911
394406
396406
396495
397582
398125
398166
398813
402939
402986
405204
405232
405252
405303
405903
406332
406428
406475
406494
408753
408754
409069
409139
409163
409165
409172
409201
409211
411720
412135
412263
412316
413311
415031
415114
415165
416389
416718
420479
422153
422195
422333
424431
425600
426458
426621
427224
1992 DD1
1992 YB3
2003 SV361
2003 SY429
2003 UF71
2003 UB126
2006 BZ24
2006 PM12
2006 QF13
2006 SH80
2006 SD97
2006 SM175
2006 VM27
2006 WQ181
2007 TA130
2008 AG21
2008 DJ2
2008 TX67
2009 FG35
2009 HF43
2010 OW11
2010 RD136
2010 RA170
2010 SW28
2010 TK168
2010 UC52
2010 UL58
2010 VF77
2010 VZ208
2011 AO15
2012 CL21
2013 CY17
2013 SB41
2013 WL47
2014 GF44
2014 HQ45
2014 PT15
2014 RA45
2014 ST333
2014 VZ22
2014 WG109
2014 WH214
2015 BQ310