id
56883
57666
67215
68311
68834
71361
71440
71522
71668
71679
71693
72571
72583
72622
72769
72774
72816
72866
72886
72891
72899
73454
73490
75851
75949
76014
76015
76026
76081
76082
76090
76163
76225
76241
76375
76485
76506
76522
76642
76656
76701
76703
76705
76717
76727
76765
76780
76783
76793
77479
77522
77571
77572
77629
77695
77725
77738
77758
77800
77834
77866
78098
78151
78183
78679
78775
78780
78957
78987
81182
81811
81862
81917
81936
81948
81965
81966
81997
82040
82352
82496
82522
82562
82675
82688
82951
83160
83376
83552
83870
84607
84640
84863
86503
87289
87575
87650
87767
87919
88074
88082
88106
88140
88211
88988
89047
89375
89453
89657
89698
89737
89740
89804
89826
89845
89883
90541
93526
93631
93781
93796
95601
96045
97356
97360
97377
97426
97434
97441
97466
97468
97490
97524
97529
97531
97536
97546
97551
97575
97589
97595
97605
97615
97619
97638
97660
97662
97684
97691
98755
99204
99208
99417
99459
99611
99792
99838
99844
99882
99883
99884
103507
103586
103804
103838
103850
103852
103858
103888
103907
103933
103943
103960
103962
103979
104005
104017
104040
104061
104073
104086
104098
104130
104141
104160
104169
104173
104198
104200
104209
104240
104267
104268
104280
104292
104309
104353
104368
104376
104409
104428
104448
104497
104498
104569
104575
104588
104590
104652
104667
104679
104710
104715
104722
104733
104795
104813
104829
104882
104939
104977
104999
105017
105022
105036
105048
105075
105081
105082
105089
105099
105119
105144
105339
105343
105369
105392
105423
105433
105458
105486
105515
105519
105541
105542
105558
105585
105642
105643
105647
105655
105666
105677
105713
105716
105743
105758
105785
105792
105801
105804
105806
105831
105836
105849
105850
105851
105870
105876
105885
105917
105930
105957
105962
105963
105970
105982
105992
105998
106004
106029
106033
106064
106076
106113
106116
106155
106168
106195
106228
106241
106244
106255
106259
106273
106297
106299
106303
106309
106314
106379
106440
106463
106487
106497
106511
106636
106674
106695
106715
106716
106725
106793
107919
108091
108561
108622
108646
108672
108702
108724
108775
108942
108954
108986
109025
109286
109569
109583
109720
109891
110242
111000
111138
111269
111275
111401
111407
111412
111448
111509
111516
111535
111565
111584
111638
111645
111682
111683
111690
111703
111715
111731
111734
111760
112355
112463
112500
112536
112612
112740
112783
112798
112812
112863
112911
112917
112975
113026
113096
113128
113255
113268
113314
113328
113357
113669
113720
113721
113765
113819
113862
113891
113947
114013
114017
114102
114132
114384
114579
114581
114604
114714
114843
115161
115286
115379
115550
115736
115829
115866
115913
115921
116006
116021
116066
116237
116262
116271
116415
116443
116452
116477
116491
116494
116555
116861
116917
117008
117386
117408
117475
117486
117508
117555
117608
117758
117789
118822
118856
118879
118901
118905
118916
118939
118948
118951
119011
119020
119766
119810
119867
119869
119875
119894
119933
120043
120098
120152
120341
120349
121836
121839
121870
121895
121899
121968
122366
123392
123558
123640
123646
123662
123820
123906
123951
123988
124082
124094
124117
126285
126349
126673
126677
126678
126820
126891
126898
126958
127060
127316
127379
127414
127425
127671
127910
127981
128006
128100
128118
128166
128180
128199
128225
128397
128492
128601
128734
129070
129083
129085
129090
129131
129158
129242
129246
129267
129308
130215
130253
130257
130258
130263
130275
130280
130285
130299
130306
130311
130315
130327
130333
130349
130358
130371
130376
131088
131392
131408
132729
132734
132737
132757
132802
132851
132926
132974
132996
133199
133330
133376
133497
133523
133613
133664
133740
133748
133754
133771
133805
133846
134022
134050
134066
134073
134109
134127
134134
134148
134162
134172
134175
134282
134284
134831
135047
135416
135479
136084
136166
136272
136285
136335
137977
138598
138613
138632
138662
138663
138664
138681
138687
138694
138705
138722
138734
138748
138751
138758
138781
138795
138797
138799
138804
138810
138813
138819
138842
138878
139466
140442
140444
140515
140612
140712
140793
140812
140905
140908
140910
140915
140955
140959
140992
141031
141071
141094
141130
141152
141179
141268
141269
141282
141295
141300
141308
141313
141323
141328
141329
141332
141350
141391
141401
141410
141438
141473
141478
141544
142108
143375
143458
143479
143480
143481
143492
143573
143590
143595
143606
143712
143750
144598
144777
144813
144824
144852
145404
145442
145463
145491
145511
145535
145543
146107
146125
146137
146142
146152
146186
146203
146217
146220
146229
146242
146263
146786
146807
146817
146822
146883
146887
146909
146914
146928
146935
147314
147368
147408
147612
147689
147762
147771
147868
148384
148401
148406
148422
148427
148434
148449
148461
148463
148883
149043
149046
149048
149069
149080
149091
149092
149114
149555
149696
149707
149902
149910
149912
149930
149932
149941
150046
150087
150554
150581
150583
150589
150593
150596
150602
150607
150621
151142
151328
151340
151354
151377
151393
151844
152287
152323
152327
152359
152394
152430
153133
153175
154047
154104
154139
154607
154820
154933
154983
155011
155031
155155
155212
155283
155902
157742
158045
158385
159039
159098
159126
159452
159526
159804
159850
160001
160076
160395
160422
160674
160680
160686
160689
160861
161130
161178
161188
161282
161447
161572
161575
161616
161617
161686
161688
161702
161705
161729
161829
162411
162423
162429
162432
162462
162471
163393
163398
163414
163464
163477
163493
163560
163575
164087
164134
164169
164350
164363
164366
164538
164556
165035
165059
165079
165084
165093
165102
165104
165107
165108
165114
165116
165129
165130
165729
165742
165817
165818
166599
166682
166688
166774
166799
167465
167471
167876
167887
167916
167948
167972
168013
168690
168722
168752
169302
169390
169408
170040
170066
170169
171177
171224
171244
171393
171429
171669
171679
171688
171942
172032
172041
172056
172079
172414
172949
172970
172971
173058
173062
173097
173449
173478
173487
173489
173498
174545
174560
175075
175324
175346
175352
175464
175578
175581
175612
176017
176027
176031
176032
176046
176048
176055
176057
176059
176064
176066
176470
176478
176481
176525
176568
176576
176590
176594
176595
177045
177054
177059
177093
177121
177837
177849
177864
177870
177873
177932
178121
178151
178158
178191
178198
178216
178237
178710
178744
178745
178746
178750
179347
179359
179369
179395
179408
179442
179480
179488
179500
179501
179511
179521
179540
179546
179550
180096
180108
180117
180141
180149
181036
181089
181102
181140
181155
181187
181196
181221
181223
181232
181272
181447
181644
182089
182185
182216
182229
182763
182779
182799
182821
182828
182834
182835
182861
182883
182889
182896
182921
183510
183536
183562
184179
184521
184524
184624
184647
184655
184667
184672
184678
184692
184699
184714
184720
184726
184739
184743
184758
184763
184784
184871
184932
185086
185189
185199
185250
185440
185461
185530
185613
185624
186242
186273
186958
187194
187259
187325
187401
187459
187617
188149
188313
188500
188786
189325
189819
189891
189905
189952
190223
190227
190454
190472
190479
191393
191513
191525
191526
191540
191546
191871
192044
192106
192153
192248
192941
192979
192990
193018
193063
193065
193074
193128
193170
193241
193248
193332
193398
193746
195652
195657
195755
195779
195887
195901
195929
195930
195991
196018
196086
196133
196762
196793
196803
196811
196853
196861
196926
196933
196972
196980
196991
196995
197002
197094
197119
197184
197280
197284
198489
198502
198521
198522
198634
198647
198654
198762
198772
198783
198819
199556
199606
199666
199699
199713
199742
199773
200056
200061
200306
200330
201243
201257
201288
201313
201330
201374
201635
201738
201750
201766
201779
201789
201830
202322
202343
202350
202365
202370
202371
202383
202477
202573
202652
202762
203242
204109
204138
204231
204257
204568
204582
204587
204950
206079
206783
207372
207377
207562
207611
207639
207933
208140
208170
208191
208208
209013
209018
209341
209877
209882
209902
209906
210085
210122
210148
210156
210190
210424
210978
211865
212550
212574
212924
213169
213204
213209
213444
213775
213810
214420
214423
214746
214821
214842
214874
214962
215011
215163
215479
215567
215991
216196
216418
216769
216827
217245
217347
217393
218170
218204
218292
218408
218459
218724
218761
219287
219289
220427
220435
220437
220660
220833
221447
221723
222197
222368
222374
222863
223367
223392
223397
223415
223455
223905
223943
224414
224716
224718
225424
225460
226506
227697
227710
227728
227733
227758
227960
227979
228173
228715
228904
228942
228969
229284
229300
229310
229662
230309
230422
230438
230443
230487
230731
230996
231018
231023
231051
231367
231386
231392
231586
231793
231826
232301
232375
232581
232679
232982
232985
232995
233462
233479
233796
233864
233908
233943
234135
234137
234153
234154
234361
234817
234833
234840
234851
234860
234904
235420
235906
235988
235991
235993
236013
236380
236612
237008
237283
237341
238707
239153
239257
239725
240066
240259
240499
240500
240781
241050
241058
241305
241443
241503
241520
241521
241548
242244
242366
242393
242678
242690
242769
242848
243016
243019
243046
243258
243273
243297
243777
244123
244294
244908
245062
245075
245113
245454
245500
245504
245506
245521
245543
245597
245907
245991
246027
246072
246366
246515
246779
246798
246851
247049
247112
247175
247398
247406
247466
247947
248283
248352
248367
248450
248513
248526
248668
248781
248796
248901
248931
249033
249136
249144
249148
249198
249268
249446
249449
249751
249776
249983
250689
251310
251321
251441
251482
251511
251516
252118
252119
252666
252753
252810
254191
254608
254908
254918
254919
254975
255115
255184
255206
255229
255239
255262
255293
255318
255397
255472
255512
255519
256211
256480
256810
257001
257764
258377
259347
259358
259364
260373
260397
260401
260440
260465
260931
260932
260962
261049
261108
261135
261249
261417
261420
261483
261500
261567
261626
261720
261825
262565
262634
262738
263020
263029
263052
263053
263072
263193
263200
263236
263279
263302
263435
263483
263720
263820
263957
264174
264393
264423
265116
265462
265842
265848
265990
266027
266347
266640
266815
267128
267147
267171
267547
267577
267813
267858
268189
268190
268194
268220
268657
268668
268684
268691
268694
268744
269262
269359
269431
269825
269836
269839
269845
269871
269892
270035
270666
270697
270799
270867
270916
271222
271920
271952
271955
271960
271970
272013
272027
272049
272839
273103
273147
273225
273232
273247
273252
273911
274358
274431
274437
274441
274463
274473
274499
274631
274655
274661
274710
274715
274960
275260
275262
275289
275413
275436
275461
275462
275471
275620
275636
276162
276200
276309
276691
277055
277813
277844
277898
277919
277931
278463
278746
278781
278877
278990
279001
279509
279517
279568
279704
279807
279833
280169
280189
280645
280678
280727
281094
281096
281097
281580
281668
281691
281782
281903
281922
282205
282584
282596
282599
282631
282825
283120
283254
283418
283423
283683
284097
284661
284847
284874
284973
285035
285041
285072
285490
285675
285720
285723
285770
285775
285809
286127
286502
286860
286893
287024
287188
287595
287902
288262
288798
289064
289157
289318
289596
289966
289987
289990
290016
290048
290086
290152
290194
290355
290569
290785
290789
290881
290920
291234
291410
291505
292295
292461
292495
292557
292593
292623
292691
292718
292757
292789
292791
292828
292880
292939
292958
292961
292980
293038
293070
293262
293366
294195
294479
294540
294573
294619
294670
294817
294986
295194
295334
296180
296191
296203
296306
296615
297118
297466
297476
297488
297500
297710
297803
297826
298327
299244
299283
299298
299771
299815
299843
299864
299891
299902
299922
299954
299958
299960
299987
299990
299992
300017
300035
300056
300079
300148
300161
300174
300200
300235
300862
300864
300887
300890
300897
300923
300930
300947
300966
300996
301127
301289
301328
301398
301486
301509
301520
301553
301576
302051
302069
302070
302236
302323
302324
302856
302864
303773
303860
303887
303964
304462
304568
304584
304639
304708
304732
304735
304753
305281
305313
305378
305383
305390
305455
305477
305483
305511
305927
305995
306228
306300
306326
306355
306359
306716
306732
307074
307385
307582
308374
308384
308474
308490
308605
308981
309127
309135
309142
309616
309626
309700
310111
310133
310170
310190
310254
310291
310298
310359
310524
310537
310617
310652
311137
311364
311455
311926
312363
312409
312413
312440
312876
313585
313630
314370
314500
314581
315045
315066
315789
316339
316437
316440
316953
317411
317483
317538
317884
317927
317933
317935
318291
318907
318990
319099
319604
319968
319975
320442
321019
321030
321149
321459
322301
322333
322343
322454
322464
322489
322749
324269
324278
324292
324294
324826
325646
326056
326510
326543
326551
327582
328596
328726
328845
329051
329059
329107
329132
329155
329433
329452
329456
329478
329492
330197
330781
330919
331042
331135
331288
331511
331836
331961
332612
332827
332976
332995
333004
333961
333968
333971
334558
335618
335910
336688
336716
336718
336720
336922
336939
336944
336972
336990
337229
337247
337837
337896
337916
338279
338307
338437
340648
340669
340735
340766
340782
340816
341485
341829
343074
343110
344024
344608
345554
345568
345606
345618
345633
345696
346075
346522
346799
346820
347170
348484
348611
348867
348875
348893
348929
348967
348972
349041
349838
350166
350181
350238
350366
350996
351916
351918
351933
351953
352008
352017
352024
352050
352448
352515
352554
352580
353553
353657
353688
353712
353765
353843
354137
354752
354754
355160
355607
355620
355632
355683
355698
356734
356747
356827
356865
356874
356876
356886
356908
357144
357914
358377
358424
358782
358816
358902
359550
359797
359887
360942
361017
362878
363351
363729
363819
364104
364444
365779
365943
366015
366032
366083
366113
366231
367820
367870
368021
368173
368175
368177
369602
369605
369662
369842
369874
370311
370617
372066
372215
373064
373089
373102
373252
373369
374657
375467
375549
376261
376269
376332
376337
376343
378828
379019
379032
379418
379482
379709
379810
380003
380660
380958
381216
382290
382449
382999
383636
383819
384180
384219
384251
384568
384699
384799
385020
385227
385896
386580
387723
388302
388372
388382
388792
389242
389764
389765
389806
390102
390258
390501
390556
390817
391293
391294
391745
392170
392547
392608
392609
392649
393126
393212
393300
393799
393801
393911
394003
394281
394318
394712
394969
395231
395556
395576
395584
395607
395630
396009
396057
396095
396107
396249
396257
396270
396293
397111
397389
397412
397681
397729
398097
398313
398500
398536
398543
399053
399228
399592
400345
401117
401185
401299
401452
401768
402372
403705
404106
404549
404986
404989
405724
405866
406995
407578
407598
407926
408966
409183
411095
411504
411536
411606
411845
413222
413460
414357
414703
414932
414995
415408
415411
416746
417374
417408
417970
418627
418645
418783
419226
420240
420506
421070
421250
421424
421425
421649
422420
422431
422693
423183
423802
424232
424755
424960
424963
425369
425874
425915
425952
426322
426944
427025
427303
428180
428776
428950
429007
429064
429838
431151
431227
431312
431962
432062
433627
433673
433839
434004
434397
434651
434812
434926
434981
435032
435053
435949
435984
436355
436665
436907
437672
438380
438390
438407
438423
438655
439194
439389
439406
439684
2000 CG119
2000 CK143
2001 UJ232
2002 QD151
2002 TJ153
2002 TE309
2002 TQ342
2003 BV40
2005 EX29
2005 UQ222
2005 UQ222
2006 BS124
2006 GT28
2006 KB120
2006 RW42
2006 RS96
2006 SM384
2006 SS388
2006 SP147
2006 UH14
2006 UB136
2006 UV254
2006 UP280
2006 WN65
2006 WD174
2007 BR9
2007 RX64
2007 RX248
2008 AQ67
2008 AM98
2008 AS117
2008 AM134
2008 CC1
2008 DM58
2008 EL26
2008 EX156
2008 GC121
2008 RU125
2008 RM135
2008 TD67
2008 TH80
2008 UY99
2008 UZ292
2008 UV329
2008 WK3
2008 WR52
2008 WR138
2008 YW90
2009 CE28
2009 CL64
2009 DD119
2009 DQ132
2009 HQ71
2009 SM259
2010 AF80
2010 AS115
2010 BF48
2010 RG120
2010 VF46
2010 VG202
2011 AL16
2011 AX30
2011 BC30
2011 BE104
2011 CV83
2011 DH5
2011 EZ70
2011 GG86
2011 HV40
2011 HX41
2011 HE49
2011 HV56
2011 QY17
2011 QR22
2011 QT62
2011 RP8
2011 RT18
2011 SS6
2011 SV7
2011 SF62
2011 ST72
2011 SL83
2011 ST183
2011 SU208
2011 SA210
2011 SV234
2011 SA272
2011 SG275
2011 UK35
2011 UA54
2011 UW83
2011 UJ98
2011 UL98
2011 UF146
2011 UT397
2011 UF146
2011 UM157
2011 WC4
2011 WN79
2011 WS98
2012 GQ33
2012 PE12
2012 TQ241
2012 TX253
2012 TK254
2012 TQ288
2012 TB292
2012 TK292
2012 UY99
2012 VW22
2012 VU39
2012 WL11
2012 XP43
2012 XB120
2013 AL4
2013 AS91
2013 AO166
2013 AO177
2013 CU46
2013 CU93
2013 CQ110
2013 CX117
2013 CD126
2013 CG127
2013 CR198
2013 EY109
2013 EX122
2013 FD2
2013 PT28
2013 QE
2013 TS21
2013 WS70
2013 YE13
2013 YU96
2014 BR30
2014 BA46
2014 BW54
2014 DB29
2014 DA38
2014 DE107
2014 DB132
2014 EC3
2014 EW28
2014 GG27
2014 GX30
2014 HY26
2014 HV44
2014 HP100
2014 HM127
2014 HH140
2014 HH146
2014 HD165
2014 LX17
2014 MD58
2014 OG124
2014 OD180
2014 OR250
2014 OR349
2014 QN21
2014 QD168
2014 SF235
2014 TR37
2014 TN54
2014 TO66
2014 UX46
2014 WN53
2014 WH400
2014 WN478
2014 YR16
2014 YK29
2015 AV91
2015 BY82
2015 BC303
2015 DZ50
2015 DA64
2015 FA73
2015 FK96
2015 FG314
2015 HJ60
2015 LX5
2015 LH32
2015 MT14
2015 MQ25
2015 MO34
2015 MB66
2015 MG104