id
112110
126191
126588
127002
128664
131807
131873
131888
131911
131981
131990
132035
132090
132097
132107
132120
132134
132138
132191
132195
132208
132252
132325
132366
132385
132405
132414
132421
132436
133001
133105
133124
133192
133206
133209
133230
133237
133627
133891
133901
135530
135570
135582
135583
135591
135600
135601
135616
135617
135622
135625
135629
135680
135746
135764
136053
136151
136157
136169
136191
136206
136302
141471
141530
141549
141551
141553
141554
141556
141560
141592
141617
141622
141628
141631
141632
141635
141639
141647
141656
141658
141669
141677
141686
141689
141693
141713
141716
141725
141735
141782
141797
141817
141828
141839
141845
141859
141886
141887
141910
141922
141953
141975
141995
142001
142035
142081
142085
142100
142174
142183
142193
142197
142264
142328
142353
142373
142400
142465
142606
142659
142698
142735
142755
142954
142967
143114
143124
143228
143285
143644
143741
143762
143771
143861
143911
145072
145112
145165
145166
145169
145193
145301
145335
145570
145586
146993
147016
147018
147042
147066
147096
147110
147132
147457
147468
147495
147693
149093
149231
149239
149273
149324
149331
149336
149337
149370
149372
149413
149610
151528
151532
151548
151556
151593
151605
151613
151618
151620
151623
151966
151979
152155
152170
154304
154320
154354
154612
156610
156722
156753
156898
157712
158414
158430
158628
158842
158930
158944
159665
159726
160231
160235
160330
160399
160992
161405
161539
161670
161674
161745
163096
163145
163148
163193
163255
163363
163395
163538
163791
163794
163814
163865
164033
164110
164426
164524
166015
166026
166037
166047
166048
166050
166051
166073
166091
166092
166112
166137
166144
166145
166152
166162
166205
166224
166301
166306
166329
166347
166354
166357
166379
166485
166968
166975
166986
167018
167036
167037
167048
167063
167088
167137
167164
167382
167404
167684
167732
168120
168133
168241
169437
169449
169451
169465
169495
169507
169522
169537
169545
169564
169566
169590
169601
169624
169655
169661
169697
169704
169755
169843
170220
170221
170236
170239
170245
170260
170275
170279
170296
170300
170318
170323
170344
170365
170906
170942
170966
171286
171312
171318
171320
171345
171366
171446
172068
172077
172100
172106
172109
172118
172125
172138
172143
172144
172516
172520
172530
172531
172977
172989
172990
172997
174066
174067
174072
174075
174081
174091
174095
174096
174098
174127
174132
174135
174137
174275
174298
174393
174412
174597
174712
174855
175134
175289
175507
176626
176630
176645
176648
176667
176668
176675
176679
176683
176740
176761
176767
176821
176860
176864
176887
176939
176945
176994
177139
177150
177157
177182
177196
177300
177370
177680
177722
177738
177971
177994
178004
179588
179620
179633
179647
179650
179663
179680
179701
179708
179725
179790
179792
179837
179842
179897
179934
179990
180306
180384
180406
180429
180433
180448
180519
180576
180818
180824
180832
180841
180858
180861
180865
180866
180906
180940
180951
181302
181309
181312
181522
182909
182963
182994
183005
183006
183007
183009
183014
183016
183032
183035
183091
183120
183127
183133
183139
183145
183172
183180
183187
183192
183269
183327
183347
183349
183385
183390
183684
183956
183977
184074
184162
184377
184600
185047
185068
185074
185097
185111
185424
186415
186452
186454
186464
186493
186515
186691
186728
187487
187491
187504
187707
188207
188221
188231
188240
188241
188242
188254
188393
188607
188876
189161
189271
189381
190111
190138
190146
190155
191130
191205
191243
191256
191624
194842
194851
194903
194913
194934
194939
194951
194965
195004
195025
195033
195046
195050
195055
195067
195072
195074
195092
195105
195107
195109
195115
195125
195151
195184
195223
195255
195302
195552
196201
196225
196352
196564
197540
197639
197714
197821
197875
197880
197881
197882
197891
197893
197909
197924
197932
197976
197993
198043
198081
198091
198839
198921
198986
199162
199516
199650
200945
200946
200952
200954
200957
200982
200987
201021
201087
201092
201129
201196
201548
202007
202018
202023
202028
202036
202043
202059
202082
202111
202128
202195
202412
202516
202715
202849
203485
203519
203526
203539
203549
203574
203589
203593
203605
203609
203611
203626
203633
203636
203939
204297
204298
204352
204360
204367
204378
204381
204392
204419
204647
204696
204699
204712
204724
204823
204942
205712
205737
205768
205771
205780
205785
205791
205803
205820
205829
205846
205847
205848
205857
205870
205885
205906
205910
205928
205935
205940
205942
205944
205945
205970
206150
206327
206347
206351
206372
206962
206970
207001
207003
207014
207018
207088
207262
207298
207412
207486
207528
207533
207664
207667
207716
207754
207907
208544
208550
208555
208562
208564
208566
208574
208583
208584
208592
208601
208605
208612
208613
208616
208624
208638
208654
208663
208666
208692
208728
208891
208907
208912
208913
208964
209036
209042
209046
209050
209056
209057
209085
209088
209118
209140
209253
209525
209534
209546
209562
209571
209581
209980
209996
210011
210018
210023
210060
210099
210191
210209
210216
210310
210446
211038
211044
211046
211058
211072
211075
211101
211102
211105
211106
211107
211110
211115
211121
211122
211128
211140
211142
211156
211157
211160
211173
211182
211186
211214
211237
211255
211274
211296
211306
211309
211312
211314
211359
211392
211398
211522
211539
211562
211571
211578
211620
211633
211649
211916
211931
211937
211946
211951
211962
212048
212358
212393
212400
212425
212918
212932
212970
213466
213467
213476
213482
213485
213493
213494
213499
213501
213521
213525
213532
213534
213535
213537
213543
213547
213549
213555
213556
213562
213563
213586
213589
213601
213611
213617
213625
213626
213630
213664
213682
213760
213820
213844
213917
214153
214234
214245
214267
214327
214386
214535
214542
214573
214585
214606
214608
214632
214688
214872
215374
215403
215420
215433
215446
215462
215468
215470
215472
215520
215547
215626
215640
215648
215673
215705
215805
215825
215826
216036
216042
216066
216156
216256
216590
216591
216594
216598
216605
216610
216647
216709
216724
216728
216785
216801
216808
217125
217131
217148
217149
217150
217152
217155
217188
217189
217201
217204
217261
217394
217401
217405
217512
218100
218107
218120
218123
218135
218136
218146
218153
218155
218175
218191
218194
218199
218226
218234
218254
218333
218355
218555
218560
218585
218859
218926
219795
219838
219863
219990
219993
219998
220017
220057
220078
220098
220112
220122
220126
220146
220155
220178
220179
220203
220224
220235
220446
220930
220933
220937
220944
220977
220996
221005
221028
221132
221567
221576
221613
221619
221714
221790
221797
221824
221869
221932
222718
222751
222754
222811
222824
222825
222942
222958
222967
222971
222974
222976
222982
223008
223011
223027
223030
223034
223039
223044
223056
223059
223061
223067
223072
223075
223078
223085
223114
223119
223129
223138
223150
223177
223184
223185
223192
223501
223534
223596
224023
224034
224039
224059
224072
224089
224189
224205
224488
224788
224803
224831
224836
224843
224900
225124
225161
225930
225955
225957
225989
226140
226152
226164
226166
226167
226168
226172
226187
226189
226192
226195
226203
226205
226224
226231
226244
226245
226255
226261
226276
226279
226311
226588
226630
226682
227079
227104
227109
227189
227199
227230
227771
227789
227832
227834
227835
227889
228618
228661
228698
228712
228716
228718
228741
228751
228759
228764
228773
228783
228785
228796
228797
228803
228808
228818
228833
229029
229098
229328
229369
229397
229430
229704
229712
229749
229768
230299
230320
230326
230353
230430
230453
230513
230526
230528
230533
230545
230570
230803
230817
231079
231085
231089
231100
231220
231262
231385
231658
232128
232170
232215
232220
232232
232306
232338
232363
232366
232374
232396
232407
233082
233086
233094
233102
233121
233504
233528
233897
233926
234664
234759
234909
234928
234976
234989
234990
235649
235680
236105
236286
236347
236353
236434
236529
236536
236707
236717
236719
237019
237767
237794
237796
237814
237837
237840
237882
237886
238010
238032
238059
238061
238122
238445
238934
238962
239008
239042
239086
239089
239323
239328
239395
239402
239520
239556
239717
240074
240083
240094
240110
240149
240179
240273
240276
240327
240343
240563
240844
240851
240913
240940
240944
241114
241193
241198
241300
241361
241929
241931
241932
241953
241966
241970
241976
241978
241982
241985
241995
242020
242066
242079
242090
242125
242135
242137
242205
242491
242734
242773
242856
242869
242901
242907
242969
243069
243157
243188
243331
244210
244225
244276
244278
244287
244341
244344
244361
244380
244384
244436
244476
244497
244504
244510
244515
244554
244574
244604
244675
244698
244779
244782
245094
245194
245200
245207
245518
245555
245584
245692
245754
245758
245768
245771
245780
245788
245813
245837
245902
246143
246224
246259
246291
246460
246793
247393
247402
247407
247416
247425
247451
247452
247474
247478
247500
247501
247506
247542
247549
247571
247577
247601
247644
247646
247649
247663
247664
247678
247680
247903
247937
248123
248174
248413
248644
248650
248652
248653
248663
248678
248700
248713
248724
248726
248969
249082
249167
249525
250022
250034
250035
250064
250078
250081
250089
250091
250113
250121
250127
250133
250135
250160
250161
250163
250174
250194
250223
250240
250254
250295
250316
250377
250392
250997
251007
251009
251031
251040
251067
251140
251181
251203
251223
251348
251546
251574
251587
252673
252709
252721
252744
252758
252768
252769
252772
252774
252811
252837
252848
252853
252856
252860
252863
252878
252879
252883
252887
252897
252905
252908
252914
252920
252921
252923
252925
252937
252939
252945
252962
252963
252975
252979
252981
252983
253003
253008
253017
253023
253061
253090
253092
253098
253115
253116
253131
253132
253138
253146
253150
253188
253254
253262
253320
253412
253424
253452
253456
253463
253469
253492
253500
253514
253526
253531
253543
253548
253554
253567
253711
253802
253870
253946
254434
254440
254458
254509
254528
254561
254577
254615
254654
255490
255565
255616
255645
255702
255707
255711
255727
255747
255748
255749
255750
255753
255760
255774
255775
255777
255812
255822
255833
255894
255956
256032
256082
256117
256631
256634
256709
256775
256794
256805
256929
257219
257224
257228
257230
257244
257252
257258
257259
257277
257297
257313
257350
258527
258566
258572
258585
258605
258637
258653
258655
258659
258675
258692
258700
258714
258726
258767
258771
258774
258780
258794
258798
258801
258809
258813
258815
258818
258819
258830
258834
258837
258840
258841
258851
258852
258855
258860
258862
258864
258876
258881
258885
258892
258902
258917
258918
258920
258948
258950
258954
258968
258972
258987
258989
258992
259003
259004
259018
259019
259024
259030
259033
259073
259131
259166
259184
259197
259435
259609
259661
259754
259778
259792
259810
259882
259905
259950
260415
260443
260479
260518
260532
260560
260588
260598
260612
260680
261867
261890
261914
261923
261942
261944
261958
261982
262001
262005
262047
262063
262119
262169
262174
262241
262311
262321
262330
262411
262418
262423
262440
262452
262706
262724
262835
263104
263123
263533
263538
263545
263546
263879
263883
263907
264219
264737
264771
264792
264795
264797
264803
264808
264819
264820
264825
264836
264869
264881
264889
264893
264900
264907
264911
264912
264927
264928
264946
265135
265216
265224
265252
265260
265278
265505
265514
265518
265535
265788
265864
266103
266112
266124
266137
266191
266228
266236
266293
266497
266522
266537
266549
266687
266706
266725
266756
266944
267416
267470
267559
267565
267606
267631
267633
267636
267638
267639
267661
267680
267747
267916
267966
268269
268439
268838
268847
268919
268920
269206
269247
269387
269399
269435
269451
269607
270375
270428
270471
270478
270505
270528
270620
270628
270663
270665
270731
270738
270755
270780
270781
270809
270833
270847
270849
270871
270892
270894
270932
270943
270950
270956
270957
270958
270962
270967
270984
270987
270997
271005
271009
271020
271026
271152
271308
271451
271453
271475
271479
271495
271508
271652
272111
272173
272177
272271
272279
272291
272555
272660
272734
273317
273326
273335
273386
273401
273435
273477
273490
273504
273506
273517
273528
273533
273551
273680
273724
273947
274071
274094
274096
274104
274155
274162
274180
274197
274818
274838
274843
274929
274959
275049
275098
275274
275308
276048
276139
276149
276157
276161
276168
276197
276210
276216
276225
276238
276241
276269
276276
276286
276301
276307
276316
276323
276353
276359
276372
276375
276377
276383
276387
276405
276407
276419
276796
277156
277177
277222
277231
277366
277470
277637
277981
278037
278112
278134
278388
278433
278541
278547
278555
278579
279138
279162
279223
279224
280053
280084
280110
280112
280130
280132
280188
280190
280205
280217
280218
280222
280231
280238
280246
280391
280468
280534
280537
280746
280764
280779
281010
281101
281140
281186
281192
281253
281638
282258
282270
282280
282322
282338
282541
282753
282959
282961
283184
283297
283610
283620
283649
283658
283670
283694
283735
283741
283754
283851
283853
283988
283991
283995
284011
284102
284212
284239
284353
284431
284451
284488
284499
284769
286489
286504
286514
286530
286573
286610
286622
286633
286650
286653
286655
286669
286677
286729
286749
286770
286786
286792
286796
286798
286802
286819
286834
286884
286888
286894
286895
286929
286941
286942
286944
286993
286996
286998
287011
287057
287060
287065
287082
287097
287100
287103
287110
287136
287145
287168
287173
287202
287210
287221
287225
287237
287240
287247
287321
287322
287324
287395
287460
287672
287688
287690
287719
287853
287983
288120
288142
288144
288308
288320
288335
288382
288730
288761
288851
288904
288980
289011
289093
289151
289166
289169
289176
289206
289221
289235
289396
289400
289457
289498
289505
289509
289657
289663
289770
289900
289923
290956
291333
291402
291441
291468
291553
291588
291615
291635
291657
291661
291671
291767
291796
291858
291865
291899
291927
291928
291945
291946
291947
291950
292052
292174
292309
292371
292379
292392
292419
292429
292629
292633
292680
292850
292869
292999
293006
293043
293491
293672
293714
293739
293818
293880
293937
294020
294023
294164
294357
294361
294430
294442
294514
294517
294812
294816
295022
295049
295237
295521
295533
295969
296049
296226
296310
296338
296360
296390
296521
296629
296678
297050
297835
297840
297856
297862
297869
297870
297880
297909
297929
297956
297969
297974
297975
298006
298022
298028
298036
298046
298144
298199
298201
298272
298438
298820
298872
298874
298899
298909
298915
298936
298939
298944
298948
298954
298962
298979
298989
299017
299118
299380
299563
299568
299581
299609
299670
300304
300310
300327
300366
300435
300471
300676
301044
301111
301207
301234
301302
301584
301835
302332
302335
302359
302367
302370
302376
302391
302397
302400
302403
302410
302413
302431
302446
302450
302454
302460
302465
302485
302517
302532
302540
302566
302577
302644
302688
302693
302698
302702
302706
302708
302723
302731
302754
302764
302786
302809
302907
302952
303126
303288
303318
303361
303416
303443
303948
304021
304059
304060
304098
304132
304138
304147
304155
304279
304802
304807
304827
304861
304901
305067
305122
305583
305629
305650
305714
305728
305739
305781
305808
305826
305845
305847
306056
306115
306176
306189
306252
306352
307104
307157
307166
307176
307178
307192
307202
307203
307205
307216
307219
307221
307229
307235
307243
307252
307315
307326
307337
307349
307351
307361
307392
307399
307423
307444
307460
307464
307465
307477
307485
307518
307520
307521
307831
308058
308109
308139
308335
308633
308669
308687
308695
308697
308724
308741
308761
308785
308795
308976
309052
309231
309257
309433
309805
309811
309812
309828
309873
309875
309908
309930
310021
310063
310165
310326
310626
310630
310631
310647
310664
310673
310675
310730
310752
310781
310782
310790
310798
310803
310822
310824
310830
310836
310840
311184
311185
311186
311187
311199
311205
311218
311575
311582
311607
311608
311619
311622
311638
312166
312282
312379
312514
312520
312524
312540
312590
313280
313289
313304
313305
313307
313317
313328
313338
313342
313367
313378
313384
313387
313398
313402
313407
313419
313420
313436
313437
313449
313453
313458
313465
313466
313471
313481
313488
313493
313496
313500
313516
313529
313531
313533
313549
313636
313735
314022
314055
314083
314194
314644
314650
314675
314689
315219
315226
315262
315280
315374
315426
315497
315519
315771
315965
315975
315981
315983
315984
316001
316017
316018
316042
316048
316050
316052
316066
316067
316284
316323
316588
317201
317220
317224
317233
317236
317239
317273
317285
317297
317304
317311
317326
317358
317359
317369
317371
317430
317436
317472
317512
317517
317522
317549
317558
317561
317566
317567
317571
317579
317587
317589
317599
317600
317605
317608
317706
317763
318402
318429
318498
318505
318555
318561
318563
318576
318581
318620
318663
319033
319326
319466
319470
319555
319578
319601
319615
319618
319628
319705
319756
319773
319858
319950
320230
320315
320320
320328
320342
320347
320395
320433
320436
320454
320463
320589
320613
321101
321302
321326
321327
321720
321793
321836
321868
321909
321992
322116
322284
322911
322912
322930
322933
322941
322944
322951
322967
322992
322997
323016
323017
323030
323031
323032
323034
323037
323040
323047
323051
323052
323061
323064
323090
323091
323097
323112
323119
323292
323310
323652
323667
323679
323695
323703
323721
323880
324402
324410
324418
324433
324455
324465
324473
324491
324500
324509
324874
324881
324895
324945
325088
325255
325415
325419
325422
325479
325804
325900
325985
326013
326220
326492
326494
326501
326531
326584
326611
326612
326642
326661
326674
326689
326696
326755
326845
326859
326895
327110
327118
327161
327166
327666
327707
327721
327769
327796
328055
328061
328064
328067
328068
328189
328244
328352
328477
328502
328511
328566
328679
328904
328970
329192
329419
329432
329473
329499
329501
329518
329525
329545
329551
329565
329566
329567
329581
329583
329588
329823
329880
329886
330276
330296
330345
330354
330387
330401
330582
330925
330929
330978
331133
331163
331243
331663
331687
331690
331696
331701
331703
331708
331713
331733
331749
331755
331766
331881
331940
332011
332139
332280
332281
332284
332286
332310
332319
332440
332456
332529
332544
332708
332762
332783
333039
333370
333390
333404
333405
333410
333507
333508
333664
333717
333839
334383
334424
334459
334492
334496
334515
334526
334579
334583
334605
334635
334653
334662
334687
334869
334984
335284
335286
335369
335384
335531
335707
335715
335742
335748
336056
336065
336083
336596
336601
336621
336638
336809
336871
337969
338002
338031
338077
338093
338112
338123
338124
338158
338179
338231
338242
338244
338249
338262
338282
338285
338287
338296
338318
338354
338369
338394
338508
338524
338531
338594
338633
338934
339042
339111
339135
339560
339576
339586
339594
339599
339607
339623
339666
339695
339743
339928
340243
340869
340899
340985
341124
341853
341906
342054
342067
342068
342097
342200
342309
342369
342464
342804
343220
343232
343251
343308
343336
343847
344041
344414
344416
344425
344432
344489
344523
344539
344540
344560
344568
344667
344763
344834
344886
344892
344906
345094
345185
345235
345357
345404
345439
345455
345778
345839
346073
346364
346587
347208
347241
347271
347377
347768
347775
347855
347868
347883
348147
348196
348214
348315
348457
348740
348812
349071
349142
349549
349557
349627
349628
349678
349745
349768
350214
350258
350347
350361
350775
350785
350795
350798
350839
350849
350859
350901
350902
350930
350948
351066
351241
351257
351274
351279
351288
351293
351305
351500
351509
351553
351587
351683
351782
351792
352127
352142
352158
352709
352796
352816
352871
353286
353385
354114
354122
354126
354139
354167
354169
354186
354194
354195
354204
354240
354247
354272
354276
354283
354284
354296
354297
354310
354331
354392
354467
354514
354556
354559
354562
354901
354923
354934
354961
354966
354971
354974
354978
355087
355312
355351
355492
355860
355868
355874
355883
355891
355965
356022
356544
356617
357149
357175
357177
357182
357186
357187
357192
357193
357207
357208
357218
357231
357254
357270
357285
357289
357545
357588
358037
358071
358077
358078
358103
358118
358485
359035
359044
359045
359052
359071
359077
359089
359120
359384
359682
359807
360062
360097
360150
360364
360366
360367
360395
360409
360461
360466
360471
360472
360476
360754
361125
361148
361181
361585
361676
361679
361715
361718
362018
362024
362034
362056
362065
362078
362119
362135
362155
362160
362164
362171
362360
362427
362443
362455
362665
362766
363240
363246
363255
363263
363264
363266
363270
363271
363272
363276
363278
363284
363309
363314
363322
363327
363331
363334
363337
363340
363345
363353
363362
363364
363367
363381
363394
363517
363749
363806
364155
364161
364181
364182
364193
364203
364280
364323
364366
364575
364613
365064
365068
365081
365101
365124
365131
365134
365140
365153
365181
365191
365493
365544
365863
365885
366309
366460
366467
366468
366478
366488
366492
366499
366518
366529
366530
366531
366539
366540
366541
366542
366543
366554
366566
366571
366572
366578
366598
366829
366934
366937
367112
367117
367121
367133
367137
367162
367172
367197
367285
367289
367290
367438
367469
367472
367476
367477
367482
367483
367485
367499
367505
367507
367698
367730
367736
367891
367902
367919
368277
368320
368354
368370
368387
368394
368399
368403
368417
368420
368423
368431
368663
368667
368788
368883
368906
368917
368918
368926
368927
368928
368929
368938
368950
368951
369257
369465
369593
369685
369716
369718
369756
370173
370182
370201
370210
370229
370242
370252
370253
370274
370276
370280
370288
370323
370329
370354
370358
370369
370373
370418
370427
370444
370449
370454
370545
370712
370903
370913
370915
371129
371137
371156
371331
371461
371491
371503
371526
371530
371535
371536
371537
371540
371562
371573
371578
371593
371594
371595
371596
371607
371612
371620
371629
372354
372358
372360
372374
372414
372807
372920
373191
373271
373581
373602
373604
373615
373648
373658
373668
373685
373694
373696
373721
373724
373730
373735
373736
373737
373740
373748
373752
373753
373764
373770
373800
373801
373822
373823
373824
373828
374066
374249
374465
374477
374500
374504
374561
374685
374716
374723
374804
374805
374841
374860
374864
374866
374886
374892
374900
374918
374924
374926
374946
374964
375127
375246
375256
375722
375791
375870
376084
376088
376098
376395
376398
376411
376416
376551
376618
376925
376932
376937
376954
376977
376978
376984
376987
376990
377005
377026
377043
377074
377084
377102
377126
377724
377843
378013
378076
378147
378161
378181
378188
378213
378229
378241
378587
378675
379147
379159
379167
379189
379541
379551
379615
379856
379883
379885
380287
380292
380304
380308
380337
380348
380351
380357
380387
380391
380406
380409
380418
380419
380727
380814
380835
380841
380877
380879
380971
381083
381336
381343
381421
381729
381747
382044
382314
382353
382568
382596
382602
382631
382634
382636
382638
382640
382645
382648
382650
382660
382671
382692
382694
382701
382706
382707
382711
382712
382716
382735
382899
383012
383070
383198
383456
383467
383469
383497
383512
383556
383560
383564
383822
384274
384289
384295
384310
384318
384341
384363
384401
384433
384750
385169
385327
385364
385367
385372
385373
385383
385392
385403
385404
385405
385610
385660
385830
385980
386618
386619
386641
386673
386695
386722
387205
387603
387625
387627
387673
387678
387688
387695
387698
387702
387705
387712
387747
388211
388242
388429
388922
388994
389358
389590
389592
389669
390637
390644
390647
390676
390678
390680
392243
392256
392295
392504
392741
393247
393477
393480
393482
393488
393509
393515
393518
393519
393520
393527
393535
393798
393865
394121
394188
394866
395509
395737
395746
395775
396205
396363
396470
396648
396658
396664
396667
396674
396700
396702
396717
396718
396720
396721
396964
397207
397240
397243
397253
397341
397478
397484
397653
397873
397905
398131
398336
398702
399453
399455
399456
399459
399468
399469
399474
399475
399484
399486
399491
399496
399512
399515
399517
399521
399525
399616
399629
399845
400023
400024
400026
400027
400031
400037
400095
400098
400119
400150
400212
400259
400266
400279
400362
400585
400759
400819
401035
401113
401485
401498
401573
401929
401933
401941
401942
401944
401948
401960
401962
401963
401965
401972
401984
401990
402191
402305
402541
402546
402568
402571
402590
402596
402613
402614
402617
402697
402703
402704
402914
402937
402943
402951
402974
403005
403286
403316
403667
403798
404107
404163
404482
404611
404819
404843
405104
405116
405146
405170
405176
405179
405181
405183
405313
405643
405878
405947
405960
405973
405990
405992
405993
406014
406023
406024
406063
406383
406470
406471
406505
406513
406605
406806
406947
407762
407997
408161
408172
408176
408190
408201
408209
408294
408538
408612
408949
408951
408953
408958
408960
408973
408989
408996
409000
409003
409005
409007
409108
409346
409792
409804
409816
409826
409870
409889
409911
409912
409917
409927
409981
410026
410219
410287
410313
410730
410769
411195
411209
411243
411268
411665
411747
412079
412085
412114
412121
412150
412163
412174
412524
412574
412656
412773
412861
412956
413140
413149
413150
413154
413161
413162
413171
413175
413178
413197
413459
413818
413828
413830
413832
413896
413911
413931
414044
414087
414153
414404
414415
415076
415326
415351
415353
415498
415658
415659
416016
416023
416036
416050
416051
416053
416056
416074
416077
416098
416100
416107
416113
416115
416124
416125
416130
416143
416153
416160
416161
416177
416284
416689
416725
416795
416818
416906
417144
417216
417260
417472
417473
417483
417488
417489
417494
417499
417504
417506
417509
417523
417533
417560
417567
417584
417594
417608
417616
417638
417641
417653
417933
417986
418012
418054
418067
418099
418928
419045
419170
419266
419565
419766
419774
419791
419794
419878
420192
420321
420327
420351
420358
420371
420391
420642
420750
420804
420943
421524
421668
421849
421856
421882
421953
421986
422030
422057
422137
422182
422360
422823
422840
422841
422854
422860
422861
422865
422873
422878
422879
422881
422898
422899
422901
422924
422946
423417
423919
423948
423971
423977
423982
423993
423996
424030
424031
424311
424342
424509
424530
424589
424994
425034
425073
425546
425662
426050
426066
426098
426430
426499
426608
426801
427117
427126
427139
427161
427358
427491
427501
427549
427550
427658
427821
427911
427951
428073
428149
428179
428183
428188
428194
428219
428222
428504
428541
428600
428626
428627
429080
429086
429092
429110
429117
429140
429353
429762
429805
429812
430230
430529
430541
430562
430568
430572
430576
430580
430583
430595
430613
430776
431003
431007
431026
431330
431339
431720
431738
432270
432280
432389
432711
432824
432947
433341
433353
433736
434087
434103
434122
434142
434145
434151
434152
434156
434158
434166
434171
434175
434186
434219
434251
434387
434573
434668
434750
435188
435286
435431
435436
436079
436081
436098
436118
436123
436187
436190
437446
437532
437647
437780
437784
437916
437919
437924
437925
437930
437933
437951
437959
438294
438300
438304
438742
439163
439586
2002 AN69
2002 AQ108
2002 AD183
2002 BO18
2002 CG50
2002 CD66
2002 CR67
2002 CN76
2002 CG89
2002 CF118
2002 CL124
2002 CS149
2002 CT176
2002 CE195
2002 CF214
2002 CE258
2002 CM266
2002 CG268
2002 CK277
2002 CQ295
2002 CO318
2002 DK
2002 DV18
2002 DX20
2002 EH13
2002 EO44
2002 EA48
2002 EO65
2002 EJ79
2002 EW119
2002 EC163
2002 FW4
2002 FD7
2002 FJ8
2002 FZ15
2002 FM21
2002 FB27
2002 GS174
2002 GR186
2002 GU186
2002 GB187
2002 GZ187
2002 GM191
2002 JS125
2002 JL128
2002 JH151
2002 KL16
2002 MB7
2002 MQ7
2002 NW2
2002 NZ2
2002 NL11
2002 NM15
2002 NZ31
2002 NH61
2002 NV62
2002 NY68
2002 NV71
2002 NE72
2002 NN75
2002 ND76
2002 NZ76
2002 NC77
2002 ND77
2002 NM79
2002 NZ79
2002 NF80
2002 NW80
2002 ON15
2002 OZ17
2002 OC25
2002 OT25
2002 OL29
2002 OH33
2002 OL33
2002 OS34
2002 OU34
2002 OC36
2002 OO36
2002 OB37
2002 OW37
2002 PO
2002 PY6
2002 PZ6
2002 PO8
2002 PK10
2002 PM14
2002 PU15
2002 PZ16
2002 PG19
2002 PL20
2002 PH22
2002 PB43
2002 PX51
2002 PK52
2002 PS64
2002 PT76
2002 PE78
2002 PZ86
2002 PH87
2002 PF89
2002 PQ112
2002 PW112
2002 PP114
2002 PC121
2002 PJ130
2002 PB131
2002 PY131
2002 PV139
2002 PX141
2002 PY141
2002 PE142
2002 PF142
2002 PK150
2002 PX151
2002 PL158
2002 PC166
2002 PM166
2002 PQ167
2002 PZ167
2002 PM168
2002 PH170
2002 PB175
2002 PC179
2002 PE179
2002 PG181
2002 PA184
2002 PC184
2002 PT184
2002 PH187
2002 PJ187
2002 PW190
2002 PE193
2002 PF193
2002 PX193
2002 PD194
2002 PN196
2002 PT197
2002 PF198
2002 PH198
2002 PP198
2002 PQ199
2002 QU11
2002 QP15
2002 QH24
2002 QO26
2002 QO32
2002 QP32
2002 QS38
2002 QH41
2002 QO43
2002 QF45
2002 QC47
2002 QM49
2002 QC51
2002 QQ51
2002 QO56
2002 QM58
2002 QD59
2002 QV59
2002 QD70
2002 QJ70
2002 QE73
2002 QU75
2002 QR81
2002 QL82
2002 QP84
2002 QH85
2002 QD86
2002 QY86
2002 QN87
2002 QV88
2002 QQ90
2002 QK91
2002 QR93
2002 QT94
2002 QW94
2002 QB98
2002 QD99
2002 QO99
2002 QX99
2002 QH100
2002 QH101
2002 QP104
2002 QC108
2002 QV109
2002 QM110
2002 QH114
2002 QA116
2002 QD117
2002 QW118
2002 QY118
2002 QW119
2002 QE123
2002 QP126
2002 QH127
2002 QL131
2002 QP131
2002 QD132
2002 QG132
2002 QC133
2002 QM135
2002 QS135
2002 QX135
2002 QS136
2002 QQ138
2002 QZ139
2002 QM140
2002 QY140
2002 QA141
2002 QA142
2002 QG142
2002 QO143
2002 QS147
2002 QV147
2002 QZ147
2002 QU148
2002 QJ150
2002 QS151
2002 QZ151
2002 QC153
2002 QU153
2002 QN154
2002 QR154
2002 RJ1
2002 RO4
2002 RE21
2002 RU26
2002 RC36
2002 RJ45
2002 RO53
2002 RL70
2002 RD95
2002 RW114
2002 RQ116
2002 RG124
2002 RL125
2002 RJ128
2002 RJ146
2002 RM148
2002 RL152
2002 RD156
2002 RR157
2002 RL159
2002 RL177
2002 RH182
2002 RE187
2002 RY189
2002 RR190
2002 RA191
2002 RF191
2002 RA192
2002 RW203
2002 RS212
2002 RX213
2002 RS218
2002 RF241
2002 RM242
2002 RB243
2002 RK246
2002 RQ247
2002 RS247
2002 RA248
2002 RV249
2002 RV251
2002 RQ253
2002 RQ255
2002 RO258
2002 RX258
2002 RG259
2002 RA267
2002 RM268
2002 RH269
2002 RT271
2002 RU274
2002 RY277
2002 RB289
2002 RM293
2002 RV293
2002 SB
2002 SQ8
2002 SP13
2002 SG14
2002 SD17
2002 SD20
2002 SF22
2002 SK22
2002 SV24
2002 SK25
2002 SN26
2002 SR35
2002 SQ47
2002 SB50
2002 SN63
2002 SG66
2002 SX67
2002 SV69
2002 SZ72
2002 SL73
2002 SQ73
2002 SS73
2002 SB74
2002 TK7
2002 TB17
2002 TH21
2002 TK22
2002 TZ26
2002 TB31
2002 TC43
2002 TA55
2002 TT58
2002 TC61
2002 TV65
2002 TF87
2002 TU87
2002 TS88
2002 TV89
2002 TG91
2002 TP93
2002 TB99
2002 TX159
2002 TE167
2002 TK197
2002 TT203
2002 TG223
2002 TP285
2002 TY350
2002 TV100
2002 TO366
2002 TU106
2002 TP107
2002 TR107
2002 TA374
2002 TN379
2002 TB383
2002 TP385
2002 TU386
2002 TF128
2002 TV129
2002 TU130
2002 TZ134
2002 TK140
2002 TD145
2002 TQ148
2002 TQ153
2002 TJ158
2002 TU158
2002 TX159
2002 TJ165
2002 TU165
2002 TE167
2002 TM167
2002 TG178
2002 TN186
2002 TD193
2002 TB196
2002 TK197
2002 TT203
2002 TQ212
2002 TY214
2002 TV221
2002 TG223
2002 TQ224
2002 TF241
2002 TF243
2002 TJ255
2002 TK255
2002 TX261
2002 TT264
2002 TP285
2002 TT299
2002 TC307
2002 TT318
2002 TV328
2002 TM333
2002 TB338
2002 TY350
2002 UL1
2002 UR8
2002 UK9
2002 UF13
2002 UW13
2002 UD31
2002 UY42
2002 UQ58
2002 UV58
2002 UO77
2002 UR79
2002 VF2
2002 VP7
2002 VN11
2002 VT23
2002 VH27
2002 VK41
2002 VL45
2002 VN54
2002 VQ66
2002 VV87
2002 VR98
2002 VH102
2002 VV105
2002 VS114
2002 VA124
2002 VB139
2002 VJ143
2002 VT145
2002 VZ145
2002 VB148
2002 VD148
2002 VH148
2002 WA7
2002 WG7
2002 WY8
2002 WH20
2002 WF22
2002 WX23
2002 WE26
2002 WA29
2002 WP30
2002 WV31
2002 WW31
2002 WA32
2002 XQ4
2002 XG19
2002 XD31
2002 XG31
2002 XZ35
2002 XZ53
2002 XT60
2002 XD69
2002 XS118
2002 XD120
2002 XE120
2002 YB8
2002 YE13
2003 BL11
2003 EW15
2003 SR388
2003 SB327
2003 UM105
2003 UY119
2004 CG68
2004 DH65
2004 RT15
2004 RD356
2004 TC46
2004 TG51
2004 TK98
2004 TL287
2004 TX155
2004 TN175
2004 TA191
2004 TY203
2004 TF215
2004 TL287
2004 TX298
2004 TB333
2005 BY27
2005 GK112
2005 GT140
2005 JB155
2005 JW165
2005 JX172
2005 MY13
2005 QJ170
2005 QL182
2005 SH51
2005 SJ237
2005 TC43
2005 UE30
2005 UE460
2005 UO301
2005 WU103
2005 YQ87
2005 YC166
2006 AN84
2006 BO93
2006 BX143
2006 CM58
2006 EG52
2006 HF21
2006 HX40
2006 HZ43
2006 JA32
2006 JR53
2006 JH55
2006 KN100
2006 NU
2006 PO4
2006 PA16
2006 PD30
2006 PQ41
2006 QW
2006 QU29
2006 QH32
2006 QE38
2006 QF38
2006 QS77
2006 QZ112
2006 RV2
2006 RW8
2006 RX8
2006 RT33
2006 RY41
2006 RV69
2006 RH75
2006 RM85
2006 RL87
2006 RZ93
2006 SS13
2006 SB17
2006 SA37
2006 SR70
2006 SG87
2006 SA91
2006 SB182
2006 SN366
2006 SO114
2006 SX389
2006 SF393
2006 SJ395
2006 SU407
2006 SY408
2006 SB182
2006 SS182
2006 SG190
2006 SS198
2006 SJ203
2006 SL207
2006 SL254
2006 SW257
2006 SZ278
2006 SR290
2006 SE326
2006 SE343
2006 SV347
2006 SU355
2006 SA357
2006 TK8
2006 TD14
2006 TZ19
2006 TX27
2006 TC43
2006 TX52
2006 TH67
2006 TX67
2006 TY79
2006 TV87
2006 TV100
2006 TP101
2006 TP103
2006 TF104
2006 TN104
2006 TY115
2006 TE121
2006 UW17
2006 UT18
2006 UM27
2006 US38
2006 UU39
2006 UF55
2006 UM151
2006 UG155
2006 UY161
2006 UC162
2006 UL163
2006 UH164
2006 UY200
2006 UM201
2006 UC251
2006 UO273
2006 UB283
2006 VH15
2006 VB22
2006 VL25
2006 VQ40
2006 VJ51
2006 VL87
2006 VL98
2006 VU103
2006 VP125
2006 VF170
2006 VW171
2006 WX28
2006 WB29
2006 WO38
2006 WW40
2006 WY59
2006 WC71
2006 WA83
2006 WR95
2006 WM97
2006 WV101
2006 WW105
2006 WM106
2006 WV110
2006 WR111
2006 WE119
2006 WH171
2006 WP172
2006 WZ178
2006 XD8
2006 XD34
2006 YJ13
2007 AY6
2007 BS43
2007 BK48
2007 CB16
2007 CQ78
2007 DR4
2007 EE15
2007 EK71
2007 EX135
2007 ED159
2007 FA19
2007 GJ73
2007 QG5
2007 QF13
2007 RC21
2007 RR31
2007 RF37
2007 RP69
2007 RT80
2007 RR183
2007 RG256
2007 RL285
2007 RX300
2007 RG318
2007 SW5
2007 TF1
2007 TU7
2007 TN8
2007 TY28
2007 TK44
2007 TA246
2007 TC106
2007 TU382
2007 TB388
2007 TA397
2007 TU156
2007 TE236
2007 TA246
2007 TM315
2007 TL318
2007 TD334
2007 UT61
2007 UQ107
2007 VE15
2007 VV26
2007 VW61
2007 VM92
2007 VX93
2007 VJ133
2007 VN156
2007 VP173
2007 VW210
2007 VQ325
2007 XB28
2007 XL59
2007 YG61
2007 YJ68
2008 AR33
2008 AZ38
2008 AT96
2008 AE117
2008 AQ137
2008 CE3
2008 CM53
2008 CE73
2008 CG92
2008 CT186
2008 ER152
2008 FE53
2008 KK41
2008 PC5
2008 RA46
2008 SW4
2008 SM42
2008 SG56
2008 SP102
2008 SE117
2008 SC118
2008 SB142
2008 SK159
2008 SQ304
2008 TH38
2008 TY43
2008 TQ91
2008 TP176
2008 TW184
2008 UR64
2008 UT359
2008 UK169
2008 UO258
2008 UD292
2008 UK355
2008 UT359
2008 VR52
2008 WF24
2008 WK31
2008 YE14
2008 YX31
2008 YZ35
2008 YM58
2008 YF71
2008 YE88
2008 YB112
2008 YB127
2008 YS133
2008 YE165
2009 AQ10
2009 AS25
2009 AH45
2009 BU3
2009 BU16
2009 BU31
2009 BB41
2009 BM48
2009 BQ50
2009 BN55
2009 BN57
2009 BF69
2009 BK86
2009 BR92
2009 BF94
2009 BZ95
2009 BG97
2009 BA112
2009 BZ117
2009 BB123
2009 BY126
2009 BF143
2009 BE156
2009 BQ157
2009 BC166
2009 CR48
2009 DN49
2009 DS65
2009 DW69
2009 DK77
2009 DS86
2009 DL112
2009 DZ121
2009 DG122
2009 DS125
2009 DZ136
2009 EL13
2009 ED17
2009 EB23
2009 FE2
2009 FJ14
2009 FN22
2009 FC35
2009 FE50
2009 FW64
2009 FE74
2009 HW41
2009 HN105
2009 JF8
2009 KZ4
2009 KU24
2009 PF19
2009 QE
2009 QH11
2009 QT37
2009 RW13
2009 RO27
2009 RQ31
2009 RA36
2009 SV16
2009 SG17
2009 SZ67
2009 SA78
2009 SH102
2009 SW103
2009 SD108
2009 SP133
2009 ST145
2009 SW151
2009 SL187
2009 SY223
2009 SD233
2009 SC236
2009 SR256
2009 SS310
2009 SO329
2009 SF333
2009 SO341
2009 SP358
2009 TJ31
2009 UT15
2009 UR68
2009 UQ106
2009 UN107
2009 UP113
2009 UQ121
2009 UY135
2009 UR142
2009 VR18
2009 VN23
2009 VA49
2009 VB58
2009 VO92
2009 WV9
2009 WR71
2009 WV212
2009 WG225
2010 AT1
2010 AS18
2010 AC60
2010 AH75
2010 CJ22
2010 CJ75
2010 DC58
2010 DR79
2010 EO36
2010 ER137
2010 FH15
2010 JN75
2010 JP79
2010 JO85
2010 JG148
2010 JG153
2010 KN35
2010 KZ45
2010 NU9
2010 NL20
2010 PC47
2010 RU70
2010 RJ123
2010 RH164
2010 SA5
2010 TV28
2010 UT28
2010 UZ58
2010 VY45
2010 VR53
2010 VQ63
2010 VN87
2010 VO104
2010 VN123
2010 VT149
2010 VV207
2011 AR11
2011 AY40
2011 AH43
2011 AZ45
2011 AZ46
2011 BM1
2011 BD45
2011 BZ53
2011 BP73
2011 BD89
2011 CG43
2011 CT67
2011 CK87
2011 CD92
2011 DA13
2011 FP24
2011 FX30
2011 GX2
2011 HS11
2011 HU56
2011 HA72
2011 KH23
2011 OW
2011 OG8
2011 OV27
2011 QS1
2011 QD13
2011 QT32
2011 QP35
2011 QW55
2011 QZ70
2011 RO10
2011 SN11
2011 SL20
2011 SU20
2011 SM26
2011 SO27
2011 SS27
2011 SA28
2011 SL28
2011 SY34
2011 SH35
2011 SP40
2011 SV105
2011 SZ111
2011 SL171
2011 ST173
2011 SV179
2011 SR181
2011 SV184
2011 SX198
2011 SV242
2011 TA6
2011 TS15
2011 UD10
2011 UZ15
2011 UT30
2011 UZ35
2011 UU37
2011 UF46
2011 UL62
2011 UD80
2011 UY88
2011 UB132
2011 UR138
2011 UH110
2011 UH117
2011 UG119
2011 UA383
2011 UB132
2011 UR138
2011 UG407
2011 UE161
2011 UG161
2011 UO163
2011 UC242
2011 UH246
2011 UR251
2011 UN297
2011 VX
2011 VW9
2011 WL16
2011 WA27
2011 WD43
2011 WV60
2011 WD82
2011 WK91
2011 WZ91
2011 WJ112
2011 WC113
2011 WS117
2011 YY24
2011 YE25
2011 YX53
2012 AC6
2012 AN6
2012 BA16
2012 BO23
2012 BQ37
2012 BY112
2012 BG117
2012 BP131
2012 BX132
2012 BD137
2012 CE11
2012 CN15
2012 CR34
2012 CA57
2012 DA10
2012 DH20
2012 DF35
2012 ET3
2012 EN6
2012 ED7
2012 FX12
2012 FC57
2012 GH4
2012 GX32
2012 GK36
2012 JN1
2012 JS2
2012 LT4
2012 PR1
2012 PM34
2012 QO49
2012 RW5
2012 RY17
2012 RW30
2012 SK61
2012 TL28
2012 TW57
2012 TG60
2012 TE76
2012 TJ89
2012 TR92
2012 TN135
2012 TR136
2012 TU206
2012 TQ305
2012 TL310
2012 TO310
2012 UP95
2012 UT143
2012 VU8
2012 VC35
2012 VX47
2012 VD68
2012 VD72
2012 VR97
2012 WA6
2012 XC9
2012 XO58
2012 XV139
2012 XB155
2013 AD
2013 AA6
2013 AU22
2013 AH23
2013 AP24
2013 AY26
2013 AG28
2013 AD41
2013 AR80
2013 BB23
2013 BL23
2013 BP41
2013 BE77
2013 BT80
2013 CM84
2013 CM86
2013 CL108
2013 CX112
2013 CO147
2013 CS150
2013 CU177
2013 DJ2
2013 EZ1
2013 EX3
2013 EV24
2013 EL27
2013 EN67
2013 ER87
2013 EJ95
2013 EY97
2013 EX109
2013 EO113
2013 EJ119
2013 ED121
2013 EW121
2013 FJ4
2013 FW10
2013 FU11
2013 GQ9
2013 GG27
2013 GO32
2013 GN47
2013 GX60
2013 GS69
2013 GO95
2013 GZ97
2013 GG99
2013 GK104
2013 GV106
2013 GE123
2013 HP1
2013 HN17
2013 HW33
2013 HL73
2013 JZ3
2013 JE22
2013 JP54
2013 KM13
2013 LD4
2013 LL34
2013 MN4
2013 MW7
2013 NS5
2013 OZ4
2013 PW4
2013 PT25
2013 PW44
2013 PO49
2013 QV2
2013 QS4
2013 QJ7
2013 QD9
2013 QL26
2013 QN26
2013 QW31
2013 QY42
2013 QR47
2013 QA55
2013 QY61
2013 QO69
2013 QY78
2013 QP81
2013 RO3
2013 RW14
2013 RA19
2013 RH19
2013 RN22
2013 RM24
2013 RQ51
2013 RM72
2013 RG75
2013 RM77
2013 SB
2013 SH19
2013 SL23
2013 SM27
2013 SH28
2013 SD31
2013 SA35
2013 SE53
2013 SW57
2013 SD71
2013 SW72
2013 TC7
2013 TL40
2013 TS40
2013 TA50
2013 TG73
2013 TZ73
2013 TA75
2013 TD94
2013 TO101
2013 TR136
2013 UL12
2013 VX8
2013 WK1
2013 WL4
2013 WL41
2013 WF55
2013 WS69
2013 XO5
2013 XP12
2013 XL20
2013 YE2
2013 YE18
2013 YL28
2013 YY34
2013 YE39
2013 YD46
2013 YG52
2013 YZ93
2013 YM118
2014 AZ27
2014 BZ9
2014 BW35
2014 DY18
2014 DF59
2014 DM103
2014 DW141
2014 EG13
2014 ER28
2014 EQ43
2014 EV46
2014 FC21
2014 FC67
2014 GS35
2014 GO36
2014 GO37
2014 GH39
2014 HT8
2014 HB14
2014 HD77
2014 JG29
2014 JT78
2014 LF12
2014 LQ15
2014 LP17
2014 MK7
2014 MU25
2014 MX52
2014 MV53
2014 MP63
2014 MV68
2014 NK41
2014 NB44
2014 NN51
2014 OY366
2014 OH146
2014 OR181
2014 OX190
2014 OJ216
2014 ON295
2014 PS3
2014 PO13
2014 PD56
2014 QY62
2014 QM369
2014 QY373
2014 QN117
2014 QB398
2014 QM263
2014 RF12
2014 RK21
2014 RG24
2014 SL177
2014 SM335
2014 TD24
2014 UK46
2014 UX198
2014 VB25
2014 VQ32
2014 WS51
2014 WB111
2014 WP412
2014 WA485
2014 WR489
2015 BX85
2015 BQ90
2015 BO126
2015 BH160
2015 BC276
2015 BD278
2015 BT314
2015 BS333
2015 BO356
2015 CU2
2015 CB12
2015 CL41
2015 DA
2015 FT112
2015 FS120
2015 FO161
2015 GV4
2015 GE30
2015 KD12
2015 KH36
2015 KO90
2015 KZ94
2015 ME4
2015 MV120
2015 NZ3
2015 OW74
2015 OZ75