id
376
730
749
939
1056
1216
1314
1370
1619
1663
1807
2031
2034
2227
2287
2399
2648
2682
2768
2784
2825
2844
2989
3060
3165
3220
3459
3636
3783
3956
3991
4001
4021
4246
4278
4299
4338
4373
4374
4706
4729
4869
4875
4990
5005
5121
5248
5363
5529
5908
6058
6083
6315
6406
6528
6610
6685
6707
6780
6887
6945
7009
7016
7026
7073
7159
7377
7395
7883
8217
8265
8366
8474
8688
8785
8894
8895
9087
9242
9342
9595
9648
9650
9765
9928
9955
10081
10124
10126
10292
10323
10363
10483
10526
10543
10544
10546
10622
10717
11501
11830
12051
12069
12219
12228
12375
12500
12595
12718
12787
12859
12871
12979
13189
13238
13361
13473
13766
13990
14041
14082
14108
14121
14136
14250
14276
14371
14459
14506
14582
14813
15070
15107
15126
15623
15988
15996
16004
16008
16423
16538
16800
16822
16871
16996
16997
17247
17462
17704
18100
18116
18222
18301
18504
18572
18910
18987
19004
19116
19161
19302
19373
19531
19550
19754
19962
20146
20154
20728
20834
20938
21112
21427
21703
21975
22131
22145
22184
22314
22447
22513
22554
22563
22584
22598
22825
22890
23131
23336
23739
24140
24303
24382
24410
24541
24600
24611
24667
25008
25014
25019
25317
25413
25430
25441
25460
25655
25663
25710
25930
25954
26288
26345
26765
26885
26905
27017
27077
27103
27368
27525
27664
27761
27768
27781
27944
27946
28390
28676
29134
29209
29262
29290
30063
30073
30301
30350
30539
30701
30706
30816
30965
31460
31464
31902
31952
32053
32727
32770
32911
32913
33076
33410
33444
33468
33853
33863
33945
33948
33983
34511
35079
35085
35122
35173
35736
35873
36119
36381
36435
36441
36450
36522
36695
36901
37106
37112
37630
37682
37785
37806
38152
38167
38794
38806
38951
38969
39232
39409
39410
39438
40252
40305
40347
40534
41471
41850
41922
42255
42662
42828
42884
43046
43350
43364
43590
43608
43636
43723
43785
43888
44043
44059
44091
44175
44434
44587
44643
44692
44717
44723
44814
44825
44902
44938
44959
45071
45198
45208
45349
45760
46090
46314
46430
46589
46624
46759
46808
46810
47166
47191
47205
47312
47403
48006
48166
48341
48383
48422
48862
48870
48889
49868
49874
50040
50123
50135
50303
51042
51352
52490
52771
52790
52825
52847
52867
52898
53005
53648
53666
53672
53705
53714
53716
53747
53872
53987
54156
54721
54753
54778
54788
55388
55809
55981
56001
56020
56308
56354
56369
56383
56563
57470
58110
58142
58227
58303
58315
58410
58574
59038
59110
59269
59285
59396
59783
60723
60752
60788
60851
60890
60935
61261
61281
61296
61419
61818
62166
63217
63222
63295
63572
63920
64149
64252
64472
64618
64727
64799
64808
65366
65581
65689
65743
65767
66232
66264
66349
67390
67396
67411
67576
67581
67650
67682
67740
67815
67825
67832
67833
67913
67949
67966
67986
67996
68055
68101
68246
68639
69082
69169
69247
69262
69290
70075
71778
71868
72065
72225
72252
72401
73008
73015
73087
73162
73323
73864
73868
73990
74004
74032
74557
74584
74591
74656
74666
74687
74708
74838
74873
74919
75146
75419
76932
77154
77465
77945
77980
78004
78078
78138
78834
79351
79550
79605
79616
79638
80142
80176
80199
80256
80258
80346
80347
80390
80395
80397
80453
80624
80745
82195
82220
82240
82668
84039
84862
85448
85734
85747
85772
86489
86551
86656
86830
86901
86951
86970
87082
88273
88289
88324
88325
88343
88434
88457
88812
88937
89054
89174
89346
89480
89514
89529
90411
90610
90651
90844
90849
90853
90931
92321
92330
92334
92376
92390
92392
92444
92506
92608
94383
94385
94390
94424
94471
94504
94550
94617
94649
94758
94765
94813
95071
95137
95142
95468
95718
95809
95854
95924
96090
96110
96356
96479
97820
97896
97937
98062
98236
98266
98474
98672
99282
99340
99378
99389
99408
99424
99462
99525
100394
100468
100477
100876
101005
101167
101195
101874
101904
101939
102011
102013
102024
102044
102170
102185
102331
102428
102462
102469
102538
102759
102816
102828
102830
102990
103252
103389
103502
103510
103525
103587
103703
103842
104084
104094
104270
104298
105733
105800
106448
106493
106686
106767
106795
106912
106936
107075
107856
108011
108042
108053
108208
108224
108479
108480
108572
111050
111477
111777
111959
111992
112042
112078
112109
112118
112197
112213
112963
112964
113076
113159
113377
113458
113472
113606
113930
113937
113998
114056
114076
114142
114144
114374
114502
114678
114832
114998
115005
115187
115344
115362
115868
115991
116258
116752
117772
117915
117924
118028
118277
118505
118566
119994
120220
120541
120713
120880
120889
120947
120974
121036
121060
121874
121961
122014
122045
122046
122066
122072
122177
122354
122375
122505
122951
124167
124173
124194
124210
124217
124221
124325
124343
124434
124460
124532
124544
124638
124686
124733
124790
124884
124885
125043
125097
125119
125448
125473
125589
125740
125805
126088
127120
127151
127467
127491
127492
127639
127676
127701
127724
127755
127808
127887
127888
128336
128955
129082
129110
129266
129388
129754
129781
129786
130400
130426
130449
130476
130492
130501
130513
130554
130555
130698
130808
130836
131497
131543
131615
131645
131674
131682
131743
131800
131803
131895
131965
131975
132357
133141
133236
133539
133906
133959
134388
134943
134969
135577
135584
135636
135645
136145
136193
136247
136883
137218
137226
137285
137299
137301
137326
137351
137357
137583
137630
137631
137662
137701
137726
139016
139110
139670
141505
141507
141589
141618
141652
141655
141679
141684
141700
141740
142123
143757
143772
143809
143835
143836
143839
143903
143914
144243
144386
144996
145065
145461
145737
145914
145932
146020
147121
147158
147890
148008
148121
148155
148158
148180
148190
148486
148508
149618
149690
149791
149883
150083
150284
150660
150667
151523
151531
151534
151563
151574
151607
151906
152015
152150
152591
152696
152706
153374
153434
153447
154281
154288
154349
154371
155032
155068
155086
155391
155641
155956
155986
156003
156070
156209
156734
157142
157482
157967
158224
158229
158255
158260
158349
158606
158847
158858
159404
159581
159603
159867
159877
159980
160177
160294
160365
160366
160508
160727
160907
160913
160927
160943
161159
161517
161538
161640
162498
162512
162538
162560
162693
163704
163714
164272
164472
164475
164803
165154
165182
165191
165198
165208
165219
165281
165291
165315
165497
165997
166042
166176
166208
166279
166938
166945
166959
167708
167721
167734
168053
168061
168129
168134
168462
168723
168744
168779
168792
168801
168804
168875
169475
169668
170175
170195
170199
170377
170431
171262
171309
171476
171681
171709
171712
171721
171801
172422
172437
172438
172505
172537
173030
173159
173491
173516
174083
174098
174625
174750
175248
175452
175649
176006
176044
176062
176076
176088
176639
177138
177173
177175
177204
177246
177300
177957
177960
178029
178461
178467
178473
178491
178492
178530
178531
178552
178820
179592
179622
179697
179758
179841
180196
180263
180839
180850
181299
181511
181899
181934
181936
181974
182242
182252
182983
183006
183011
183031
183102
183112
183243
183643
183646
183663
184336
184362
185022
185104
185155
185668
185969
186490
186501
186659
187059
187939
188211
188217
188605
188635
189431
189645
190180
190273
190338
190506
190739
190744
190747
191302
191606
191751
191923
191939
191948
192368
192412
192536
192538
192553
193077
193784
193790
193792
193818
193824
193832
193847
193848
193876
193895
193908
193916
193965
193970
193981
193996
194013
194016
194025
194091
194144
194148
194183
194255
194256
194258
194375
194413
194785
194837
196233
196248
197549
198882
198886
199080
199190
199208
199837
199888
200564
200586
200593
200641
200667
200672
200681
200693
200697
200711
200745
200821
200950
201498
201972
201981
202426
202529
202739
202947
203278
203289
203300
203301
203311
203323
203352
203382
203422
204306
204398
204829
205231
205232
205612
205627
205645
205652
205707
205729
205773
205799
206302
206912
206934
206991
207005
207079
207394
207405
207553
208219
208532
208593
209583
210722
211112
211152
211498
211506
211512
211528
211530
211579
211936
213056
213170
213469
213484
213488
213492
213519
213879
214519
214524
214540
214556
214868
214877
214880
215405
215617
215622
215635
215644
215679
215827
216050
216062
216087
216314
216944
217134
217511
217528
217559
217684
218102
218147
218556
218821
218860
219181
219196
219199
219252
219261
219963
219986
219999
220009
220026
220028
220509
220917
220947
221559
221561
221573
221574
222146
222158
222950
222968
223086
223510
223554
224017
224070
224816
224865
224892
225093
225095
225235
225421
226159
226177
226181
226188
226191
226238
227095
227106
228168
228223
228444
228691
228722
228778
229059
229073
229333
229684
230135
230550
231061
231065
231070
231102
231107
231117
231217
231435
231461
231779
231794
231810
233083
233095
233097
233119
233125
233163
234027
234427
234513
235000
236106
236128
236138
236153
236708
237057
237073
237626
238049
238067
238437
238444
238484
238506
238512
238530
238821
239592
239975
240854
241153
241468
241711
241736
242476
243292
243477
243729
243730
243745
243765
243808
243847
243958
244087
244121
244162
244169
244204
244638
244732
245123
245564
245571
245632
245686
245708
246126
246152
246157
246304
246376
246865
247088
247110
247158
247342
247739
248636
249051
249082
249121
249292
249715
249729
249740
249745
250287
250293
250324
250966
250988
251377
251382
251551
251557
251764
252064
252079
252081
252092
252115
252798
252817
252851
253434
253435
253440
253453
253483
253520
253529
253559
253573
253579
253614
253648
253683
253700
253705
253775
253802
254449
254532
255534
255585
256625
256657
257280
257869
258598
258696
258740
258751
259390
259432
259477
259504
259531
259535
259549
259566
259590
259616
259619
259704
260447
260469
260571
260580
260659
261862
262156
263847
263908
264471
264806
265138
265148
265159
266064
266122
266134
266144
266515
266677
266702
267870
267917
267952
268248
268265
268297
268317
268752
268753
268783
268784
269154
269163
270750
270758
270821
270832
271383
271401
271420
271450
271510
272161
272188
272269
272298
272339
272567
273338
273415
273536
274147
274217
274430
274824
274849
274854
274896
274974
275355
275810
276212
276247
276282
276292
276364
276453
276748
276755
276775
277185
277208
277266
277272
277326
277450
278499
278590
278594
279730
279789
280794
280796
280845
280883
280899
280925
281395
281405
281409
282134
282147
282467
282481
282762
282891
283065
283076
283084
283467
283481
283486
283492
283552
283597
283924
284191
284706
284712
284718
284753
285325
285908
286219
286283
286353
286849
286926
287496
287604
287666
287737
287764
287886
288255
288635
288676
288691
288871
288873
289146
289481
290042
290087
291031
291188
291190
291443
291507
291573
291795
291948
292450
292546
293689
293693
293783
293875
293991
294276
294624
294630
294913
295195
295250
295392
296008
296226
296283
297101
297134
297269
297560
297616
297645
297670
297672
297713
298780
298787
298842
298845
298871
298876
299431
300275
301107
301124
301679
302167
302242
302265
303254
303266
303275
303292
303346
303943
304779
304783
304815
304823
306057
306074
306077
307402
307999
308066
308120
308645
308663
308706
309807
309824
309867
310142
310454
310468
310612
311169
311171
311190
311204
311207
312031
312647
313049
313074
313605
314008
314021
314031
314043
314048
314624
315190
315209
315215
315222
315252
315290
315970
315985
315999
317298
317299
317325
317719
317777
318584
319119
319501
319763
320324
320385
320397
321806
322115
322400
322742
322965
323269
323286
323654
323660
324328
324345
324355
324371
324912
325414
325878
326141
326369
326799
326832
326838
326840
327125
327137
327142
327149
327161
327640
327685
327693
327708
327739
328081
328118
329223
329881
329903
330246
330256
330300
330302
330305
330331
330354
330542
330557
330620
331469
331657
331667
331738
332312
332696
333140
333141
333157
333372
333377
333380
333393
334478
334484
334488
334524
334541
334546
334597
334624
335281
335286
335298
335756
336060
336087
336780
337206
338160
338250
338275
338294
338304
338316
338352
339000
339009
339622
339641
339678
339681
339702
339723
339766
339797
339803
339827
339877
340866
340931
341852
341895
343177
343211
343244
343256
343309
343734
343795
343862
344064
344085
344548
344557
344570
345132
345151
345189
345204
345214
345338
345776
346261
347153
347166
347215
347502
347661
347920
348441
348495
348522
348621
349080
349088
349098
349498
349535
350247
350599
351203
351215
351573
351586
351622
351658
352129
352657
352667
353252
354032
354343
354748
354811
354830
354838
354895
355268
355754
355833
355845
356299
356305
356925
357041
357062
357092
357316
357323
357539
357941
358470
358474
358478
358483
358499
359046
359385
359639
360184
360202
360344
360716
361103
361107
361543
361550
361593
361597
361637
362626
363074
363652
363718
364567
364569
364570
364585
364606
364610
364616
364621
364674
364675
365059
365425
366209
366215
367058
367123
367280
367299
367311
368149
368456
368489
368501
368512
368518
368556
369027
369254
369515
369525
369844
369900
369974
370486
370509
370517
370546
370551
370553
370565
370608
370897
371545
371880
372367
372822
373241
373625
373921
373942
373961
374193
374232
374718
374728
374741
375196
375674
376554
376718
376819
377197
377214
377241
377261
377993
377994
378029
378070
378098
378632
379643
380026
380325
380483
380493
380511
380973
380975
381021
381069
382038
382057
382653
383436
384609
384674
385206
385617
385918
385953
385974
386877
386889
386924
387497
387561
387578
387660
387670
387838
388033
388431
388462
389406
390809
390995
391432
391455
391781
391808
392234
392272
393269
393629
394061
394384
394405
394415
394792
394803
394807
394816
394824
394828
394870
395304
395318
396610
396765
396790
396792
397126
397159
397442
397817
397836
397923
398652
398693
399297
399412
399421
399671
399976
400249
401090
401139
402158
402172
402185
402866
403246
403835
403862
404150
404731
404840
404885
405080
405117
405205
405408
405411
405429
405447
405477
405486
405766
406364
406395
406851
406902
407663
407671
407707
407761
408212
408384
408807
409278
409326
409332
409762
410168
410171
410175
410252
410706
411183
411622
411770
412521
412554
412601
412874
413412
413420
413742
413777
414039
414068
414072
414099
414411
415060
415472
415488
415513
415523
416445
416647
416701
416710
416747
416766
417877
417897
417924
417935
417940
417957
417969
417977
418004
418015
418031
418034
418087
418089
418123
418163
418244
418964
420427
420772
420862
421730
422365
422370
422847
423045
423306
424321
424338
424475
424533
425256
425544
425563
425567
425603
425614
426364
426387
426535
426625
426653
426698
427040
427056
427271
427606
427638
427856
428099
428377
428428
428531
429426
429763
429813
430063
430561
430575
430912
431214
431288
431597
431658
431678
431684
432591
432593
432594
432607
432975
433556
433988
434150
434278
434531
434949
434968
435007
435428
435447
435459
435474
436040
436125
436450
438147
438679
438684
438881
438885
439783
1995 SG6
1995 TZ8
1995 VL5
2001 RE41
2001 SJ208
2001 SC326
2001 TD176
2001 TY261
2002 AG37
2002 JD58
2002 LO64
2002 NQ77
2002 PH21
2002 PE162
2002 PY191
2002 PN196
2002 QO51
2002 QK52
2002 QN87
2002 RV59
2002 RY247
2002 RF257
2002 SD29
2002 SS72
2002 TM18
2002 TX135
2002 TX346
2002 VT7
2002 VN146
2002 XK121
2003 LE5
2003 SV309
2003 SA326
2003 SA336
2003 UZ377
2003 WR186
2004 EO12
2004 FU94
2004 RH40
2004 RR166
2004 RC186
2004 RV189
2004 RG342
2004 SJ53
2004 TL42
2004 TV45
2004 TF65
2004 VC81
2005 EL208
2005 GQ38
2005 JJ29
2005 ML24
2005 NN70
2005 QH13
2005 QV18
2005 QG76
2005 QQ98
2005 QO99
2005 QE114
2005 SV14
2005 SA22
2005 SK37
2005 SS37
2005 SE116
2005 SG150
2005 SH186
2005 TT75
2005 TM83
2005 TU110
2005 TO136
2005 TX142
2005 TG189
2005 UG13
2005 UG15
2005 US149
2005 UA322
2005 UK362
2005 UJ405
2005 US149
2005 UO204
2005 UA322
2005 VQ30
2005 VG51
2005 WN28
2005 WD65
2005 WE69
2005 WT181
2005 XG12
2005 YA11
2005 YP117
2006 DV113
2006 DE215
2006 PZ4
2006 QJ17
2006 QT141
2006 QN148
2006 QU179
2006 RU47
2006 SG4
2006 SR7
2006 SF62
2006 SH82
2006 SL376
2006 SJ250
2006 SF333
2006 TD17
2006 TB19
2006 TE122
2006 UE24
2006 UW95
2006 UV126
2006 UY168
2006 UP180
2006 UP219
2006 UY226
2006 VC19
2006 VF46
2006 VC67
2006 VM82
2006 VN130
2006 WQ31
2006 WB44
2006 WG203
2006 YJ1
2006 YQ38
2007 CN43
2007 DG1
2007 DA8
2007 DP37
2007 DT98
2007 EH165
2007 HV23
2007 QR13
2007 RB45
2007 RT57
2007 RA70
2007 RB109
2007 RQ208
2007 RQ209
2007 RB239
2007 TA5
2007 TK43
2007 TQ74
2007 TN167
2007 TK428
2007 TV440
2007 TK444
2007 TL222
2007 TZ272
2007 TP296
2007 TP335
2007 UM13
2007 UV28
2007 UO82
2007 VX62
2007 VS96
2007 VU155
2007 VA158
2007 VL288
2007 XJ1
2008 AF109
2008 BS51
2008 CL6
2008 CZ131
2008 CG142
2008 CB168
2008 DL15
2008 EA132
2008 FD52
2008 GV120
2008 HM66
2008 PN11
2008 PD15
2008 QQ23
2008 RX2
2008 RK78
2008 RB120
2008 SM65
2008 SP151
2008 SY156
2008 SS158
2008 SU161
2008 SR241
2008 SL263
2008 TA89
2008 TU94
2008 TR130
2008 UN37
2008 UW39
2008 UT69
2008 UR76
2008 UE154
2008 UK208
2008 UX240
2008 UH284
2008 UD315
2008 UJ321
2008 VH11
2008 VE62
2008 WX102
2008 WM140
2008 XN20
2008 YS12
2008 YA120
2008 YX122
2008 YC126
2008 YB155
2008 YV162
2009 BP61
2009 BY88
2009 BA96
2009 DM139
2009 EK23
2009 FO17
2009 FH48
2009 FB71
2009 FY73
2009 HM23
2009 OV17
2009 QH20
2009 QG42
2009 RY11
2009 RW26
2009 SQ39
2009 SX50
2009 SZ82
2009 SG171
2009 SR213
2009 SB278
2009 SH330
2009 SP358
2009 TN36
2009 VP7
2009 VU39
2009 VA46
2009 VF47
2009 VY48
2009 VO64
2009 WJ23
2009 WD250
2009 WQ256
2010 AH27
2010 AO53
2010 CA43
2010 CV49
2010 CM229
2010 DZ74
2010 EL143
2010 FV92
2010 GU65
2010 GN132
2010 MJ46
2010 PC53
2010 PT59
2010 QG3
2010 RH5
2010 RO16
2010 RZ54
2010 RP63
2010 RW80
2010 RQ90
2010 RZ102
2010 RM114
2010 RJ120
2010 RT171
2010 SM
2010 SQ15
2010 UP34
2010 VG30
2010 VP53
2010 VE78
2010 WT53
2011 AN27
2011 AM34
2011 AQ56
2011 AG60
2011 BS18
2011 BW88
2011 BO91
2011 BG112
2011 BF156
2011 DG24
2011 FZ71
2011 FK134
2011 HT13
2011 HD30
2011 HU51
2011 JF26
2011 KD20
2011 LL15
2011 OB12
2011 OS56
2011 PC7
2011 QC57
2011 QL63
2011 SJ33
2011 SL49
2011 SM49
2011 SB74
2011 SF107
2011 SX112
2011 SE119
2011 SM166
2011 UW14
2011 UJ24
2011 UA100
2011 UD364
2011 UP119
2011 UB124
2011 UK138
2011 UG139
2011 UA182
2011 UJ240
2011 UU260
2011 UY318
2011 UB335
2011 UW342
2011 WP10
2011 WB11
2011 WN18
2011 WW23
2011 WY83
2011 WC134
2011 YP3
2012 BG25
2012 BM112
2012 BL149
2012 DN86
2012 FF5
2012 FE67
2012 GK3
2012 HF1
2012 HX51
2012 HU64
2012 JN3
2012 JA61
2012 KM24
2012 KQ43
2012 LO20
2012 MS13
2012 PQ37
2012 QX44
2012 TE30
2012 TE34
2012 TD65
2012 TR92
2012 TZ125
2012 TD127
2012 TB152
2012 TZ179
2012 TS213
2012 TV253
2012 UW43
2012 UD94
2012 UY141
2012 VH3
2012 VD13
2012 VH53
2012 VU112
2012 WF9
2012 XQ34
2012 XJ44
2012 XE50
2013 AA26
2013 AW153
2013 BJ62
2013 CR22
2013 CR46
2013 CX49
2013 CN55
2013 CO56
2013 CR170
2013 EZ30
2013 EM126
2013 FR13
2013 GE2
2013 GB24
2013 GE25
2013 GC27
2013 GP31
2013 GD32
2013 GO88
2013 GF130
2013 HB11
2013 HB26
2013 HQ52
2013 HQ102
2013 JM2
2013 JZ7
2013 JM39
2013 JT58
2013 LQ
2013 LC9
2013 MN2
2013 MR9
2013 NR7
2013 NC8
2013 OW
2013 PF15
2013 PS17
2013 PO68
2013 QL4
2013 QX38
2013 QB44
2013 QD46
2013 QJ53
2013 QS61
2013 QS68
2013 QL72
2013 RT4
2013 RK6
2013 RR60
2013 ST41
2013 SO54
2013 SD67
2013 SP75
2013 SS79
2013 SA80
2013 TA18
2013 TL36
2013 TB85
2013 TX104
2013 TK109
2013 TB113
2013 UL7
2013 WL10
2013 WG28
2013 WG30
2013 WO35
2013 XZ22
2013 YL33
2013 YD46
2013 YO91
2013 YW94
2013 YH96
2014 AY18
2014 BM19
2014 BV27
2014 BO47
2014 DS29
2014 DZ63
2014 DA119
2014 EB2
2014 EM6
2014 EQ51
2014 GR31
2014 GD37
2014 HR11
2014 HQ92
2014 JZ28
2014 JC34
2014 JO36
2014 KN47
2014 LZ16
2014 MW27
2014 NX11
2014 NH33
2014 OV25
2014 OG95
2014 OC107
2014 ON108
2014 OM179
2014 OC182
2014 OZ193
2014 OK215
2014 PZ6
2014 PV27
2014 PJ42
2014 QJ93
2014 QX366
2014 QG124
2014 QW410
2014 QK166
2014 QY171
2014 QG432
2014 QC222
2014 QK307
2014 RZ30
2014 RU59
2014 SY46
2014 SB126
2014 SF164
2014 SM214
2014 SC255
2014 SR278
2014 SM327
2014 TB3
2014 TU27
2014 TM39
2014 TR47
2014 TZ55
2014 UA13
2014 UL42
2014 UW49
2014 UT95
2014 UP100
2014 VH4
2014 VM24
2014 WW41
2014 WC56
2014 WM66
2014 WF161
2014 WJ424
2014 YL4
2014 YZ4
2015 AR178
2015 AT191
2015 AH243
2015 BF10
2015 BA78
2015 BO439
2015 BK511
2015 CC4
2015 CS42
2015 CF46
2015 CA49
2015 DJ205
2015 EU37
2015 FL147
2015 FZ310
2015 GH34
2015 KS36
2015 KF42
2015 KQ64
2015 KZ97
2015 LU33
2015 MW56
2015 MZ102
1994 SU1
1995 QA12
1995 SK85
1999 TH67
2000 CG69
2000 CA127
2001 FH207
2002 GC82
2002 GD120
2002 GH189
2002 JD88
2002 QD93
2002 TC366
2002 TB150
2002 TU323
2003 DY2
2003 FY102
2003 HF8
2003 SN404
2003 SB411
2003 SV346
2003 UP34
2003 UV403
2003 UJ415
2004 AN6
2004 TA147
2004 TX217
2004 TD242
2004 TW358
2004 VC44
2004 XE50
2005 AF34
2005 EC77
2005 GV177
2005 QR111
2005 SF55
2005 SF126
2005 SV145
2005 TZ95
2005 TN120
2005 TM167
2005 TJ173
2005 UT44
2005 UG366
2005 UX146
2005 UW421
2005 UY430
2005 US181
2005 UM189
2005 UF477
2005 UT233
2005 UR234
2005 UU252
2005 UW271
2005 UN301
2005 VE35
2005 VG40
2005 VP136
2005 XJ109
2006 AH39
2006 BG113
2006 DX25
2006 DR85
2006 DW194
2006 JN29
2006 KV54
2006 KC73
2006 RW40
2006 SE80
2006 SU103
2006 SM133
2006 SF403
2006 SU203
2006 SB232
2006 TG41
2006 TT62
2006 TR81
2006 TO100
2006 UC43
2006 UA149
2006 UL291
2006 VS32
2006 VA78
2006 VX99
2006 VN125
2006 VO137
2006 WN12
2006 WQ24
2006 WZ36
2006 WM38
2006 XJ52
2007 CO69
2007 CM75
2007 DY58
2007 EF53
2007 FY31
2007 JN15
2007 MJ10
2007 PP48
2007 RO63
2007 RY63
2007 RQ70
2007 RK112
2007 RZ112
2007 RY128
2007 RR182
2007 TO36
2007 TU37
2007 TY108
2007 TR135
2007 TG330
2007 US61
2007 UJ139
2007 VA91
2007 VT111
2007 WD18
2008 AT7
2008 DJ47
2008 OS13
2008 QC14
2008 QT18
2008 RR16
2008 RM102
2008 RY130
2008 RQ144
2008 SS79
2008 SW170
2008 SA175
2008 SA293
2008 SN307
2008 TK11
2008 TB71
2008 TV97
2008 UM27
2008 UP72
2008 UD82
2008 UU89
2008 UU238
2008 UE278
2008 VL15
2008 WY5
2008 WG21
2009 BT127
2009 DD5
2009 DY26
2009 DP36
2009 EZ29
2009 FK38
2009 HH57
2009 HC59
2009 HN91
2009 KN34
2009 QT18
2009 QW51
2009 QQ61
2009 QY63
2009 RB20
2009 SQ44
2009 SG51
2009 SQ119
2009 SC202
2009 SB219
2009 UU66
2009 UJ70
2009 UR120
2009 VR20
2009 VC32
2009 WB55
2009 WW180
2010 AN123
2010 CT27
2010 CU29
2010 CJ45
2010 CY60
2010 CV90
2010 DK79
2010 EA9
2010 EU73
2010 FM115
2010 GA62
2010 GC75
2010 GR97
2010 HM3
2010 HP19
2010 JE25
2010 JG26
2010 JW71
2010 JO99
2010 JF140
2010 JU143
2010 KM12
2010 KQ15
2010 LQ125
2010 ND
2010 NS52
2010 NX100
2010 NL107
2010 NG116
2010 PL2
2010 PA19
2010 QP4
2010 RK71
2010 RO116
2010 RC176
2010 RW178
2010 SG35
2010 SM35
2010 TU26
2010 TD32
2010 TW83
2010 TN146
2010 UQ105
2010 VJ19
2010 VO55
2010 VU190
2010 VS203
2010 XY51
2011 BD11
2011 BF60
2011 BO113
2011 CE36
2011 CF55
2011 CM78
2011 CB105
2011 EE67
2011 FU85
2011 FG155
2011 KX17
2011 MJ2
2011 QF55
2011 SV31
2011 SL48
2011 SK51
2011 SH87
2011 SY151
2011 ST163
2011 SF166
2011 ST224
2011 SP226
2011 UT33
2011 UD184
2011 UN242
2011 UJ265
2011 UW265
2011 UK266
2011 UY291
2011 UO339
2011 VG22
2011 WN64
2011 YL56
2012 BL5
2012 BF144
2012 CX1
2012 DE84
2012 DG88
2012 FB5
2012 FJ22
2012 HR16
2012 JS24
2012 KJ35
2012 LT22
2012 QS9
2012 QG30
2012 SC15
2012 SN29
2012 TJ91
2012 TZ197
2012 TU202
2012 TP207
2012 UJ69
2012 UD111
2012 UY134
2012 UT141
2012 UC153
2012 VA9
2012 VJ9
2012 XK5
2012 XN20
2012 XL24
2012 XH68
2012 XF103
2012 XN103
2012 XE126
2013 AM6
2013 BE12
2013 CB52
2013 CP60
2013 CF111
2013 CU172
2013 CY190
2013 EE106
2013 HB27
2013 HW36
2013 HG48
2013 HF60
2013 HQ62
2013 HZ95
2013 HD110
2013 HH114
2013 JF10
2013 JJ20
2013 JF30
2013 PJ18
2013 PZ32
2013 QM2
2013 QV70
2013 RR38
2013 RR65
2013 SW23
2013 SS44
2013 SC59
2013 SR65
2013 TN15
2013 TP34
2013 TK54
2013 TK100
2013 VT10
2013 WQ8
2013 WJ12
2013 WQ76
2013 YD133
2014 CM6
2014 DX33
2014 DF58
2014 EY47
2014 HJ8
2014 HK28
2014 HC41
2014 HR99
2014 KO48
2014 LK7
2014 OK10
2014 OG19
2014 OO21
2014 OR36
2014 OD47
2014 OE118
2014 OE125
2014 OQ150
2014 OH158
2014 OV158
2014 OD170
2014 OT214
2014 OG290
2014 OW311
2014 OO328
2014 PP7
2014 QT34
2014 QL375
2014 QR423
2014 QA178
2014 QA189
2014 RG23
2014 UL30
2014 UX156
2014 WQ20
2014 WP66
2014 WQ403
2014 WO239
2014 WG263
2014 YE20
2015 AU28
2015 AF107
2015 BV39
2015 BG145
2015 BM151
2015 BX179
2015 BK182
2015 BY457
2015 BO237
2015 BZ237
2015 BZ498
2015 BJ256
2015 DB35
2015 DR126
2015 DY165
2015 EP2
2015 FC224
2015 FP286
2015 GW27
2015 HG75
2015 HY80
2015 HS85
2015 HY85
2015 HF90
2015 HW174
2015 KR29
2015 KG103
2015 KP128
2015 KJ132
2015 MH1
2015 MK46
2015 MK88
2015 MS91
2015 NN8
2015 OT8
2015 OV12
2015 OV46
2015 OB66
2015 OD70
