id
777
859
892
976
1303
1832
1859
1956
2239
3766
4045
4318
6359
6546
7551
8674
8829
11221
11381
11898
12566
12567
13180
13219
13837
14390
14822
15025
15134
15188
15753
16568
16889
17543
18732
18844
18849
20827
21222
21855
21959
22021
22090
22703
22724
23278
24221
25637
26609
28904
28933
29110
31579
31712
31801
32444
32450
32474
32832
33244
33297
33764
33796
35349
35649
36018
36208
39069
39135
39234
41140
41612
42746
43480
44492
45861
45868
46231
47128
48296
49591
49662
51985
52680
53104
54329
54959
55951
56297
57024
57802
58537
58879
59823
60249
60808
62823
63048
63146
63150
64961
65471
67215
68179
69083
69133
69970
71437
71440
71553
71602
71634
72446
72462
72558
72878
76622
76646
76759
76783
77606
77747
78395
78967
78970
79119
80039
82007
82040
82352
83437
83673
84404
84881
85147
86905
87919
88167
88236
88802
89504
89624
89804
90480
90641
90814
91787
91947
91981
92112
92172
94231
94331
95247
95412
95550
96260
96594
96782
97293
97571
97689
98715
99889
100663
104612
105089
105585
105851
106228
106720
106754
106793
106952
107879
108091
108928
110983
111042
111276
111501
111673
111775
111891
113385
113406
113825
115000
115422
115508
115701
116080
116278
116733
117239
117584
118466
118947
119020
120945
121602
121972
123978
124117
126717
128987
129542
130299
130356
131408
131523
132990
133199
134157
135455
135504
136092
136904
138578
138632
140793
141167
141225
141407
141439
143504
143603
145416
145644
147612
147680
149680
149696
149912
150187
150277
150623
151930
152506
154245
154943
155242
155245
155894
157000
157042
157640
159282
159922
160263
161078
161216
164596
165859
166870
169156
171257
172070
172090
172949
174438
175043
176564
176568
176588
176595
177115
177872
177885
177888
178399
179534
180769
181162
181235
181636
181747
182877
182904
182918
182938
182945
183513
184521
184652
184825
184895
186362
186371
186374
187460
188143
188536
188553
188567
189912
191206
191540
193018
194000
195701
195928
196005
196034
196038
196129
198762
198837
199702
200304
201379
202309
202400
202401
204227
204596
204850
206823
206864
206882
208542
209489
209902
210176
211460
213793
214407
214427
214484
215701
217375
217675
218539
219493
220183
220404
220443
221437
221732
221748
221764
226121
226490
226506
226547
226566
229901
230791
231579
232704
232732
233037
234016
234232
234804
238712
238805
241208
241554
242287
242295
242683
242848
242957
242964
243899
244525
245076
245476
245511
245932
245962
245967
246839
247234
247466
248131
248439
248529
249219
249402
249809
250538
250558
250810
250896
251479
251657
251975
252203
252847
254234
254407
255135
255519
257192
260218
261279
264092
264877
265455
267542
268820
270100
271207
271359
272081
272096
272724
272752
272839
274298
274519
274720
274809
275526
277106
277122
277874
278244
278956
279900
280261
281289
281643
282143
282539
283288
283683
284097
284387
286706
290976
291494
292208
292417
293070
293195
296137
296180
296706
296727
296760
296998
297190
299314
299358
299910
300175
300238
300875
301364
301506
302092
303725
303859
303923
304720
305377
305496
308558
309692
310082
311942
312764
314011
315103
315147
317999
318375
319514
320249
321989
322265
323065
325735
326050
326820
327613
328593
328788
328860
329535
331194
332827
333328
336991
337247
337489
337725
340669
340695
340774
341829
343024
345676
345678
345691
345702
346112
346866
348645
349913
350022
350144
350450
352065
352086
352091
353437
353477
353635
354796
355701
355714
356364
356810
356811
357537
357858
357889
358431
361056
361534
362510
362520
362805
362858
362917
362961
366224
367628
369451
369644
370615
370852
372060
372761
374223
374244
374257
375116
376264
377270
379105
379127
379748
381280
381657
381690
381890
383783
384142
385031
385894
386232
386612
388127
388327
388347
388368
388825
389784
389818
390318
390628
390833
390859
391734
392144
392450
394037
394044
396142
396253
397778
397783
398237
399007
399016
401596
401735
403768
404102
404581
405858
406995
407193
407252
407617
412421
413810
414553
416746
418686
418751
418757
418790
418861
419423
420160
420613
420745
421335
421788
422450
422746
424872
424960
425336
425382
425472
426036
426812
426981
428186
428403
428859
429054
431151
431235
431328
431520
432210
432213
432436
432446
433566
436842
437745
438240
438454
438637
438673
438970
439807
2002 PV180
2002 XG120
2003 QN45
2005 GN160
2005 JF61
2005 OU17
2005 UX371
2005 WZ36
2005 YA222
2006 EB73
2006 FO9
2006 WY108
2006 XU36
2007 BA35
2007 EM151
2007 GE51
2007 RS202
2007 TM42
2007 TP58
2007 TK448
2007 VX103
2007 VQ138
2007 WT54
2008 AV14
2008 AX95
2008 AA138
2008 DA86
2008 EM160
2008 GE61
2008 HT57
2008 RM87
2008 SK36
2008 TR60
2008 TR66
2008 US124
2008 UE262
2008 UF303
2009 DH38
2009 HY97
2009 UX55
2009 WM4
2009 WT74
2010 BS127
2010 DP21
2010 EU130
2010 GA173
2010 NX103
2010 SY31
2010 UP79
2010 VE32
2010 WS22
2010 XV26
2011 AT13
2011 AQ18
2011 AV33
2011 BU8
2011 EA37
2011 LS23
2011 QG66
2011 SF54
2011 WK38
2011 WC64
2011 WZ92
2012 BC22
2012 BF55
2012 BN137
2012 DZ24
2012 FG82
2012 HE6
2012 TJ47
2012 TK212
2012 VN110
2012 XE18
2013 AR93
2013 AD126
2013 AT128
2013 CA55
2013 CA123
2013 CL210
2013 GO62
2013 GD83
2013 GK130
2013 HL109
2013 QV92
2013 TT38
2014 BE26
2014 FH67
2014 HE43
2014 KP61
2014 LU17
2014 NC16
2014 NQ21
2014 OB360
2014 OR129
2014 OA341
2014 QH142
2014 QT237
2014 VB22
2014 WK41
2014 WG126
2014 YP41
2015 AN10
2015 AP278
2015 BD198
2015 BB490
2015 BR352
2015 DX33
2015 EQ13
2015 FC212
2015 HH145
2015 KR32
2015 KJ46
2015 MU52
2015 MQ85
2015 MA128
1994 RK7
1996 VS19
2001 FP211
2002 QV150
2002 QH152
2003 KM
2005 TM112
2005 TU133
2005 UU57
2005 UY81
2005 UL367
2005 UU139
2005 UQ185
2005 UV527
2005 WF38
2005 WO211
2005 XU48
2006 AX102
2006 BO36
2006 BH48
2006 BL114
2006 JT61
2006 RZ117
2006 RJ118
2006 SX402
2006 UW66
2007 DR9
2007 DR70
2007 DJ115
2007 TS106
2007 UG131
2007 VD133
2007 VY145
2007 VA150
2007 VZ289
2008 AS127
2008 EJ24
2009 BU55
2009 BO173
2009 DU120
2009 DM129
2009 MQ9
2009 WZ87
2010 AL124
2010 EQ54
2010 EN144
2010 EH154
2010 GU1
2010 GQ45
2010 JH8
2010 JV17
2010 JH59
2010 JD89
2010 LQ48
2010 MA24
2010 MM74
2010 NP34
2010 NP54
2010 NB84
2010 NY97
2010 OT51
2010 OH62
2010 PP40
2010 PR41
2010 RB5
2010 TP142
2011 BU90
2011 BZ93
2011 BN105
2011 CQ54
2011 EO15
2011 GE29
2011 HZ34
2011 JG2
2011 OB23
2011 SP96
2011 SW210
2011 SF244
2011 UN36
2011 UY241
2012 BZ98
2012 TU263
2012 WL13
2012 XT46
2012 XU110
2013 AW100
2013 AY145
2013 AK167
2013 CF4
2013 CO8
2013 CQ115
2013 GE129
2013 HC57
2013 HO67
2013 HG113
2013 LA14
2013 RE8
2013 SE38
2013 ST64
2013 YQ106
2014 BV11
2014 CV5
2014 EV17
2014 EA27
2014 HR39
2014 HP133
2014 KR10
2014 NC
2014 OO109
2014 OJ114
2014 OA165
2014 OT319
2014 OK334
2014 OK345
2014 RG43
2014 SW48
2014 SP250
2014 WW141
2015 AK46
2015 AN180
2015 AY274
2015 BE108
2015 BH158
2015 BT247
2015 BL281
2015 BY314
2015 BJ358
2015 DL75
2015 GF36
2015 KR10
2015 KD51
2015 MZ11
2015 PQ42
