id
6719
7356
7601
8740
8847
8878
9045
9056
9144
9207
9651
9776
9777
9802
9948
10324
10772
10788
11879
11882
11937
11960
11966
12095
12574
12707
12709
12773
13087
13516
13715
13946
13947
13981
14065
14126
14160
14398
14399
14526
14571
14864
14870
14873
14986
15015
15609
15802
16085
16474
17753
17885
18348
18352
18433
18541
18555
18733
18922
19017
19832
19989
19996
20118
20349
20540
20572
20896
21035
21044
21143
21204
21570
21582
21687
21690
21865
22029
22163
22336
22388
22820
22973
23048
23187
23477
23571
23829
23888
24316
24334
24697
24700
24769
24931
24936
25027
25060
25113
25120
25169
25186
25193
25246
25425
25703
25738
25984
26002
26100
26285
26429
26461
26759
26853
26888
27163
27466
27619
27625
27740
27742
28224
28498
28541
28768
29223
29286
29396
29807
29882
30001
30049
30064
30148
30385
30573
30969
31900
32355
32441
32525
32559
32568
32572
32861
33647
34104
34597
35525
35818
36130
36884
37600
37647
37985
38067
38284
38287
38309
38310
38486
39170
39624
40465
40513
40522
40623
40761
40808
40860
40897
41004
41017
41025
41035
42336
42582
42937
42970
43010
43486
43659
43787
43867
44230
44236
44254
44289
44379
44846
45040
45256
45437
45998
46078
46579
47364
47494
48210
48272
49057
49115
49153
49178
49194
49249
49699
49987
50317
50383
50731
51539
52285
52286
52295
52443
53434
53725
54748
54853
54862
54891
56068
56462
56468
56542
57122
57892
58171
58331
58424
58659
58664
58760
58871
59129
59838
59934
60011
60060
60064
60099
60113
60156
60184
60247
60273
60472
60565
60600
60642
60801
62589
62801
63119
63157
63173
63213
63357
63416
63427
63526
63561
63798
65177
65271
65285
65466
65680
65765
66787
67077
67459
67978
68108
68186
68204
68345
68917
68920
68949
69282
69368
70446
70525
70844
70845
70982
71011
71029
71306
72355
72473
72633
72685
72805
72806
73064
73685
73687
74035
74188
74193
74257
75349
75440
75496
75732
75847
75874
76866
77184
77445
77447
78052
78360
79123
79126
79127
79128
79675
80645
80647
81184
81226
81298
81490
82249
82368
82511
83026
83127
84078
84909
84963
85180
85301
85829
86508
86757
86786
86801
87821
88427
88433
88551
88704
88817
88821
89492
89518
93501
93853
93983
94623
95033
95322
95364
95486
95584
96011
97006
97092
99045
99105
99613
100021
100023
100027
100255
100259
100277
100572
100585
101063
102797
103091
104802
106521
106855
107079
107158
107483
107762
107979
108044
108604
108651
108854
109009
109040
109051
109185
109515
110569
112243
113579
114123
114448
116016
117101
119086
119266
120457
120458
120460
120462
120489
120613
121363
121481
123447
124169
124414
124519
124641
124645
124806
124999
125608
126465
127138
129225
131181
131572
132815
133153
133638
134400
135824
136978
136998
137021
142412
147302
147352
147723
152558
153383
153591
157580
168180
168730
170467
171671
182035
187120
189472
191166
193048
194594
194689
228523
234098
237486
241219
244913
259092
295064
309892
316729
380721
2010 VJ11