id
6153
6654
7582
9410
9797
10343
10624
10883
12378
12904
14867
14963
15050
15255
15257
15588
15770
16603
17046
17104
17188
17461
18364
19149
19291
21042
21051
21277
22011
22317
23227
24237
24512
26441
27219
27477
27498
27921
28586
28895
29174
29187
29193
29519
29584
29861
30826
30867
31609
31704
32152
32534
33579
34718
34743
34824
34828
35330
39306
39532
40651
43390
45829
49581
49633
49650
51777
51997
52371
52545
52681
52691
53391
54460
54525
55185
55239
55402
57567
58172
58709
58796
58802
59465
60822
60902
60985
61084
61475
63650
63875
63977
65686
65943
65953
68305
71452
71724
76714
77885
78619
79132
80048
81974
82002
82890
83031
83101
83342
83426
83489
83539
83701
83711
83844
83850
83953
84807
87780
89148
90710
97766
99271
100318
100495
105244
105261
105381
108719
108815
108856
109342
109687
109739
109799
109800
109978
114194
114930
131397
131483
131518
135305
135414
135420
135449
139566
139574
140271
140278
140613
149537
151066
152559
160509
162057
165775
165887
169345
176400
182884
183581
187806
193826
205025
206335
208516
220149
228271
241797
275855
317166
337560
337740