id
3496
37440
59803
60194
63786
66045
69258
76691
78419
81964
85250
90226
90672
91475
91887
100195
101146
104792
105195
105280
105466
105499
105937
106101
106200
108740
109765
109899
112827
114223
114884
115688
117013
117204
117613
118268
119028
120855
121425
121440
121543
121572
121845
123842
123983
126119
127386
128650
128693
129427
130196
130242
131416
131454
131476
131544
132850
133025
133032
133172
133279
133938
134045
134829
135358
135509
136484
136784
137427
138581
138604
140307
140519
141155
141434
141699
143411
143638
144443
145568
145616
146129
146170
146232
146236
146239
146739
147965
148026
148093
148104
148373
148393
148407
148435
150256
151373
151404
151903
152125
152774
152806
152832
152852
152857
154164
154203
155474
156689
157883
158123
158573
159085
159398
160276
161222
161238
161754
161803
162075
162964
163687
165098
165686
165734
165757
165865
166563
166712
166883
166905
167675
167678
168039
168697
169179
169272
169385
170143
170867
170877
171364
171498
171870
172026
173488
173679
173772
173826
173860
173989
175993
176185
176290
176307
176452
176553
178666
178672
178719
178739
178777
179366
179381
180959
181714
181800
181831
182206
182809
182836
182858
182927
185608
185703
185758
186356
186379
188667
188945
189196
189200
190213
190357
191210
191433
193716
193742
193897
194147
195618
195619
195715
195741
195885
195938
196163
196178
197193
197430
197545
200332
201182
201186
201233
201238
201256
201295
201344
201370
201748
201764
201925
203394
203678
203805
203811
203833
204122
204256
204589
204919
205463
205466
205496
206177
206192
206271
208347
208445
208921
209415
209460
209497
211428
211875
212742
212793
213459
213732
214106
214470
214477
214493
214499
215151
215227
215583
216300
216567
216697
217007
217243
217244
218410
218480
218523
219087
219987
220345
220358
220367
220384
220729
220736
220826
220895
222906
222926
223364
223400
223452
225474
226051
226054
226072
226407
226564
227043
227060
228246
228249
228318
228905
228992
229008
229035
230003
230397
230423
230436
230722
230760
230778
230931
231968
232252
232281
232696
233058
233399
234163
234172
234261
234498
235373
235497
235568
236792
237336
237511
237639
238309
238365
238385
238424
238813
239502
240005
240238
240507
240709
240784
241604
241708
242420
242608
242747
242754
243525
243673
243743
243855
244070
244074
244085
244200
244223
244561
244943
245487
246019
246141
246256
246936
246946
246986
247032
247147
247164
247177
247288
247417
247482
247679
247703
248119
248386
248554
249206
249414
249435
249474
249617
249676
249804
250514
250525
250535
250565
250898
251969
251973
253693
254142
254152
254160
254246
254278
254282
254338
254339
254394
254429
255216
255354
255436
257014
257403
257480
257550
257713
257805
259409
260190
260394
260472
261686
261871
263322
263614
264004
264202
264409
265111
265442
265464
265476
267141
267300
267449
267775
268232
268698
269124
269242
269408
269912
270034
270161
270645
270816
270934
270973
272069
273271
275162
275300
275739
275772
275807
275903
276186
276503
277110
277941
279144
279870
279879
279909
279982
280001
280429
280435
281356
281357
282142
282168
282172
282803
283170
283580
283602
284660
284934
285387
285397
285621
285627
285993
287193
288571
288616
288885
288932
289136
289362
289375
290320
290738
290799
290835
290910
291570
291607
291750
291859
292568
292938
293153
297085
297412
297479
299239
299299
299327
300948
300979
301438
302344
302360
302530
303928
304292
304664
305488
306091
306605
306675
306678
306739
306743
307109
307277
307282
308620
308622
309181
310150
310163
310630
310700
310928
311138
313093
313381
313641
313921
314362
316226
316940
317030
317703
317984
318129
318230
318815
319503
321405
322016
322467
322777
323068
323634
324288
325992
326288
326538
326621
326629
326637
326812
326831
326917
327063
327108
327541
328407
328457
328461
328980
329036
329558
330512
331857
331956
332434
333615
334061
334069
334124
334857
335666
336553
337381
337441
337671
337704
337784
337848
338358
338384
338388
338425
339513
339697
340608
340699
340745
340835
341487
344146
344381
344415
349491
350010
350712
350822
351588
351880
352074
352123
352535
354706
355224
355751
356203
356369
356595
356850
357204
357501
358399
360708
361901
362308
363031
363291
365034
365391
365574
365784
366793
367034
367447
369537
369761
370624
371794
373966
374671
377120
378434
378481
380415
380533
381334
382309
382731
385109
386101
389293
390411
394006
395232
396873
397157
397797
398112
399044
399322
400219
400409
400876
401771
401788
402212
404869
405290
405316
407923
409126
412728
413334
413992
414282
414337
416104
416185
416543
419414
427202
427842
429312
431644
438231
2001 RK2
2002 EY40
2003 YN112
2004 RL88
2004 TY112
2004 VB14
2004 XB73
2004 XP124
2005 AF31
2005 CU7
2005 GE180
2005 UP354
2005 UP354
2005 VG118
2005 WO103
2006 BW269
2006 XY6
2008 CB181
2008 JB37
2009 BO14
2009 UO139
2009 VN2
2009 VA73
2010 OG15
2010 OU121
2010 UP64
2011 CL40
2011 CQ47
2011 LY3
2012 BW32
2012 RC2
2012 RT33
2012 SH65
2012 TM316
2012 UF50
2013 AS14
2013 CG134
2013 JD29
2013 YH52
2014 AP17
2014 GN35
2014 GQ47
2015 AX162
2015 BE8
2015 BD138
2015 HC103
2015 KY122
2000 QZ118
2001 SP103
2001 SW335
2003 YA
2005 YT44
2006 OV1
2007 DR25
2007 RK11
2007 TN421
2008 RK73
2008 TM1
2008 TU80
2009 YJ11
2010 BT70
2010 CO192
2010 EM147
2010 FX38
2010 GH81
2010 GQ154
2010 HG14
2010 LS59
2010 LT71
2010 LU77
2010 LT129
2010 MP70
2010 NK2
2010 NJ110
2010 PB17
2011 AP21
2011 CD68
2011 FF42
2011 GC51
2012 SS47
2012 TD38
2014 WL119
2015 BO78
2015 HJ88
2015 PM40
