id
53817
56845
57666
58015
61726
67075
68311
71263
71361
71509
71557
71566
71570
71576
71597
72460
72702
72811
75805
75881
75950
76081
76082
76109
76163
76209
76233
76257
76258
76285
76286
76292
76312
76317
76379
76485
76517
76529
76577
76613
76641
76709
76713
76735
76754
76771
76772
77388
77479
77512
77522
77571
77589
77609
77610
77625
77629
77630
77687
77690
77701
77718
77737
77771
77797
77805
77879
78246
78261
78268
78282
78359
78403
78575
78697
78749
78830
80828
81096
81379
81458
81465
81571
81611
81645
81682
81745
81754
81768
81810
81834
81835
81839
81843
81849
81850
81862
81884
81927
81929
81940
81965
81977
82004
82192
82328
82329
82366
82440
82534
82562
82587
82594
82625
82675
82846
82899
83011
83039
83170
83360
83618
83761
83763
83764
83835
83907
83917
83964
84582
84629
84640
84699
84808
84872
84982
87105
87107
87165
87191
87196
87255
87270
87296
87310
87356
87389
87391
87431
87469
87472
87502
87537
87539
87581
87621
87643
87644
87650
87676
87762
87791
87836
87863
87871
87920
87928
87930
87955
87975
87981
88016
88021
88033
88035
88070
88106
88136
88138
88144
88201
88327
88594
89002
89301
89319
89371
89373
89436
89670
89717
89743
89757
89783
89789
89821
89919
89921
90067
90272
90362
90453
90513
90541
90571
92555
92587
92609
92898
92930
92933
92981
93097
93160
93201
93554
93592
93666
93667
93671
93778
93815
93858
94165
95072
95209
95496
95736
95886
97432
97435
97466
97468
97486
97503
97524
97525
97562
97578
97581
97589
97636
97671
98581
98679
98778
98848
98952
98956
99065
99133
99220
99868
99880
99882
99884
99894
99896
99901
99929
103275
103400
103420
103463
103615
103672
103712
103821
103858
103907
103908
103914
103945
103952
103956
103960
103962
104011
104049
104052
104067
104086
104106
104116
104130
104164
104172
104200
104250
104255
104269
104281
104292
104303
104341
104352
104354
104357
104363
104373
104388
104390
104414
104427
104432
104450
104452
104498
104502
104514
104534
104537
104583
104594
104608
104615
104619
104635
104679
104696
104699
104714
104736
104744
104750
104762
104764
104766
104797
104799
104827
104837
104867
104868
104884
104888
104904
104968
104972
105003
105017
105027
105074
105090
105098
105102
105103
105148
105149
105153
105189
105190
105192
105220
105335
105337
105342
105373
105388
105410
105411
105418
105421
105433
105486
105489
105506
105511
105531
105543
105558
105574
105582
105619
105630
105638
105642
105644
105653
105677
105680
105681
105703
105740
105742
105801
105810
105836
105853
105866
105868
105879
105882
105884
105885
105886
105906
105962
106046
106057
106094
106136
106139
106145
106179
106195
106222
106241
106244
106272
106279
106299
106303
106324
106453
106463
106514
106517
106552
106553
106555
106731
106778
106850
107874
108317
108386
108471
108488
108504
108589
108610
108612
108648
108670
108702
108731
108827
108972
109243
109301
109410
109528
109583
109772
109842
109867
109891
110035
110172
110206
110262
110269
110281
110525
110585
110728
110850
110908
110924
111067
111068
111099
111105
111182
111303
111332
111386
111407
111409
111455
111516
111535
111558
111570
111607
111630
111638
111640
111684
111723
111734
111756
111757
111812
112307
112355
112382
112453
112526
112569
112571
112572
112727
112760
112783
112853
112887
112972
112976
113096
113225
113228
113253
113255
113273
113357
113384
113386
113588
113669
113724
113765
113818
113820
113877
113958
114019
114030
114031
114110
114384
114547
114555
114620
114698
114704
114767
115306
115326
115353
115542
115550
115598
115746
115754
115866
115871
115913
116059
116068
116117
116158
116204
116227
116237
116246
116251
116262
116296
116323
116340
116415
116416
116418
116422
116519
116606
116619
116710
116711
116804
116848
116936
117004
117103
117140
117193
117319
117464
117471
117484
117486
117567
117664
117686
117751
117789
117840
118637
118657
118661
118699
118703
118706
118758
118771
118787
118839
118842
118887
118889
118924
118935
118937
118972
119006
119011
119497
119561
119565
119641
119672
119731
119765
119831
119847
119852
119856
119867
119883
119894
119901
119923
120144
120152
120341
120405
121798
121945
121964
122159
122164
122167
122176
122231
122266
122298
122312
122325
122363
122381
122383
122399
122420
122431
122439
122497
122528
122567
122577
122620
122629
122631
122656
122671
122707
122754
122785
122790
122804
122817
122876
122885
122887
122893
122894
122899
122904
122960
122966
122971
123014
123016
123020
123085
123108
123144
123162
123180
123184
123202
123206
123239
123243
123248
123276
123289
123326
123337
123338
123342
123354
123361
123367
123375
123376
123432
123439
123444
123458
123465
123481
123492
123514
123536
123550
123554
123556
123566
123569
123601
123602
123614
123620
123638
123653
123663
123666
123723
124002
124048
124101
124737
125375
125514
125552
125703
125857
126072
126240
126380
126383
126468
126477
126547
126578
126624
126668
126710
126712
126720
126863
126883
126891
126932
126937
126961
126992
127008
127077
127096
127111
127145
127259
127261
127316
127441
127460
127981
128020
128118
128138
128188
128280
128303
128342
128348
128373
128397
128421
128460
128477
128492
128538
128578
128595
128637
128669
128837
128927
128992
129210
129327
130170
130179
130268
130282
130289
130327
130497
130570
130583
130603
130729
130788
130859
130866
130869
130926
130936
130945
131007
131016
131022
131093
131177
131354
131364
131391
131452
131596
132330
132627
132729
132734
132785
132834
132840
132890
132897
132899
132901
132908
132912
132933
132956
132973
133295
133304
133363
133382
133420
133458
133560
133613
133650
133748
133763
133777
133792
133837
133850
133929
134107
134273
134281
134752
134830
134832
135003
135031
135045
135047
135054
135070
135071
135769
135912
135985
136285
136489
136501
136509
138033
138128
138182
138232
138246
138317
138386
138398
138401
138409
138484
138491
138495
138568
138571
138623
138647
138663
138687
138701
138726
138752
138760
138778
138798
138872
139366
139380
139419
139448
139454
139475
139522
139685
139687
139705
139765
139804
139915
139955
140017
140044
140208
140218
140289
140318
140444
140665
140699
140942
141003
141017
141082
141230
141273
141300
141348
141380
141401
141413
141448
141473
142108
142255
142261
142775
143014
143053
143075
143162
143192
143195
143384
143437
143458
143492
143509
143541
143575
143577
143580
144291
144521
144721
144739
144813
144817
144852
144907
144913
145007
145293
145382
145419
145481
145484
145543
146072
146120
146126
146137
146151
146157
146164
146176
146179
146224
146233
146335
146359
146396
146409
146559
146598
146648
146752
146770
146779
146808
146871
146958
147420
147433
147525
147571
147593
147639
147686
147858
147906
147914
147929
148263
148312
148339
148353
148359
148364
148369
148370
148380
148381
148386
148392
148461
148911
148948
149026
149058
149080
149439
149477
149508
149548
149555
149571
149579
149816
150000
150010
150475
150484
150492
150493
150505
150523
150592
150593
150602
150638
150906
151251
151255
151274
151295
151357
151358
151380
151761
151784
152305
152359
152363
152368
152371
152434
153037
153041
153044
153050
153062
153074
153076
153086
153089
153090
153095
153112
153125
153132
153140
153170
153171
153196
153205
153228
153850
154011
154043
154057
154163
154607
154766
154855
155102
155155
155158
155239
155270
155700
155763
155764
155785
155799
155802
155817
155818
155821
155825
155829
155835
156214
156540
156662
157039
157063
157371
157407
157563
157949
158025
158044
158057
158065
158069
158087
158088
158091
158092
158141
158145
158377
158500
158521
158787
158946
159126
159130
159233
159256
159298
159452
159477
159654
159675
159698
159804
159811
159850
159874
159969
160076
160092
160395
160445
160472
160475
160483
160485
160686
160833
160861
160969
161067
161147
161421
161508
161748
161768
161774
161783
161785
161786
161824
162397
162409
162432
162442
162462
163388
163393
163397
163410
163470
163477
163501
163546
164031
164087
164103
164124
164165
164348
164350
164358
164985
165000
165011
165017
165028
165058
165066
165069
165072
165074
165129
165680
166447
166516
166578
166599
166604
166676
166688
166697
166719
166732
166746
166759
166762
166774
167139
167449
167480
167498
167510
167578
167852
167878
167911
167966
168013
168078
168231
168266
168631
168639
168651
168654
168676
168690
168718
169154
169878
170043
170066
170134
170167
170375
170633
170644
170659
170715
170744
170878
171090
171165
171177
171224
171252
171634
171635
171647
171655
171657
172041
172243
172629
172656
172671
172741
172813
172958
172963
172967
173097
173404
173465
173524
173692
173998
174197
174351
174416
174440
174560
174564
174752
174794
174883
175013
175094
175140
175275
175310
175386
175546
175556
175942
175958
175967
175981
175986
176001
176031
176042
176048
176049
176050
176221
176297
176481
176747
176855
176923
176985
176998
177012
177079
177093
177121
177231
177330
177460
177886
177900
178158
178232
178642
178650
178651
178680
178704
178707
178710
178718
179329
179359
179362
179367
179369
179406
179428
179429
179475
179501
179511
179526
179639
179982
180096
180526
180658
180733
180735
180745
181106
181107
181155
181174
181183
181196
181232
181262
181566
181591
181629
182056
182092
182108
182112
182143
182150
182167
182169
182179
182180
182183
182188
182191
182199
182216
182340
182553
182764
182781
182800
182807
182815
182821
182830
183536
183550
183624
183936
184187
184188
184263
184356
184385
184444
184468
184487
184524
184534
184538
184591
184619
184655
184681
184699
184709
184712
184743
184763
184940
184941
184942
184959
184998
185189
185236
185297
185373
185391
185450
185508
185547
185612
185613
185624
185636
185871
185878
185888
185890
185909
185910
185915
185924
185928
185930
185936
185939
186172
186196
186247
186252
186291
186381
186559
186596
186865
186935
186938
187183
187217
187224
187248
187252
187259
187295
187300
187324
187393
187437
187459
187464
187625
187719
187865
187866
187870
187872
187873
187890
187892
187894
187913
188078
188087
188319
188335
188501
188779
188786
188792
188807
188813
188820
188825
188940
189043
189044
189056
189057
189063
189064
189236
189288
189497
189502
189506
189512
189535
189549
189555
189574
189588
189591
189601
189605
189891
189902
189960
190036
190092
190109
190254
190460
190519
190520
190537
190576
190579
190593
190596
190607
190613
190620
190635
190651
190662
190671
190673
191345
191405
191414
191526
191527
191636
191641
191660
191668
191758
191787
191871
191873
191881
191882
191890
191894
191995
192090
192139
192244
192933
192944
192945
192960
192970
192973
192980
193066
193080
193108
193118
193121
193178
193212
193220
193223
193224
193295
193309
193346
193365
193369
193376
193387
193395
193405
193408
193412
193421
193428
193436
193448
193461
193476
193492
193528
193543
193550
193584
193625
195031
195237
195357
195654
195680
195777
195797
195860
195929
195971
196015
196032
196095
196153
196558
196623
196649
196660
196715
196734
196748
196796
196798
196853
196861
196903
196933
196955
196964
196991
196995
197002
197090
197093
197094
197136
197199
197223
197281
197284
197434
197826
197972
198061
198082
198131
198164
198222
198319
198336
198337
198354
198360
198429
198434
198462
198502
198506
198522
198579
198680
198787
198827
199085
199508
199633
199657
199662
199670
199713
199742
199784
200287
200319
200356
200360
200442
200450
200565
201153
201300
201695
201730
201735
201766
201802
201833
201834
201866
202130
202307
202316
202342
202365
202367
202381
202385
202794
203019
203032
203033
203049
203063
203131
203132
203242
203708
203779
203973
204094
204124
204127
204149
204444
204536
204574
204582
204896
204908
204928
205178
205182
205198
205199
205204
205210
205384
206167
206187
206189
206441
206523
206606
206664
206852
207032
207238
207240
207280
207353
208123
208153
208162
208181
208276
208317
208344
208401
208490
208508
208747
209194
209252
209283
209303
209344
209389
209795
209843
209875
209886
209888
210086
210091
210122
210169
210424
210614
210619
210627
210630
210647
210654
210720
210820
210824
210833
210978
210991
211265
211346
211679
211700
211752
211881
212217
212255
212269
212274
212284
212309
212444
212487
212503
212541
212547
212565
212632
212636
212658
212675
212678
212681
212687
212772
212902
212985
213113
213114
213127
213140
213149
213363
213949
213960
214371
214401
214411
214420
214423
214734
214782
214785
214819
214889
215171
215179
215201
215214
215273
215395
215511
215567
215578
215650
215696
215708
215936
215969
216017
216096
216264
216510
216573
216663
216668
216752
216765
216840
216843
216861
216897
216961
216965
216969
216972
216995
216996
217002
217004
217103
217111
217119
217307
217378
217410
217417
217462
217472
217543
217761
217762
217764
217768
217775
217778
217786
217791
217812
217927
218032
218046
218047
218204
218344
218348
218377
218381
218491
218722
218757
218771
218776
218806
218995
219342
219349
219351
219363
219372
219397
219399
219411
219412
219417
219418
219421
219424
219428
219433
219442
219450
219462
219644
219754
219764
219923
219945
219953
220306
220427
220572
220593
220606
220624
220632
220633
220640
220711
220733
221135
221278
221295
221356
221821
222252
222253
222256
222258
222261
222273
222293
222303
222316
222323
222324
222328
222355
222363
222364
222370
222694
223289
223355
223393
223575
223624
223641
223653
223672
223687
223909
224414
224523
224540
224566
224633
224639
224716
224744
224958
225183
225424
225432
225520
225546
225547
225549
225551
225556
225559
225562
225568
225574
225584
225596
225598
225600
225605
225614
225615
225627
226447
226474
226552
226699
226719
226722
226765
226827
226917
226980
227004
227026
227420
227439
227473
227522
227551
227555
227558
227575
227953
228087
228156
228178
228319
228323
228326
228331
228333
228343
228346
228356
228363
228377
228382
228398
228663
228780
228901
228969
229082
229100
229126
229168
229266
229290
229312
229512
229515
229520
229532
229567
229699
229769
229789
229881
230042
230044
230046
230047
230049
230053
230055
230060
230064
230065
230091
230308
230407
230408
230431
230438
230824
230837
230843
230896
230913
230985
231023
231032
231140
231221
231244
231527
231782
231789
231791
231805
231819
231822
231840
231848
231852
231853
231855
231856
231857
231863
231867
231871
231876
231889
231893
231895
231896
232164
232210
232267
232632
232647
232679
232789
232803
232874
232955
232970
232996
233022
233023
233462
233480
233602
233767
233795
233829
234213
234217
234236
234252
234264
234272
234276
234282
234310
234361
234640
234888
234904
234906
234910
234916
235238
235315
235660
235669
235702
235718
235730
235744
235790
235799
235927
235928
236001
236011
236013
236041
236051
236291
236335
236932
237048
237341
237514
237518
237523
237533
237543
237564
237982
238200
238261
238683
238724
238744
239062
239110
239453
239549
239761
239921
239932
240286
240415
240500
240746
241016
241027
241355
241358
241664
241671
241698
241704
241707
241715
241740
241884
241907
241998
242050
242102
242164
242418
242463
242550
242554
242568
242672
242680
242703
242780
242836
242890
243270
243308
243312
243382
243487
243694
243814
243822
243848
243861
243867
243894
243918
244063
244149
244466
244470
244485
244537
244668
244868
244941
244954
244965
245062
245082
245173
245309
245311
245328
245375
245597
245905
246027
246043
246061
246069
246341
246423
246442
246512
246807
247033
247051
247083
247113
247135
247142
247215
247217
247377
247489
247618
247725
247887
248147
248243
248250
248338
248351
248359
248397
248446
248463
248851
248899
248901
248924
248956
248972
249144
249157
249188
249268
249314
249418
249466
249693
249717
249739
249757
249759
249761
249765
249778
249856
249861
249884
249940
249954
249968
250003
250009
250026
250046
250155
250226
250238
250692
250713
250763
250767
250865
250881
251321
251480
251976
252027
252101
252108
252123
252403
252442
252470
252590
252596
252627
252656
252661
252712
252810
253005
253073
254264
254830
254837
254859
254865
254876
254893
254904
254926
254927
254932
254968
254975
254988
255004
255048
255070
255073
255105
255114
255136
255139
255152
255185
255206
255213
255214
255229
255273
255288
255313
255351
255397
255970
256129
256195
256441
256462
256526
256966
257144
257433
257752
257767
257832
257837
257854
257864
257876
257887
257896
257912
257927
258103
258322
258377
258474
258501
258530
258563
258573
258612
258711
259220
259705
259796
260072
260354
260404
260419
260458
260756
260840
260857
260890
260952
261006
261007
261159
261222
261239
261465
261537
261548
261550
261572
261614
261662
261680
261700
262232
262565
262758
262866
263032
263236
263302
263442
263720
263939
264143
264152
264160
264221
264382
264413
264426
264442
264455
265110
265116
265128
265318
265324
265325
265390
265675
265822
265880
265955
266214
266257
266416
266422
266450
266590
266635
267119
267132
267133
267149
267209
267214
267495
267535
267600
267621
267753
267801
267813
267825
267858
268038
268189
268196
268433
268499
268668
268744
269109
269209
269329
269340
269346
269372
269580
269640
269839
269843
269880
269906
269931
269934
269937
269947
269963
269971
269976
269978
269979
269986
269987
269995
270421
270547
270566
270630
270664
270799
270845
271129
271172
271673
271756
271920
271931
271945
271952
271960
272027
272034
272759
272761
272810
272910
272941
273218
273232
273252
273964
274001
274335
274343
274359
274431
274468
274533
274534
274563
274583
274649
274794
274928
275064
275071
275103
275287
275301
275396
275398
275665
275670
275679
275691
275704
275720
275732
276055
276098
276196
276265
276266
276343
276597
276685
276715
276806
277010
277045
277102
277464
277481
277494
277543
277575
277641
277837
277891
277893
277919
277921
277931
278422
278585
278767
278781
278829
278881
279001
279022
279023
279072
279116
279211
279561
279596
279657
279669
279807
280639
280739
280971
281091
281314
281615
281668
281691
281695
281716
281728
281782
282115
282509
282585
282599
282779
282786
282928
282936
283029
283031
283254
283266
283389
283433
283438
283875
284509
284581
284599
284614
284655
285479
285482
285490
285495
285502
285516
285538
285554
285562
285564
285644
285693
285735
285750
285758
285779
285957
286333
286435
286451
286476
286856
286908
287092
287231
287236
287326
287471
287513
287534
287548
287608
287618
287778
287838
287946
287970
288146
288153
288161
288250
288287
288593
288609
288620
288639
288710
288713
288796
288943
289022
289057
289500
289559
289596
289762
289782
289864
289931
289990
290034
290045
290076
290105
290139
290232
290237
290455
290490
290578
290585
290692
290706
290710
290715
290730
290785
290861
290868
290901
290959
291103
291234
291822
292118
292355
292470
292495
292603
292791
292880
292951
292958
293098
293102
293779
294026
294122
294277
294452
294808
294933
295110
295282
295303
295349
295370
295660
295946
295996
296107
296187
296393
296510
296534
296633
296871
296943
298064
298134
298146
298177
298261
298533
298634
299390
299753
299771
299815
299843
299863
299884
299891
299928
299942
299954
299958
299966
299981
300017
300077
300093
300107
300155
300186
300213
300453
300513
300703
300773
300801
300890
300904
300930
301262
301304
301466
301468
301509
301566
301803
301950
301952
301960
301974
301976
302035
302236
302323
302707
302856
302864
303033
303035
303071
303100
303105
303124
303141
303150
303592
303773
304107
304238
304420
304432
304558
304603
304639
304659
304735
304748
304918
305219
305313
305358
305367
305372
305390
305474
305480
305481
305483
305489
305491
305509
305511
305933
305947
305951
306002
306185
306359
306563
306579
306581
306586
306589
306599
306608
306617
306634
306644
306648
306662
306733
306746
306754
307182
307501
307839
307873
307878
307894
308082
308375
308490
308588
309097
309114
309115
309135
309622
309629
309641
309650
309672
309700
309704
309705
310074
310111
310133
310170
310215
310262
310360
310443
310489
310522
310593
310793
310811
311108
311112
311364
311403
311455
312394
312406
312409
312413
312768
312812
313047
313057
313058
313084
313109
313219
313355
313391
313589
313833
314289
314379
314380
314437
314591
314923
315007
315077
315672
316117
316361
316485
316583
316877
317389
317422
317492
317532
317933
317979
318035
318076
318139
318172
318189
318238
318730
318877
318936
319025
319057
319271
319584
319946
320449
320728
320797
320953
321019
321051
321128
321228
321371
321553
322082
322210
322298
322343
322457
322464
322518
322717
322722
322735
322739
322934
323455
323487
323802
324034
324048
324054
324064
324101
324140
325443
325476
325652
326337
326356
326359
326362
326363
326367
326374
326510
326543
326593
326737
326771
326974
326975
326976
326984
326986
326987
327005
327031
327052
327336
327378
327429
327439
327479
327972
328309
328709
328711
328743
328769
328827
329059
329116
329141
329294
329303
329307
329309
329315
329316
329320
329433
329476
329801
329804
329856
330128
330132
330176
331042
331262
331295
331511
331524
331527
331530
331534
331539
331545
331553
331856
331901
331909
331914
331961
332095
332345
332612
332820
332967
332980
333189
333304
333590
333660
333704
333751
333800
333806
333956
333961
333976
333978
333985
333997
334002
334003
334004
334005
334008
334010
334022
334024
334025
334033
334055
334558
334864
335030
335065
335091
335100
336204
336226
336652
336807
336927
337220
337251
337257
337269
337273
337274
337282
337288
337293
337305
337309
337314
338274
338600
338701
338749
338821
338864
339128
339194
339223
339234
339235
339240
339302
339323
339426
339441
339451
339535
339542
341135
341226
341371
341541
341552
342560
342721
342767
342855
343008
344137
344148
344149
344164
344176
344469
344537
344591
344717
344997
345062
345648
346344
347170
347548
348111
348293
348393
348420
348484
349170
349259
349262
349575
349758
349795
349911
350146
350181
350187
350234
350516
350517
350521
350527
350529
350535
350561
350571
350572
350921
351176
351182
351457
351953
352067
352092
352183
352320
352356
352458
352461
352476
352552
352554
352570
352819
353023
353080
353122
353142
353143
353373
353487
353666
353688
353984
354001
354119
354430
354464
354698
355364
355435
355632
355636
355991
356399
356452
356490
356734
356737
356886
356953
357030
357036
357071
357144
357462
357728
357742
357790
357837
357846
358741
358913
359313
359429
359575
359689
359762
359832
360067
360090
360257
360287
360307
360315
360318
360341
360609
360876
360880
360908
360948
361034
361735
362255
362527
362580
362933
362986
363100
363141
363150
363363
363581
363585
363858
363883
363887
363918
363951
363991
364007
364443
364907
365253
365557
366083
366135
366361
366364
366375
366376
366619
367372
367377
367547
367574
367808
367815
367859
367921
368021
368116
368173
368178
368179
368186
368192
368463
368735
368743
368973
369095
369149
369151
369335
369346
369385
369388
369559
370015
370026
370035
370036
370038
370041
370045
370048
370152
370311
370520
370878
371096
371127
371155
371197
371247
371250
371701
371772
372006
372010
372044
372159
372215
372433
372625
372630
372640
372666
372752
372759
373029
373032
373069
373078
373084
373089
373099
373102
373317
373475
373478
373480
373488
373491
373564
373927
373932
374060
374082
374094
374130
374426
374497
374518
374533
375510
375521
375532
375549
375877
376225
376269
376270
376311
376344
376650
376667
376681
376783
376785
376796
376797
376799
376800
376805
376808
376812
376951
377360
377369
377370
377377
377382
377426
377456
377754
377817
377821
377822
378532
378907
378972
379021
379090
379230
379374
379457
379482
379758
379775
379804
380165
380174
380177
380182
380193
380544
380558
380578
380580
380583
380629
381125
381849
381896
381936
382196
382219
382455
382462
382466
382472
382473
382475
382481
382904
382931
382995
383271
383294
383869
384175
384223
384251
384458
384508
384595
384801
385150
385181
385230
385536
385542
385545
385609
385924
386561
386601
386786
386818
386944
387166
387466
387540
387546
387634
388311
388408
388729
388785
388894
388921
389081
389237
389281
389433
389748
389749
389765
389806
389834
389843
390098
390385
390789
391320
391325
391388
391392
391634
391677
391941
392024
392117
392170
392179
392389
392581
392586
392626
392632
392694
393062
393345
393382
393799
393801
393851
393911
394003
394191
394722
394730
395022
395081
395556
395570
395584
395609
395613
395616
395876
396007
396095
396107
396249
396270
396288
396293
396302
396582
396617
396850
398028
398052
398309
398509
398825
399010
399054
399148
399352
399356
399847
400133
400900
400906
400928
400949
401067
401291
401292
401489
401536
401768
401792
401889
402368
403098
403172
403697
404198
404334
404427
404603
404674
404682
404685
404771
405003
405615
405628
405645
405650
405662
405682
405699
405717
405733
406238
407124
407608
407946
408138
408289
408290
408430
408651
408804
408808
409462
409609
409648
409926
410318
411333
411491
411498
411563
411873
411984
412204
412270
412707
412787
412972
412973
413010
413011
413017
413081
413212
413632
413737
413988
414476
414563
414946
415324
415411
415748
416364
416441
416544
417016
417117
417739
418340
418463
418488
418645
418754
418783
418998
419023
419027
419051
419146
419168
419428
420111
420515
420935
421229
421569
421720
421823
421940
421971
422168
422388
422433
422492
422548
422578
422693
422703
422709
422892
423192
423233
423639
424232
424791
424882
424971
425017
425052
425069
425081
425127
425157
425163
425252
425344
425362
425373
425761
425862
426162
426332
426578
426632
426718
426800
426824
426827
426866
427035
427086
427154
427225
427232
427387
427431
427508
427762
428023
428776
428847
428861
428892
428906
428934
428954
429021
429133
429221
429600
429838
429994
430103
430211
430442
430443
430449
430452
430762
430775
430789
430813
431451
431788
431962
431967
432144
432167
432199
432335
432358
432360
432367
432508
432773
433022
433079
433492
433570
433728
433754
433993
434004
434396
434725
434946
435405
435881
436451
437076
437142
437366
437607
437672
437743
437867
437868
438334
438407
438521
438549
438849
439091
439115
439422
439449
439511
439811
2000 AW167
2000 AY226
2000 CH55
2000 CR78
2000 CG119
2000 DT17
2000 GX11
2000 JA3
2000 JD3
2000 JJ5
2000 KQ39
2000 LN29
2000 QH34
2000 QG252
2000 RF19
2000 SM9
2000 SL34
2000 SZ37
2000 SH50
2000 SE60
2000 SV366
2000 ST134
2000 SQ163
2000 SO296
2000 SR344
2000 TF1
2000 UD16
2000 UT33
2000 UF44
2000 US64
2000 UF73
2000 VR1
2000 VF19
2000 WS21
2000 WA54
2000 WM131
2000 WF186
2002 CO255
2002 MO6
2002 ON24
2002 QN97
2002 RY16
2002 RW81
2002 RK135
2002 RC247
2002 RJ268
2003 BV40
2003 CP25
2003 DS8
2003 SY17
2003 UJ78
2004 DW29
2004 EM47
2004 NS21
2004 NH26
2004 PD
2004 QG15
2004 QB20
2004 RU36
2004 RH63
2004 RV93
2004 RX148
2004 RT158
2004 RJ345
2004 TB250
2004 VD75
2004 VN79
2005 AY
2005 JZ80
2005 JP150
2005 SZ66
2005 SP189
2005 SB269
2005 SM285
2005 TH180
2005 UR129
2005 UQ222
2005 UR129
2005 UU431
2005 UQ222
2005 UE226
2005 UF231
2005 UQ526
2005 UW266
2005 VS23
2005 VA129
2005 WE9
2005 WH18
2005 WJ70
2005 YO10
2005 YC22
2006 AP39
2006 BV38
2006 KV53
2006 RT30
2006 RP60
2006 SL169
2006 SD374
2006 SJ386
2006 SL169
2006 TF25
2006 TZ88
2006 TC112
2006 TX116
2006 TP119
2006 UR42
2006 UO194
2006 WF70
2007 AP17
2007 DQ2
2007 DL38
2007 EM30
2007 RV33
2007 RP76
2007 RH206
2007 TZ114
2007 TZ114
2007 TM241
2007 UQ49
2007 VW9
2007 VX26
2007 VN188
2007 VA215
2007 VX310
2007 WB44
2007 WD62
2007 XX33
2008 AX28
2008 AD42
2008 AL54
2008 AU75
2008 AK83
2008 BN4
2008 BC20
2008 CC1
2008 CC10
2008 CE36
2008 CW105
2008 CT125
2008 DM58
2008 EL26
2008 EN33
2008 EH137
2008 FM64
2008 FP130
2008 HF53
2008 RC4
2008 RJ114
2008 SD32
2008 SC150
2008 SQ167
2008 SD288
2008 TF124
2008 UD235
2008 UV329
2008 VV64
2008 WP3
2008 YC37
2008 YA93
2009 BO63
2009 BR153
2009 BR170
2009 BL185
2009 CQ24
2009 CS41
2009 CM44
2009 DF45
2009 DK66
2009 DN112
2009 DQ132
2009 EE24
2009 FY27
2009 FB30
2009 FQ64
2009 FS73
2009 HJ97
2009 QX53
2009 RQ18
2009 RA32
2009 RP47
2009 RB58
2009 RQ74
2009 SL27
2009 SE341
2009 TJ14
2009 TM44
2009 TX47
2009 UT6
2009 UB15
2009 UJ39
2009 UG134
2009 VZ41
2009 VR57
2009 VP95
2009 VF111
2009 WX4
2009 WJ142
2010 AX54
2010 CW2
2010 CJ31
2010 EK12
2010 GJ122
2010 JL46
2010 LP1
2010 MR22
2010 NV6
2010 NF45
2010 RJ165
2010 SS37
2010 TT8
2010 TD18
2010 VU20
2010 VB25
2010 VG212
2011 BZ3
2011 BO87
2011 BN93
2011 CM11
2011 FH31
2011 GX56
2011 GM76
2011 GS76
2011 HY34
2011 HV48
2011 HM54
2011 HV55
2011 QO33
2011 QT62
2011 RE14
2011 RX17
2011 SO6
2011 SB20
2011 SL83
2011 SN88
2011 ST183
2011 SG192
2011 SU208
2011 SG275
2011 US48
2011 UJ98
2011 UL98
2011 UV369
2011 UY111
2011 UM157
2011 UV266
2011 UJ306
2011 UY317
2011 VY6
2011 WH55
2011 WR62
2011 WL71
2011 WS98
2011 WM150
2011 YR38
2012 BG89
2012 CA23
2012 DH17
2012 DN36
2012 DQ53
2012 DA74
2012 FV34
2012 GL21
2012 GU37
2012 GK38
2012 HD34
2012 JH24
2012 KF16
2012 MA6
2012 OL3
2012 PD13
2012 QY20
2012 TD101
2012 WZ16
2012 XH119
2012 XT125
2013 AQ13
2013 AN17
2013 AK53
2013 AK103
2013 AR108
2013 AS123
2013 BS24
2013 CB134
2013 CH158
2013 CK161
2013 CC211
2013 EW104
2013 EB114
2013 ED125
2013 FQ6
2013 FB16
2013 GM103
2013 HN2
2013 HH13
2013 HM32
2013 HM35
2013 JU1
2013 PS19
2013 PX42
2013 PB52
2013 QE
2013 QX47
2013 RS24
2013 RN35
2013 RC44
2013 RB45
2013 SX45
2013 SP81
2013 TR20
2013 TM34
2013 TX38
2013 TV52
2013 TB71
2013 TA107
2013 TC122
2013 TB136
2013 TQ138
2013 UG13
2013 VG8
2013 WB4
2013 WB7
2013 WD67
2013 WS70
2013 WP80
2013 WL109
2013 XJ14
2013 YG4
2013 YU9
2013 YE15
2013 YN44
2013 YC57
2013 YC89
2013 YY93
2013 YH95
2013 YN97
2013 YY115
2013 YD119
2014 AW22
2014 AV36
2014 BR47
2014 BP53
2014 DC116
2014 DY116
2014 EC3
2014 ET21
2014 FZ35
2014 FO41
2014 GA32
2014 GH37
2014 GS39
2014 HA45
2014 HP100
2014 HM116
2014 HH146
2014 HH163
2014 HD186
2014 JC13
2014 JX43
2014 JP48
2014 JX60
2014 KX14
2014 KJ27
2014 KT65
2014 LE23
2014 MB10
2014 MR14
2014 MJ43
2014 MU48
2014 OZ386
2014 OG159
2014 OO196
2014 OG212
2014 OQ297
2014 PT54
2014 QQ279
2014 QF368
2014 QQ279
2014 QZ334
2014 QM356
2014 RC9
2014 SK42
2014 SO307
2014 TJ27
2014 TW29
2014 TS74
2014 UX46
2014 UY125
2014 UA157
2014 UK198
2014 WT136
2014 WH400
2014 WE503
2014 WF503
2014 XC1
2015 BN38
2015 BJ278
2015 BF104
2015 BM184
2015 DT211
2015 EE65
2015 FE53
2015 FE324
2015 GO33
2015 HJ60
2015 HE98
2015 LX5
2015 MF8
2015 MW10
2015 MH15
2015 MB42
2015 MR111
2015 OC7