id
41353
63231
63290
76837
89940
105746
109549
111805
125048
130687
131635
153141
153155
154990
155337
156294
159342
181278
182522
184976
185906
185919
186544
187456
188083
189310
190458
191108
213351
215331
222379
222384
228290
247323
247351
248976
248978
264387
266995
275278
275279
279487
282192
283510
284454
293307
293486
295449
295625
296720
296786
297147
297442
297644
301007
301012
301037
312636
316158
316835
318407
319342
320302
322137
322546
335567
340322
341863
341891
341894
347313
353205
353749
356419
356432
356901
359607
362981
376542
392453
417830
420289
424621
433989
2005 AO70
2011 OL9
2011 SQ71
2012 QK22
2012 SD1
2012 SW48
2012 TJ124
2012 TS202
2013 CM170
2013 RG64
2014 UQ27