id
75738
76830
81300
81797
87025
88639
89940
93456
94303
99559
104846
104922
105173
108411
108715
111359
111566
116522
122113
123721
126762
130246
130415
131419
134284
136153
136457
137989
138325
138742
138876
138877
140068
140820
143830
144792
146000
146110
146132
146186
146345
148202
148329
148351
149182
149809
150442
151404
152978
155685
155693
156634
158725
159510
160832
161873
162805
164492
165037
165042
165137
168154
168712
168777
168784
171391
172146
172681
173444
175991
177284
178620
178778
182307
188339
190541
193239
196850
198337
200321
200345
200492
201662
203166
203371
209415
210675
212281
213220
216314
218288
218572
219303
222240
222358
225499
225592
233949
237512
237519
237541
241702
242382
242567
243736
243848
244933
245081
245483
245948
247167
249212
249730
249772
249995
251971
255529
257225
257805
257820
257827
260298
262690
264393
265880
267160
267164
267188
268193
269359
269908
270000
275462
275715
277925
278696
278726
279645
279814
283150
283378
283448
284423
285553
285563
285689
286607
286705
286874
287092
290146
290233
293649
294723
297436
297482
297864
297944
299252
300977
301794
302058
302075
302091
303629
306609
306712
310449
310465
310700
312203
313055
321538
322723
324644
337267
337736
340580
340696
343935
346222
346255
347947
350522
350536
353323
353975
360042
360631
361002
362981
363074
366360
366365
366384
367820
371811
373947
375556
376505
379021
380197
382446
385217
389578
390553
397419
398367
399538
402220
405010
405777
408825
415749
419718
432912
432925
2000 EB107
2000 HM20
2000 PF3
2000 PA13
2000 SR43
2001 BZ15
2001 SU5
2005 YL18
2006 BH276
2006 FJ50
2006 KN38
2007 GL5
2007 TQ427
2007 YZ63
2008 DY55
2008 GZ102
2008 OK
2009 MZ7
2010 VG202
2011 EE77
2011 UU400
2011 UK329
2011 WZ64
2013 CB134
2013 EE128
2013 NL8
2013 XP2
2013 XK8
2014 DV84
2014 KW1
2014 VB
2014 WG499
2015 KK83