id
199781
202276
202604
202628
204567
204578
207360
207373
207613
209739
209756
209794
209859
209868
212246
212307
212925
212963
214306
214748
214860
215994
216010
216105
216192
216282
216351
216834
216842
218627
221068
229256
229810
231022
231028
233015
233020
233038
233040
233048
233620
235947
235976
236025
236028
236072
236811
236850
238595
238660
238676
238706
238716
238730
238759
238772
238794
238797
238799
239116
239242
239314
239359
239425
239457
240697
240729
241087
241187
241239
241271
241354
241480
242553
242604
242612
242792
242980
243000
243190
243191
243225
245264
245291
245327
245349
245363
245379
245426
245476
245492
245857
245867
245906
245959
246397
246414
246461
246723
246816
248254
248257
248299
248320
248374
248393
248409
248440
248734
248848
248878
248950
248988
249098
249196
249331
249332
249333
249445
250695
250712
250742
250841
250850
250923
250926
250932
250933
251206
251248
251493
254467
254787
254789
254880
254923
254946
255018
255065
255072
255085
255151
255169
255200
255211
255219
255227
255235
255352
255392
255505
256334
256503
257124
257315
260556
260636
260844
260984
261018
261130
261150
261231
261233
261242
261449
261454
261499
261518
261574
261618
261644
261793
261814
261815
262579
262707
262760
262803
262870
263728
263738
264013
265500
265807
265837
265936
268521
269293
269355
269516
272008
272012
272019
272053
272061
272066
272085
272091
272094
272099
273175
273182
273200
273212
273235
273267
274017
274028
274064
274438
274750
274754
274796
275385
275412
275428
277037
277062
277072
277077
277090
277093
277096
277097
277109
277130
277136
277248
277847
277856
277933
277946
277991
278415
278475
278493
278540
278612
278792
278890
278980
278992
279047
279064
279323
279338
279348
279359
279384
279418
279602
279693
280666
280681
280682
280684
280690
280700
280712
280713
280732
280749
280812
281297
281307
281643
281674
281905
282003
282580
282582
282620
282623
282626
282646
282681
282700
282792
282970
283110
283157
283164
283282
283293
283308
284062
284072
284086
284099
284282
284339
284494
284636
284659
284662
284792
284841
284863
284935
284974
289463
289660
289742
289884
290101
290168
290249
290756
291668
291908
292157
292573
293087
294226
294560
294593
294661
294716
295183
295351
295860
296134
296192
299090
299102
299109
299130
299146
299217
299257
299270
299282
299289
299290
299295
299308
299309
299330
299331
299337
299355
299356
299663
299980
300106
300132
300176
300220
300236
300472
300633
300767
300891
300953
300987
301318
301378
301432
303533
303536
303548
303623
303646
303663
303691
303696
303722
303728
303741
303766
303769
303771
303802
303817
303844
303848
303856
303871
303879
303884
303888
303889
303899
303929
304197
304391
304475
304595
304617
304653
304658
304706
304755
305204
305335
305336
305341
305419
305423
305429
305431
305453
305476
305512
305538
305910
306151
306155
306240
306306
308283
308304
308316
308343
308381
308386
308398
308414
308418
308430
308434
308467
308473
308488
308491
308509
308510
308514
308518
308520
308521
308537
308550
308564
308573
308579
308583
308595
308624
308932
309129
309159
309167
309169
309172
309624
309654
309731
309760
309948
310059
310186
310204
310259
310309
310357
310364
311351
311353
311367
311371
311377
311396
311400
311402
311412
311451
311453
311458
311459
311462
311465
311466
311497
311502
311527
311546
311907
311936
312289
312425
312454
312535
312709
312735
314310
314316
314331
314338
314411
314435
314441
314449
314458
314459
314464
314471
314472
314478
314481
314491
314493
314494
314496
314497
314501
314506
314515
314516
314537
314552
314571
314580
314948
315032
315035
315160
315594
315644
315816
315866
315885
315891
316098
316102
316116
316220
316242
316243
316598
316611
316619
318695
318697
318866
319060
319069
319083
319110
319135
319158
319165
319205
319207
319208
319210
319261
319265
319290
319328
319334
320747
320798
320848
320868
320917
320969
320981
321403
321555
322056
322076
322098
322105
322202
322475
322563
322580
322586
322599
323868
323872
323911
324008
324010
324016
324099
324106
324123
324125
324129
324130
324159
324182
324199
324210
324218
324224
324595
324627
324632
325152
325451
325911
326028
326129
326206
326207
327387
327405
327414
327533
327549
327581
327617
327629
327630
327924
328404
328424
328440
328649
328879
329010
329018
329086
329872
329874
329939
329958
330150
330151
330229
330234
330749
330977
331306
331309
331332
332023
332073
332091
332573
332780
332959
332977
333005
333090
333573
333748
333821
335201
335211
335214
335222
335225
335228
335231
335240
335629
335650
335867
335885
335891
335955
335967
335989
336429
336451
336505
336537
336872
336945
337001
339420
339458
339472
339476
339477
339481
339482
339485
339490
339509
339517
339528
339532
339533
339534
339553
339555
339558
339567
339569
339572
339579
339582
339590
339665
339763
340570
340587
340684
340814
340961
341150
341151
341181
341189
341222
341333
341347
341386
341422
341468
341490
341566
341576
341675
341761
341788
341836
343007
343121
343572
343573
343834
344007
345009
345019
345079
345162
345170
345226
345280
345304
345552
345597
345715
345942
345989
345993
346131
346181
346206
346260
346265
346282
346766
346800
347119
347202
347234
347323
347332
347334
348333
348346
348415
348416
348425
348434
348469
348506
348510
348513
348519
348535
348550
348570
348607
348630
349050
349397
349472
349481
349486
349578
349705
349728
349966
350144
350159
350171
351429
351454
351459
351461
351469
351470
351472
351475
351477
351480
351483
351492
351495
351507
351511
351529
351535
351575
351578
351585
351595
351597
351808
352035
352061
352080
352085
352096
352101
352111
352373
352459
352500
352511
352527
352549
352611
353306
353318
353427
353437
353449
353478
353531
353594
353618
353703
353723
353734
353735
353898
354627
354664
354693
354694
354700
354703
354704
354705
354721
354723
354730
354736
354740
354747
354758
354761
354776
354787
354793
354798
354806
354816
354860
354996
355203
355204
355214
355218
355222
355247
355551
355643
355667
355710
355729
355739
356163
356312
356313
356347
356354
356377
356576
356592
356714
356741
356811
356844
356877
357743
357744
357746
357751
357758
357767
357769
357786
357802
357826
357839
357840
357848
357850
357851
357856
357861
357863
357870
357873
357876
357881
357882
357883
357888
357912
357918
357919
357927
357928
357942
358375
358378
358421
358452
358659
358792
358827
358854
358889
359418
359436
359475
359485
359486
359540
359663
359705
359729
359783
359909
359922
359923
359934
360161
360181
360796
360855
360856
360865
360873
360888
360891
360929
360944
360949
360958
360965
360975
360998
361000
361003
361010
361013
361019
361031
361038
361040
361041
361043
361045
361057
361058
361063
361080
361904
361910
361917
361933
361966
361974
362259
362338
362407
362493
362546
362553
362579
362649
362810
362834
362863
362877
362902
362906
363869
363909
363911
363933
363952
363963
363975
363976
364004
364029
364032
364044
364055
364056
364062
364075
364082
364088
364095
364102
364107
364955
364991
365399
365422
365548
365626
365714
365720
365722
365948
365975
366022
366056
366297
366865
366927
366940
366969
366987
366988
366991
366993
367007
367188
367228
367549
367751
367853
367905
368120
368749
368771
368924
369244
369444
369664
369896
369927
370870
370871
370888
370893
370894
370902
370937
371548
371795
371796
372148
372256
372290
372713
372743
372784
373024
373041
373051
373085
373103
373123
373124
374199
374200
374206
374211
374225
374236
374245
374248
374257
374453
374507
374642
374649
375081
375100
375385
375409
375470
375483
375529
375533
375586
375624
375630
376046
376264
376335
376356
376364
376367
376525
376530
376565
376588
376634
377483
377502
377516
377543
377544
377554
377563
377566
377596
377647
377654
377675
377735
378410
378455
378550
378578
378710
378914
378929
378979
378996
379101
379444
379744
379761
379792
379962
379988
380076
380670
380687
380788
380957
381328
381372
381898
381994
382113
382130
382133
382260
382281
382317
382322
382328
383000
383010
383205
383341
383673
383676
383705
383738
383745
383811
383835
384003
384118
384142
384575
384864
385140
385623
385629
385633
385665
385686
385696
386232
386241
386245
386949
386972
387275
387342
387418
387451
387463
388003
388027
388035
388048
388053
388411
388824
388825
388906
389189
389296
389457
389461
389537
389724
389785
389788
389933
390294
390419
390909
390936
390983
390989
390997
391027
391064
391067
391082
391097
391103
391107
391110
391163
391363
391386
391753
391908
391939
392175
392368
392376
392422
392440
392622
392647
392671
392672
392686
393063
393110
393120
393232
393259
393857
393892
393921
393927
393945
393963
393966
393968
393969
394007
394008
394034
394045
394081
394089
394131
394718
394740
394771
394781
394782
395359
395477
395491
395494
395496
395567
395578
395654
395659
396103
396115
396120
396167
396442
396464
396972
396977
397006
397015
397027
397029
397042
397060
397072
397096
397100
397109
397122
397125
397148
397151
397172
397182
397188
397430
397436
397676
397742
397773
398035
398067
398196
398458
398460
398469
398539
398578
398583
398598
398615
398618
398620
398621
398708
398789
398863
398920
398972
398982
399008
399034
399231
399298
399787
399846
399848
399859
399868
399875
399877
399882
399889
399892
399902
399911
399932
399951
399961
400190
400466
400488
400490
400496
400497
400705
400836
400948
400954
400975
401265
401345
401392
401661
401761
402247
402284
402322
402394
402396
402403
402443
402507
402641
402769
403417
403704
403742
403744
403938
403982
403983
404064
404422
404541
404580
404618
404716
404723
404773
404847
404880
405510
405513
405519
405534
405695
405708
405725
405730
405737
405741
405743
405754
405770
405909
407565
408565
408622
408627
408669
408707
409661
409672
409675
409680
409689
410241
410592
410619
410628
410640
410677
411007
411158
411175
411340
411432
411592
411966
412241
412390
412695
412900
413466
413490
413553
413584
413786
413843
413899
413912
414305
414328
414346
414383
414728
414732
414754
415012
415450
415462
415577
416696
416743
416744
416755
416767
416778
416805
416817
416820
416821
416825
416829
416832
416857
416862
416959
417288
417412
417435
417475
417522
417546
417585
417618
417891
418456
418628
418646
418700
418716
418767
418779
418793
418803
419062
419183
419374
419376
419379
419399
419407
419484
419507
419514
419527
419862
419947
419957
419960
420223
420239
420246
420248
420252
420264
420845
420965
421063
421072
421174
421287
421394
421397
421473
421540
421815
421872
422122
423301
423310
423323
423327
423352
423372
423381
423385
423390
423391
423408
423529
423585
423601
424276
424330
424418
424954
425307
425308
425360
425366
425374
425387
425426
426017
426035
426297
426502
426513
426589
426616
426674
426757
426777
426787
426859
426881
426898
426914
426927
426939
427042
427130
427284
427384
427799
427806
427811
427814
427826
427830
427850
427851
427902
427944
428489
428558
428859
428963
429066
429322
429323
429331
429377
429920
430090
430319
430324
430829
430835
430846
430853
430859
430875
430884
430923
431306
431446
431513
431521
431560
431631
431646
432095
432127
432156
432218
432430
432531
432541
432913
432919
433080
433203
433206
433259
433568
433611
433658
433662
433724
434441
434450
434458
434482
434571
434631
435227
435256
435450
435836
435986
436175
436345
436371
436648
436695
436699
436725
437274
437579
438164
438182
438183
438204
438214
438215
438222
438224
438244
438255
438271
438279
438282
438384
438826
438958
438962
438963
438965
438970
438978
438982
439161
439189
439192
439196
439403
439423
439435
439696
439709
439716
439799
2005 AL32
2005 AQ34
2005 AX37
2005 AJ68
2005 AJ81
2005 CV7
2005 CV26
2005 CQ59
2005 CJ61
2005 CD67
2005 ER2
2005 ES36
2005 EK109
2005 ED170
2005 ET197
2005 ET224
2005 EL225
2005 EK268
2005 EP280
2005 EP330
2005 GT67
2005 GY76
2005 GB180
2005 GV209
2005 HR7
2005 JN8
2005 JB34
2005 JV45
2005 JA86
2005 JY89
2005 JZ108
2005 JF158
2005 LO13
2005 LP14
2005 LX16
2005 LF28
2005 MN19
2005 MC44
2005 MG44
2005 NO85
2005 NZ122
2005 PG29
2005 QC32
2005 QJ42
2005 QR47
2005 QU57
2005 QB99
2005 QY100
2005 QG126
2005 QQ140
2005 QM142
2005 QP142
2005 QK147
2005 QS156
2005 QR159
2005 QQ190
2005 RB4
2005 RE5
2005 RX19
2005 RE21
2005 RD28
2005 RQ29
2005 SJ8
2005 SR21
2005 SP56
2005 SL71
2005 SG122
2005 SJ122
2005 SR144
2005 SV151
2005 SK152
2005 SU154
2005 SB160
2005 SU210
2005 SR214
2005 SH237
2005 SR261
2005 SQ271
2005 SF282
2005 TR5
2005 TX18
2005 TV28
2005 TN32
2005 TQ42
2005 TS43
2005 TH48
2005 TZ50
2005 TL76
2005 TF78
2005 TD85
2005 TK90
2005 TL101
2005 UE16
2005 UH17
2005 UJ17
2005 UA27
2005 UA32
2005 UV47
2005 US58
2005 UF62
2005 UE65
2005 UQ70
2005 UU75
2005 UU191
2005 UY375
2005 UM118
2005 UJ386
2005 US395
2005 UL446
2005 UN191
2005 UU191
2005 UL457
2005 UD203
2005 UM477
2005 UE484
2005 UP487
2005 UK492
2005 UY495
2005 UG240
2005 UQ504
2005 UG506
2005 UH523
2005 UN274
2005 UO275
2005 UR312
2005 UT321
2005 UU323
2005 UU331
2005 UB342
2005 UD349
2005 UP350
2005 UP351
2005 VQ2
2005 VU15
2005 VK25
2005 VZ32
2005 VO50
2005 VU70
2005 VC90
2005 VJ101
2005 VL101
2005 VK111
2005 VH118
2005 WQ2
2005 WJ4
2005 WG10
2005 WX15
2005 WP29
2005 WE32
2005 WL48
2005 WH59
2005 WN71
2005 WM78
2005 WQ85
2005 WP87
2005 WB89
2005 WN91
2005 WX104
2005 WE118
2005 WK125
2005 WJ140
2005 WK150
2005 WS161
2005 WV164
2005 WP179
2005 WM187
2005 XV3
2005 XF6
2005 XH9
2005 XO23
2005 XA25
2005 XP68
2005 XA84
2005 XD86
2005 XG92
2005 YC3
2005 YA46
2005 YK47
2005 YC59
2005 YE62
2005 YA71
2005 YA122
2005 YY135
2005 YE142
2005 YR149
2005 YT153
2005 YA156
2005 YN163
2005 YH186
2005 YL201
2005 YR245
2005 YV248
2005 YP262
2005 YL268
2005 YS269
2005 YD279
2006 AO18
2006 AN49
2006 AM85
2006 BA6
2006 BB17
2006 BM30
2006 BY31
2006 BS34
2006 DM184
2006 DO197
2006 HE151
2006 KM29
2006 OW18
2006 PH31
2006 QX168
2006 SS366
2006 UA86
2006 WU92
2006 WA98
2006 WK181
2006 XJ17
2006 XA21
2006 XE51
2006 XP71
2007 AH
2007 BC55
2007 BL59
2007 DH12
2007 GA48
2007 RX117
2007 RN246
2007 RT290
2007 TJ209
2007 TX369
2007 TR115
2007 TL386
2007 TJ209
2007 TV215
2007 TS354
2007 VS193
2007 VM239
2007 VY324
2008 AG2
2008 AU116
2008 AW130
2008 BO53
2008 CX2
2008 DT34
2008 EL97
2008 FY30
2008 FY63
2008 GS8
2008 GS19
2008 GA22
2008 GC138
2008 GC144
2008 HJ2
2008 JJ27
2008 JM33
2008 KM16
2008 SY304
2008 TJ40
2008 TE130
2008 UM122
2008 UC151
2008 UE180
2008 UY195
2008 WT97
2008 XG3
2009 HO38
2009 HN100
2009 JN8
2009 OD10
2009 QS28
2009 QB60
2009 RU2
2009 VB107
2009 WH82
2009 WH255
2009 WH263
2009 XE15
2009 YD18
2010 AM76
2010 BL77
2010 CP206
2010 ER104
2010 FL13
2010 FA58
2010 FU82
2010 GY32
2010 GY171
2010 HQ54
2010 HD76
2010 JN98
2010 KE121
2010 LT5
2010 MV1
2010 MN81
2010 MC83
2010 NH98
2010 OY5
2010 OZ5
2010 OU40
2010 OQ84
2010 OO104
2010 PZ4
2010 PP33
2010 PU80
2010 RP58
2010 RS183
2010 SZ8
2010 TG142
2010 TM170
2010 TL176
2010 TA177
2010 UN44
2010 UU62
2010 UL107
2010 VN11
2010 VT37
2010 VD83
2010 VW106
2010 VV117
2010 VY175
2010 VH182
2010 VV183
2010 VW187
2010 VG203
2010 VR208
2010 VB219
2011 BZ26
2011 BK83
2011 CT8
2011 CW47
2011 CZ77
2011 DQ10
2011 EK19
2011 FL8
2011 FY71
2011 FR145
2011 FJ146
2011 FX146
2011 GQ66
2011 HZ8
2011 HA36
2011 HN58
2011 JH8
2011 JR25
2011 KJ8
2011 KW13
2011 LG14
2011 QJ23
2011 QO57
2011 QE97
2011 RX9
2011 ST25
2011 SZ110
2011 SG118
2011 SE186
2011 SF195
2011 SU218
2011 SQ248
2011 SY250
2011 SL253
2011 TX12
2011 UU9
2011 UA10
2011 UY28
2011 UC55
2011 UN86
2011 UY91
2011 UB92
2011 UC158
2011 UJ189
2011 UA281
2011 US305
2011 UN369
2011 UM387
2011 UX153
2011 UA154
2011 UC158
2011 UJ163
2011 UX165
2011 UX179
2011 UM188
2011 UJ189
2011 UO191
2011 UB201
2011 UF271
2011 UA281
2011 US305
2011 UU315
2011 UJ329
2011 UK331
2011 UO331
2011 UX354
2011 WT40
2011 WT42
2011 WB65
2011 WG65
2011 WA67
2011 WW111
2011 WR130
2011 YR20
2011 YR23
2011 YQ27
2011 YP33
2011 YY40
2011 YA45
2011 YA62
2011 YS77
2012 BZ
2012 BG5
2012 BV16
2012 BD23
2012 BO151
2012 CU18
2012 CE21
2012 DE56
2012 DR61
2012 DQ78
2012 HX8
2012 JJ16
2012 LH12
2012 MV6
2012 OM2
2012 PY27
2012 SW63
2012 TE77
2012 TC208
2012 TR293
2012 UV86
2012 UZ145
2012 VY29
2012 VG38
2012 VH43
2012 VW99
2012 XV22
2012 XO52
2012 XH105
2012 XC139
2013 AH17
2013 AO119
2013 BU28
2013 BW28
2013 BU46
2013 BM56
2013 BP76
2013 BU78
2013 CQ2
2013 CF51
2013 CJ51
2013 CH54
2013 CJ72
2013 CM104
2013 CH122
2013 CN125
2013 CV153
2013 CM155
2013 CV180
2013 CW193
2013 DQ6
2013 EX51
2013 FD3
2013 FJ12
2013 FS14
2013 FQ20
2013 GK10
2013 GB28
2013 GL59
2013 GC85
2013 HW4
2013 HE5
2013 HZ8
2013 HV104
2013 HP137
2013 HH148
2013 JS15
2013 JD33
2013 KD1
2013 LQ5
2013 MC3
2013 NP19
2013 NV23
2013 OE10
2013 PG11
2013 RC88
2013 RK90
2013 SD10
2013 SA40
2013 SV70
2013 TE51
2013 TU116
2013 WY68
2013 WJ97
2013 YO24
2013 YN54
2013 YL90
2013 YC104
2014 BX30
2014 CS11
2014 DF2
2014 DR5
2014 DG33
2014 DG35
2014 DP39
2014 EB32
2014 EH39
2014 EO44
2014 GV27
2014 GM28
2014 GQ49
2014 HK1
2014 HG2
2014 HH100
2014 HJ110
2014 HE128
2014 HX158
2014 HR159
2014 HP188
2014 HA195
2014 JS
2014 JU4
2014 JE17
2014 JH21
2014 JD52
2014 KH34
2014 KH64
2014 KW93
2014 KX94
2014 KK95
2014 KE98
2014 LT22
2014 LD23
2014 LO26
2014 MP6
2014 MS10
2014 MT10
2014 MK11
2014 MW58
2014 MR59
2014 MF61
2014 OO212
2014 ON274
2014 OJ384
2014 OW133
2014 OY133
2014 OG154
2014 OL197
2014 OO212
2014 ON274
2014 PG7
2014 PX33
2014 QK244
2014 QT285
2014 RW12
2014 RK33
2014 RE62
2014 SF289
2014 SA341
2014 UV100
2014 UZ114
2014 UK214
2014 UF215
2014 VB22
2014 WC67
2014 WS398
2014 WL400
2014 WJ416
2014 WO421
2014 WG195
2014 WZ199
2014 WL481
2014 WV344
2014 XX36
2015 AO12
2015 AT30
2015 AC263
2015 AO278
2015 BJ36
2015 BQ74
2015 BJ511
2015 BV303
2015 BJ350
2015 CP9
2015 CX59
2015 CL60
2015 CJ62
2015 DD30
2015 DG138
2015 DV156
2015 DW160
2015 DR175
2015 DP194
2015 DW209
2015 ES9
2015 FM2
2015 FA44
2015 FS147
2015 FX302
2015 FH329
2015 JP3
2015 JM5
2015 KG11
2015 KQ37
2015 KO71
2015 KK144
2015 LM4
2015 LX34
2015 MS1
2015 MK6
2015 MF9
2015 MP13
2015 MN31
2015 ML35
2015 MO49
2015 MJ67
2015 MB93
2015 MO93
2015 NM8