id
1218
1480
2383
2564
2694
2716
2897
3085
3193
3233
3364
3370
3412
3646
3648
3668
3749
3810
3867
3996
4031
4362
4375
4570
4640
4662
4684
4798
4810
4882
5044
5073
5150
5236
5443
5544
5605
5743
5807
5924
5949
6302
6659
6740
6760
6809
6902
7493
7533
7558
7627
7811
7920
8334
8419
8497
8641
8849
9291
9294
9332
9559
9645
9706
9717
9780
9978
10105
10228
10394
10606
10670
10762
10770
10806
10865
10930
11111
11215
11307
11309
11350
11353
11381
11454
11508
11533
11555
11639
11722
11898
11961
12041
12128
12223
12244
12248
12356
12566
12698
12901
12971
13088
13227
13318
13321
13345
13619
13837
13874
13982
14313
14430
15062
15134
15188
15496
15654
15719
15753
15901
15976
16071
16140
16148
16184
16224
16314
16364
16489
16498
16551
16568
16891
16900
17021
17114
17118
17144
17158
17275
17596
17778
17808
17816
17833
18094
18745
18820
18844
18849
19168
19462
19480
19502
19610
19771
19829
19879
20044
20057
20225
20295
20383
20547
20592
20680
20712
21222
21223
21238
21540
21575
21607
21734
21855
21934
21959
21974
22092
22119
22126
22395
22694
22703
22724
22735
22826
22951
23161
23278
23872
23918
24228
24254
24291
24363
24423
24437
24477
24688
24959
25308
25461
25503
25749
25860
26076
26229
26296
26419
26586
26609
26725
26799
26985
27414
27485
27562
27912
28138
28172
28191
28291
28336
28350
28358
28932
28990
29034
29149
29198
29513
29758
29925
29957
30462
30475
30502
30581
31009
31257
31333
31373
31399
31738
31773
31776
31810
32011
32216
32416
32450
33297
33764
33777
34348
34376
34411
34593
35075
35649
36018
36162
36180
36208
36572
37076
37330
38371
38540
40333
40855
41233
41545
43137
43824
43860
43920
44349
44524
44896
45156
45678
45682
45687
46915
47128
47386
47614
47645
47692
47710
47796
47877
48296
48784
48843
49627
49900
50722
51892
52000
52115
52740
54467
54556
55968
56190
56297
56692
56978
59999
62008
62025
62107
62954
67059
67170
67834
69538
72462
72878
74016
74493
76347
76646
77870
79515
82040
83605
84404
86168
88236
88604
91933
96782
116439
125106
192215
195084
220574
222049
222843
227759
228077
237332
241958
246108
252179
252702
257203
263818
264153
278163
284044
291297
295326
297178
301579
310397
312639
315368
320302
326125
334221
337997
343634
343644
350198
353361
353796
356987
359339
359616
360047
365652
376531
377094
379835
381409
390337
2010 BS21
2010 UW83
2011 QP65
2012 UF163
2007 PX4
2014 MB27