id
827
1822
2070
2071
2119
2881
2886
2899
2910
2921
2973
3160
3301
3446
3454
3466
3562
3692
3739
3741
3841
3857
3864
3897
3944
3980
4024
4036
4142
4255
4312
4360
4458
4561
4718
4793
4939
5291
5389
5525
5561
5568
5569
5726
5802
5848
5878
5988
6005
6044
6127
6176
6227
6248
6324
6332
6575
6592
6624
6674
6676
6776
6805
7001
7019
7381
7387
7459
7512
7537
7548
7752
8074
8082
8172
8272
8293
8464
8516
8535
8597
8621
8643
8662
8766
8864
8890
9098
9289
9480
9630
9782
9899
9991
10108
10121
10333
10338
10396
10517
10554
10665
10746
10969
11186
11334
11615
11766
11794
12029
12133
12481
12688
12789
12911
13150
13260
13389
13536
13688
13698
13794
13829
14128
14167
14168
14181
14210
14346
14519
14554
14622
14771
14781
15005
15067
15425
15518
15534
15616
15636
15717
16031
16145
16366
16509
16595
16713
16781
16789
16797
16910
16930
16994
17005
17034
17168
17602
17811
18077
18366
18902
18915
18963
18967
19184
19651
19674
19733
19987
20034
20128
20387
20764
20805
20896
20997
21036
21079
21346
21589
21901
22135
22637
22651
22662
24639
24709
25208
25505
25687
25794
25866
26178
26471
26614
28301
28304
28375
28875
28951
29218
29244
29266
29540
29577
29953
30185
30541
30878
30882
31307
31666
31685
31695
32331
32456
32521
32578
32899
33479
33651
33673
33813
34562
34997
35109
35592
35629
35986
36095
36257
37109
38067
38259
39537
40103
40262
40967
41448
42112
42728
42784
43804
45013
45487
47050
47069
47561
47861
49023
50717
51215
51777
51912
54240
54451
54906
62145
65668
65859
66949
70029
71195
72783
72803
73458
74155
76756
77774
77892
77903
78159
82805
86156
92200
93213
94275
119946
184977
225230
264135
269464
269620
300993
306001
310025
312641
312700
312788
316085
321674
325945
353189
353737
2010 XX83
2012 TN297
2010 CG203
2010 GX151
2012 SF50
2014 KZ84