id
2128
8463
8468
8798
9635
11464
11571
11665
12942
13838
14309
14367
14547
14770
15125
15324
15657
16263
16350
16615
16715
16723
17329
17625
17690
18214
18444
18880
18931
19354
19601
20327
20530
20661
20773
20922
21256
21830
21896
22204
22371
22435
22508
22934
23115
23579
23803
24080
24346
24877
25119
25683
25824
25896
26123
26633
27114
27499
27596
27598
27732
27821
28393
28915
28940
29120
30491
30531
30562
30670
30723
30868
30988
30994
31084
31295
31322
31713
32175
32215
32360
32747
32782
32930
32949
33255
34139
34146
34183
34265
34554
34739
34842
34914
34957
35177
35216
35509
35611
35614
36065
36121
36146
36297
36540
36542
36797
37050
37065
37127
37374
37446
37699
38364
38378
38547
38583
38761
38811
38872
39094
39159
39633
39772
40136
40155
40158
40177
40188
40190
40230
40439
40749
40992
41059
41064
41087
41121
41315
42137
42500
42727
42762
42770
42773
42940
43148
43244
43252
43625
45207
45255
45523
45647
46100
46142
46220
46246
46673
46675
47095
47111
47131
47732
47891
47933
48003
48065
48142
48193
48417
48445
48480
48506
48524
48711
48716
48821
48828
48837
49594
50584
51166
51579
52167
52262
52467
52728
52738
53975
54237
54533
54663
54842
54991
55144
55168
55242
55477
55491
55690
55949
55955
56267
56661
56772
56871
56939
56943
57033
57198
57245
57536
57583
57693
57708
57821
58226
58231
58418
58552
58675
58861
59219
59275
59663
59825
59829
59860
59961
60038
60062
60065
60088
60136
60137
60214
60314
61451
61532
61576
61634
61959
62026
62054
62432
62597
62701
62717
62925
63334
63568
63736
63759
63810
63832
63940
64089
64438
64762
65161
65311
65352
65423
65492
66098
66128
66927
67081
67197
67207
67214
67254
68057
68605
68762
68790
68802
68851
68926
69119
69900
69959
69999
70012
70033
70149
71229
71543
71574
71577
71627
71676
71681
71691
71694
72567
72606
72651
72801
72826
72830
72887
73289
73322
73442
73479
73483
73544
73556
73947
74495
76359
76601
76673
77495
77568
77659
77750
77804
77832
77855
77883
77956
78103
78116
78176
78301
78405
78622
78725
78818
78828
78914
78917
79170
79216
79491
79508
79892
80052
80062
80079
81575
81643
81644
81830
81931
81973
81978
82010
82014
82021
82037
82408
82554
82581
82590
82642
82768
82814
83021
83122
83345
83399
83451
83543
83687
84365
84410
84905
85255
85648
85754
86096
86142
86166
86209
86236
86264
86303
86325
86348
86357
86407
87242
87419
88028
88043
88100
88205
89742
89805
89931
89956
90176
90192
90235
90564
90594
90661
90664
90846
91185
91188
91445
91598
91703
91711
91843
91906
91922
92046
92068
92090
92101
92117
92118
92153
92228
92236
94107
94314
94326
95261
95423
95503
95563
95709
95931
95946
95949
95955
95956
96513
96552
97317
97345
97489
97695
97697
97738
98703
99108
99289
99801
99812
99865
99973
100720
101421
101599
101627
101691
101734
101810
101846
101908
101927
102034
102218
104473
104903
104915
104921
104979
105043
105076
105101
105157
105162
105172
105182
105207
105229
105365
105394
105522
105535
105620
105741
105777
105789
105799
105990
105995
106078
106146
106363
106499
106528
106719
106807
106814
106816
107030
107861
108073
108353
108570
108578
108580
108661
108715
108861
108872
108898
109485
109543
109876
110310
110416
110607
110715
110727
111006
111593
112035
112290
112478
113047
113144
113260
113301
113367
113666
113747
113761
113813
113817
114278
114574
114895
114980
115009
115017
115023
115195
115325
115656
116083
116098
116376
116880
117135
117196
117243
117268
117315
117373
117572
117620
117696
117716
118093
118456
118467
118471
119002
120143
120958
121460
121638
121642
121716
121786
121796
121885
121914
123603
123697
123796
123812
123843
123917
123930
123979
124063
124072
124093
124107
124128
127094
127202
127204
127323
127342
127451
128197
128311
128448
128685
128794
129174
130236
130246
130310
130363
130384
130393
131440
131472
131480
132941
132949
132962
132968
133016
133020
133184
133402
133768
133851
133858
134048
134263
134809
134854
134885
135133
135361
135418
136101
136267
136615
136919
137183
138529
138531
138540
138652
138704
138831
138858
138898
140255
140918
140925
140950
140988
140999
141074
141180
141252
144672
146199
146255
146266
146959
146962
147856
147902
148382
148430
148448
148465
149177
149559
152113
152848
153289
153293
154168
154222
154611
154615
154887
155431
157024
157862
158152
158581
158596
159703
159795
160278
160881
160883
160888
161171
161608
162916
162953
162997
163474
163610
163673
164199
165696
165722
165749
165787
165911
167579
168465
169441
172418
174053
175979
176569
176631
178255
178738
179533
181847
182025
182953
183564
186380
187008
187915
189628
191221
193682
195641
195717
196169
197209
199654
201197
203886
213191
213765
217324
217379
218538
222066
223307
225467
234076
235886
237665
241648
242481
242757
243446
245339
247041
260145
306517
311155
317689
320141
2007 OZ2
2010 JW41
2010 JU91