id
16960
22914
24514
24703
27905
28030
30550
32508
35989
36171
37587
37991
38028
38277
39018
39778
45800
48189
49500
51070
52290
57425
57652
58166
61651
63068
63355
77869
78699
82687
84889
84892
85312
86318
86343
86417
87362
88071
88123
88124
89773
90510
99193
99686
101456
101926
102915
105105
106666
106880
109091
111025
111308
114978
115032
115350
116447
116894
117267
117307
121665
123562
123590
130334
134504
135106
138597
138671
138849
138932
140066
141345
145294
147398
150653
155884
157073
158821
159848
160037
163351
163589
165683
165928
169157
172007
174041
176277
177064
191176
196077
197312
202786
208331
209281
214112
216012
218074
219131
220435
222067
252002
254425
306612
2004 BF23
2010 AD112
2010 BL33
2010 BY105
2010 BL108
2010 EX155
2010 GP48
2010 HG85
2010 JG15
2010 JG58
2010 JX66
2010 JN124
2010 KK86
2010 KS119
2010 LY30
2010 NM65