id
30806
38052
39288
55441
57915
57920
58479
63231
65224
65811
68766
68788
73641
77902
79444
90569
95569
96337
99306
99309
99464
100475
105904
106060
110832
111932
116901
117851
127846
134767
141584
151884
153107
153500
161489
161664
162047
162380
163155
163216
163245
163731
164212
164585
165531
166351
168364
180274
185492
186128
187463
187607
188026
189772
190352
190458
191054
191102
191303
191914
192966
193641
195269
195308
195312
195415
196440
197586
202855
219141
219834
219881
220318
224020
225089
225213
225993
228114
231666
239521
243501
247315
247967
252724
253382
259361
263840
264154
282198
288316
296711
297194
310110
310432
311615
312787
321706
335186
347446
353971
356261
356897
379836
429862
433273
2012 VH2
2013 BA17
2013 BB19
2013 CE88
2014 RE12
2014 UA209
2014 WA120
2015 FM124
2010 HO22