id
827
1141
1216
1422
1500
1530
1610
1627
1713
1752
1757
1820
1897
1924
1933
1995
1997
2029
2037
2071
2119
2130
2190
2213
2227
2362
2385
2399
2424
2508
2568
2580
2586
2682
2693
2716
2773
2823
2825
2844
2845
2890
2899
2974
2989
3060
3076
3085
3107
3113
3173
3220
3247
3253
3257
3258
3268
3331
3340
3379
3454
3470
3489
3490
3520
3566
3639
3648
3665
3679
3681
3690
3720
3777
3783
3841
3867
3875
3900
3928
3991
4012
4021
4022
4024
4030
4038
4070
4080
4184
4189
4269
4287
4296
4331
4335
4373
4374
4494
4563
4655
4684
4705
4724
4869
4875
4900
4912
4949
4951
5019
5051
5064
5065
5099
5121
5203
5355
5363
5568
5655
5691
5753
5796
5802
5878
5924
5951
5969
6003
6048
6100
6121
6140
6176
6184
6200
6331
6360
6363
6406
6481
6498
6610
6630
6659
6669
6680
6809
6877
7012
7043
7104
7201
7238
7325
7355
7393
7540
7653
7729
7740
7752
8127
8149
8151
8265
8841
8937
9111
9542
9601
9796
10090
10400
10479
10560
10826
10909
11072
11119
11237
11481
11699
12008
12422
12789
13041
14276
14686
15100
15332
16432
16641
16890
16913
17738
18077
18301
18804
19207
19239
19472
20295
21552
21977
24851
25317
25572
26170
28291
28862
29199
29732
31068
31702
32218
32252
34502
42704
49313
53277