id
157074
172627
180162
180178
181314
188543
189934
189949
189973
213805
213868
217588
220738
223459
226400
229002
235151
235572
236016
238214
238280
242220
242329
243473
244717
247703
253432
254319
260159
268201
272447
273197
288432
296284
296937
301238
301367
302996
306022
307601
313817
314576
314589
317776
318634
319894
323204
323326
323805
324316
324732
324842
326752
326829
326883
329739
329740
332433
338445
340713
343587
344614
348070
348093
349349
350109
352166
356203
359342
359598
361304
363420
366146
376446
377122
380410
386224
386538
386593
389298
389451
390716
391159
397036
397197
398117
400521
402009
405258
406275
407211
407640
409076
409106
409121
409213
409229
410613
411967
413203
413227
413257
413302
413352
413462
414609
414719
414737
416461
416483
416555
417078
417870
419181
419420
420826
420933
421452
421995
422474
427247
428301
431775
433446
434187
434241
434362
436031
438018
438644
439740
2003 AJ17
2003 BJ90
2003 DF16
2003 HM
2003 KB14
2003 PH12
2003 RF6
2003 RE24
2003 SQ111
2003 UR248
2003 VJ
2003 VC3
2003 VV7
2003 YG19
2003 YO80
2003 YN112
2003 YU117
2003 YW124
2003 YX162
2004 BF41
2005 AH52
2005 CX5
2005 FU3
2006 BV30
2006 SS32
2006 TD10
2006 TE123
2007 LE12
2008 CU68
2009 QH33
2009 SU92
2009 SM135
2009 SN235
2009 TD46
2009 UJ24
2010 BQ5
2010 CK131
2010 GZ65
2010 OY59
2010 RA124
2010 SD15
2010 UW11
2011 CL40
2011 DM4
2011 EQ12
2011 MS3
2011 MN10
2011 SV34
2011 YJ71
2012 DB16
2012 HO82
2012 TG31
2012 XM145
2013 WF2
2014 AU29
2014 DA21
2014 FU7
2014 FN18
2014 JM52
2014 PX41
2014 QQ115
2014 QJ301
2014 UX19
2014 UB57
2014 YC5
2015 MG59