id
143751
154573
158867
161283
163692
164249
164252
166953
167199
168098
170414
170959
172397
172607
174571
174591
175146
175169
175179
175190
177169
177239
177289
177342
177906
180148
180158
180215
180921
181235
183606
183664
183757
184580
184697
184755
185014
186655
186656
186921
187032
187554
188588
188847
188897
189243
189342
190030
191285
191287
191339
191465
191466
191656
196244
196277
196307
196396
196543
196775
196987
197048
197385
197431
197666
197768
197791
197975
198037
198126
198191
198216
198283
198615
199082
199291
199950
199958
200005
201532
201701
201712
202230
204049
204057
204285
204294
204355
204465
206315
206551
207049
207097
207811
209038
209043
209060
209065
209084
209691
209698
210322
211662
211734
211735
211906
212027
212123
212253
212321
212546
212572
213832
213891
213896
213904
213907
213929
213962
214545
214546
214660
214758
215570
215665
215674
215679
215694
215978
216052
216058
216067
216283
216355
216426
216851
217602
218279
218320
218458
218939
220282
220412
220458
221116
221201
223247
223379
223462
223487
223862
224098
224279
224403
224731
224789
224797
225050
226336
226422
226536
227048
227053
227241
227363
227405
228080
228082
228098
228848
228898
228925
229305
229470
230557
230578
230606
230664
230678
230682
230983
231086
231187
231249
231274
232382
233088
233217
233522
233747
233942
234979
235007
235036
235086
235094
235200
235204
235242
235247
235343
235394
235423
235460
235600
235681
235715
236148
236166
236268
236283
236652
236667
236770
236990
237185
238088
238090
238104
238137
238170
238209
238223
238266
238303
238507
238609
238615
238637
238747
238940
239139
239144
239180
239671
239686
240288
240289
240299
240318
240335
240375
240379
240599
240664
240853
240854
240975
240995
241110
241122
241229
241421
242170
242176
242182
242186
242234
242256
242310
242340
242457
242484
242795
243534
243541
244652
244663
244693
244754
244784
244791
244808
244809
244836
244843
244884
245124
245202
245298
245493
245617
245666
245777
245843
246117
246129
246195
246557
246586
246836
247774
247801
247818
247859
248661
248920
249072
249316
249352
249439
249519
250356
250823
250862
250983
251506
251600
253376
253420
253421
253426
253440
253442
253477
253507
253564
253569
253584
253604
253611
253612
253615
253632
253643
253674
253680
253749
253763
253784
253787
253817
253849
253860
254153
254454
254660
254883
255148
255277
255443
255561
255588
255598
256761
256778
256814
256854
257279
257347
259207
259390
259395
259406
259407
259420
259471
259484
259500
259545
259579
259605
259606
259607
259630
259689
259699
260093
260095
260119
260405
260483
260614
260640
260644
260669
260677
260901
261459
261634
261997
262588
262686
262931
263188
263194
263380
263498
263521
263627
263671
263742
263937
263940
264139
264228
265091
265138
265214
266360
266500
266664
267713
267715
267754
267808
267886
268223
268427
268622
268625
268751
268775
268941
268957
269008
269250
269475
269482
269522
269558
269632
271065
271106
271184
271185
271246
271328
271343
271813
271928
271951
272492
272578
272940
272992
273042
273092
273101
273181
273334
273436
273626
273742
273836
273967
274388
274558
274634
274770
274833
274854
274909
274987
276418
276421
276433
276533
276535
276568
276604
276624
276627
276649
276662
277150
277157
277254
277812
277906
277951
278048
278091
278322
278355
278474
278549
278601
278721
278805
278826
278841
278886
278924
279285
279309
279311
279465
279499
279604
279621
279630
280331
280358
280433
280528
280918
281003
281151
281224
281254
281481
281576
281635
281776
281970
282004
282422
282426
283276
283748
283763
283770
283787
283788
283836
284006
284337
284355
284532
284533
284648
284791
284975
287496
287514
287577
287630
287675
287715
287724
287816
287820
287969
287989
288171
288202
288237
288675
288998
289125
289277
289473
289805
290444
290611
290639
290783
291021
291302
291708
291794
291907
291918
292009
292247
292335
292627
293076
293310
293489
293529
293623
293626
293670
293732
293777
293902
294249
294806
295442
295632
295665
295919
296444
296595
296849
296919
297213
298377
298398
298429
298442
298524
298867
298890
298910
298914
299113
299317
299468
299507
300365
300451
300512
300886
301084
301120
301187
301501
301664
301813
302829
302877
302880
302915
302938
302941
302954
303187
303268
303275
303296
303345
303562
303906
304090
304275
304443
304547
304691
304865
304899
305133
305223
305269
305440
305460
305735
306123
306159
306235
307535
307546
307563
307566
307570
307571
307576
307603
307639
307642
307677
307686
307714
307725
307782
307814
307821
307987
308112
308166
308174
308486
309077
309160
309218
309343
309415
309472
309543
309658
309894
309915
309971
310138
310310
310324
310842
310888
310934
310937
310942
310989
311605
312086
312100
312172
312407
312519
312578
312630
312634
312730
313552
313564
313578
313595
313607
313610
313652
313654
313657
313663
313668
313673
313688
313691
313700
313715
313737
313746
313749
313752
314027
314119
314133
314156
314164
314535
314987
315002
315034
315073
315341
315838
315931
316056
316358
316435
316570
317628
317631
317632
317711
317745
317771
317789
317859
317868
317871
317879
317961
317967
317971
318146
318460
318525
318639
319093
319174
319903
319922
319957
320199
320598
320708
320891
320955
321024
321262
321269
321273
321443
321509
321867
322203
323126
323237
323243
323247
323267
323275
323286
323291
323298
323331
323343
323355
323356
323385
323572
323642
323671
323673
323831
324207
324337
324352
324394
324577
324616
324629
324633
324690
324744
324847
324890
324948
324955
325020
325087
325239
325318
325336
325363
325418
325536
325542
325623
325708
325766
325856
325988
326074
326092
326709
326814
326833
326852
326854
326904
326914
326981
327096
327425
327611
327640
327643
327651
327716
327880
327893
327903
328084
328103
328340
328387
328460
328593
328610
328672
328705
328866
328938
329055
329073
329590
329624
329639
329661
329679
329680
329713
329735
329778
330051
330239
330243
330273
330280
330570
330583
330618
330743
330752
330999
331031
331270
331351
331467
331776
331794
331812
331828
332342
332560
332589
332633
332725
332791
332857
332874
332897
332911
333064
333252
333434
333501
333795
334706
334721
334748
334758
334776
334796
334802
334839
334854
334855
334917
334928
334944
335245
335372
335574
336337
336370
336373
336457
336480
336659
338435
338447
338490
338493
338496
338510
338522
338603
338643
338663
338702
338708
338717
338751
338767
338798
338804
338812
338814
338848
339220
339850
339853
339968
340116
340156
340337
340438
340487
340502
340628
340671
340680
340811
340846
340923
340946
340969
340980
340991
341039
341045
341138
341318
341498
341985
342003
342234
342455
342462
342708
342793
342800
342854
342862
342933
342991
343352
343548
343604
343623
343866
343867
343977
344597
344632
344651
344711
344749
344756
344772
344774
344782
344784
345003
345187
345216
345259
345573
345578
345643
345801
345898
345974
346121
346499
346663
346701
346768
346857
346939
347023
347156
347160
347190
347380
347936
347944
347956
347971
348100
348106
348219
348303
348385
348479
348515
348543
348563
348669
348756
348760
348764
349123
349139
349159
349233
349530
349554
349690
349834
349869
349955
349976
350043
350083
350099
350265
350390
350417
350983
350991
351018
351019
351023
351037
351113
351147
351184
351197
351223
351294
351490
351784
351857
352124
352213
352312
352436
352481
352652
352676
352697
352700
352895
352945
352946
353110
353180
353227
353411
353430
353573
353692
353767
353820
353870
354374
354387
354405
354428
354454
354622
355124
355265
355271
355498
355506
355518
355720
355756
355863
355884
355956
356034
356109
356409
356596
356743
357382
357426
357496
357649
357821
358092
358315
358592
359408
359503
359623
359820
359966
360525
360570
360589
360737
360973
361085
361664
361670
361699
361878
362015
362023
362113
362691
362785
362898
362940
362955
362973
363399
363474
363482
363489
363542
363546
363629
363694
364128
364142
364172
364216
364589
364635
364639
364683
364728
364734
364738
364768
364943
364960
365327
365420
365425
365474
365524
365892
365932
365936
366071
366077
366140
366232
366624
366637
366648
366658
366698
366721
366953
367382
367462
367560
367622
367632
367654
367676
367722
367729
367756
367776
367828
367838
367845
367857
367865
367876
367887
367927
368016
368030
368122
368448
368486
368504
368543
368782
369122
369173
369187
369516
369520
369595
369667
369768
369817
370468
370504
370508
370521
370544
370562
370565
370591
370616
370650
370748
371124
371429
371639
371858
371883
371887
371907
371915
372045
372169
372184
372378
372723
372841
372880
372896
372944
372980
372994
373019
373243
373877
373900
373960
373961
374203
374674
374752
374944
374961
374989
375156
375164
375187
375243
375302
375332
375401
375413
375679
376093
376546
376642
377144
377173
377175
377196
377200
377213
377739
377770
377849
378204
378230
378328
378353
378368
378558
378766
378786
378839
378910
378911
378985
379056
379069
379148
379257
379331
379651
380111
380441
380442
380468
380472
380484
380604
380684
381017
381053
381132
381580
381583
381610
382208
382218
382760
382763
382771
382773
382784
382811
382820
382832
382869
382891
383350
383357
383413
383491
383507
383531
383580
383607
383806
383993
384054
384060
384096
384365
384400
384470
384551
384693
384779
384899
384948
385069
385467
385470
385471
385478
385499
385674
385835
386120
386273
386383
386854
387118
387155
387287
387340
387381
387421
387476
387731
387738
387794
387795
387933
388192
388240
388529
388552
388600
389043
389100
389108
389397
389399
389529
389567
389983
390057
390084
390219
390408
390418
390428
390724
390742
390761
390767
390777
390787
390840
391452
391473
391487
391622
391684
391688
391804
391807
391854
391982
392147
392354
392397
392793
392874
392875
392919
392925
392988
393022
393163
393177
393190
393201
393343
393555
393589
393838
393926
394110
394419
394508
394578
394627
394735
394787
394848
394885
394900
395217
395224
395360
395437
395444
395511
395513
395587
395711
395772
395811
395817
395895
396102
396225
396421
396436
396438
396441
396460
396508
396904
397133
397137
397175
397525
397689
397696
397829
397844
397876
397952
398453
398540
398673
398692
398722
398771
398885
399019
399131
399262
399542
399546
399586
399602
399933
399950
400307
400331
400461
400546
400593
400807
400826
400827
400981
401132
401377
401480
401651
401736
402110
402304
402344
402486
402961
402997
403010
403017
403026
403329
403372
403418
403475
403527
403555
403595
403882
403998
404329
404331
404434
404608
404622
404762
404825
404934
405190
405193
405228
405261
405306
405310
405333
405337
405589
405680
405710
405796
405832
406172
406452
406463
406525
406936
407004
407011
407105
407183
407184
407452
407463
407683
407823
407884
408010
408216
408226
408240
408277
408703
408712
409036
409096
409116
409131
409141
409154
409177
409180
409225
409475
409805
410227
410332
410334
410360
410402
410427
410599
410625
410813
411062
411075
411120
411390
411416
411610
411646
411778
411818
411924
412040
412048
412180
412189
412236
412308
412569
412620
412733
412853
413250
413295
413328
413351
413357
413579
413597
413779
413903
414156
414240
414505
414545
414642
414697
414895
414966
415015
415023
415158
415307
415316
415368
415428
415440
415452
415482
415488
415540
416295
416310
416315
416329
416344
416366
416401
416406
416444
416451
416453
416537
416551
416601
416681
417113
417416
417519
417678
417681
417716
417912
417999
418066
418115
418144
418433
418438
418467
418474
418669
418718
418738
419059
419142
419244
419358
419435
419563
419583
419618
419662
419666
419677
420366
420456
420458
420481
420498
420694
420777
420872
420938
420946
421015
421042
421205
421650
421714
421783
421822
421923
421930
421959
421961
422046
422078
422092
422218
422229
422248
422288
422356
422625
422971
422996
423013
423070
423081
423096
423120
423819
424107
424394
424451
424470
424513
424722
424871
424879
424895
424912
425038
425380
425593
425594
425599
425680
425852
425872
425908
425947
426073
426168
426422
426512
426594
426682
426855
426909
426979
427134
427193
427368
427568
427590
427599
427609
427618
427633
427636
427655
427656
428052
428279
428308
428605
428880
428887
428908
429206
429230
429411
429418
429428
429472
429473
429806
429861
430074
430133
430387
430638
430643
431104
431328
431378
431917
432586
432794
432798
433023
433271
433292
433384
433689
433846
433851
433912
433922
434217
434225
434271
434285
434834
435130
435169
435723
436120
436294
436313
436582
436654
436942
436948
437064
437082
437333
437368
437429
437504
437520
437575
437675
437736
437967
438190
438277
438332
438503
438795
439084
439240
439327
439470
439484
439591
439723
439731
439786
2003 BC87
2003 BS94
2003 DJ5
2003 DN22
2003 HK8
2003 KR
2003 LX7
2003 NZ
2003 OP30
2003 QJ9
2003 QY13
2003 QW34
2003 QT43
2003 QO91
2003 QA104
2003 QG106
2003 RW10
2003 RV11
2003 RY12
2003 RM27
2003 SD
2003 SG
2003 SK28
2003 SC42
2003 SO60
2003 SO79
2003 SP91
2003 SF92
2003 SA194
2003 SX199
2003 SO313
2003 SZ353
2003 SH102
2003 SV382
2003 SY131
2003 SB133
2003 SG394
2003 SO394
2003 SB396
2003 SP396
2003 SE397
2003 SC157
2003 SQ418
2003 SY418
2003 SQ166
2003 SH429
2003 SG433
2003 SE180
2003 SW187
2003 SA194
2003 SW197
2003 SX199
2003 SF207
2003 SH211
2003 SL215
2003 SD217
2003 SW273
2003 SM291
2003 SF292
2003 SQ295
2003 SV303
2003 SO313
2003 SD314
2003 SX322
2003 SZ322
2003 SU329
2003 SV329
2003 SC331
2003 SY331
2003 SF335
2003 SZ337
2003 SJ339
2003 SJ344
2003 SZ353
2003 SY359
2003 TX3
2003 TK19
2003 TE22
2003 TZ38
2003 TN45
2003 TL58
2003 UY19
2003 UJ23
2003 UW36
2003 UV55
2003 UG76
2003 UE122
2003 UN154
2003 UL254
2003 UE364
2003 UF364
2003 UY364
2003 US372
2003 UN378
2003 UM119
2003 UN381
2003 UE122
2003 UB392
2003 UF134
2003 UV407
2003 UN154
2003 UQ159
2003 UE171
2003 UF199
2003 UF205
2003 UA209
2003 UL211
2003 UC240
2003 UT279
2003 UN317
2003 UE318
2003 UG327
2003 UV327
2003 UD330
2003 UQ338
2003 UX339
2003 UJ358
2003 WD5
2003 WJ15
2003 WC17
2003 WL90
2003 WA103
2003 WA108
2003 WG114
2003 WR154
2003 WM167
2003 WJ194
2003 XJ21
2003 YP10
2003 YD15
2003 YK30
2003 YU35
2003 YO41
2003 YJ53
2003 YN89
2003 YL118
2003 YC157
2004 BG8
2004 CA69
2004 DM57
2004 VS75
2005 AE74
2005 ER141
2005 UG27
2005 UZ35
2005 UN37
2005 UT48
2005 UJ118
2005 UD236
2005 UC345
2005 UJ118
2005 UU442
2005 UA197
2005 UD236
2005 UC345
2006 EX19
2006 EN24
2006 ER50
2006 HK126
2006 JE11
2006 KR119
2006 MA8
2006 PV7
2006 PO34
2006 QX41
2006 RU20
2006 RY87
2006 TE102
2006 UE138
2006 UH140
2006 VS37
2006 VK54
2006 WB42
2007 CU57
2007 DG46
2007 HD5
2007 HF80
2007 JE17
2007 JR26
2007 MA15
2007 ON4
2007 RG4
2007 RD43
2007 RH71
2007 RX71
2007 RM177
2007 RW210
2007 TB368
2007 TH412
2007 TY418
2007 TJ450
2007 TW205
2007 UC22
2007 UA43
2007 US67
2007 VS
2007 VW38
2007 VZ47
2007 VU58
2007 VL64
2007 VS67
2007 VN152
2007 VD171
2007 VL188
2007 VR194
2007 VK220
2007 VV268
2007 VP314
2007 VC315
2007 WM39
2007 XF26
2007 XX39
2007 YK16
2007 YE58
2007 YW63
2007 YS65
2008 CM155
2008 CJ161
2008 CE191
2008 EO25
2008 EE168
2008 FX132
2008 GB54
2008 GC98
2008 GE139
2008 HQ1
2008 HK70
2008 QG22
2008 RY81
2008 RN88
2008 RQ128
2008 SZ26
2008 SN90
2008 SA94
2008 SZ167
2008 SA187
2008 SQ196
2008 SD197
2008 SZ268
2008 SE269
2008 SE270
2008 TK22
2008 TR41
2008 TL55
2008 TM93
2008 TM134
2008 UD2
2008 UC9
2008 UQ16
2008 UR17
2008 UW59
2008 UB65
2008 UO83
2008 UR121
2008 UD252
2008 UJ336
2008 UT342
2008 VS16
2008 VN29
2008 VC73
2008 WK65
2008 WH100
2008 WS127
2008 WE141
2008 XP44
2008 YN125
2008 YM133
2008 YV145
2008 YB160
2009 AH40
2009 BS18
2009 DL49
2009 FG20
2009 FZ41
2009 FP65
2009 HK15
2009 OB15
2009 RR50
2009 RY58
2009 SV56
2009 SZ73
2009 SL184
2009 TR30
2009 VD114
2009 WM4
2009 WB39
2009 WE119
2009 WU152
2009 WQ206
2009 WS259
2009 XR7
2009 YT7
2010 AK27
2010 AY54
2010 CA12
2010 CE181
2010 FL6
2010 FY16
2010 FS20
2010 FQ48
2010 GJ115
2010 GD173
2010 HH103
2010 JZ47
2010 LU14
2010 MV48
2010 OT25
2010 PA23
2010 RQ68
2010 RU78
2010 RG152
2010 RD166
2010 SW9
2010 SH30
2010 TU21
2010 TE58
2010 TA65
2010 TZ140
2010 UT12
2010 US56
2010 UW58
2010 UT89
2010 VC38
2010 VU104
2010 VG160
2010 VO165
2010 VM214
2010 XL67
2011 AS17
2011 AW48
2011 BR33
2011 BA53
2011 CV54
2011 CS101
2011 DK31
2011 ED48
2011 EK66
2011 FT33
2011 GJ72
2011 HK29
2011 HZ30
2011 HT89
2011 NY1
2011 OA5
2011 PR1
2011 QW87
2011 RC
2011 RO15
2011 SG16
2011 SN61
2011 SQ96
2011 SA128
2011 SU223
2011 SU231
2011 UD59
2011 UT98
2011 UU273
2011 UV199
2011 UU273
2011 WK46
2011 YA6
2012 BM18
2012 BG27
2012 BB30
2012 BA126
2012 CT16
2012 CJ48
2012 DB19
2012 DW37
2012 FM8
2012 FJ25
2012 FA55
2012 FC70
2012 GV19
2012 GZ29
2012 GE33
2012 HZ45
2012 HC59
2012 KF19
2012 PO18
2012 PR29
2012 QU9
2012 QL37
2012 QJ49
2012 RK4
2012 RR7
2012 RS12
2012 RC34
2012 RT38
2012 RM42
2012 SX9
2012 SG63
2012 TM40
2012 TL42
2012 TB57
2012 TS70
2012 TG78
2012 TZ90
2012 TW107
2012 TT156
2012 TT206
2012 TL239
2012 TS260
2012 TW285
2012 TT304
2012 UV28
2012 UN40
2012 UJ53
2012 UE85
2012 UH88
2012 UH127
2012 UP130
2012 UG145
2012 UQ171
2012 UQ172
2012 VG43
2012 VJ86
2012 VB89
2012 VX92
2012 VB93
2012 VT97
2012 VR109
2012 WQ13
2012 WR21
2012 XJ10
2012 XP27
2012 XZ119
2012 XH149
2013 AE12
2013 AC30
2013 AB89
2013 AW92
2013 AG99
2013 AA129
2013 AT167
2013 BC2
2013 BA10
2013 BF13
2013 BR39
2013 CF6
2013 CV12
2013 CL60
2013 CY60
2013 CM76
2013 CB155
2013 CB181
2013 DR15
2013 EA13
2013 EB35
2013 EW81
2013 EZ86
2013 EF93
2013 EA115
2013 GG79
2013 GF83
2013 GD89
2013 GY101
2013 GW109
2013 GB117
2013 HP16
2013 HV16
2013 HB28
2013 HT35
2013 HU59
2013 HC62
2013 JQ9
2013 KR16
2013 LU23
2013 MJ5
2013 NJ22
2013 OA6
2013 PU
2013 PO3
2013 PL4
2013 PF49
2013 PG50
2013 QY2
2013 QT7
2013 QB26
2013 QO59
2013 QM62
2013 RM39
2013 RP57
2013 TD1
2013 TY23
2013 TB79
2013 TS92
2013 TF100
2013 TD125
2013 UE6
2013 UJ8
2013 UD13
2013 VW10
2013 XO25
2013 YX22
2013 YY35
2013 YQ43
2013 YL45
2013 YU60
2013 YK68
2013 YM109
2014 AQ4
2014 BX7
2014 BV19
2014 DA7
2014 DO60
2014 DK73
2014 DC83
2014 EJ22
2014 FZ12
2014 FU47
2014 FM65
2014 HG8
2014 HD100
2014 HD172
2014 JK11
2014 JW18
2014 JC21
2014 JA41
2014 JD66
2014 JQ78
2014 KE59
2014 KE67
2014 KP75
2014 KO80
2014 KW80
2014 KM101
2014 LE8
2014 MV7
2014 MH12
2014 MN21
2014 MF24
2014 MN31
2014 NA1
2014 OK39
2014 OL90
2014 OE108
2014 OR168
2014 OJ180
2014 OF188
2014 OK192
2014 OZ194
2014 OH199
2014 OM224
2014 OK263
2014 OK342
2014 PU55
2014 PO56
2014 QQ21
2014 QQ367
2014 QF373
2014 QS384
2014 QY395
2014 QZ244
2014 QN254
2014 QW276
2014 QD297
2014 RF61
2014 RG63
2014 SB46
2014 SP97
2014 SQ125
2014 SA172
2014 SE173
2014 SV183
2014 SW264
2014 TQ43
2014 TG59
2014 TY59
2014 TM73
2014 UP7
2014 US14
2014 UN101
2014 UT105
2014 US180
2014 UR200
2014 VJ8
2014 VS14
2014 VD21
2014 WJ45
2014 WH73
2014 WQ121
2014 WW169
2014 WA305
2014 WY314
2014 WP321
2014 WP352
2014 WS378
2014 WR402
2014 WW193
2014 WA196
2014 WX272
2014 WJ314
2014 XQ25
2015 AH52
2015 BL61
2015 BM208
2015 BF135
2015 BH232
2015 BE255
2015 CX4
2015 DW117
2015 DS206
2015 FU76
2015 FS151
2015 FE339
2015 GY37
2015 HM59
2015 KG6
2015 KJ36
2015 KZ60
2015 KU67
2015 KJ103
2015 KD107
2015 KF132
2015 LS35
2015 LX35
2015 MZ1
2015 MS5
2015 MS9
2015 MP20
2015 MX57
2015 MT76
2015 OJ13
2015 OM31