id
15457
16704
24827
27055
30995
39891
47996
49693
54448
57529
62760
65235
66364
68724
68903
69072
70208
72850
73795
76698
82064
82971
83682
83874
87343
90085
95711
98600
102912
104893
113751
115476
117692
119667
128542
131415
136704
138408
144161
144919
146455
150521
168340
169207
175530
175574
180100
181056
195282
208661
209779
221527
224003
225297
232255
235556
239102
244710
246877
267589
281076
289865
301855
306778
307689
310218
315655
317287
322377
346240
360148
361195
369820
392104
402474
405201
413085
415795
423351
435044
2011 YD47
2012 QT18
2013 GY17
2013 TS138
2013 WE
2014 SY320