id
19
435
572
877
2168
2279
2662
2943
2973
3458
3881
4295
4458
4515
4538
4549
4579
4637
5125
5291
5305
5539
5569
5987
6009
6118
6332
6571
6586
6595
6614
6624
6674
6840
7007
7387
7420
7471
7606
7698
8491
8600
8691
8693
9007
9028
9168
9273
9283
9324
9347
9422
9443
9529
9578
9626
9640
9724
9803
10108
10167
10242
10445
10512
10573
10904
11085
11091
11130
11197
11210
11300
11347
11433
11876
12634
12805
13212
13256
13502
13549
13666
13698
13855
14073
14432
14490
14616
14760
15034
15098
15240
15313
15391
15563
15620
15736
15769
15896
15962
16202
16221
16359
16857
16991
17412
17471
17476
17584
17928
18087
18193
18237
18286
18546
18866
19065
19307
19310
19496
19909
19914
20039
20454
20618
20749
21111
21174
21339
21403
21416
21507
21737
21852
22234
22415
22462
22592
22646
22756
22910
22988
23234
23256
23365
23416
23492
23498
23773
23908
24024
24027
24767
24802
25031
25972
26537
27141
27294
27319
27965
27968
28177
28572
28725
28732
28749
28874
29009
29098
29144
29338
29375
29485
29656
29845
29950
30016
30030
30036
30057
30284
30363
30378
30973
31031
31141
31861
31917
31984
32129
32160
32617
32845
32966
33052
33096
33103
33472
33490
33502
33696
33761
34009
34200
34571
34644
34678
35142
35399
35427
35715
35742
35758
35797
35843
35908
35946
36111
36470
36615
36809
37233
37521
37641
37712
37738
37856
37874
38341
38343
38360
38721
38862
39121
39174
39440
39841
39906
40320
40343
40369
40995
41528
41598
41618
41630
41678
41698
41703
41728
42419
42462
42669
43061
43083
43398
43660
43841
43881
43897
43917
44908
44941
45779
45795
45846
45851
45913
45918
46360
46410
46627
46827
46834
47519
47522
48016
48101
48395
48406
48518
48765
49134
49142
49171
49217
49218
49339
49997
50090
50492
50537
50644
50709
50721
50869
51217
51431
51787
52014
52145
52388
53439
53533
53968
54159
54226
54367
54410
54659
54783
54811
55010
55041
55369
55373
55644
55768
55837
56488
56712
57080
57265
57420
57490
57608
57839
57850
58140
58266
58332
58348
58352
58587
58684
58739
58969
58983
59205
59255
59271
59297
59326
59350
59383
59446
60291
60939
61293
61323
61373
61528
61552
61633
61837
62102
62360
62707
63328
63993
64039
64041
64207
64320
64335
64491
64512
65050
65426
65806
66259
66339
66428
66431
66484
66682
67466
67531
67716
67839
67872
67892
67939
68155
68229
68483
68506
68543
68578
68612
68654
68759
68842
68847
69191
69223
69270
69278
69279
69481
69493
69496
69528
69605
69637
69651
69670
69686
70180
70183
70204
70257
70272
70295
70305
70431
70483
70545
70702
70744
70833
71758
72119
72182
72201
72335
72500
72575
72936
72988
73549
73584
73604
73729
73812
73906
74066
74203
74606
74944
75118
75234
75309
75439
75595
75635
75658
75669
75704
75892
76361
76905
76909
76986
77142
77295
77297
78034
78431
79037
79169
79245
79247
79312
79406
79567
79678
79806
79858
80314
80404
80444
80467
80482
80493
80523
80594
80694
80696
80758
80778
80781
80848
80865
80868
80950
80978
81012
81076
81219
82196
82203
82334
82461
82660
84406
84668
84848
85776
85817
86447
86562
86586
86685
86695
86697
86712
86807
86842
86939
87167
87177
87324
87642
88437
88514
88752
89342
89551
89561
89612
89736
89874
90248
90667
90716
90863
90865
90954
90982
92540
92584
92603
92684
92728
92733
92775
92833
92914
92937
93159
93209
93224
93250
93280
93349
94456
94530
94645
94859
94863
94912
94954
95307
95849
95875
96035
96100
96104
96146
96273
96306
96398
96406
96422
96459
96900
97895
97918
98017
98030
98179
98189
98204
98307
98425
98511
98566
98578
98582
98667
98721
98974
99443
99605
99626
99660
100025
100503
100567
100780
100816
102144
102203
102517
102596
102658
102725
102829
103080
103083
103127
103206
103475
103611
103657
103720
103723
103751
103901
104071
104563
104610
106265
106603
106618
106653
107063
107161
107191
107213
107218
107233
107256
107372
107401
107411
107421
107433
107487
107584
107663
107676
107700
107732
107956
108051
108092
108191
108416
108491
108766
109082
109151
109381
109614
109730
109974
110091
110106
110134
111487
111794
111860
111967
112308
112354
112767
112789
114281
114403
114489
114498
114531
115303
116027
116046
116266
116521
116803
117329
117393
117498
117519
117599
117821
117988
118342
118357
118364
118369
118388
118528
118558
118572
118573
118587
118621
118631
118737
119293
119346
119349
119432
119478
120328
120472
120559
121168
121171
122018
122071
122091
122129
122256
122345
122544
122680
122787
122828
123166
123168
124240
124557
124596
124767
125161
125303
125345
125436
125440
125613
125648
125666
125750
126076
126078
126177
126222
126466
126493
126509
126511
126546
126684
126781
126868
126879
127304
127429
127663
127669
127709
127830
127956
127959
128671
129157
129623
129812
129837
130614
130684
130986
131073
131640
131797
131831
131837
131861
131869
131884
131932
131999
132019
132040
132043
132166
132169
132223
132250
132319
132398
132434
132458
134330
134668
134712
135033
135697
136282
136535
136546
136598
136806
136814
136981
137027
137080
137535
137548
137696
137748
137762
137773
137776
137798
137838
137869
137870
137878
137914
137920
137923
137931
137969
138050
138103
138309
138856
138990
139221
139235
139237
139299
139311
139331
139411
140361
141863
141925
141951
141982
141992
142149
142278
142315
142366
142430
142489
142604
142808
143284
143374
143615
143628
143995
144235
144372
144757
144962
145076
145123
145518
145548
145818
146036
146087
147204
147230
147276
147287
147343
147476
147497
147504
147538
147583
147784
148075
148276
148303
148647
148756
149218
149238
149356
149576
149699
150721
150859
151115
151559
151673
151693
151697
151720
151999
152082
152163
152753
152972
153522
153532
154402
154406
154413
154418
154432
154735
154746
154759
154769
155256
156060
156097
156133
156200
156373
156801
156851
156859
156869
156883
156892
156893
156907
156920
156926
157115
157186
157530
157545
157868
158007
158016
158036
158227
158284
158295
158315
158319
158667
158691
158706
158712
158831
158852
159004
159048
159194
159593
159749
160025
160129
160145
160162
160461
160825
160976
160986
160987
161321
161541
161632
161656
162701
162773
162792
163210
163221
163234
163254
163761
165001
165370
165384
165465
165482
165493
165521
165525
165526
165541
165579
166023
166133
166166
166213
166244
166989
167030
167084
167092
167130
168373
168555
168898
168996
169001
169528
169579
169597
170292
170402
170403
170428
170429
170568
170752
170936
170951
170975
171067
171082
171540
171561
171570
172499
172577
172606
172648
172652
172828
172886
173013
173113
173124
173172
173280
173324
173332
173605
173632
173662
174723
174782
174828
174864
174865
174981
175138
175150
175342
175417
175446
175753
175759
175863
175880
175907
176691
176726
176736
177375
177401
177404
177663
177781
177840
178298
178416
178419
178436
179631
179660
179826
180459
180461
180490
180501
180518
180544
181052
181668
182017
182330
183050
183099
183150
183157
183266
183713
183772
183798
183899
183927
183958
184001
184015
184041
184290
184305
184419
185364
185568
186012
186029
186433
186477
186518
186763
186825
186839
187268
187548
187690
187712
187969
188261
188418
188426
188742
189105
189107
189112
190169
190175
190514
190944
190967
190982
190985
191020
191621
191631
191644
191989
192382
193166
193303
194522
194545
194740
194750
194764
194806
194820
194835
194843
194885
194915
194943
194945
194975
194991
195002
195016
195039
195070
195128
195144
195173
196280
196298
196324
196362
196398
196412
196469
196472
196483
197774
197849
197915
198031
198060
198092
198245
198297
198321
199294
199387
199476
199526
199616
199916
200002
200052
200172
200195
200496
200822
200835
200929
200941
200984
201058
201061
202125
202158
202273
202448
202489
202585
202747
203154
203585
203617
203929
204339
204371
204411
204443
204477
204726
205280
205348
205372
205873
205904
205962
205999
206383
207006
207066
207067
207091
207109
207122
207133
207137
207522
207659
207672
207702
208250
208270
208275
208720
209065
209095
209604
209607
209652
209653
209656
209706
210008
210287
210567
210582
210732
210777
211189
211276
211615
211623
211636
211974
212065
212096
212119
212142
212442
212731
212835
212968
213021
213579
213634
213650
213653
213659
214208
214213
214232
214236
214916
215078
215463
215861
216109
216430
216521
216723
216735
216784
216892
217276
217280
217479
217510
217577
218335
218592
218599
218874
218885
218933
219298
219310
219312
219328
220262
220492
220506
220514
220529
220540
220553
220588
220970
220992
221001
221027
221038
221045
221066
221110
221153
221663
221809
222231
222243
222424
222432
222472
222486
223183
223196
223209
223224
223551
224104
224145
224146
224173
224246
224260
224283
224361
224875
224907
224927
225142
225191
225308
225368
225493
225716
225731
225732
225736
225737
225760
225787
225811
225906
226316
226324
226688
226696
226701
227052
227204
227266
227320
227326
227345
227407
227408
227417
227900
227910
228485
228494
228518
228528
228854
228865
228870
229396
229448
229449
229456
229465
229468
229502
229692
230216
230273
230285
230539
230628
231238
231608
231885
231996
232054
232082
232085
232094
232116
232423
233266
233297
233522
233659
234224
234240
234540
234543
234566
234567
234586
234591
234606
234609
234611
234621
235749
236218
236263
236299
236308
236340
236358
236363
236456
236459
237091
237275
237742
237747
237758
237776
237778
237809
237825
237826
237832
237833
238497
238521
238961
238970
238981
239271
239528
239748
239789
239923
240105
240352
240364
240594
240806
240906
240935
241174
241185
241627
241933
242829
242872
243420
243656
243793
243817
243852
244054
244152
244259
244264
244271
244272
244299
244310
245208
245220
245262
245271
245301
245782
246160
246250
246437
246690
247453
247918
248060
248707
249382
249432
249581
249677
249827
250104
250443
250632
250951
251013
251355
251404
251606
251918
251947
252177
252194
252213
252972
252977
252980
252988
252999
253029
253032
253072
253108
253155
253829
253838
253862
253894
253923
254537
254602
254607
254612
254627
254647
254673
254695
255549
255769
255796
255803
256149
256700
256703
256873
256991
257300
257308
257492
257666
257794
258036
258763
258931
258938
259023
259049
259052
259117
259558
259584
259620
259683
259706
259742
259917
259931
259949
259989
259998
260055
260076
260506
260516
260520
260524
260538
260675
260679
260694
260700
260728
260735
260755
262105
262148
262297
262340
262355
262433
262524
263199
263201
263344
263372
263415
263621
263673
263783
263851
263866
264064
264322
264410
264495
264522
264936
264959
264960
264962
265628
265650
266156
266246
266247
266261
266275
266278
266284
266550
267153
267167
267168
267276
267285
267302
267327
268005
268406
268869
268888
268946
268958
269009
269225
270206
270216
270966
271386
271557
271586
272261
272424
272551
273388
273520
273525
273527
273531
273555
273602
273657
273675
273684
273715
273723
273751
273801
274101
274391
274820
274900
274908
274920
275400
275470
275843
276449
277230
277407
277517
278107
278118
278142
278155
278178
278204
278232
278238
278249
278261
278264
278631
279443
279631
279642
280285
280289
280797
280817
280852
281234
281959
282310
282542
282690
282859
283049
283277
283403
283426
283435
283607
283925
284028
284111
284425
284426
284494
285011
285056
285264
285450
285515
285776
285777
285800
285843
285846
286156
286207
286224
286470
286626
286737
286748
286972
287159
287401
287565
288061
288139
288211
288366
289067
289096
289299
289450
289461
289464
289601
289881
289927
290131
290766
290992
291137
291243
291329
291366
291612
291629
292028
292808
292833
292856
292986
293521
293663
293766
293934
294050
294314
294461
294577
294677
294819
294925
295467
295691
295826
295922
295952
295956
296018
296061
296116
296205
296214
296239
296303
296450
296940
297224
297878
297963
298986
298994
299026
299035
299045
299483
299519
299532
300307
300338
300386
300452
301104
301152
301170
301176
301223
301240
301358
301630
302495
302902
302920
302937
303457
303468
303471
304012
304038
304082
304911
304948
304995
305029
305039
305043
305044
305667
305681
305755
305844
305877
305887
306062
306068
306283
306374
306468
306879
307091
307428
307632
307680
307749
308141
308155
308204
309343
309367
309387
309422
309458
309460
309464
309487
310416
310773
310910
310921
310963
310964
310996
311001
311293
311296
312074
312077
312162
312172
312180
312225
312504
312818
312947
312949
312996
312999
313172
313416
313731
313746
313758
313778
313797
315241
315417
315460
315511
315515
316059
316755
317054
317135
317188
317269
317891
317967
318017
318540
318594
318633
318657
318671
319114
319870
320445
320533
320544
320553
320614
320621
320648
320657
320666
320697
321359
321932
322453
322774
323399
323426
323747
324951
325015
325053
325103
325562
326124
326146
326635
326928
327204
327709
327727
327775
328134
328167
328186
328187
328194
328234
328276
328496
328893
328919
328985
329213
329943
329963
330615
330646
330650
330677
330856
330868
331331
331366
331821
332339
332482
332499
332702
332729
333336
333359
334120
334255
334291
334455
334656
335426
335465
335468
335479
339067
339170
340128
340154
340166
340168
340189
340200
340225
340285
340913
341028
341057
341951
342154
342160
342441
342483
342765
343230
343339
343369
343635
343710
343833
344347
344403
344427
344428
344940
345218
345334
345356
345390
345411
345425
345446
345810
345820
346356
346398
346482
346504
346524
346595
346623
347247
347447
347562
348264
348287
348637
348679
349154
349550
349595
349641
349643
349664
349670
349703
349712
350379
350823
350830
351309
351668
351798
352759
352771
352786
352845
353855
354215
354221
354587
354588
354595
355829
355975
355977
355999
356006
356007
356327
356476
356597
357227
357607
359055
359063
359091
359106
359111
359154
359159
359181
359233
359234
359504
359646
359810
360447
360484
360541
360560
360588
360762
360790
361155
361178
361415
361582
361601
362084
362112
362118
362127
362149
362168
362194
362198
362326
362687
363311
363559
363754
363761
363763
363785
364618
364687
364716
364719
364724
365168
365208
365210
365512
365828
365852
366526
366579
366823
367125
367326
367486
367506
367785
367904
367908
367918
367946
368139
368383
369032
369551
369696
370019
370024
370428
370438
370677
370925
371457
371480
371534
371574
371583
371590
371602
371604
371614
371974
372005
372844
372973
372976
372988
373180
373799
373829
374026
374042
374912
374959
375163
375727
375826
376124
376286
376393
376423
376460
376773
377090
377104
377627
378192
378200
378232
378254
378287
378643
379202
379238
379550
380078
380534
380748
380775
381126
381129
381145
381817
381943
382067
382103
382510
382539
382738
383061
383090
383099
383135
383141
383157
383158
383163
383210
383513
384692
385273
385436
385654
385754
385755
386039
386734
386735
386983
386988
386994
387293
387433
387589
387860
388134
388140
388161
388164
388869
388944
389431
389456
389662
389743
389847
390548
390555
390721
390871
390887
391114
391169
391478
392271
392287
392587
392750
392832
392871
393328
393695
394097
394103
394122
394881
394943
394978
395180
395183
395194
395349
395459
395790
395935
396285
396425
396480
397198
397510
397525
397824
397837
397850
397869
397888
397931
398150
398345
398743
398985
399088
399165
399187
399443
399996
399998
400000
400002
400321
400575
400597
400770
400809
400815
401191
401475
401812
402934
402956
402998
403004
403006
403294
403855
403873
404173
404449
404733
404906
405357
405360
405364
405913
405980
406496
406552
406822
406840
406846
406850
406875
406888
406905
406933
407795
407811
407832
407874
407882
407916
407920
407950
408283
408349
408729
408759
408784
409837
410365
410394
410406
410426
410433
410714
410774
410781
410799
411225
411696
411797
412099
412119
412203
412431
412733
412855
412867
413177
413321
413338
413357
413364
413478
413872
414172
414179
414181
414241
414786
414789
414810
414898
415297
415355
415500
415619
415694
416075
416110
416208
416562
417487
417508
417557
417598
417658
418125
418128
418199
418254
418269
418278
418955
419663
419738
420518
420729
420859
421189
421480
421618
421819
422091
422181
422207
422272
422352
422413
423157
423166
423182
423912
423928
423936
423972
423976
424043
424402
424457
424580
425126
425676
425705
425749
425794
426392
426510
426620
426651
426701
427011
427266
427702
428207
428230
428235
428236
428272
428651
429096
429098
429478
429485
429491
429505
429515
429526
429541
429542
429569
429593
430014
431255
431290
432677
432700
432716
432783
432791
432945
433332
433733
434054
434057
435088
435092
435103
435104
435107
435616
436058
436152
436468
436494
436514
436520
436784
437390
437608
437808
438202
438794
439297
439359
439563
1993 TL6
2001 DA54
2001 FA126
2001 SX199
2001 UY225
2001 XM124
2002 AW139
2002 EU66
2002 EA163
2002 ER163
2002 GA123
2002 NE81
2002 RR147
2002 TQ146
2003 GJ37
2003 KV10
2003 SX312
2003 TN54
2003 UB32
2003 UB402
2004 BQ143
2004 EG100
2004 FT27
2004 GP34
2004 GX53
2004 RB188
2004 RB232
2004 ST7
2004 TN33
2004 VU41
2004 XX39
2004 XP58
2004 YL15
2005 AB44
2005 GD177
2005 GN203
2005 GR222
2005 MP29
2005 MT34
2005 NZ124
2005 SO35
2005 SX225
2005 SN232
2005 TD63
2005 TW70
2005 TL126
2005 TA136
2005 TH136
2005 UN15
2005 UH62
2005 UO62
2005 UU94
2005 UR370
2005 UN113
2005 UR153
2005 UQ206
2005 UF211
2005 UA237
2005 UD263
2005 UW267
2005 UD306
2005 VS127
2005 WD16
2005 WM37
2005 WT68
2005 WR126
2005 WJ149
2005 WZ163
2005 WB170
2005 YO9
2005 YZ25
2005 YU45
2005 YT96
2005 YW100
2005 YR136
2005 YF137
2005 YN228
2006 AK27
2006 BN75
2006 BQ83
2006 BU153
2006 BK210
2006 BM223
2006 BL265
2006 DV41
2006 DM93
2006 DV105
2006 DB143
2006 HF79
2006 KN32
2006 KS109
2006 QY37
2006 RH88
2006 TY68
2006 TA124
2006 TW127
2006 UB73
2006 UH197
2006 UR322
2006 UW348
2006 VB86
2006 VW169
2006 WC85
2006 WB100
2006 WX110
2006 WA133
2006 WK158
2006 WX173
2006 XP22
2007 BS11
2007 DA75
2007 EO2
2007 EQ19
2007 EM49
2007 EY113
2007 EG179
2007 EK192
2007 EK218
2007 EQ219
2007 EZ221
2007 FG50
2007 GS18
2007 GG41
2007 GG59
2007 HS30
2007 HJ94
2007 JT41
2007 LB10
2007 LG23
2007 RX40
2007 RO225
2007 RV295
2007 TF33
2007 TO59
2007 TV383
2007 TE427
2007 TK306
2007 UN87
2007 VC131
2007 VR164
2007 VO199
2007 XD49
2007 YC53
2007 YM65
2008 AV8
2008 AM91
2008 AZ94
2008 AV101
2008 AC105
2008 CV42
2008 CJ43
2008 CT60
2008 CT131
2008 CU162
2008 EW151
2008 FE56
2008 FZ94
2008 FO96
2008 GA9
2008 GQ20
2008 GX34
2008 GH88
2008 HV16
2008 HZ66
2008 KC8
2008 RM116
2008 SB32
2008 SM131
2008 ST134
2008 SX181
2008 SQ265
2008 SD291
2008 SA310
2008 TB56
2008 TN141
2008 TV161
2008 UU3
2008 UU6
2008 UL26
2008 UT266
2008 UN304
2008 UC368
2008 UN135
2008 UU226
2008 UN304
2008 UF345
2008 VA16
2008 VE33
2008 VW38
2008 VE44
2008 VZ76
2008 WV44
2008 WS108
2008 XK50
2008 YB6
2008 YC19
2008 YH31
2008 YU36
2008 YO37
2008 YO99
2008 YG102
2008 YS132
2008 YC140
2008 YO142
2008 YK151
2008 YL153
2008 YC159
2009 AM26
2009 AQ28
2009 BR42
2009 BW115
2009 BC143
2009 BW149
2009 BD159
2009 CJ25
2009 DL109
2009 FD63
2009 FM65
2009 FG68
2009 FF70
2009 HP80
2009 HY99
2009 LY6
2009 RO2
2009 SE97
2009 SU147
2009 SS222
2009 SC262
2009 SR286
2009 VN63
2009 VF70
2009 WE94
2009 WG127
2009 WA205
2009 WQ255
2009 YU5
2009 YP19
2010 CW148
2010 EH21
2010 EA112
2010 FV94
2010 HK70
2010 RS42
2010 RV69
2010 RZ126
2010 TZ8
2010 TO121
2010 TJ184
2010 VE90
2010 VA169
2010 VF203
2010 WL21
2010 WE34
2011 AH31
2011 AY59
2011 AZ68
2011 AL77
2011 BO1
2011 BM27
2011 BQ32
2011 BO60
2011 BG93
2011 BM111
2011 CA31
2011 CF54
2011 CP65
2011 DU5
2011 DC8
2011 FM21
2011 FC25
2011 FF35
2011 FF88
2011 GF28
2011 GC45
2011 GP74
2011 HH99
2011 KH8
2011 KD46
2011 OY7
2011 OD8
2011 QJ13
2011 QU14
2011 QJ28
2011 QC36
2011 QM42
2011 QD69
2011 QN70
2011 QK74
2011 SR92
2011 SK101
2011 SL117
2011 SW194
2011 UO6
2011 UP14
2011 UZ46
2011 UO53
2011 UX53
2011 UX273
2011 WS150
2011 YU44
2011 YS46
2011 YP56
2012 BG47
2012 BY51
2012 BK58
2012 BK74
2012 BG76
2012 BT110
2012 BU128
2012 BV131
2012 CT22
2012 CO26
2012 CZ39
2012 CT52
2012 DC3
2012 DN35
2012 DE50
2012 EY6
2012 FP19
2012 FM44
2012 GL17
2012 GZ20
2012 GN31
2012 HH4
2012 HC30
2012 JJ47
2012 LQ26
2012 PK37
2012 RS5
2012 RY27
2012 TJ76
2012 TX273
2012 UR36
2012 UD77
2012 VW20
2012 VP83
2012 WH30
2012 XN40
2012 XQ105
2012 XD145
2013 AW7
2013 AX24
2013 AP29
2013 AH43
2013 AK55
2013 AF77
2013 AS80
2013 AU81
2013 AV120
2013 BX37
2013 BK42
2013 CH56
2013 CV110
2013 CX111
2013 CM123
2013 CO130
2013 CO139
2013 EQ24
2013 EM45
2013 EK61
2013 EC72
2013 EH111
2013 EZ114
2013 EB117
2013 EO123
2013 GZ11
2013 GK22
2013 GD88
2013 GG112
2013 HG16
2013 HY20
2013 HZ27
2013 HZ47
2013 LR27
2013 PP16
2013 PG51
2013 PE55
2013 PJ56
2013 PA63
2013 QT50
2013 QZ79
2013 RG62
2013 SV15
2013 TQ10
2013 TU46
2013 TH52
2013 TB78
2013 TK99
2013 VU6
2013 WF58
2013 XM10
2013 YB33
2013 YK58
2013 YJ118
2014 AZ7
2014 AQ21
2014 BZ26
2014 BO34
2014 BA37
2014 DX23
2014 DU37
2014 DE69
2014 DL76
2014 DE124
2014 DQ139
2014 EG38
2014 FL47
2014 FG48
2014 FS65
2014 GY8
2014 HG9
2014 HA10
2014 HN11
2014 HH24
2014 HW24
2014 HG105
2014 HK160
2014 JR23
2014 JL70
2014 KQ28
2014 KH63
2014 KK79
2014 LS18
2014 NK31
2014 NS45
2014 OC87
2014 OU115
2014 ON234
2014 OG295
2014 OR295
2014 PB7
2014 QZ55
2014 QO122
2014 QQ406
2014 QZ213
2014 QF241
2014 QN254
2014 QM270
2014 QG322
2014 QD355
2014 RJ7
2014 RE47
2014 RK63
2014 UO68
2014 UN94
2014 UL97
2014 UB105
2014 UZ205
2014 WG49
2014 WJ107
2014 XF38
2014 XU39
2015 AA27
2015 AG178
2015 AW253
2015 BS17
2015 BC28
2015 BW30
2015 BE103
2015 BB426
2015 BC191
2015 BC196
2015 BD248
2015 BM513
2015 BN254
2015 BM270
2015 BU300
2015 BB317
2015 CZ11
2015 CX40
2015 CT48
2015 DH82
2015 DG118
2015 DF206
2015 EU8
2015 FB332
2015 HG21
2015 HC56
2015 HX62
2015 KX9
2015 KL10
2015 KK136
2015 LL34
2015 MR4
2015 MT8
2015 MQ103
2015 MO106
2015 MU106
2015 ML120
2015 NT12
2015 NB25
1997 CD21
1999 FG82
2000 GV128
2001 DW84
2001 FH181
2001 FB220
2001 SQ99
2001 TG57
2001 UY146
2001 UD170
2001 XA131
2002 GJ145
2002 GH188
2002 RF210
2003 KH3
2003 SE372
2004 DZ5
2004 FE57
2004 RT351
2004 TP211
2004 VK59
2004 XF50
2005 GJ40
2005 GV88
2005 JT124
2005 LZ17
2005 NT90
2005 NR104
2005 SY15
2005 SP65
2005 SQ75
2005 SX98
2005 SX287
2005 TG43
2005 UK78
2005 US89
2005 US116
2005 UA118
2005 UT122
2005 UE385
2005 UR151
2005 UU417
2005 UQ166
2005 UT173
2005 UE245
2005 UO265
2005 VA100
2005 VE108
2005 WY27
2005 WC88
2005 WH97
2005 WF130
2005 YF28
2005 YS63
2005 YJ190
2005 YQ194
2005 YR291
2006 AB64
2006 BQ209
2006 BR221
2006 CY2
2006 DL27
2006 DX146
2006 EN8
2006 HC107
2006 JH9
2006 JV66
2006 JL75
2006 JP81
2006 KJ28
2006 KN31
2006 KG34
2006 TC53
2006 UU3
2006 UK134
2006 UH232
2006 UP244
2006 VH39
2006 VL117
2006 WS4
2006 WQ5
2006 WK77
2006 XL10
2006 XK36
2006 XB45
2006 YP9
2007 BB14
2007 DN69
2007 EW55
2007 GD31
2007 HX
2007 HY41
2007 HE42
2007 RZ48
2007 RB73
2007 RL165
2007 RW249
2007 TQ3
2007 TU87
2007 TD189
2007 TP207
2007 TC250
2007 TY325
2007 UB53
2007 UC98
2007 UM111
2007 VM274
2007 XS23
2008 CK169
2008 CE197
2008 EF81
2008 EO145
2008 EV168
2008 FN24
2008 GC67
2008 GP138
2008 GU144
2008 HZ30
2008 JR9
2008 RQ88
2008 SZ232
2008 TN68
2008 UK20
2008 UQ217
2008 UT266
2008 WA21
2008 WH29
2008 WR118
2008 XN17
2008 XU35
2008 YU126
2008 YO151
2009 AX47
2009 BW94
2009 BO107
2009 DD87
2009 DN140
2009 FU27
2009 HU102
2009 JK11
2009 JK18
2009 KS33
2009 OZ22
2009 QM10
2009 SD127
2009 SG344
2009 UE37
2009 VZ43
2009 WU52
2009 WQ79
2009 WO91
2009 YW16
2010 AU85
2010 AC100
2010 AA133
2010 BV21
2010 BK27
2010 BG32
2010 BL35
2010 BR51
2010 BJ72
2010 BL123
2010 CD49
2010 CD126
2010 CD137
2010 CT138
2010 CJ209
2010 CQ221
2010 CF227
2010 CN246
2010 DA80
2010 EQ23
2010 EJ61
2010 EO147
2010 EX167
2010 FJ46
2010 FG71
2010 FM79
2010 FP79
2010 GM3
2010 GD20
2010 GL36
2010 GZ92
2010 GC156
2010 GY168
2010 HJ35
2010 JH18
2010 JN21
2010 JE50
2010 JM61
2010 JD137
2010 JQ145
2010 JP159
2010 KF95
2010 KX97
2010 KL101
2010 KT108
2010 LK93
2010 ML15
2010 MZ34
2010 MT52
2010 MT68
2010 MX70
2010 NS40
2010 ON36
2010 ON120
2010 PQ29
2010 RH
2010 SA32
2010 TU92
2010 VT143
2010 VG214
2010 WJ24
2011 AN55
2011 BY53
2011 BV105
2011 BT108
2011 BC128
2011 CB39
2011 DM7
2011 EL70
2011 FT50
2011 GH20
2011 GO39
2011 GU40
2011 GW47
2011 GQ84
2011 HZ76
2011 HT92
2011 HU93
2011 JJ5
2011 LN6
2011 LP10
2011 MR8
2011 SY61
2011 SG143
2011 SY274
2011 UM6
2011 UP381
2011 US127
2011 WY73
2011 YQ78
2012 BM16
2012 BN25
2012 BT115
2012 CA7
2012 DK1
2012 DK41
2012 DF81
2012 GA4
2012 JX13
2012 QX3
2012 SY3
2012 SJ37
2012 TQ12
2012 TA18
2012 TA43
2012 TL136
2012 TQ152
2012 TC205
2012 TH323
2012 UF7
2012 UR46
2012 XQ20
2013 AZ7
2013 AY13
2013 AG27
2013 BT29
2013 BK65
2013 CJ8
2013 CL19
2013 CP28
2013 CW40
2013 CE86
2013 CL92
2013 CX103
2013 EG109
2013 FV4
2013 FM12
2013 GB51
2013 HV23
2013 HK34
2013 HJ45
2013 HG56
2013 HE63
2013 HJ64
2013 HV74
2013 HS75
2013 HW85
2013 HR89
2013 HL98
2013 HE108
2013 HG109
2013 HL111
2013 HH120
2013 HQ127
2013 HR131
2013 HC147
2013 JQ6
2013 LK
2013 QC15
2013 QR49
2013 QM64
2013 SP63
2013 SU82
2013 TD113
2013 TE140
2013 YV31
2013 YS56
2013 YG71
2013 YE113
2014 AW6
2014 AH11
2014 DQ39
2014 DN50
2014 DZ93
2014 DO134
2014 DZ138
2014 FQ17
2014 HG28
2014 HM93
2014 HO179
2014 HC188
2014 JV18
2014 JH44
2014 KL101
2014 MB59
2014 ND62
2014 OU6
2014 OH15
2014 OV37
2014 OT42
2014 OY45
2014 OV48
2014 OT71
2014 OY119
2014 OE149
2014 OT169
2014 OG221
2014 PC13
2014 PL18
2014 QK399
2014 QS171
2014 QG179
2014 SR7
2014 SR93
2014 SY102
2014 SJ109
2014 SP157
2014 SS190
2014 SW254
2014 TC45
2014 UB64
2014 UZ79
2014 UK112
2014 UF208
2014 WG1
2014 WG404
2014 YT38
2015 AY158
2015 AZ196
2015 BA8
2015 BA13
2015 BM59
2015 BS61
2015 BV89
2015 BG109
2015 BK119
2015 BJ126
2015 BO128
2015 BS135
2015 BN151
2015 BQ166
2015 BV431
2015 BB433
2015 BV435
2015 BY443
2015 BK186
2015 BC461
2015 BH223
2015 BJ251
2015 BB261
2015 BK310
2015 CC29
2015 CX29
2015 CX57
2015 DC32
2015 DE47
2015 DH51
2015 DO66
2015 DC70
2015 DF71
2015 DY83
2015 DB87
2015 DW89
2015 DL92
2015 EY1
2015 EK44
2015 FU39
2015 FQ48
2015 FH78
2015 FJ78
2015 FG121
2015 FY148
2015 FY149
2015 FH151
2015 FZ332
2015 GJ18
2015 GM27
2015 GT27
2015 GG28
2015 GJ39
2015 GL45
2015 HZ11
2015 HZ64
2015 HJ82
2015 HG88
2015 HZ145
2015 KX8
2015 KX128
2015 KN137
2015 MT68
2015 MU95
2015 MD114
2015 MK126
2015 NV3
2015 NP4
2015 OW9
2015 OA14
2015 PM38
2015 PX43
2015 PL47
