id
6352
7316
8599
8790
8792
8952
8987
9589
9756
10649
10652
10925
11553
11882
11937
11981
12163
12245
12247
12394
12437
12484
12488
12503
12530
12576
12577
12611
12773
12910
12928
12942
13102
13129
13167
13301
13616
13645
13675
13767
14011
14034
14156
14253
14324
14437
14516
14547
14696
14780
14941
14960
14974
14979
15000
15244
15300
15324
15503
15581
15681
15684
15872
15873
15935
16011
16230
16327
16674
16677
16763
16809
16861
17038
17091
17119
17329
17372
17488
17534
17621
17799
17959
18021
18022
18121
18202
18254
18379
18407
18446
18448
18464
18466
18477
18548
18634
18790
18800
18806
18834
18843
18975
19049
19053
19071
19175
19265
19267
19273
19323
19344
19354
19394
19404
19428
19437
19439
19499
19500
19591
19603
19860
19904
19989
20094
20129
20200
20351
20496
20564
20600
20629
20687
20773
20815
20817
20918
20925
21097
21136
21143
21487
21490
21510
21548
21647
21894
21940
21954
21956
21960
22033
22075
22081
22169
22172
22292
22332
22481
22496
22634
22741
22820
22868
22879
23021
23043
23113
23207
23261
23370
23395
23453
23461
23505
23507
23611
23675
23803
23885
23938
24197
24232
24264
24333
24398
24435
24514
24556
24623
24630
24705
24869
25033
25063
25083
25094
25099
25191
25287
25290
25555
25662
25767
25807
25898
25957
26028
26056
26137
26299
26339
26390
26412
26442
26587
26745
26964
27009
27015
27183
27208
27212
27230
27312
27349
27482
27549
27564
27581
27665
27678
27732
27783
27865
27982
28100
28209
28383
28445
28540
28622
28682
28712
28785
28868
28936
29092
29174
29214
29313
29347
29350
29476
29488
29527
29549
29737
29760
29809
29852
29899
29921
29959
30074
30075
30215
30239
30327
30395
30421
30422
30470
30578
30778
30795
30941
30978
30979
31051
31083
31198
31222
31224
31262
31281
31312
31332
31473
31515
31536
31655
31681
31686
31729
31759
31787
31926
32071
32072
32191
32215
32299
32301
32360
32371
32574
32742
32795
32904
33111
33115
33119
33125
33129
33144
33159
33161
33169
33173
33181
33222
33407
33488
33550
33563
33611
33635
33644
33707
33713
33727
33866
34139
34202
34204
34258
34382
34395
34398
34399
34507
34563
34579
34605
34634
34664
34721
34725
34773
34895
34909
35316
35319
35425
35431
35436
35519
35544
35554
35564
35574
35575
35579
35583
35638
35641
35647
35980
35985
35989
35997
36115
36194
36247
36534
36540
36553
36621
36737
36762
36813
36843
36890
36932
37065
37127
37151
37169
37221
37273
37331
37339
37408
37532
37747
37755
37757
37759
37783
37905
37948
37957
37964
37981
38010
38013
38303
38315
38887
39018
39178
39242
39553
39670
39775
39935
40049
40074
40084
40093
40107
40117
40148
40154
40155
40166
40205
40211
40299
40420
40617
40644
40683
40699
40749
40761
40768
40794
40829
40848
40853
40993
41087
41224
41582
41787
41891
41958
41994
42038
42044
42164
42262
42291
42339
42365
42455
42702
42712
42749
42761
42762
42888
43006
43009
43010
43125
43149
43157
43242
43340
43419
43625
43654
43668
43923
44014
44023
44222
44241
44267
44271
44308
44331
44362
44371
44839
44929
44990
45016
45031
45067
45140
45204
45365
45372
45441
45446
45509
45554
45582
45711
45949
46220
46261
46276
46319
46339
46353
46547
46576
46611
46717
46863
46944
46985
46996
46999
47054
47111
47330
47424
47464
47510
47570
47571
47656
47665
47743
47747
47767
47869
47897
48215
48233
48326
48346
48530
48547
48556
48595
48615
48786
49225
49227
49234
49287
49310
49392
49408
49485
49494
49551
49555
49577
49632
49728
50127
50129
50266
50275
50276
50296
50382
50385
50391
50399
50412
50429
50456
50479
50683
50695
50752
50768
50777
50793
50795
50863
50923
50967
51017
51034
51179
51221
51321
51475
51682
51725
51741
51766
51769
51823
51982
51995
52175
52338
52468
52473
52607
52625
52636
52660
53059
53160
53189
53238
53240
53267
53546
53862
53878
53975
53997
54049
54058
54117
54138
54181
54224
54245
54252
54310
54364
54381
54447
54460
54485
54489
54490
54500
54510
54612
54647
54663
54907
55061
55168
55232
55284
55314
55379
55426
55556
55726
55756
55849
56079
56103
56164
56172
56231
56233
56267
56272
56305
56740
56760
56772
56783
56788
56814
56834
56899
56940
56955
57129
57187
57220
57223
57226
57235
57269
57314
57465
57525
57585
57609
57688
57829
57908
57974
58002
58033
58082
58221
58666
58675
58693
58711
58769
58861
58919
59461
59505
59524
59535
59599
59648
59700
59709
59800
59825
59880
59929
60019
60044
60331
60451
60477
60664
60817
61511
61549
61613
61725
61894
61955
62026
62039
62123
62343
62394
62403
62482
62485
62560
62968
63061
63076
63136
63144
63462
63742
63832
63940
64225
64245
64294
64304
64306
64307
64452
65086
65246
65373
65440
65446
65492
65712
66024
66049
66073
66098
66160
66230
66469
66519
66524
66651
66927
66988
67009
67010
67031
67179
67187
67225
67515
67636
67992
68057
68232
68316
68345
68370
68395
68447
68605
68706
69004
69167
69376
69380
69536
69777
69836
69853
69887
69900
69928
69976
70011
70278
70415
70593
70623
70639
70653
70675
70757
70957
70996
71059
71091
71112
71129
71150
71154
71160
71190
71192
71219
71263
71278
71304
71309
71364
71372
71518
71639
71676
71683
71721
72066
72244
72290
72338
72342
72453
72511
72674
72697
72902
73488
73544
73640
73651
73700
73738
73982
73996
74149
74253
74286
74390
74437
74468
74480
74483
74491
74495
74526
75566
75692
75737
75902
75934
75947
75955
75961
75967
76106
76123
76154
76208
76222
76321
76391
76399
76408
76447
76448
76459
76546
76564
76578
76657
76673
76723
76770
77340
77370
77624
77659
77711
77733
77804
77869
77930
78092
78103
78116
78495
78510
78615
78649
78828
78862
79348
79477
79480
79866
79911
79966
79979
80046
80052
80079
80117
81143
81144
81431
81486
81510
81643
81766
81826
81945
82021
82618
82623
82680
82706
82903
83050
83188
83261
83264
83371
83410
83464
83707
83730
83772
83838
83902
83912
83920
84344
84410
84508
84513
84518
84827
84853
84913
84951
85159
85255
85267
85605
85643
85667
85875
85923
85967
86017
86028
86091
86117
86202
86260
86298
86325
86334
86335
86367
86418
87108
87213
87380
87611
87623
87672
87812
87822
87908
88118
88125
88130
88131
88179
88223
88327
88382
88573
88714
89261
89338
89428
89900
89967
90023
90593
90732
90768
90846
91100
91131
91166
91408
91438
91522
91703
91714
91750
91797
91843
91870
91877
91906
91930
91968
92012
92068
92185
92192
92254
92273
92907
92973
92979
93043
93406
93714
93802
93882
93892
93922
93927
94058
94169
94179
95483
95628
95702
95902
95903
95931
95949
95956
96167
96453
96552
96580
96581
96593
96598
96610
96877
96891
96969
97071
97317
97594
97742
97749
97758
97772
98703
98704
98708
99121
99198
99709
99723
99973
99974
100478
100682
101421
101581
101599
101635
101666
101691
101917
101950
102157
103416
104307
104513
104771
104784
104806
104903
104915
105002
105041
105113
105157
105162
105166
105212
105229
105467
105505
105641
105741
105856
105946
106056
106062
106078
106208
106528
106719
106764
106814
106816
108015
108602
108777
108872
109180
109195
109240
109403
109498
109865
110630
110819
111027
111351
111547
111707
111747
112230
112290
112478
113242
113301
113507
113724
113916
114441
114890
115007
115009
115042
115576
115630
115656
116139
116300
116617
117196
117278
117373
117503
118463
118467
118857
118961
118963
120863
121308
121638
121732
121796
121797
121854
123151
123700
123838
123843
123917
124066
124091
125275
127370
127451
128164
128291
128418
128620
129174
129325
129704
130363
131292
131376
131453
131455
131472
132873
133020
133865
134219
134855
134857
134877
135104
135264
135361
135498
135745
136101
136454
138529
138530
138531
138540
138704
138764
138805
138863
139498
140925
140950
141074
141311
142784
143645
145376
145555
146045
146158
146180
146248
146250
146255
146944
147902
148450
148460
149734
150201
151479
153272
153293
154216
154222
154615
155848
155905
157262
158581
159708
159712
161126
161158
161463
161608
163610
163613
163673
164104
164199
164402
165137
165682
165787
165809
165911
165913
168154
168465
169320
169400
169441
172046
174041
174060
174552
175979
175991
178738
179485
181510
182025
183564
187008
188558
190693
190701
191176
193682
193744
196173
197058
197113
197298
200558
203810
204787
206278
206628
213057
213765
216919
217324
217668
237453
237608
240093
244065
260442
271733
299301
310697
317542
2008 UD253
2005 EC216
2005 EO256
2010 AD112
2010 AR135
2010 LV
2010 LL57
2010 MC107
2010 NO108
2010 OU58
2010 PZ11
2010 PQ49