id
4180
5038
6122
6842
6923
7274
7520
8562
8809
9510
9993
10086
10188
10281
10435
11133
11142
11214
11581
11834
12047
12180
12222
12635
12651
12656
12795
13011
13020
13107
13163
13233
13334
13472
13689
13728
13801
13953
13980
14236
14538
14542
14546
14566
14814
14846
15184
15185
15340
15401
15555
15614
15827
16197
16371
16479
16521
16564
16604
16606
16662
16778
16859
16887
16902
16914
16975
17020
17084
17142
17174
17216
17375
17425
17467
17535
17559
17574
17608
17671
17693
17906
18006
18194
18355
18385
18475
18537
18552
18556
18667
18696
18799
18927
18981
19016
19027
19471
19609
19723
19780
19786
19960
20046
20125
20193
20207
20208
20362
20459
20471
20578
20975
21034
21059
21235
21516
21793
21906
22031
22039
22159
22163
22214
22248
22259
22368
22374
22399
22624
22660
22677
23009
23094
23273
23399
23419
23504
23547
23778
23822
23882
23896
23921
23954
23957
24310
24360
24366
24379
24554
24718
24762
24823
25230
25233
25234
25253
25254
25262
25271
25445
25569
25594
25672
25709
25719
25750
25784
25841
25855
26073
26214
26351
26476
26511
26515
26597
26657
26700
26986
27056
27127
27198
27221
27294
27402
27442
27451
27487
27550
27555
27565
27830
27857
27913
28007
28139
28264
28300
28303
28473
28730
28830
28859
28880
28889
29041
29138
29299
29510
29543
29563
29572
29590
29601
29753
29900
29910
29933
29937
29940
29955
29974
30228
30233
30367
30438
30478
30479
30496
30523
30595
30661
30721
30784
30944
31087
31092
31188
31201
31243
31268
31286
31303
31325
31326
31327
31330
31337
31745
31786
32030
32119
32153
32177
32211
32255
32289
32368
32380
32394
32476
32481
32489
32548
32864
32907
32947
33253
33285
33577
33593
33712
33715
33774
33937
34064
34167
34185
34247
34360
34370
34374
34448
34464
34483
34615
34617
34657
34661
34672
34690
34736
34750
34757
34790
34810
34904
35068
35420
35503
35527
35573
35613
35639
35650
35652
35899
36012
36085
36148
36158
36160
36168
36275
36404
36671
36830
37025
37096
37097
37132
37268
37618
37750
37976
38429
38471
38505
38509
38514
38536
38587
38591
38604
38910
39052
39118
39133
39237
39269
40048
40127
40143
40159
40167
40254
40387
40461
40726
40841
40923
41014
41112
41239
41309
41319
41367
41375
41381
41395
41401
41993
42142
42184
42185
42209
42212
42271
42538
42794
43095
43290
43517
43564
43803
44503
44504
44937
45061
45139
45201
45288
45464
45530
45536
45593
45658
45692
45696
45724
45727
45730
45733
45737
45921
45936
46251
46293
46332
46493
46639
46640
46643
47140
47436
47461
47485
47514
47531
47773
47791
47820
47823
47838
47841
47847
47848
47864
47879
48154
48240
48444
48446
48569
48575
48811
48835
49503
49518
49563
49631
49643
49657
49904
50176
50204
50220
50378
50589
50660
50685
50701
50749
50790
50847
50987
51036
51062
51063
51081
51122
51224
51229
51234
51282
51283
51318
51770
51813
51834
51860
51870
51986
51992
52122
52142
52264
52293
52296
52675
52698
52957
53128
53303
53323
53324
53333
53349
53488
53622
53797
54123
54286
54402
54415
54494
54544
54554
54658
54671
54934
55108
55112
55132
55140
55240
55283
55328
55432
55599
55622
55735
56251
56317
56341
56720
56907
56924
56970
57264
57305
57506
57555
57837
58288
58688
58774
58797
58818
58827
58837
58857
58858
59218
59467
59477
59480
59678
59780
59900
59931
59956
59958
59968
60142
60190
60235
60262
60764
61020
61627
61881
61895
62019
62029
62118
62409
62585
62686
62703
63002
63094
63124
63157
63181
63302
63547
63613
63936
65145
65190
66093
66133
66143
66218
66335
66683
66715
66981
67029
67046
67048
67055
67069
67095
67128
67250
67271
68227
68268
68304
68305
68327
68461
68741
69758
69837
69906
69949
69963
69972
70013
70750
70751
70980
70998
71093
71159
71239
71273
71375
71397
71624
71632
71653
71673
72545
72645
72663
73419
73481
73527
74515
74520
74527
74530
75520
76414
76445
76452
76461
76570
76742
76777
77746
77759
77820
77901
79473
79999
80009
80057
81936
81937
81977
82540
82888
82959
83103
83130
83493
83541
83597
83737
83899
86062
86112
86129
87892
88063
91111
91480
91551
91656
92049
92056
92074
92130
92151
92167
92248
92262
92265
93814
93906
94042
94127
94198
94231
94284
96846
97163
101907
105805
106791
108980
109572
112822
115843
116280
120363
128264
129542
135172
145478
147846
153386
159340
159710
162777
173351
187018
187470
189714
231464
241576
242159
242597
245682
248985
261791
263699
283553
284443
284663
284667
287600
288095
291251
294132
294784
295342
295591
297158
299524
301964
315926
315956
316156
316537
321584
321653
337019
338372
341854
341891
344800
353342
353362
355788
355808
356428
356896
356903
357183
359614
359969
360064
362915
362965
362982
366253
368097
379511
385129
386633
388850
389562
389564
390296
390303
390317
392193
396108
414256
417274
420283
420743
422575
437286
437287
437296
2008 KM19
2008 SK146
2009 SP340
2009 UD78
2010 VM115
2010 VR192
2010 WE13
2011 LA20
2013 BN3
2013 BP14
2013 CS39
2013 TL143
2014 WC472
2015 FV107
2015 HP120
2008 EA18
2008 GL101
2008 GD140
2008 RE143
2010 OX44
2010 UT73
2012 TW284
2013 CK32
2014 DA42
2014 UO203
2015 HD79