id
1677
1828
1832
2352
3055
3158
3159
4085
5183
6546
6740
6882
6939
7971
8132
8180
8641
8653
9512
10465
11454
13565
14915
15595
15719
16901
17138
17852
19605
19610
20680
20712
20732
20864
22090
22092
22694
22820
23211
24254
25503
27650
27895
28172
28464
28472
28731
28886
29149
29184
30258
30304
30606
31373
31399
31752
33672
34414
34636
35494
35947
35963
36572
36737
36897
36964
37693
38022
38230
38521
38559
38750
38847
38971
40072
40073
40393
40996
41233
41438
42038
42574
42961
43151
43172
44406
45402
45929
46061
46171
46866
48257
48485
49400
50553
50789
50964
51302
51364
52605
53222
53286
53374
53386
54381
55056
55148
55172
55180
55362
55930
56099
56268
56287
56967
57243
57279
57913
58694
59067
59479
59727
60009
60812
62397
62644
62908
63048
64359
65474
65898
66248
66776
68004
68545
70020
70531
71915
72780
73631
74336
75852
76149
76151
76342
76405
76783
76812
77044
77056
77128
77211
77675
77796
78269
78970
79964
81072
81503
81580
81637
81847
81922
82040
82351
82396
82490
82795
82872
83051
83886
83902
84555
87587
87611
87695
87802
87911
87950
87976
88137
88140
88503
89167
90213
91067
92261
93361
93452
93926
93931
93969
94045
94620
95477
96317
96922
96961
99039
100768
101689
101759
102371
104113
104179
104185
104882
105448
106763
106793
108075
108091
108415
109306
109602
109689
110018
110022
110495
110524
110636
110690
111071
111291
111548
112613
112839
112897
113385
113592
114337
114598
114733
114763
115816
116111
116278
116305
116439
117430
117437
117584
117733
117848
118700
119020
119373
119374
119491
120180
120306
121277
121524
122550
122596
123499
123580
123784
125553
125636
126049
128160
131365
132529
132963
133232
133348
133808
133850
135023
136092
136449
136516
137886
138270
138332
138429
138632
138650
138867
139358
139710
139757
140476
142345
142546
143594
143598
144571
145175
146419
146421
146550
147793
148293
150023
150900
150968
151142
151213
151589
151780
151862
153778
153923
156348
156580
156979
157042
157512
157615
157676
158900
160502
161683
163859
164376
165921
166345
167259
168375
169713
170058
170533
172663
172670
173743
175782
176340
176764
177443
177761
178016
180084
180385
180465
180479
180537
180661
181122
181346
182537
185782
186267
186572
186631
186898
187104
188282
189122
189570
190068
190437
191822
193018
193320
193616
193634
195556
196105
198180
198573
199976
201422
202140
202188
202400
204718
206529
206607
207196
208237
209298
209669
211796
212220
214001
214196
214605
215780
216389
216909
218014
218649
219469
219707
219750
221311
221732
221993
224563
225198
225205
225583
227020
227127
230081
231291
231668
231850
232529
232934
235149
236392
236526
236581
236672
236886
237124
239155
240658
241068
241365
241761
242270
242686
243535
243863
243906
245291
245364
245480
246108
246241
247064
248698
248719
249318
249706
249809
249883
250658
251619
252331
252497
252847
254291
256076
256363
258448
259078
259301
261277
262150
262386
263012
263100
263461
263752
264684
264822
265796
266263
266353
266712
267417
267486
270510
271628
272099
273217
273737
274486
275073
275692
276902
276943
278460
279774
281478
281599
281603
282372
283288
284097
285174
286153
286338
287713
287723
288143
288522
291606
293025
296456
297241
297527
297669
298117
299314
300160
301770
302185
303472
303500
303623
305091
305130
306651
308229
308531
311021
311292
311728
313208
313630
314539
314868
315368
315486
318038
318351
319003
319010
319149
319645
320025
321098
321927
323983
325017
325029
325653
326347
326452
326929
327983
328926
329143
329249
329404
329957
330499
331148
331178
331197
331466
332964
333130
334372
334991
335771
335801
336232
336294
336546
336818
337203
337995
340598
341197
342345
342351
342794
343005
344983
345585
345676
346148
346207
347016
349209
350313
351022
351555
351825
352008
352094
352181
352284
353302
353928
354451
356828
357386
357889
357928
358331
360047
361461
363926
365333
365507
365526
366141
367386
368682
369075
370118
370291
371678
373531
376670
377352
378822
379795
382108
384115
384583
384755
386071
386550
387629
388844
389133
390628
391564
391850
392975
393323
393738
394452
394463
394573
395017
395244
396253
396357
396418
396827
396947
397719
399086
400404
400562
401384
401505
402337
402570
403457
404706
405653
408429
409653
410057
410117
410464
410587
411358
413800
414542
414546
414621
416013
416637
416746
416860
416913
417622
417715
418320
420557
420635
421182
421563
422287
422450
423586
428277
428753
429081
429892
429950
430041
431555
431639
432902
433121
433499
433501
433547
433620
435227
435989
436740
437835
438759
439128
439249
439549
439646
2000 WW63
2001 SO203
2002 NC72
2002 QL148
2002 RO112
2002 TE98
2002 TM149
2002 TK315
2002 XN119
2003 FK132
2003 SA337
2003 UX370
2004 BE26
2005 JA175
2005 JY177
2005 MJ33
2005 QE81
2005 SL285
2005 SX288
2005 US395
2005 UV138
2005 UB516
2005 VJ101
2005 VL101
2005 WF14
2006 BJ108
2006 SM389
2006 SY154
2006 TL91
2006 UA31
2006 UM46
2006 UP247
2006 VF72
2006 XS38
2007 AZ16
2007 CZ8
2007 DP16
2007 DW71
2007 RE212
2007 TP430
2007 UQ140
2007 VO136
2007 VP303
2007 WB13
2008 AX9
2008 BE4
2008 BY12
2008 BY53
2008 CS30
2008 EX44
2008 FU44
2008 FC117
2008 GZ145
2008 SR231
2008 SX283
2008 UA148
2008 UK193
2008 UL252
2008 VS74
2008 YZ138
2009 CA46
2009 DU54
2009 HC71
2009 JK5
2009 SP164
2009 ST353
2009 WX74
2009 WN81
2010 AF63
2010 AH69
2010 BG87
2010 CG192
2010 LM87
2010 MX89
2010 OR88
2010 PZ4
2010 PT10
2010 QB7
2010 TG17
2010 UU4
2010 UU16
2010 UW62
2010 UW83
2010 VA132
2010 VH211
2010 XV26
2011 CO105
2011 DY24
2011 FO30
2011 FP64
2011 PW13
2011 QY63
2011 QW78
2011 RK19
2011 SB167
2011 ST212
2011 SL231
2011 TP4
2011 UF56
2011 UR87
2011 WQ9
2011 WU59
2011 YD44
2012 FM28
2012 FX56
2012 HH13
2012 HN30
2012 TY291
2012 UC61
2012 VS56
2012 XA100
2012 XO137
2013 AE33
2013 AR93
2013 AO100
2013 CA55
2013 CD124
2013 CS135
2013 CV140
2013 CD156
2013 FW18
2013 HV2
2013 HS26
2013 LO24
2013 PX51
2013 PU56
2013 QX57
2013 SS34
2013 SM56
2013 SF83
2013 YP30
2014 BV54
2014 DR5
2014 EV8
2014 EC34
2014 KK69
2014 KD100
2014 MX1
2014 NC16
2014 NG16
2014 NK21
2014 NP47
2014 OB360
2014 OD188
2014 QW306
2014 RM44
2014 SZ265
2014 SC333
2014 UF167
2014 UZ176
2014 VC30
2014 WG126
2014 WH469
2014 WE277
2014 XG18
2015 AK245
2015 BH406
2015 BD157
2015 BL455
2015 DB197
2015 DU214
2015 FT19
2015 FN32
2015 FX125
2015 FM279
2015 HF180
2015 KP12
2015 MD115
2015 MA128
2015 NX1
2015 NA9
2001 FC215
2002 AZ92
2003 SA25
2003 SA399
2003 UW342
2004 JW4
2005 QW143
2005 UU11
2005 UB432
2005 VP29
2005 VT133
2005 WY124
2006 OG24
2006 WF137
2007 BJ37
2007 EU97
2007 UZ118
2007 VS181
2007 WV57
2008 AA95
2008 CW68
2008 CN205
2008 FR118
2008 GS45
2008 RF12
2008 TN174
2008 UK23
2009 KO19
2009 SF186
2009 XB4
2010 AA108
2010 BU52
2010 BG84
2010 CH10
2010 CR191
2010 CF216
2010 DP84
2010 ET16
2010 EO22
2010 GU1
2010 GW40
2010 GD86
2010 GC88
2010 HK36
2010 HJ51
2010 HD68
2010 HM95
2010 JQ65
2010 JQ142
2010 KL44
2010 KS80
2010 KS88
2010 KK89
2010 KH120
2010 LS5
2010 LK70
2010 LV102
2010 LA119
2010 NG43
2010 NT77
2010 NX93
2010 NY98
2010 NZ111
2010 OX20
2010 OS46
2010 OX117
2010 PZ29
2010 PA54
2010 VH117
2010 XD73
2011 BQ34
2011 BC70
2011 HA5
2011 SV103
2011 UA76
2011 UJ407
2011 UR196
2011 UM286
2011 WY136
2011 YP13
2011 YG43
2012 BV27
2012 QZ8
2012 RG11
2012 TQ16
2012 TU94
2012 TN205
2012 VC9
2012 VS78
2012 XS42
2012 XW63
2013 AW100
2013 AF142
2013 AF153
2013 AG168
2013 EW149
2013 HM4
2013 HL13
2013 HM85
2013 HB117
2013 JS4
2013 LM6
2013 LT32
2013 PX1
2013 PR5
2013 PX29
2013 SJ99
2013 YQ106
2014 BK7
2014 HR32
2014 OO211
2014 OC270
2014 PN43
2014 QL241
2014 UZ121
2014 UJ173
2014 WJ136
2014 WA142
2014 WS185
2014 XL17
2015 AK46
2015 AQ249
2015 BM86
2015 BF121
2015 BT508
2015 DV79
2015 DH127
2015 DB133
2015 DX158
2015 FE24
2015 FJ312
2015 GK23
2015 GE35
2015 GZ42
2015 HS127
2015 HR179
2015 KH20
2015 MU50
2015 PT8
