id
3913
6035
6065
6510
6662
7523
8268
8345
8876
9376
9605
9785
10931
11362
11712
12466
12728
12791
12803
13703
13928
14232
14355
14834
14968
15701
15769
16438
16685
17071
17756
17778
18675
19407
20362
20489
20610
20624
20680
21677
23005
23079
23108
23320
24117
24191
24300
24657
24716
25024
26091
26092
27322
27329
27455
28407
28772
28867
29606
29705
30774
30776
30968
31436
32623
33186
33351
33548
34052
34262
35412
35542
36118
36496
37081
38885
38937
42688
42785
42790
45146
46172
46829
46830
48251
48972
49202
50349
52815
53036
54471
55521
56396
57194
58336
64463
67531
75241
75366
84825
85937
88323
88673
95031
101678
111040
118351
124841
126493
132059
142964
148846
152165
192620
200654
1998 MR24