id
326
548
1026
1401
1500
1526
1676
1713
1842
1942
2017
2036
2130
2259
2513
2693
2745
2838
2896
3050
3072
3076
3336
3382
3429
3520
3535
3681
3953
3959
3989
4048
4322
4422
4811
4822
4855
5034
5064
5077
5085
5203
5518
5533
5667
5767
5861
6121
6160
6234
6266
6268
6438
6481
6526
6589
6744
6771
7014
7043
7163
7268
7357
7422
7527
7702
7709
7726
7729
7738
7774
7854
7869
8258
8338
8352
8521
8527
8749
8852
8874
8999
9061
9095
9221
9374
9474
9482
9531
9596
9764
9876
10308
10309
10362
10468
10479
10497
10525
10676
10710
10721
10732
10778
10922
10953
11013
11125
11283
11338
11499
11564
11746
11756
11872
11918
12068
12326
12328
12511
12715
12858
12980
12999
13165
13223
13403
13479
13494
13506
13592
13604
13930
13932
13970
14234
14364
14444
14464
14563
14565
14601
14694
15311
15344
15348
15407
15569
15604
15660
15661
15710
15726
15922
16320
16357
16444
16448
16697
16852
16863
17075
17258
17288
17312
17326
17385
17459
17544
17588
17714
17738
18132
18329
18513
18578
18594
18625
18630
18648
18918
19045
19387
19536
19543
19574
19738
19916
20141
20163
20240
20441
20567
20983
21033
21101
21108
21394
21420
21457
21568
21626
21634
21640
21642
21669
21696
21736
21748
21914
22019
22109
22453
22520
22524
22530
22544
22872
22981
23155
23359
23424
23483
23495
23513
23551
23653
23727
23729
23754
23767
23992
24094
24155
24256
24376
24488
24601
24825
24830
24922
25023
25034
25116
25435
25481
25516
25638
25693
25725
25936
26141
26264
26267
26305
26307
26316
26659
26737
26751
27100
27123
27724
27760
27925
28050
28153
28210
28353
28419
28525
28564
28611
28714
28794
29007
29121
29124
29279
29443
29612
29645
29741
29971
29988
30007
30253
30259
30273
30299
30514
30811
30824
30895
30911
30960
31369
31565
31844
31863
31893
32080
32758
32812
32919
33053
33221
33375
33389
33825
33889
33915
33931
33938
33978
34303
34391
35077
35086
35128
35354
35357
35390
35697
35749
35754
36004
36319
36353
36399
36406
36426
36630
36770
36808
36865
36942
37381
37422
37473
37631
37636
37734
37788
38056
38088
38153
38157
38182
38214
38220
38627
38680
38708
38802
38842
39108
39560
39596
39613
39769
39808
39899
40307
40345
40388
40395
40609
40698
41439
41484
41497
41527
41551
41674
41749
41976
42035
42046
42275
42295
42330
42344
42378
42468
42518
42667
42808
42839
42840
42857
42886
42895
42923
43200
43355
43663
43710
43779
43780
43932
43966
44038
44128
44129
44161
44429
44850
45058
45137
45369
45383
46108
46326
46345
46445
46610
46793
46814
47181
47195
47204
47212
47298
47327
47402
47449
47493
48114
48129
48625
48851
48876
48884
48888
48897
48904
48929
49053
49689
49703
49770
49822
49893
49933
49959
50080
50520
51443
51456
51530
52069
52313
52361
52482
52757
52786
52862
52865
52884
52890
52954
52974
52987
53023
53474
53489
53501
53508
53644
53796
53799
53826
53876
53999
54125
54390
54443
54701
54725
55595
55759
55804
55832
55866
56052
56316
56361
56387
56409
56455
56476
56539
56550
56594
56659
57060
57067
57107
57240
57362
57852
58004
58053
58198
58316
58428
58437
58450
58477
58579
58595
58600
58903
59007
59123
59250
59398
59441
60259
60292
60506
60543
60791
60834
60891
60920
60961
60999
61064
61079
61086
61145
61149
61153
61192
61208
61321
61368
61495
61661
61932
62021
62063
63322
63676
63826
63896
63966
64072
64436
64670
64699
64896
64910
65275
65616
65628
65629
65678
65694
65749
65834
65897
66006
66023
66061
66243
66244
66255
66284
66297
66342
66357
66386
66387
66402
66691
66720
67387
67477
67513
67539
67555
67615
67648
67699
67724
67731
67758
67789
67851
68008
68066
68110
68140
68194
68697
68771
68825
69263
69567
69678
70062
70064
70078
70095
70106
70168
71839
71910
71999
72009
72061
72132
72205
72442
72457
72976
73032
73079
73135
73215
73580
73755
73854
74132
74599
74605
74677
74702
74706
74776
75054
75100
75115
75205
75276
75283
75745
76896
76897
77141
77266
77952
78129
78805
78925
78975
79304
79356
79365
79382
79384
79526
79529
79600
79618
79674
79679
79706
79737
79821
80178
80209
80280
80364
80429
80442
80461
80470
80485
80744
80816
81181
82183
82201
82331
82615
82860
84036
84228
84524
85176
85308
85461
85482
85484
85609
85622
85674
85711
85731
85769
85816
85856
85876
85957
86368
86390
86467
86566
86654
86677
86682
86699
86750
86755
86777
86780
86797
86837
86839
86844
86845
86849
86863
86913
86921
86931
86975
88281
88286
88296
88378
88409
88463
88639
88800
88943
89145
89200
89556
89643
89658
89676
89729
89824
90109
90385
90401
90460
90552
90656
90793
90852
90924
90935
91246
91260
92289
92342
92372
92403
92423
92424
92445
92450
92478
92539
92590
92798
94340
94343
94388
94449
94479
94531
94556
94770
94774
94784
94866
94938
95216
95350
95375
95399
95783
95803
96106
96137
96186
96350
96800
97444
97798
97806
97860
97936
97992
98004
98090
98091
98134
98136
98255
98289
98301
98322
98381
98411
98495
98522
98611
99266
99412
99440
99461
99498
100020
100745
100786
100810
100831
100832
100839
100886
100958
100999
101042
101045
101073
101081
101101
101126
101147
101181
101277
101422
101875
101878
101887
101914
101919
101949
101963
102020
102031
102055
102076
102125
102251
102262
102308
102310
102468
102526
102547
102557
102661
102700
102707
103185
103357
103429
103773
103832
104003
104935
105147
105500
105575
105599
105731
106335
106384
106420
106641
106712
106794
106804
106833
106980
106984
107003
107054
107084
107109
107198
107206
107238
107721
107801
108005
108087
108268
108307
108336
108368
108407
108414
108818
110545
111402
111410
111569
111803
111836
111931
111953
112030
112041
112076
112084
112199
112229
112674
112797
112878
113184
113596
113604
113610
113876
114059
114118
114122
114335
114364
114485
114493
114692
115006
115539
116242
116652
116671
116728
116747
116790
117104
117291
117366
117481
117550
117581
117611
117684
117959
117975
118014
118023
118058
118278
118286
118298
118309
118322
119042
119050
119078
119122
119164
119334
119461
119957
120004
120018
120060
120430
120461
120499
120532
120964
120969
120989
120995
121000
121041
121078
121089
121888
121956
122010
122043
122079
122096
122152
122155
122182
122245
123153
124137
124182
124183
124191
124207
124286
124287
124294
124318
124360
124368
124388
124439
124441
124451
124472
124512
124522
124571
124624
124648
124749
124881
124890
124988
125351
125569
125739
126140
127476
127484
127647
127719
127901
127975
128319
128324
128560
128684
128772
128796
128822
128882
129067
129078
129190
129395
129778
129793
130420
130435
130446
130490
130545
130549
130612
130689
130811
130835
130897
131521
131540
131612
131675
131847
131894
131951
131960
132444
132471
133106
133176
133215
133223
134297
134320
134332
134338
134347
134385
134517
134519
134564
134571
134608
134610
134908
134932
134958
135533
135560
135564
135576
135597
135604
136140
136160
136207
136537
136713
136871
137210
137260
137271
137302
137310
137320
137344
137361
137368
137374
137411
137459
137471
137493
137517
137628
137767
137822
137853
138017
138945
138953
138989
139026
139038
139052
139070
139111
139223
141532
141566
141600
141609
141619
141649
141681
141685
141694
141723
141729
141794
141812
142120
142309
142984
143777
143792
143848
143909
143916
143920
143934
144135
144151
144297
144400
144413
144918
145102
145122
145569
145595
145625
145664
145711
145917
145920
145924
145942
145969
145990
146000
146011
146032
146048
146274
146295
146980
146985
146999
147000
147031
147165
147529
147700
147714
147960
147974
147982
147983
148002
148046
148120
148166
148168
148170
148178
148230
148487
149185
149214
149220
149249
149270
149302
149611
150219
150332
150396
150411
150685
150693
150733
150840
151538
151557
151558
151606
151635
151908
151923
151931
151934
151954
151988
152266
152700
152906
152935
152992
153318
153346
153370
153475
153741
154270
154272
154301
154326
154353
154367
154370
154664
154675
154702
154718
155008
155035
155101
155467
155606
155621
155629
155632
155940
155945
155988
156043
156065
156161
156163
156213
156319
156715
156724
157981
158161
158173
158186
158187
158221
158297
158868
158961
159466
159567
159759
159760
160081
160082
160206
160306
160400
160408
160692
160700
160713
160879
160946
161093
161249
161289
161454
161545
161550
161755
161795
162009
162023
162493
162509
162514
162529
162571
162573
162622
162644
162647
163701
163710
164261
164263
164288
164296
164411
164446
164498
165143
165147
165149
165155
165157
165180
165223
165228
165241
165292
165300
165336
166118
166212
166917
166944
167112
167740
167766
168075
168105
168311
168613
168736
168743
168746
168759
168781
168788
168789
168797
168819
168883
168947
168983
169455
169466
169493
169678
170263
170894
170919
171269
171301
171491
171682
171775
171776
172113
172134
172428
172491
172493
172852
172861
172882
172978
172986
173095
173109
173157
173184
173262
173447
173497
173515
173519
173527
173568
173592
173621
174109
174118
174128
174584
174589
174601
174622
174637
174675
174698
175120
175153
175172
175202
175405
175665
175813
176045
176068
176082
176109
176151
176620
176634
176725
176812
177140
177147
177162
177174
177284
177706
178020
178396
178470
178471
178482
178523
178573
178801
179591
179609
179612
179625
179628
179643
179661
179700
179740
179770
180200
180217
180251
180277
180281
180372
180376
180847
180915
181306
181333
181377
181413
181464
181808
181907
181928
181932
181956
181957
181967
182005
182008
182250
182973
182998
183003
183019
183021
183043
183070
183101
183116
183195
183201
183226
183324
183610
183733
183896
184510
185035
185777
185799
185975
186397
186420
186423
186425
186467
186485
186487
186496
186662
186666
186747
187055
187082
187091
187576
187744
187772
187840
187971
188216
188218
188390
188440
188614
188687
189078
189164
189272
189432
189436
189438
189439
189507
189646
189662
189980
189995
190165
190288
190336
190575
190722
190732
190734
190742
190767
190784
190786
190837
190847
190947
191612
191968
191996
192264
192317
192544
192562
192578
193779
193781
193815
193825
193834
193838
193867
193872
193882
193884
193890
193918
193937
193950
193956
193971
193984
193994
194026
194048
194068
194103
194182
194209
194219
194221
194242
194299
194301
194317
194331
194438
194455
194481
194502
194543
194760
194784
195027
197578
197583
197591
197592
197600
197603
197638
197659
197673
197707
197709
198932
198944
199025
199047
199203
199288
199812
199816
199831
200163
200328
200566
200587
200608
200616
200625
200670
200675
200718
200741
200764
200791
200834
200868
200883
201442
201466
201488
201947
202053
202123
202491
202694
202939
203307
203401
203446
203470
203489
203511
204292
204302
204325
204377
204405
204427
204636
204737
204967
205236
205447
205613
205626
205681
205745
205853
205861
205872
206319
206334
206346
206951
207208
207445
207770
207779
208030
208518
208523
208539
208545
208621
208625
208629
209117
209523
209533
209559
209936
209954
210660
210723
210995
211041
211053
211062
211093
211094
211096
211164
211496
211582
211619
211672
211922
211928
212734
213004
213174
213207
213470
213504
213516
213811
213818
213822
213832
213922
214579
215294
215594
215596
215615
215652
215854
216304
216311
216479
216651
216754
216936
216958
217154
217165
217399
217514
217525
217708
217714
217727
218109
218139
218143
218148
218160
218326
218566
218851
218857
218915
219018
219038
219064
219153
219189
219193
219200
219228
219239
219266
219491
219992
219997
220013
220042
220047
220080
220096
220104
220157
220216
220915
220918
220931
221376
221600
221801
221802
221811
221989
222011
222122
222177
222935
222964
222988
222989
222994
222997
223007
223014
223016
223038
223049
223060
223062
223069
223083
223091
223108
223525
225092
225266
225332
225425
225647
226092
226103
226127
226130
226135
226146
226147
226161
226170
226186
226211
226222
226225
226234
226285
226632
227093
227098
227107
227110
227144
227255
227322
227891
228281
228458
228733
228740
228748
229033
229058
229074
229319
229329
229337
229763
229767
229945
230131
230144
230452
230480
230490
230502
230504
230521
230531
230536
230540
230551
230562
230581
231069
231076
231094
231122
231175
231202
231436
231482
231678
231753
231786
231796
231964
232015
232035
232042
232380
232381
232384
232392
232403
232410
232449
232750
233132
233135
234164
234419
234421
234468
234482
234556
234559
235034
235089
235600
235604
235612
235616
235686
235727
236129
236171
236182
236192
236193
236203
236216
236794
237406
237606
237633
237659
237681
238036
238060
238069
238108
238432
238447
238523
238830
238893
239535
239872
240281
240290
240294
240314
240550
240552
240554
240559
240567
240575
240836
240878
241121
241140
241179
241791
242165
242167
242175
242206
242221
242226
242237
242805
242813
243094
243099
243439
243788
244005
244033
244134
244198
244313
245081
245090
245112
245129
245136
245197
245647
246101
246123
246151
246165
246177
246220
246320
246599
247035
247069
247084
247086
247100
247106
247119
247143
247457
247751
247772
247783
247795
247803
247815
248628
248633
249547
249558
249711
249743
249747
250058
250093
250290
250292
250301
250304
250331
250332
250351
250367
250401
250976
250980
250990
251369
251376
251595
251643
252210
252804
252820
252822
253359
253468
253482
253496
253504
253511
253512
253518
253519
253525
253561
253584
253587
253611
253629
253639
253654
253701
253750
253830
254483
255538
255561
255596
256606
256675
256691
257260
257262
257265
257279
257598
257605
257622
257654
257898
257957
258532
258750
258775
259420
259439
259442
259494
259546
259550
259578
259641
259682
259695
259702
259708
259712
259714
259727
261842
261902
261933
261941
262000
262016
262048
262197
262230
262343
263906
264313
264316
264318
264319
264333
264362
264475
264793
264818
264861
265125
265190
265236
265267
265488
265494
265529
265546
266088
266118
266132
266133
266169
266173
266494
266510
266951
267024
267047
267074
267095
267225
267235
267584
267594
267598
267635
267666
267669
267684
267942
268746
268759
268813
269147
269167
269172
269383
269715
269731
269799
269842
270027
270045
270067
270068
270577
270595
270698
270724
270857
270953
271156
271407
271465
271486
272132
272225
272299
272302
272368
272391
272564
272644
273286
273374
273455
273469
273523
273671
274183
274218
274252
274271
275314
275675
276235
276237
276296
276320
276321
276373
276391
276403
276539
276562
276722
276736
276753
276777
277147
277186
277187
277200
277218
277310
277311
277376
278405
278564
278600
278605
279130
279132
279234
279416
279754
279903
279905
279947
279969
279970
280236
280478
280484
280776
280799
280810
280834
280875
281145
281161
281377
281379
281768
281936
281960
282127
282132
282465
282524
282576
282870
283539
283916
283939
284096
284449
284683
284717
284725
284748
285010
285049
285065
285257
285310
285434
285689
285708
285813
285987
286125
286164
286169
286282
286405
286531
286557
286818
286847
287001
287073
287208
287246
287348
287363
287557
287591
287671
287701
287731
287746
287941
287980
288083
288135
288407
288617
288618
288637
288738
288765
288811
288848
289006
289043
289273
289286
289360
289587
289721
289866
289901
290147
290177
290521
290775
291112
291114
291623
291691
291772
291853
291914
291915
291987
292062
292362
292453
292793
292976
293649
293659
293698
293711
293731
293732
293788
293982
294016
294017
294311
294336
294849
294857
295236
296468
296494
296758
297018
297186
297281
297567
297569
297603
297607
297615
297632
297657
297745
297785
297795
297809
297853
298330
298770
298794
298807
298808
298814
298816
298835
298869
298908
298920
298964
298976
298984
299546
301029
301049
301071
301602
301815
302140
302151
302161
302168
302176
302190
302300
302309
302408
302867
302884
303242
303278
303281
303296
303310
303349
303357
303372
303379
304129
304892
305555
305570
305624
306079
306108
306358
306631
306698
306800
307077
307985
307993
307996
308057
308060
308079
308685
309852
310055
310072
310273
310285
310471
310476
310479
310602
310607
310636
310658
310682
311152
311159
311176
311179
311560
312006
312065
312179
313063
313073
313083
313091
313315
313336
313341
313595
313624
313629
314025
314026
314027
314110
315189
315191
315196
315198
315201
315221
315299
315305
315322
315340
315405
315980
316020
316183
316681
316756
316908
316909
317172
317213
317290
317351
317455
317695
317713
317716
317760
317784
317816
317889
318401
318415
318596
318922
319109
319192
319272
319505
319778
319863
320264
320459
320501
321105
321268
321310
321461
321855
322477
322609
322663
322745
322955
323188
323194
323216
323289
323303
323320
323327
323331
323663
323693
323711
323714
324341
324347
324901
324914
324919
325034
325117
325403
326249
326505
326519
326573
326776
326813
327121
327134
327144
327639
327641
327646
327649
327654
327680
327702
327719
327723
327771
328500
328510
329247
329267
329444
330240
330242
330372
331380
331430
331497
331645
331678
331744
331746
331754
332032
332264
332320
332484
332712
332817
332886
333159
333308
333406
333455
333580
333724
333728
333857
334530
334570
334636
334638
334665
334962
334964
335256
335265
335301
335315
335324
335351
335747
335782
336048
336077
336104
336559
336650
337070
337077
337085
337240
337346
338142
338166
338206
338215
338233
338270
338385
338387
338988
339548
339578
339589
339608
339615
339632
339644
339652
339661
339680
339685
339704
339709
339724
339726
339731
339754
339773
339793
339794
339810
339815
339828
339845
339853
339866
339868
339890
339903
339919
339949
339951
340005
340016
340134
340863
340878
340880
340929
341916
343392
343714
343732
343782
343815
343820
344553
344619
345109
345116
345118
345147
345177
345197
345201
345212
345241
345246
345248
345257
345261
345291
346894
347224
347226
347364
347365
347382
347544
347605
347624
347918
348433
348440
348466
348477
348504
348529
348549
348565
348582
348665
348797
349076
349105
349441
349533
349564
350087
350392
350421
350585
350658
350668
350670
350683
350697
350705
350717
350982
351217
351255
351519
351526
351624
351631
351655
351660
351689
351695
351713
352715
352767
353463
354043
354069
354077
354086
354092
354340
354356
354502
354506
354729
354823
354836
354844
354854
354864
354868
354874
354884
354939
354941
354949
355263
355767
355801
355805
355831
355888
356512
356534
357040
357070
357103
357527
357544
357591
358000
358032
358033
358061
358467
358475
358494
358550
359395
359543
359701
359897
360044
360269
360271
360355
360365
360374
360505
360510
360520
360713
360740
360760
361112
361133
361135
361542
361558
361566
361592
361605
361642
361650
361703
361998
362033
362035
362628
363257
363722
364576
364592
364622
364628
364644
364660
364661
364671
364685
364692
364731
365109
365123
365128
365207
365489
365536
366214
366369
366632
366654
366682
367069
367090
367294
367298
367738
368468
368486
368522
368560
368860
368867
369042
369513
370490
370572
370601
370611
370637
371357
371361
371365
371372
371375
371426
371516
371528
371887
371921
371954
372362
372825
372832
372873
373142
373161
373165
373400
373853
373930
373953
373975
373992
374002
374068
374680
374705
374780
374781
374783
374784
374795
374838
375187
375189
375194
375254
375675
375679
375682
376093
376112
376123
376663
376823
377018
377203
378030
378063
378065
378089
378091
378103
378117
378151
378551
378594
379872
379993
380329
380499
381020
381027
381037
381041
381062
381066
381070
381352
381357
382170
382624
382639
382666
382722
382831
382843
382852
382996
383349
383419
383427
383446
383828
384277
384287
384328
384678
384766
385369
385411
385879
385973
386251
386615
386623
386636
386866
386884
386892
386976
386984
387077
387564
387692
387706
387987
388041
388434
388864
389384
389891
389911
390189
390550
390604
390982
391037
391316
391420
391439
391444
391481
391483
391489
391837
391859
392225
392260
392759
392940
393381
393427
393434
393445
393878
393909
393978
394016
394042
394383
394421
394827
395122
395814
396238
396306
396318
396536
396547
396602
396619
396797
396803
396826
397204
397221
397449
397452
397829
397838
397882
398141
398333
398342
398696
398973
399427
399530
399531
399664
399710
400251
400536
400592
401003
401011
401029
401057
401066
401439
401913
401916
401927
402152
402837
402846
402895
403002
403257
403796
403822
403833
403846
403883
404651
404793
405036
405053
405431
405856
406299
406302
406334
406365
406366
406543
406823
406837
406919
407290
407296
407695
407697
407718
407796
407807
408101
408631
408712
408740
408837
408896
409023
409319
409320
409706
409760
410178
410179
410201
410206
410254
410267
410270
410288
410298
410329
411192
412027
412066
412068
412074
412080
412161
412531
412582
412619
412641
412662
412852
412863
412932
413215
413282
413396
413401
413422
413426
413438
413729
414055
414071
414124
414395
414406
414432
415279
415327
415463
415466
415584
415604
415669
415696
415795
416011
416069
416287
416309
416385
416638
416691
417404
417426
417492
417901
417908
417909
417942
417975
418006
418058
418076
418201
418921
418989
419555
419560
419567
419584
419767
420322
420336
420770
420778
420817
420847
420852
420963
421008
421568
421654
421769
422304
422506
422524
422568
422657
422848
423005
423034
423039
423051
423057
423091
423350
423854
423916
424287
424315
424333
424337
424369
424387
424401
424403
424410
424427
424439
424498
425040
425141
425162
425559
425577
425596
425615
425638
426171
426206
426341
426343
426424
426468
426526
426829
427005
427531
427604
427607
427619
427637
427796
427815
428106
428478
428550
428554
428560
428574
429395
429415
429416
429431
429441
429449
429787
429794
429796
430411
430607
430633
430686
430717
430826
430827
431139
431208
431232
431274
431618
431643
431688
431715
431722
431730
431740
431749
431766
432246
432249
432286
432613
432621
432638
432969
433057
433331
433387
433473
434136
434137
434139
434157
434160
434276
434407
434448
434844
435012
435522
435529
436060
436109
436183
436465
436995
437929
437937
438112
438129
438247
438768
439048
439049
1995 SH67
1995 SS73
1995 UY43
1997 TP22
1998 TU13
1999 UM34
2000 CX110
2000 UE67
2001 FS1
2001 QM172
2001 QM226
2001 QA255
2001 QX300
2001 SB4
2001 SY34
2001 SB38
2001 SA143
2001 TD26
2001 TY59
2001 TQ161
2001 TN173
2001 TW175
2001 UX189
2001 UH216
2001 UA227
2001 UM231
2001 UR231
2001 VO125
2001 XA77
2001 XD229
2001 YG148
2002 EW52
2002 EO107
2002 GD123
2002 PC182
2002 PZ193
2002 PB201
2002 QF55
2002 QM74
2002 QP74
2002 QF106
2002 QQ107
2002 QZ119
2002 QY136
2002 QK153
2002 RU78
2002 RP148
2002 RQ230
2002 RY240
2002 RK261
2002 RT274
2002 SY74
2002 TJ305
2002 TB380
2002 TF299
2002 TJ305
2002 VF65
2002 VE144
2002 WK5
2003 FM87
2003 SJ76
2003 SX360
2003 SP407
2003 SL161
2003 SL429
2003 SU190
2003 SX261
2003 SB262
2003 SA324
2003 UZ118
2003 UG175
2003 UU232
2003 UR333
2003 UQ338
2003 WK28
2003 WJ49
2003 WK109
2003 WJ194
2003 YJ53
2004 BG8
2004 FY43
2004 FX70
2004 FJ94
2004 OH13
2004 RS2
2004 RC4
2004 RF8
2004 RR13
2004 RB154
2004 RF320
2004 TE47
2004 TZ215
2005 EP37
2005 EE47
2005 EN47
2005 GJ32
2005 GP93
2005 LT14
2005 MH28
2005 NV1
2005 NJ83
2005 QQ6
2005 QC47
2005 QQ66
2005 QR80
2005 QS80
2005 QW133
2005 QX180
2005 SO8
2005 SR41
2005 SX59
2005 SH76
2005 SQ90
2005 SU97
2005 SA117
2005 SP128
2005 SW175
2005 SN182
2005 SB202
2005 SM247
2005 SC273
2005 SJ280
2005 SF284
2005 SZ292
2005 TK1
2005 TY12
2005 TO24
2005 TK25
2005 TA26
2005 TL32
2005 TG87
2005 TM101
2005 TM111
2005 TT111
2005 TD132
2005 TP134
2005 TW158
2005 TW164
2005 TY168
2005 TB191
2005 UF21
2005 UP34
2005 UW44
2005 UY46
2005 UX48
2005 UD86
2005 UH88
2005 UN278
2005 US327
2005 UN107
2005 UX382
2005 UL135
2005 UZ142
2005 UQ151
2005 UL166
2005 UF433
2005 UQ186
2005 UB193
2005 UU202
2005 UN221
2005 UN243
2005 UX269
2005 UN278
2005 UV308
2005 UE311
2005 US327
2005 VU23
2005 VQ33
2005 VK51
2005 VQ62
2005 VW66
2005 VB76
2005 VD117
2005 VH127
2005 WJ13
2005 WP14
2005 WS15
2005 WK110
2005 WX148
2005 WT157
2005 WG166
2005 XM6
2005 YW53
2005 YL66
2005 YL83
2005 YY84
2005 YZ115
2005 YT218
2006 AF
2006 AK30
2006 AY54
2006 AA56
2006 BC11
2006 BW111
2006 BR123
2006 DP28
2006 DC55
2006 GV14
2006 HF3
2006 HQ14
2006 HK20
2006 HW39
2006 HP80
2006 HK109
2006 JN65
2006 KH61
2006 KG67
2006 QF30
2006 QO94
2006 QH129
2006 QC135
2006 QU158
2006 RY72
2006 RH73
2006 RE95
2006 SO23
2006 SW26
2006 SJ28
2006 SB32
2006 SZ49
2006 SA52
2006 SW52
2006 SH71
2006 SH89
2006 SC97
2006 SX373
2006 ST398
2006 SK160
2006 SM177
2006 SA183
2006 SJ261
2006 SE262
2006 SN268
2006 SW307
2006 SC315
2006 TR68
2006 TY95
2006 TF103
2006 TT103
2006 UQ16
2006 UN51
2006 UP57
2006 UX156
2006 UF212
2006 UA245
2006 UV284
2006 UA321
2006 UU334
2006 VF15
2006 VB28
2006 VW32
2006 VZ40
2006 VD98
2006 VS128
2006 VC131
2006 VL170
2006 WQ
2006 WB97
2006 WG99
2006 WM99
2006 WQ187
2006 WE192
2006 XO38
2006 XO65
2006 YJ34
2006 YU52
2007 DM22
2007 DT99
2007 EE23
2007 EK32
2007 ED190
2007 EV196
2007 EY217
2007 FA16
2007 GL33
2007 GJ64
2007 JF31
2007 KZ3
2007 LW6
2007 OC11
2007 RH28
2007 RR51
2007 RK63
2007 RG139
2007 RE141
2007 RS170
2007 RJ227
2007 RO245
2007 RK287
2007 RV316
2007 RY316
2007 RO323
2007 SD3
2007 SL20
2007 TA16
2007 TX26
2007 TG28
2007 TL36
2007 TT40
2007 TX116
2007 TT118
2007 TA425
2007 TJ425
2007 TQ174
2007 TM200
2007 TG206
2007 TK258
2007 TC278
2007 UJ52
2007 UM53
2007 UC59
2007 UB113
2007 VU32
2007 VK75
2007 VE86
2007 VZ94
2007 VP98
2007 VK183
2007 VY243
2007 VA248
2007 VK277
2007 VO296
2007 XD16
2007 XW40
2008 AE49
2008 AU69
2008 AF108
2008 CS94
2008 CF146
2008 DU1
2008 DE49
2008 ES134
2008 EU166
2008 EV167
2008 FM4
2008 FE54
2008 FJ64
2008 FL101
2008 FA102
2008 GO15
2008 GJ100
2008 GX121
2008 HF5
2008 HA10
2008 HM19
2008 HZ20
2008 HN46
2008 HF68
2008 LJ6
2008 RC45
2008 RM139
2008 SW68
2008 SJ75
2008 SX94
2008 SZ99
2008 SJ153
2008 SQ164
2008 SX225
2008 SX286
2008 SG303
2008 TN36
2008 TZ72
2008 TV79
2008 TH110
2008 TW121
2008 TC142
2008 TL152
2008 TW180
2008 TO186
2008 TU188
2008 TQ189
2008 UY96
2008 UV154
2008 UX142
2008 UV154
2008 UK179
2008 UJ212
2008 UQ221
2008 UY276
2008 VV6
2008 VS11
2008 VV22
2008 VM36
2008 WP8
2008 WG11
2008 WL43
2008 WA54
2008 WT116
2008 WK118
2008 YH48
2008 YN53
2008 YZ124
2009 AV13
2009 BQ68
2009 BJ89
2009 BE148
2009 CD42
2009 DY16
2009 DA73
2009 DT126
2009 DW127
2009 EZ2
2009 EO14
2009 EQ25
2009 FY12
2009 FY72
2009 HH76
2009 KG
2009 LF1
2009 PG9
2009 RG12
2009 RA42
2009 RY75
2009 SL36
2009 SM73
2009 SG102
2009 SN124
2009 SZ151
2009 SA157
2009 SV159
2009 SA160
2009 SG204
2009 SC205
2009 SQ271
2009 SY289
2009 SO324
2009 TV42
2009 UF13
2009 UK33
2009 UW68
2009 UB127
2009 VG12
2009 VT17
2009 VB28
2009 VQ29
2009 VY46
2009 VV108
2009 VZ108
2009 VL113
2009 WW79
2009 WT105
2009 WT261
2010 AG64
2010 BE67
2010 CK20
2010 CY56
2010 CJ99
2010 DX36
2010 EF111
2010 FB29
2010 FH47
2010 GV5
2010 GV21
2010 GW110
2010 JR31
2010 JP85
2010 JB113
2010 MG15
2010 ME34
2010 MB98
2010 NN67
2010 NO117
2010 OP13
2010 PQ64
2010 RZ97
2010 RN112
2010 RN150
2010 RT173
2010 RU179
2010 RK183
2010 SY26
2010 TB22
2010 TS46
2010 TA89
2010 TZ127
2010 TN129
2010 TY143
2010 TG174
2010 TY186
2010 TH187
2010 UE101
2010 VP23
2010 VF25
2010 VV96
2010 VR118
2010 VQ179
2010 VU210
2010 XN44
2011 AC14
2011 AY42
2011 BB57
2011 CQ3
2011 CR16
2011 CU86
2011 CO107
2011 DO11
2011 ED23
2011 EU27
2011 EN37
2011 EG45
2011 FR13
2011 FK29
2011 GX1
2011 GN36
2011 HR38
2011 HA43
2011 HT54
2011 HC71
2011 HL100
2011 KS12
2011 KZ30
2011 ME1
2011 NL1
2011 OS23
2011 PZ11
2011 QB27
2011 QR33
2011 QJ39
2011 RF4
2011 SO4
2011 SN37
2011 SM75
2011 ST84
2011 SN105
2011 SX119
2011 SE196
2011 SP214
2011 SB215
2011 TE6
2011 TG8
2011 UW8
2011 UV17
2011 UE28
2011 UT53
2011 UV58
2011 UP67
2011 UU79
2011 UL90
2011 UQ99
2011 US113
2011 UW387
2011 UO137
2011 UF140
2011 UG152
2011 UN153
2011 UO153
2011 UL163
2011 UF178
2011 UM178
2011 UA188
2011 UM197
2011 UO201
2011 UD204
2011 UM249
2011 UM263
2011 UF279
2011 UU335
2011 VN20
2011 WJ55
2011 WG61
2011 WT72
2011 WO152
2011 YF10
2012 AB4
2012 AA24
2012 BO56
2012 CK10
2012 DL20
2012 DQ63
2012 DX74
2012 EO7
2012 FQ21
2012 GG13
2012 GV26
2012 HB16
2012 HN57
2012 JH21
2012 KZ1
2012 KU15
2012 LD6
2012 PQ11
2012 PR15
2012 QT9
2012 QH26
2012 QT41
2012 RM7
2012 RG23
2012 RR25
2012 RV33
2012 RW33
2012 SG11
2012 SP21
2012 SZ53
2012 TY23
2012 TV38
2012 TY53
2012 TV72
2012 TG85
2012 TA89
2012 TC103
2012 TB126
2012 TC126
2012 TH138
2012 TE149
2012 TB165
2012 TD186
2012 TR227
2012 TT306
2012 TA309
2012 UP6
2012 UC28
2012 UD28
2012 UU34
2012 UV55
2012 UD56
2012 UB73
2012 UP76
2012 UQ80
2012 UM106
2012 UT108
2012 UV112
2012 UX145
2012 UH152
2012 UL163
2012 VL10
2012 VH11
2012 VR70
2012 VD85
2012 WU11
2012 WH33
2012 XX
2013 AR35
2013 AE117
2013 AJ121
2013 AW123
2013 BQ38
2013 BB71
2013 CP19
2013 CG131
2013 CC157
2013 CP162
2013 CG210
2013 CF215
2013 EC6
2013 EQ17
2013 ET46
2013 EF98
2013 EY107
2013 FH11
2013 FO22
2013 GA64
2013 GQ88
2013 GE95
2013 GU101
2013 GB102
2013 GB110
2013 HU17
2013 HC37
2013 HB59
2013 HB82
2013 HK120
2013 JF25
2013 JJ28
2013 KG14
2013 LG15
2013 LM25
2013 MD11
2013 OD6
2013 PY5
2013 PB18
2013 PD52
2013 PC53
2013 PN71
2013 QJ12
2013 QE14
2013 QG20
2013 QP58
2013 QJ75
2013 QE89
2013 RB11
2013 RJ19
2013 RZ25
2013 RK48
2013 RP50
2013 RT67
2013 RY74
2013 RS95
2013 SN46
2013 SY51
2013 SU86
2013 TW9
2013 TS11
2013 TM36
2013 TW39
2013 TS92
2013 TZ103
2013 TC113
2013 TP115
2013 TP130
2013 TR143
2013 VD2
2013 WH36
2013 WX55
2013 XA18
2013 YJ12
2013 YW51
2013 YX56
2014 BC19
2014 BB22
2014 BQ29
2014 BX39
2014 CQ18
2014 DQ46
2014 DO105
2014 EL16
2014 EX23
2014 FA65
2014 FD68
2014 GY11
2014 GE17
2014 HV8
2014 HB9
2014 HD25
2014 HM33
2014 HL93
2014 HM142
2014 HH179
2014 HN179
2014 HF186
2014 JJ52
2014 JF60
2014 JM71
2014 KU9
2014 KR30
2014 KQ80
2014 KP86
2014 KM101
2014 MA4
2014 MP25
2014 MA26
2014 MK61
2014 ND37
2014 NY53
2014 NU62
2014 OQ
2014 OF19
2014 OS33
2014 OU39
2014 OL45
2014 OD66
2014 OT96
2014 OC97
2014 OT101
2014 OM110
2014 OD373
2014 OL375
2014 OF129
2014 OO183
2014 OD185
2014 OW191
2014 OV192
2014 OW197
2014 OA227
2014 OP231
2014 OJ241
2014 OK263
2014 OH293
2014 OR345
2014 PE12
2014 PK13
2014 PR20
2014 PS20
2014 PR23
2014 PB35
2014 PS39
2014 PT46
2014 PR55
2014 PW64
2014 QV26
2014 QQ72
2014 QS370
2014 QO382
2014 QE403
2014 QL150
2014 QF151
2014 QT423
2014 QW174
2014 QO176
2014 QG196
2014 QM212
2014 QA227
2014 QV251
2014 QW269
2014 QC297
2014 QL300
2014 QH301
2014 QE315
2014 QF321
2014 QQ330
2014 QB350
2014 RN9
2014 RL10
2014 RJ22
2014 RK38
2014 RD60
2014 SH65
2014 SM145
2014 SZ147
2014 SX160
2014 SZ164
2014 SU182
2014 SH209
2014 SJ210
2014 SW220
2014 SN240
2014 ST240
2014 SO297
2014 SB307
2014 SJ312
2014 SA333
2014 SD348
2014 TR28
2014 TE40
2014 UL28
2014 UL48
2014 UP49
2014 UH54
2014 UD67
2014 UM134
2014 UQ140
2014 UB148
2014 UH191
2014 VM5
2014 VG11
2014 VU21
2014 VZ27
2014 VV30
2014 WO1
2014 WT4
2014 WU20
2014 WS24
2014 WQ66
2014 WT97
2014 WB381
2014 WY127
2014 WJ488
2014 WU233
2014 XB17
2014 XQ22
2015 AW158
2015 AJ195
2015 AC248
2015 AJ280
2015 BF3
2015 BX19
2015 BQ100
2015 BH488
2015 BL261
2015 BB313
2015 BA356
2015 BP356
2015 CE34
2015 DM21
2015 DL22
2015 DD95
2015 DO156
2015 EJ63
2015 FF107
2015 FO178
2015 FM211
2015 HP69
2015 KU
2015 KD36
2015 KL99
2015 KH105
2015 KW107
2015 KA152
2015 LK33
2015 MN28
2015 MS114
2015 OC2
2015 OC36
2015 ON39
2015 OC43
1998 SM20
1999 TQ41
2000 SM194
2000 TX
2001 FT209
2001 FE229
2001 FC232
2001 SV184
2001 SP190
2001 UV60
2001 UW215
2001 UT231
2001 YH13
2002 AD74
2002 CK115
2002 CL268
2002 GU179
2002 PX6
2002 QH76
2002 QE97
2002 QH108
2002 QC109
2002 QD112
2002 RU268
2002 RY289
2002 SM73
2002 WT29
2003 BQ41
2003 FX59
2003 SV384
2003 SS390
2003 SK405
2003 UJ97
2003 UK376
2003 US386
2003 WH140
2004 PK41
2004 TT20
2004 TP26
2004 TN348
2004 VM10
2004 VM105
2005 CH9
2005 CR27
2005 EX103
2005 JJ90
2005 KV1
2005 MS49
2005 NA19
2005 NL82
2005 PW27
2005 QT133
2005 SP25
2005 SG69
2005 SX77
2005 SB139
2005 SO162
2005 SV170
2005 TG9
2005 TW17
2005 TO19
2005 TR19
2005 TW69
2005 TY95
2005 TT121
2005 TN141
2005 TE158
2005 UY10
2005 UR43
2005 UV378
2005 UX136
2005 UM423
2005 UH426
2005 UH194
2005 UO477
2005 UF249
2005 UV522
2005 VZ2
2005 VW12
2005 VW54
2005 VX84
2005 WV55
2005 WS127
2005 WJ141
2005 WN152
2005 WO172
2005 WP205
2005 YQ97
2006 AN2
2006 BT4
2006 BM209
2006 DU70
2006 GB17
2006 HH37
2006 HJ108
2006 HE145
2006 KF6
2006 KT21
2006 QW92
2006 RG87
2006 RN96
2006 RT107
2006 RC109
2006 SU34
2006 SV69
2006 SZ381
2006 SG174
2006 SH268
2006 SG315
2006 SJ319
2006 SK351
2006 UF4
2006 UN158
2006 UZ168
2006 UC277
2006 VM2
2006 VW97
2006 VH114
2006 VZ171
2006 WS5
2006 YK33
2007 AE1
2007 AL7
2007 BZ24
2007 BR90
2007 CS31
2007 DB90
2007 HT14
2007 HW31
2007 JM41
2007 MC13
2007 PH6
2007 RB94
2007 RL94
2007 RO97
2007 RY108
2007 RA136
2007 RH169
2007 RQ175
2007 RA192
2007 RN201
2007 RN322
2007 TB49
2007 TQ383
2007 TP400
2007 TM425
2007 TM452
2007 TS193
2007 TB211
2007 TO323
2007 TC327
2007 UQ15
2007 UQ38
2007 UX92
2007 VU120
2007 VB136
2007 VE136
2007 VR204
2007 VO231
2007 XW13
2008 CP182
2008 DE9
2008 EF113
2008 FW121
2008 FM136
2008 GQ64
2008 HY57
2008 JM28
2008 PZ2
2008 RX39
2008 RW50
2008 RJ80
2008 RD133
2008 SL30
2008 SO94
2008 SO114
2008 SX116
2008 SC117
2008 SN122
2008 SG134
2008 SS160
2008 SN179
2008 SU248
2008 SE284
2008 SO288
2008 SQ306
2008 TL25
2008 TP29
2008 TE68
2008 TY71
2008 TB82
2008 TC120
2008 TO167
2008 TK173
2008 UR8
2008 UM17
2008 UJ19
2008 UN28
2008 UP31
2008 UZ56
2008 UP62
2008 UQ164
2008 UH266
2008 UU308
2008 VF11
2008 VN25
2008 VQ48
2008 VF72
2008 WO36
2008 WL44
2008 WD114
2008 WO129
2008 WW129
2008 YX3
2008 YF57
2008 YN63
2008 YY81
2009 BZ84
2009 BW92
2009 BR141
2009 BA166
2009 ES17
2009 HA13
2009 HD22
2009 HR46
2009 MJ7
2009 QO9
2009 QM25
2009 QD60
2009 RM10
2009 SB16
2009 SW18
2009 SR99
2009 SH361
2009 SJ160
2009 SW175
2009 SZ201
2009 SC244
2009 SD250
2009 SK293
2009 SW309
2009 SC316
2009 TR43
2009 UC11
2009 UM83
2009 UM100
2009 VM13
2009 VN18
2009 VZ68
2009 VX112
2009 WZ4
2009 WB83
2009 WL182
2009 WO205
2010 AM8
2010 AC19
2010 AS67
2010 AC85
2010 AM128
2010 AB130
2010 CT57
2010 CY59
2010 CS92
2010 CF207
2010 DA23
2010 DX30
2010 DQ58
2010 EX9
2010 EL24
2010 EV27
2010 EN90
2010 EB100
2010 EH114
2010 ED117
2010 FH38
2010 FT41
2010 FC106
2010 GD3
2010 GB13
2010 GZ58
2010 GF92
2010 HZ59
2010 HE75
2010 JG13
2010 JU17
2010 JO50
2010 JS96
2010 KL9
2010 KP31
2010 KH39
2010 KW50
2010 KJ75
2010 KL87
2010 KQ111
2010 LL15
2010 LV41
2010 LK103
2010 LQ119
2010 MN4
2010 MO11
2010 MY57
2010 MV97
2010 OO51
2010 OE111
2010 PK3
2010 PC35
2010 PV42
2010 RP13
2010 RP21
2010 RE42
2010 RP82
2010 RC90
2010 RM109
2010 RP121
2010 RF157
2010 TN17
2010 TD44
2010 TS44
2010 TE90
2010 TF107
2010 TD142
2010 TB173
2010 UR47
2010 UU67
2010 VF10
2010 VV29
2010 VL207
2010 WP30
2010 WJ56
2010 XC5
2010 XG32
2010 XQ68
2011 AO51
2011 AR59
2011 AD64
2011 CH100
2011 FD14
2011 FM22
2011 FC31
2011 FE155
2011 GJ28
2011 LB25
2011 OK24
2011 PU9
2011 QP28
2011 QU43
2011 QR96
2011 SM1
2011 SH13
2011 SK42
2011 SC47
2011 SY59
2011 SL98
2011 SV104
2011 SZ119
2011 SA136
2011 SK153
2011 SJ167
2011 SG232
2011 SH257
2011 SO264
2011 UZ5
2011 UC41
2011 UF103
2011 UM385
2011 UQ388
2011 UL181
2011 UV181
2011 UU191
2011 UA301
2011 UX338
2011 WS18
2011 WM44
2011 WA58
2011 WK82
2011 WB142
2011 YE10
2011 YB38
2011 YN63
2012 BV6
2012 BU8
2012 BL72
2012 BT114
2012 DY23
2012 FP69
2012 GF9
2012 JF42
2012 KQ9
2012 KX39
2012 KD50
2012 LO4
2012 PF9
2012 PT28
2012 PL29
2012 QZ33
2012 RC14
2012 RE16
2012 ST33
2012 SQ37
2012 TQ11
2012 TX41
2012 TY92
2012 TG98
2012 TQ106
2012 TF130
2012 TJ168
2012 TF195
2012 TB198
2012 TG198
2012 TZ211
2012 TE254
2012 TS276
2012 TH281
2012 UP1
2012 UO42
2012 UZ72
2012 UG109
2012 UY110
2012 UV127
2012 UB148
2012 UR154
2012 VZ10
2012 VG63
2012 VK79
2012 WC11
2012 WD26
2012 XR28
2012 XY47
2012 XS49
2012 XL50
2012 XN111
2012 XE137
2012 XY152
2013 AR37
2013 AA45
2013 AP68
2013 BV23
2013 BQ29
2013 BJ32
2013 CT49
2013 CF59
2013 CW94
2013 CQ186
2013 GT
2013 GQ41
2013 GE43
2013 HJ35
2013 HV38
2013 HH48
2013 HT84
2013 HH98
2013 HC104
2013 HZ105
2013 HU111
2013 JH2
2013 JS10
2013 KJ
2013 KQ15
2013 LE5
2013 MU1
2013 MM3
2013 PJ28
2013 PV41
2013 PA62
2013 PP71
2013 QA14
2013 QA45
2013 QP51
2013 QF79
2013 SU54
2013 TG52
2013 TO82
2013 TV82
2013 TO140
2013 WK82
2013 WK92
2013 YB27
2013 YC46
2013 YC84
2013 YB97
2013 YV106
2013 YX112
2013 YK118
2014 DN97
2014 FP31
2014 FF55
2014 FP63
2014 HY84
2014 HJ131
2014 JU63
2014 JL65
2014 KU15
2014 KF31
2014 KR67
2014 KG79
2014 LP19
2014 MS52
2014 MK64
2014 MW65
2014 NG22
2014 NR26
2014 NS62
2014 OX6
2014 OZ6
2014 OM8
2014 OG12
2014 OO18
2014 OS24
2014 OS28
2014 OZ31
2014 OO43
2014 OF117
2014 OJ126
2014 OY141
2014 OV151
2014 OW153
2014 OE155
2014 OV167
2014 OO171
2014 OD173
2014 OX184
2014 OL209
2014 OO214
2014 OW225
2014 OH237
2014 ON240
2014 OD342
2014 OL343
2014 OE359
2014 PP5
2014 PH15
2014 PW32
2014 QZ21
2014 QG61
2014 QN71
2014 QN100
2014 QM103
2014 QT107
2014 QH373
2014 QO115
2014 QW125
2014 QD147
2014 QX418
2014 QG427
2014 QZ430
2014 QT434
2014 QB177
2014 QG206
2014 QY208
2014 QO225
2014 QD232
2014 QG235
2014 QT245
2014 QV299
2014 QO303
2014 SF107
2014 SF109
2014 SY111
2014 SY119
2014 SG126
2014 SR167
2014 SD206
2014 SN222
2014 SO230
2014 SD300
2014 SD332
2014 ST332
2014 SY337
2014 SL347
2014 UM8
2014 UC60
2014 UZ112
2014 UD157
2014 UN196
2014 WM5
2014 WJ30
2014 WY42
2014 WS54
2014 WC102
2014 WK105
2014 WB132
2014 WD134
2014 WZ138
2014 WP210
2014 WK343
2014 YM6
2015 AK27
2015 AS36
2015 AG80
2015 AY110
2015 AP245
2015 AG257
2015 AV266
2015 BC34
2015 BZ128
2015 BM133
2015 BX139
2015 BQ415
2015 BC169
2015 BL431
2015 BC452
2015 BU219
2015 BM236
2015 BZ243
2015 BH247
2015 BB308
2015 BR338
2015 CA39
2015 DW23
2015 EC4
2015 EQ8
2015 EZ15
2015 FT181
2015 FX251
2015 FK295
2015 FL306
2015 GH14
2015 GG30
2015 GM40
2015 HA7
2015 HK62
2015 HA63
2015 HM74
2015 HS93
2015 HE97
2015 HZ146
2015 KO33
2015 KW33
2015 KB43
2015 KG92
2015 KE133
2015 LG33
2015 MP64
2015 MH76
2015 MW111
2015 MU119
2015 OP13
2015 OY38
2015 OY42
2015 OR71
2015 PM6
2015 PH36
2015 PY39
2015 PA45
6013 P-L
