id
163155
195312
197586
200027
215020
219881
220356
221786
222821
225229
225993
226036
228103
228111
237338
243315
243318
243484
247967
249241
263814
270504
274401
275059
275116
289734
295528
295675
296665
296757
309733
312482
312609
315940
316149
319282
347148
350055
352666
352793
353203
353209
353342
353360
354202
354364
355286
355375
355808
356251
356261
356264
356275
356893
356897
358988
360031
360057
378592
385129
387382
389310
391536
392451
392718
393170
393474
414275
426992
429969
2006 EC26
2008 FD133
2008 JX3
2008 SM275
2009 MY1
2009 UP3
2010 XU57
2013 AA70
2013 BC
2013 BL
2013 BN3
2013 BS16
2013 BB19
2013 CH13
2013 CS39
2013 CR205
2013 TC78
2014 WA120