id
9990
10480
10581
11101
11977
11984
12785
13144
13188
13633
14034
14251
15863
16056
16264
17768
17922
18164
18462
18463
18588
18685
18686
18839
19268
19269
19278
19780
19855
20332
20343
20800
21229
21245
21490
21691
21991
22174
23581
24081
24281
25291
25374
25606
25717
26230
26510
26893
26901
26934
27004
27224
27241
27274
27859
28630
28793
28958
29350
29460
30087
30577
30998
31003
31049
31071
31248
31273
31739
32281
32405
32431
32603
32948
33288
33481
33526
33646
33858
34488
34600
34719
34731
35229
35251
35804
36161
36529
36642
36707
36838
36917
37365
37689
37847
37862
37877
37943
38323
38414
38822
38867
38954
38974
39040
39100
39219
39348
39652
39685
40394
40589
40675
40869
40903
41723
42909
43885
44517
44781
45273
45674
45994
46035
46077
46106
46343
46690
47192
47243
47391
47527
47779
47902
47961
48036
48604
48614
48620
48664
48698
49727
49772
49873
49929
49951
50074
50105
50810
50972
51043
51678
51920
52466
52493
53384
53806
53932
53958
53959
55325
55913
56620
56795
56984
57780
57950
58026
58351
58401
58808
58975
59102
59124
59355
60217
60293
60408
60486
60599
60918
61499
61702
61772
62566
62682
62850
62920
63242
63338
63819
63905
63923
63935
63969
64087
65155
65361
65383
65392
65773
66695
66800
66976
67348
67533
67551
68107
68277
68596
68661
68682
68794
69387
69391
69399
69405
69778
71070
71549
71855
72336
72481
72729
72794
72942
72964
75981
76204
76352
76384
76925
77114
77269
77916
78517
78657
78929
79257
79259
79269
79275
79287
79430
80451
80673
80839
80895
81615
81624
82064
82166
82403
82475
82484
82819
83219
83407
83460
83518
83522
83688
83803
83805
83866
83903
84128
84233
84421
84612
84760
85326
85334
85335
85357
85430
86173
86383
86391
87332
87343
87596
87827
87958
88038
89451
90173
91077
91669
91780
92187
92470
93125
93566
93614
93663
93674
94029
94324
95396
95510
95528
95831
97011
97039
97538
97888
98135
98795
99275
99357
99651
100338
100397
101852
102466
102855
103876
103972
104165
104334
104660
104805
105697
105732
105773
105862
107691
109554
109703
110176
110841
111315
112124
113012
113091
113397
113441
113499
113736
113822
114129
114164
114612
114740
115092
115528
115703
116220
116253
116770
116771
117308
117765
117854
119507
119655
119780
119977
120595
120810
121154
121313
121345
122481
122689
122897
123845
124322
126055
126280
127474
127731
127785
128478
128717
130539
131162
131457
131929
131997
132644
133335
133658
133695
134276
134377
135207
136180
136355
136646
136703
136712
136716
136738
137642
137751
138600
138850
139925
140147
140414
140501
140540
140632
141075
141171
141366
141573
142367
142703
143130
143601
144204
144592
144837
144841
144848
144891
144978
145128
145435
145490
146626
146929
147321
147641
147791
147975
148572
148695
149646
149689
151008
152092
152351
152375
152597
152599
152926
153464
154651
154680
154755
154756
154772
154831
154914
155194
155238
155324
155453
155578
156731
156748
157103
157941
158376
158956
159038
159040
159140
159240
159371
159621
159958
159978
160020
160351
160380
161676
161971
162033
162166
162539
163511
164872
165287
166358
166722
167056
167645
167832
168342
168362
168660
168662
169298
169621
170447
170738
170758
171377
171945
172067
173636
173657
174108
175074
175103
175262
175273
175559
175675
175680
175690
175693
176257
176575
177069
177106
177209
177705
177926
178212
178246
178324
178332
178548
179186
180253
180254
180997
181207
181411
181417
181571
181723
182501
182596
182738
182892
183329
183654
183904
184452
184651
184772
184774
184898
185153
185239
185273
185500
185523
185601
185709
186150
186598
187031
187596
188086
188205
188665
188760
188873
189792
190084
190228
190291
190464
190486
190489
191207
191288
191443
191464
191542
191907
192055
192107
192365
192953
194657
194706
194870
195267
195369
195383
195564
195992
197457
197648
197910
198039
198087
198137
198427
198453
198993
199096
199154
199325
199827
200023
200099
200513
201097
201266
201728
201768
202026
202507
202995
203670
203769
204775
204923
206727
206731
207033
207423
207542
207798
208618
208746
209480
210116
210183
210472
210949
211815
212090
212526
212533
212575
212640
212738
213013
213511
214240
214757
215101
215103
215254
215310
216538
216732
217171
217296
217424
217460
218828
218952
219171
219836
219907
220503
220537
221827
222311
223676
223964
224727
224947
224952
225301
225304
226154
226603
226771
226821
226844
226878
226891
227552
227657
227698
228007
228058
228070
228161
228207
228210
228289
229283
229921
229923
230425
231197
231447
231524
231530
232233
232596
233558
233891
233979
234477
234775
234908
235357
235556
236152
236400
237039
237372
237444
238943
239102
239239
239253
239415
239443
239737
240704
240717
241182
241348
241570
241579
242264
242443
242977
243062
243142
243511
243538
244385
244545
245472
245691
245918
245947
245999
246285
246357
246507
246528
246560
247534
248863
249081
249442
249585
250515
250594
250627
251351
251375
251678
251686
252717
252855
254815
254905
254928
255507
256019
256453
256757
257094
257111
257132
257475
260274
261600
261788
262987
263384
263393
263406
263414
263511
263683
263983
264069
264101
264140
264829
265511
265821
266220
266389
266629
266931
266983
267025
267868
268118
268745
269663
269664
269675
270705
270802
271494
272698
273180
274184
274894
275193
275208
275507
276327
277204
277235
278039
278627
278714
279343
279369
280158
280410
280940
281147
281284
281531
283203
283692
284402
284739
285105
285109
285117
285135
286096
286276
286551
287052
287571
289300
289767
290207
290475
290675
290695
291418
291517
291585
292121
292125
292258
292353
292666
292782
292887
293556
294036
294566
294579
294810
295490
295558
295599
295696
295810
296020
296021
296427
296620
296822
297176
297253
297337
297732
298385
298512
299764
299789
299919
299950
299952
300029
300033
300092
300140
300949
301348
301560
301568
301828
301863
301866
301871
304591
305285
305384
305946
307689
308191
308291
308643
308918
309145
309308
309506
309633
309832
311874
312085
312105
312551
312912
312922
314074
314291
314306
314607
314804
315625
315937
316019
316677
317120
317148
317839
318239
318425
318919
319087
319973
320012
320310
321153
321224
321241
321308
321682
321731
322032
322113
322185
322188
322197
322387
322396
323315
324076
324246
324258
324267
324480
324729
324783
324918
325005
325023
325334
325528
326227
327525
327728
328542
330295
331226
332391
332852
332962
333111
336011
336408
336826
336889
336963
337128
339687
340834
342386
343048
343087
343384
345327
345595
345668
345734
346526
346873
346899
346906
347082
347228
347795
348129
348464
349456
349750
350003
350199
351062
352051
355816
356558
356790
356919
358855
361362
362853
362963
364078
367418
367452
367556
367559
367613
369125
369427
369715
369857
371619
372598
373163
373376
375222
376956
378542
378800
380114
381872
383273
383696
384385
384553
384804
385157
385174
385977
386412
386428
386632
386700
388416
389734
389747
389805
389902
389963
390058
390151
390190
390222
391322
391822
391870
391889
392104
392169
392552
393094
393353
394203
396013
396196
396220
396268
396372
396762
396997
397516
398597
399081
400820
401519
401899
402315
402330
402332
402474
403071
403853
404093
405669
408074
408491
408567
409724
411013
411976
412260
412480
412764
413508
414237
415458
415693
416848
417058
419087
420654
421274
422572
422613
423178
423383
424756
425411
426285
426964
427053
428503
428837
428844
433223
433653
434876
434985
435646
435803
435978
438831
439427
439622
439760
1995 QL8
1995 UC72
2002 NP80
2003 AH51
2003 SG422
2005 SM156
2005 SD226
2005 UQ102
2005 UJ420
2005 US325
2006 DM143
2006 RS92
2006 TC120
2006 UL67
2006 UH77
2007 ES135
2007 YT67
2008 CQ144
2008 RU101
2008 SE54
2008 TP101
2008 TY173
2009 SB225
2009 SV357
2009 UN57
2009 UQ125
2009 VK4
2011 GV82
2011 HC8
2011 JF2
2011 SP232
2011 UH347
2011 UH347
2012 BX104
2012 BS117
2012 HU8
2012 UO12
2012 UV106
2012 VT99
2013 AF71
2013 BU47
2013 DZ4
2013 QF88
2013 WJ104
2013 WP104
2013 XK12
2014 HM8
2014 HE23
2014 HA33
2014 HC48
2014 KY24
2014 KZ82
2014 SY155
2014 WG465
2015 AA63
2015 EX29
2015 FY97
2015 FQ204
2015 HU154