id
12469
16793
17687
18561
19703
20347
20806
21348
21753
21784
21879
21980
21981
22031
22037
22552
22654
23637
23645
23697
23821
24082
24948
24985
25152
25613
25835
26224
26556
26646
26743
26949
26950
26974
26986
27140
27172
27184
27386
27453
28018
28298
28312
28683
28889
29439
29440
29477
29504
29517
29599
29710
29754
30388
30422
31095
31113
31143
31349
31434
31599
31651
31778
31884
32133
32336
32376
33069
33291
33315
33327
33485
33487
33492
33584
33728
33771
33847
34302
34493
35317
35318
35336
35579
35743
35795
35800
35917
35972
36039
36213
36632
36793
36795
36938
37294
37764
37772
38515
38595
38843
38906
39008
39754
40018
40760
40885
40906
40926
40948
40965
41161
41227
41293
41571
41917
42041
42211
42710
44005
45036
45151
45410
45757
45818
46055
46073
46325
46401
46692
46731
46735
47074
47784
47844
47850
47893
47911
48075
48111
48730
48754
48835
48918
49509
49878
50032
50120
50265
50318
50345
50542
50599
50659
50665
51063
51153
51226
51674
51712
51872
52031
52553
53138
53143
53450
53461
53722
54261
54319
54771
54962
55250
55297
56599
56928
57134
57152
57232
57478
57485
57487
57510
57682
57997
58619
59009
59104
59273
59461
59928
60294
60533
60748
61243
61464
61588
61904
62689
63139
63346
63829
64759
64918
64948
64978
65157
65364
65868
66756
67164
67259
67290
67335
67468
67483
67499
67728
67766
68769
69532
69555
70481
70574
70578
70625
70803
70874
70923
71261
71443
71514
71703
72241
72287
72497
72527
72895
73059
73244
73937
73952
73965
74232
74471
74477
74532
75117
75758
75791
76145
76210
76413
76982
77305
77346
77590
78234
78259
78340
78670
78729
79388
79447
79448
79456
81249
81748
81824
82067
82078
82282
83027
83058
83194
83286
83287
83377
83510
83548
83617
83625
84134
84224
84280
84702
85475
85537
85879
86311
87470
89238
89350
89450
89855
89895
90148
90208
90973
91259
91683
92303
93648
93834
93933
94201
94431
94434
94671
94778
94840
94847
94902
95461
95599
95670
95671
95789
96804
96953
97186
97875
97891
98103
98284
98306
98604
98619
98777
99803
100599
100619
100649
100655
101630
101681
102470
102654
102740
102804
104134
104247
104356
104680
106460
107836
108122
108215
110130
110264
110347
110809
111081
111227
111691
111823
112689
112804
113229
113696
113763
113864
113903
115976
116009
116487
116686
116827
117756
118543
118639
118871
118959
118981
119583
119814
119890
119897
119973
120176
120189
120704
120762
120835
121249
121442
121604
121811
123746
123935
124006
124397
125078
125370
125528
125910
127126
127329
127515
127665
127960
128081
128256
128440
128622
128647
129045
129086
129339
129578
129585
135896
136810
136835
139550
140544
141787
143225
143441
143544
143993
144287
144325
144517
144696
145292
145412
146024
146589
146667
147466
147477
147485
147582
147898
148003
148016
148212
149272
149295
149309
149332
149404
149533
149754
149905
150973
151741
152048
152630
152875
153675
154690
154841
155291
155516
157446
157469
157948
158996
159314
159378
159822
159903
160189
160253
160935
162834
163121
163516
163638
163948
164227
164336
164687
165532
165759
165801
166593
167755
168004
168392
169008
169343
169891
170033
170604
172071
172084
173063
173169
174558
175077
175116
176035
176250
176259
177506
177823
178044
178373
179161
179512
180185
180330
181023
181133
181472
181665
182215
182484
182540
183434
183811
183909
184063
184319
184467
184548
184628
185001
185692
185741
187188
187687
187689
188053
188726
189323
189423
189426
189913
190271
191151
191167
191229
191331
191578
191858
192115
192154
192168
192772
192991
193433
193936
194193
194531
195661
195729
195733
195894
196009
196016
197111
197222
198720
198855
199128
199211
199348
199874
200024
200131
200268
200811
201189
201625
202428
202568
202725
202792
204584
204760
204877
205015
205699
205883
206702
206812
207084
207148
210078
210290
210615
210845
212824
212838
214391
214659
214972
215062
215111
215372
215485
216417
216922
217138
217193
217465
218052
218437
219140
219178
219910
220470
220542
221731
221985
221992
222464
223359
223557
223773
225318
225319
227566
227595
227702
228725
228742
229508
230745
230911
230957
231382
232598
232682
232788
232950
233212
233420
233881
233888
234004
234013
234839
235084
236985
237080
237967
237973
238809
239345
239814
240573
240615
240856
241001
241102
241483
245128
245479
245814
246453
246662
246846
246894
247609
247974
248143
249481
249491
249591
249858
250024
250526
250719
251553
252143
252425
253731
254958
256132
256712
256728
256837
256988
257011
257162
257250
257270
257326
257519
257561
258205
258472
258577
259843
260099
260529
262154
262265
263162
263396
264089
264278
265831
266634
266892
267923
268080
268349
269201
269228
269420
269797
270675
274156
274303
274446
274836
275963
276342
277672
277704
277782
278373
278489
278735
278978
279469
280752
280926
281934
282350
283116
283304
283325
284570
284667
284743
285235
285243
286636
287075
288411
291967
292203
293891
294145
294541
295102
295318
295487
295515
295770
296394
297070
297282
297288
298392
298671
299031
300655
300909
301118
301229
301300
302329
302556
303506
303731
305320
305466
306141
306458
306905
307152
307184
307406
308234
308924
309586
311195
311894
312958
312961
313295
315087
315902
316573
316711
317407
318777
319379
319445
319474
320107
320568
320738
320965
322325
322398
322476
325369
325472
327225
328854
328865
329060
329125
330192
332562
333131
333872
334308
334831
334968
336381
336762
337055
338641
338982
340234
342403
342892
343067
348021
350158
351467
351540
352184
352349
352471
353038
353194
353535
354608
355060
355239
356013
356551
358254
358807
358832
358916
358926
359948
360198
360991
361368
361930
365037
366308
367403
367412
368332
369140
369732
369795
369937
371078
372177
373131
375255
375395
375437
375504
377231
380107
380768
381572
382411
383961
384105
384389
384680
384869
385124
386255
387250
387700
387935
389563
389670
390452
390479
392226
392564
392598
393154
393357
395646
395931
396155
396184
396487
398427
398876
398958
401051
401169
401605
401821
404165
404661
404700
405309
406166
406304
411168
411512
413456
415245
415701
416946
418855
419783
419978
421176
421320
422477
424908
425621
426545
429283
429683
429823
430418
432294
433921
436158
437205
437364
438196
439112
1997 QH4
1997 SD7
2002 GR89
2002 PQ194
2004 TG187
2006 QJ178
2007 UW134
2008 VB28
2009 UC98
2009 UE129
2010 JF77
2010 WO17
2011 QG29
2011 UT135
2011 UB339
2011 UA110
2011 UT135
2011 UB339
2012 DA90
2013 AV117
2013 CG31
2013 GV23
2014 BS61
2014 DH78
2014 FO9
2014 KX56
2014 OG185
2014 QE117
2014 QP144
2014 QK205
2014 QG310
2014 RP45
2014 YH20
2015 AE236
2015 BN167
2015 KJ13