id
167
891
975
1482
1802
1908
2225
2811
3765
3778
4124
4127
4803
5139
6299
6408
6437
6503
6814
7372
7547
8049
8057
8102
8279
8421
8534
8581
8847
9226
9380
9726
9910
10114
10190
10192
10788
11037
11568
11747
11966
12144
12564
12936
12993
13087
13270
13360
14894
14991
15573
15773
16164
16286
17108
17525
17830
17865
18149
18555
18733
19038
19271
19348
20026
21155
21574
22540
23056
23151
24790
25115
25277
25289
25653
25953
26085
26531
27218
27448
27514
27519
28271
28778
29511
32213
32381
32980
32999
33176
33312
33639
33722
34162
34195
34236
34256
34496
34559
35157
35315
36832
36955
37346
37600
37758
38304
38309
38466
39024
39170
39622
40510
40684
40785
40814
40960
41179
41584
41592
42592
43303
44342
44579
45245
45508
47415
47502
48272
48400
48812
49421
50344
50565
50605
50624
50797
51111
51130
52173
52726
53288
53875
54272
55258
57840
58124
58387
58490
58726
60064
61422
61571
61762
62621
63369
63898
64766
65465
66738
67263
67315
68500
69009
71015
76007
76120
76216
76219
76501
76761
78412
78583
78980
79028
81587
83402
83699
84465
85098
85108
85375
87833
88219
88706
89171
89462
90892
91143
91498
91555
93690
93826
93853
94180
95393
95431
95491
96165
97625
97728
98885
98951
99048
99435
99904
103762
105358
105380
105659
107366
108312
109804
111185
111605
112711
112774
113219
113363
113373
113378
113443
113529
114646
115100
115748
116151
116651
117379
117381
117703
118855
119003
119799
120589
120680
121569
121727
122941
123303
123706
123873
123977
126592
126604
127356
128177
128977
129278
129489
131307
132826
133213
133395
133443
134824
134948
136778
137148
138776
139517
139781
139820
139858
140201
141214
143251
143724
144020
144391
144577
144758
145392
145687
145860
146617
146753
146769
147810
148906
148944
149013
149014
149075
149117
149960
149966
150004
151860
152388
152570
154874
155219
155405
156617
159099
159107
159210
159906
159982
159999
161814
163999
164343
165023
165027
165034
166497
166888
168635
170751
170753
170757
170802
171079
171194
172705
172953
173813
174944
175078
175333
175455
175566
175570
175628
176352
176429
176501
178183
178259
180092
181514
182768
184686
185006
185444
185540
185659
186271
187136
187227
187332
187384
188109
188782
188929
188969
189477
189483
191840
192083
192815
195780
195791
196677
196739
196866
196951
197190
197330
198510
198643
198658
199512
199538
200309
201783
202093
202133
202281
202543
202603
203042
203277
203764
204139
204527
204846
204939
206688
206791
206803
206828
207308
207751
207758
207777
207795
207831
207932
208900
208951
208974
209349
209894
210484
210864
210870
210919
211847
212291
212618
212839
213035
214647
214960
215764
216130
216220
216359
218067
219456
219855
219877
219882
219903
220350
220707
220792
221305
221462
221642
222818
222866
223744
223782
226059
226834
226921
226935
227548
227576
227579
227599
227708
227975
229214
229495
229626
229702
229780
231645
232190
232543
232556
233381
233453
233594
234818
234863
235301
235403
235441
235910
235917
235974
237386
237936
238144
238332
238664
238675
238768
239485
239780
240474
240720
240724
240750
241335
242618
244955
244957
245346
245395
245446
246292
246434
246473
248909
249264
250269
251680
254699
254881
254901
254983
255042
255125
255411
256387
256388
256589
256834
256924
256928
257092
257509
261177
261264
261315
261602
262979
263211
263330
263731
264077
265401
265406
265408
265878
266432
266803
266926
267097
268128
268614
268647
269081
269349
271142
271235
271297
272855
272916
272994
273012
273043
274144
274517
274594
275093
275194
275498
275537
275573
276165
277577
277775
277792
278431
278762
278824
278912
279014
279329
279333
279861
281228
281545
281622
283046
283891
284795
285068
286250
286494
287777
288533
288732
289398
289693
290226
290239
290256
290332
290492
290533
290740
290942
291349
292074
292535
292928
293367
293432
294166
294380
294426
294762
294882
294924
294965
295112
295664
295858
296162
298685
298694
299818
299852
300730
300733
301453
301495
303214
303595
304250
304454
304491
304561
305458
306875
306898
307249
308877
308921
309012
309015
309558
309657
310168
311835
312322
312344
312928
314303
314991
315852
315968
316412
316456
317265
317270
317955
318244
318455
318890
318958
318961
319026
319346
319426
319454
320212
320384
321068
321137
321451
322088
322281
322621
324108
324686
324722
324727
328549
330930
331417
332156
332163
332180
334360
334802
336183
336400
336681
337215
338117
338809
339452
339465
339496
341175
341181
341269
341287
341336
341488
342911
342986
343017
343352
343458
343524
344535
345961
346142
346693
346698
346770
346834
348885
349426
349906
350339
351199
351462
352784
353587
353890
354669
355065
355084
355118
355124
355127
355173
355504
355508
356689
356717
356848
358319
358354
358846
359448
359533
360006
360867
360943
361293
361874
361919
362811
362885
363839
364378
364939
364954
365997
366243
366986
367633
368619
368809
368839
369116
369533
369596
369889
371237
371239
371248
371297
371300
371779
372039
373021
373273
374599
375371
375405
375479
375922
376199
376357
376490
377837
378767
378794
378817
379397
379454
379673
381601
381616
383312
383707
384838
384920
384974
385097
386152
386529
387076
387118
387121
387187
387314
388899
390076
391286
392020
392036
392109
392579
394224
394984
395043
395053
395061
395972
396067
396451
397320
397323
397358
397661
398461
398819
398833
400078
400146
400912
400913
401719
401731
401749
401803
403173
403345
403358
403641
403700
403774
403968
405675
406233
406716
407446
407543
407555
407973
409289
409626
409644
410065
410091
410933
411861
412713
413151
413410
413699
413705
414539
415509
416672
419279
419290
419333
419991
420229
421057
421301
421346
424760
424789
425443
427155
431444
431457
431995
432451
432723
433072
433792
435831
436844
436965
437002
437191
437600
437660
437665
438809
438823
439369
2002 TY365
2004 TF97
2005 EQ294
2005 SV126
2005 UW232
2005 UT262
2005 UL333
2005 YZ73
2006 BU113
2006 BR263
2006 GD34
2006 KK25
2006 SD103
2006 SD103
2006 VK54
2006 WV199
2007 TH438
2007 VC117
2008 AK55
2008 CG125
2008 CM153
2008 FU19
2008 SL128
2008 WA76
2009 SB75
2009 VN36
2009 WW89
2010 CL116
2010 FY39
2010 PR22
2010 RQ102
2010 TM33
2010 UN29
2011 CR71
2011 CA99
2011 CS116
2011 HH40
2011 SF156
2011 SQ198
2011 UT43
2011 UU95
2011 UR368
2012 BU144
2012 DE45
2012 FB21
2012 HL49
2012 JG55
2012 TW86
2012 TK161
2012 TL256
2012 TZ265
2012 UM91
2012 UK101
2012 VB65
2013 AG98
2013 AZ137
2013 CV94
2013 CP170
2013 EJ18
2013 EQ98
2013 ET112
2013 GE24
2013 GA106
2013 HH106
2013 HK108
2013 HA130
2013 RL12
2013 RX61
2013 RT81
2013 SX31
2013 SH47
2013 SG73
2013 YQ39
2013 YN45
2014 BD30
2014 EB34
2014 GJ2
2014 HZ125
2014 HY150
2014 JV37
2014 JA45
2014 JE67
2014 KX11
2014 KD18
2014 KZ42
2014 NA62
2014 OT13
2014 OW58
2014 OK342
2014 PA36
2014 QA34
2014 QN59
2014 QA218
2014 QB301
2014 QP349
2014 UB150
2014 WF25
2014 WW44
2014 WX212
2014 WW401
2014 WX352
2015 AZ124
2015 AB254
2015 BS2
2015 BB100
2015 BN102
2015 BR291
2015 CT11
2015 DT57
2015 DB82
2015 EG13
2015 FP72
2015 MN9
2015 MT35
2015 OE7
2000 CP69
2001 FN200
2001 FR204
2001 FT205
2001 FU206
2001 FO217
2001 FN228
2003 QD84
2003 WF165
2003 YH44
2004 FZ99
2005 UE529
2006 BS37
2006 JA68
2006 KO53
2006 OA24
2006 SD193
2007 RA156
2007 TT115
2007 TK261
2007 VW162
2008 CB66
2008 CT127
2008 VQ35
2008 YR98
2008 YC136
2009 BF30
2009 DV25
2009 DD136
2009 KR31
2009 KC32
2009 SR78
2009 SW121
2009 UO83
2009 UF114
2009 WP3
2009 WW37
2009 WQ88
2009 WE189
2010 AV85
2010 AE118
2010 BF20
2010 BR35
2010 BD86
2010 BJ90
2010 BV94
2010 BQ98
2010 BA100
2010 CR49
2010 CN51
2010 CJ193
2010 CB221
2010 CG234
2010 CN235
2010 CS235
2010 CF238
2010 CH238
2010 CC242
2010 DG64
2010 DP64
2010 DQ65
2010 DE85
2010 DO90
2010 DW90
2010 EN9
2010 EQ20
2010 EX63
2010 EH167
2010 EH169
2010 FL43
2010 GN9
2010 GP16
2010 GM40
2010 GC43
2010 GQ50
2010 GW85
2010 GL94
2010 GR165
2010 HE4
2010 HB18
2010 HJ48
2010 HK98
2010 JW18
2010 JJ58
2010 JB92
2010 JS102
2010 JS130
2010 JS133
2010 JS135
2010 KA7
2010 KK14
2010 KD24
2010 KV28
2010 KX41
2010 KT48
2010 KU49
2010 KB90
2010 KA97
2010 KC101
2010 KZ101
2010 KP108
2010 KA125
2010 LV25
2010 LC26
2010 LL26
2010 LM26
2010 LR38
2010 LF42
2010 LP47
2010 LK52
2010 LX68
2010 LL72
2010 LV76
2010 LF83
2010 LZ92
2010 LS95
2010 LX103
2010 LV116
2010 MY47
2010 MD50
2010 MT53
2010 MU58
2010 MD71
2010 ML71
2010 MW71
2010 MT103
2010 NT10
2010 NO18
2010 NV51
2010 NE65
2010 NH83
2010 NC91
2010 NH91
2010 NC102
2010 OF21
2010 OA36
2010 ON39
2010 OX49
2010 OH65
2010 OT75
2010 OS77
2010 OX81
2010 OA116
2010 PZ67
2010 RB31
2010 RE124
2010 RE155
2010 TD6
2011 BJ125
2011 CR13
2011 CX89
2011 CP102
2011 CV109
2011 CW114
2011 EV22
2011 EK32
2011 EE83
2011 FJ25
2011 FX54
2011 FK138
2011 HL101
2011 ST61
2011 SP156
2011 UM274
2012 FN64
2012 TZ45
2012 TF306
2012 VU2
2012 XY85
2013 CA60
2013 GH1
2013 HV51
2013 HF100
2013 HQ106
2013 HP118
2013 HG134
2013 HE149
2013 RF27
2013 TW120
2013 TF140
2014 DR106
2014 EK26
2014 FE10
2014 FX12
2014 HZ26
2014 HP27
2014 HR31
2014 HU76
2014 HT133
2014 HY134
2014 KZ27
2014 OQ31
2014 OO39
2014 OV115
2014 OD136
2014 OS141
2014 OK219
2014 OJ221
2014 OZ308
2014 OU312
2014 OW320
2014 QT140
2014 QR298
2014 SB92
2014 SZ101
2014 SC175
2014 SO304
2014 SP346
2014 WR85
2014 WX212
2015 AS27
2015 AL39
2015 AP104
2015 AA132
2015 AX132
2015 AU137
2015 AK258
2015 BM10
2015 BH63
2015 BY87
2015 BA100
2015 BM130
2015 BK411
2015 BP152
2015 BN168
2015 BG439
2015 BK454
2015 BP463
2015 BY220
2015 BP507
2015 BF305
2015 CS14
2015 DA13