id
518
626
662
1018
1168
1473
1501
1515
1756
2118
2290
2497
3206
3862
3935
4168
4844
4996
5433
5445
5756
5789
6450
6547
6621
6648
6666
6692
6703
7213
7290
7712
7835
8208
8291
8514
8823
8842
9017
9160
9934
10029
10042
10577
10600
10626
10831
11264
11525
11687
11808
12230
12233
12376
12684
12810
12853
13042
13138
13340
13563
13937
13976
14027
14140
14238
14375
14436
14595
15220
15333
15653
15762
15984
16239
16293
16315
16434
16469
18112
18291
18334
18453
18600
18797
19210
19342
19422
19592
19770
19934
20104
20109
20789
20848
21000
21002
21073
21139
21142
21331
22188
22250
22306
22478
22813
22893
22925
23222
23229
23264
23439
23531
23596
24016
24031
24040
24645
24659
24685
24725
24776
24779
24795
25170
25262
25420
25474
25493
25724
25914
26159
26174
26212
26365
26444
26637
26777
26827
26889
26906
27324
27616
27823
27826
27977
28124
28969
28997
29132
29301
29303
29495
29810
29916
29985
29989
30549
30608
30612
30633
31231
31852
31871
31931
31958
32015
32543
32640
32733
32848
32852
32959
33041
33152
33363
33542
33984
34013
34226
34468
34918
35064
35133
35474
35491
35704
35835
35848
35968
36324
36345
36387
36404
36416
37002
37214
37295
37306
37475
38144
38240
38270
38408
38629
38659
38665
38722
38926
39003
39029
39031
39084
39224
39516
39661
39696
39837
39966
39971
39992
40390
40443
40447
40464
40672
40723
40867
40875
41047
41180
41207
41208
41357
41443
41459
41477
41766
41804
41825
41877
42086
43144
43246
43305
43620
43751
43753
43756
43791
43793
43871
43918
44245
44270
44530
45200
45339
45571
45661
46304
46637
46787
46875
46880
46917
46927
46951
46995
48385
48448
48514
48523
49147
49230
49267
49413
49802
50211
50658
50711
50739
50849
51040
51258
51414
51473
51540
51675
51700
51744
51925
52028
52092
52153
52174
52281
52448
52450
52452
52457
52808
52882
53135
53243
53342
53545
53627
53655
53694
53993
54617
54717
54729
54815
54817
54894
54895
55018
55089
55586
55793
55873
56049
56062
56119
56151
56248
56513
56537
56565
56680
56977
57114
57256
57275
57348
57508
57927
58273
58287
58486
58924
58973
59006
59027
59043
59101
59488
59583
59598
59619
60615
61361
61745
61834
61966
61997
62139
62747
62836
63114
63281
63367
63415
63472
63506
63597
63668
63767
63991
64059
64506
65328
65408
65495
65699
66144
66449
66457
66464
66471
66539
66674
66732
66750
66791
67135
68175
68264
68290
68390
68650
68683
68822
68832
68969
68972
68999
69069
69411
69671
69674
70128
70213
70255
70372
70417
70520
70616
70659
70716
70718
70735
70772
70818
70824
70865
70948
71047
71198
71277
71310
71418
71455
72032
72165
73256
73293
73642
73772
73779
74072
74074
74085
74123
74366
74662
74694
74792
74891
75128
75262
75350
75370
75399
75548
75829
75887
76075
76099
76364
76908
77095
77165
77411
77470
77484
77681
77926
78086
78870
79200
79203
79636
79680
79774
79775
79778
79826
79859
80277
80383
80557
80741
80762
80787
81086
81151
81179
81210
81255
81273
81385
81601
81711
81756
82429
82473
82604
83024
83179
83434
83664
84204
84221
84385
84422
84482
84628
84897
84948
85106
85724
85892
85905
86978
87012
87073
87075
87115
87122
87146
87237
87238
87249
87298
87421
87515
87548
87683
87721
88084
88329
88458
89430
89684
89738
89817
89867
89972
90678
90686
91341
91365
91381
91391
92594
92639
92716
92736
92785
92822
92912
92913
93027
93105
93155
93202
93297
93494
93507
93581
93763
93894
93984
94072
94111
94151
95043
95146
95616
95704
96162
96214
96264
96492
96505
96729
96757
96778
96814
96818
98221
98393
98594
98614
98630
98688
98718
98735
98757
98762
98809
98961
99027
99076
99214
99252
99808
99832
100019
100024
100112
100123
100147
100237
100299
100426
100613
100672
100673
100684
100696
100971
100984
101004
101030
101072
101164
101278
101384
101473
101529
101613
101709
101757
101944
102117
102146
102156
102541
102598
102647
102652
102671
102839
102846
102863
102996
103033
103097
103330
104047
104055
104105
104471
104852
104980
105964
106861
107035
107155
107202
107312
107332
107429
107452
107536
107623
107634
107648
107671
107687
107744
107753
107909
108023
108118
108203
108216
108226
108299
108302
108335
108388
108418
108614
108625
108673
108745
108798
108934
108937
108975
108993
109073
109278
109293
109414
109652
109661
109706
109725
109836
109897
109908
110041
110252
110256
110326
110541
110565
110568
110571
110684
110697
110754
110775
111311
111722
112121
112570
112652
112849
113079
113199
113573
114357
114394
114475
114541
114687
114744
114752
114779
115174
115381
115499
115711
115962
116391
117392
118187
118356
118666
119304
119319
119413
119414
119482
119510
119522
119531
119590
119595
119699
119757
119981
120411
120415
120417
120521
120721
120778
120790
120794
120842
121199
121203
121211
121318
122153
122221
122301
122307
122322
122418
122436
122443
122478
122496
122525
122559
122571
122655
122675
122819
122873
123040
123201
123373
123397
123618
124238
125222
125466
125701
125800
126093
126242
126333
126350
126386
126894
126952
127324
127667
127687
127710
127811
128022
128031
128385
128390
129375
129403
129431
129443
129624
129644
129821
129867
129943
129961
130009
130028
130067
130103
130143
130706
130787
130887
130923
130946
131509
132419
132508
132558
132622
132719
133097
133366
134035
134359
134425
134438
134444
134455
134457
134459
134760
134823
135021
135658
135701
135721
135797
135949
136147
136554
136817
136968
137019
137020
137046
137047
137054
137067
137105
137981
138114
138189
138501
139180
139226
139278
139279
139348
139372
139429
139449
139732
139767
139959
141715
141956
142127
142144
142209
142213
142253
142259
142262
142280
142293
142414
142503
142520
142528
142539
142543
142568
142659
142829
142862
142877
142969
142981
142990
142994
143089
143124
143156
143323
143351
143390
143478
143570
143943
144006
144562
144982
145121
145193
145329
145335
145731
145824
145844
146069
146103
146332
146363
146377
146400
146417
146514
146523
146688
147251
147281
147319
147338
147349
147353
148085
148203
148504
148524
148588
148859
149206
149466
149594
149733
150090
150129
150250
150472
150563
150717
150758
150829
150838
150904
151002
151175
151748
151776
151967
152023
152177
152641
152651
152656
152658
152725
153193
153199
153433
153456
153459
153461
153481
153590
153671
153703
153744
154307
154451
155123
155727
155770
155801
155807
155830
155933
156154
156174
156266
156286
156328
156381
156391
156790
156945
156976
157243
157284
157316
157361
157381
157426
157753
157793
158049
158270
158318
158330
158341
158403
158410
159035
159101
159139
159159
159304
159350
159380
159595
159917
160015
160052
160053
160597
160608
160772
160940
160974
161268
161315
161322
161330
161657
162034
162202
162205
162217
162229
162233
162242
162252
162258
162278
162309
162311
162315
162330
162333
162347
162351
162366
162884
162887
163247
163281
163337
163875
163893
163980
163986
164162
164816
164823
164861
164891
164899
164902
164905
164914
164950
165040
165633
166139
166257
166305
166323
166359
166511
167113
167168
167211
167296
167347
167351
167413
167469
167684
168009
168120
168321
168351
168474
168521
168535
168597
168625
168968
169655
169699
169702
169728
169748
169755
169769
170200
170573
170605
170646
170734
171305
171485
171502
171509
171553
171836
172149
172686
172700
172713
172723
172725
172726
173014
173195
173203
173211
173212
173303
173369
173394
173401
173977
174135
174140
174298
174602
174708
174796
174826
174886
174887
174929
175344
175754
175762
175852
175879
175891
175905
175956
176178
176184
176210
176676
176717
176745
176759
176813
176903
176972
177544
177621
177969
177973
178346
178389
178439
178593
178637
178638
178880
179145
179260
179659
179763
179842
179858
179888
180500
180576
180578
180606
180883
180910
181201
181465
181853
181860
181865
182065
182079
182373
182374
182398
182417
182586
183154
183260
183275
183334
183354
183357
183385
183390
183397
184036
184074
184099
184327
184715
185097
185249
185424
185425
185442
186027
186171
186252
186532
186870
186897
186901
187504
188411
188454
188463
189524
189532
189589
189598
189599
190039
190049
190275
190535
190571
190572
190584
190587
190605
190625
190634
191654
191731
191745
191776
192161
192397
192501
192629
192631
193194
193270
193286
193296
193299
193300
193363
193368
193385
193432
193444
193504
193508
193572
194874
195248
195403
195534
195555
195592
196373
196402
196474
197912
198012
198079
198219
198265
198277
198370
198460
198470
198501
198566
198608
198612
198682
198773
199162
199852
199977
200122
200375
200452
200479
200488
200552
201506
201530
201540
201548
202003
202091
202174
202199
202208
202291
202621
202877
203173
203183
203920
203983
204407
204581
204798
204984
205006
205067
205078
205080
205089
205100
205130
205171
205397
205960
206029
206333
206348
206367
206368
206420
206444
206463
206479
207106
207150
207253
207262
207646
207647
207650
207904
207944
208032
208739
208783
208907
209064
209116
209247
209293
209594
209626
209671
210029
210519
210576
210584
210604
210815
211309
211314
211337
211373
211537
211573
211585
211639
211756
212570
212652
212844
213031
213051
213103
213600
213691
213868
214182
214267
214293
214312
214327
214361
214386
215520
215533
215539
215547
215671
215935
216093
216168
216256
216501
216525
216674
216841
217008
217041
217042
217081
217112
217298
217557
217840
217854
217859
217892
217908
217928
217939
217940
217946
217952
218281
218608
218926
219001
219017
219072
219323
219324
219529
219547
219550
219557
219568
219571
219589
219591
219608
219609
219612
219618
219634
219666
219676
219683
219701
219786
219802
220534
221098
221117
221164
221324
222515
222519
222530
222534
222550
222572
222610
222619
222624
222725
222849
223620
224232
224327
224374
224463
224482
224488
224864
225808
225822
225863
225864
225894
225898
225901
225916
225947
225955
225972
225989
227346
227793
227843
228257
228324
228340
228344
228532
228542
228566
228601
228630
228872
229148
229504
229749
230054
230066
230074
230248
230274
230311
230320
230326
230333
230341
230389
230394
230632
231311
231688
231835
231858
231869
231898
232081
232170
232228
232484
232769
232778
232824
232892
233290
233528
233532
233551
233969
234262
234284
234291
234659
234684
235106
235145
235571
235576
236214
236286
236411
236454
236482
236531
236536
237002
237535
237557
237558
237562
237565
237814
237840
238255
238510
238517
238882
239089
239092
239194
239402
239452
239676
240149
240341
240609
240622
240940
240994
241114
241320
241564
241765
241982
242066
242116
242124
242135
242908
242913
243651
243688
243781
243835
243878
243880
243896
243913
244287
244344
244350
244554
244564
244851
244937
245069
245221
245781
245952
246005
246655
246917
247393
247442
247549
247571
247605
247646
247663
248180
248516
248653
248755
248784
248916
248923
249317
249507
250138
250163
250164
250168
250174
250182
250194
250198
250204
250208
250218
250223
250247
250263
250654
251040
251064
251067
251082
251649
252281
252925
252950
253017
253061
253110
253131
253132
253133
253146
253165
253184
253188
253248
253369
253954
254051
254054
254621
254623
254654
254705
255774
255822
255870
255913
255956
256014
256082
256112
256131
256181
256218
256310
256957
257351
257449
257573
258012
258053
258062
258098
258101
258113
258166
258850
258902
258968
259073
259114
259207
259249
259862
259947
259992
260078
260556
260608
260873
261946
262182
262294
262393
262411
262440
262647
262706
262811
262827
262835
262836
263956
264231
264255
264298
264505
264526
264539
264541
264545
264980
264992
265329
265559
265688
265791
266286
266302
266316
266331
266342
266944
267009
267180
267183
267199
267269
267726
267745
267746
268340
268418
268436
268481
268955
268974
268990
269020
269031
269215
269295
269607
269953
269999
270157
270278
270301
270305
270314
270332
270340
270891
271015
271722
272394
272688
272702
272734
272815
273343
273351
273621
273679
273680
273763
273782
273813
273818
273912
273938
274784
274840
275556
275702
275956
276014
276022
276050
276139
276276
276301
276324
276432
276465
276475
276826
276890
277342
277362
277431
277629
277637
277973
277996
278090
278333
278363
278547
278964
279724
280043
280064
280084
280218
280279
280378
280610
280624
280990
281231
281239
281638
281660
281724
282057
282071
282369
282660
283235
283295
283343
283347
283350
283351
283444
283478
283779
283793
283794
283822
283854
284196
284444
284445
284495
284673
284854
285094
285148
285292
285388
285900
285933
285936
285968
286341
286395
286708
286819
286827
286846
286853
286915
286922
287084
287095
287108
287135
287322
287369
287415
287597
287728
287825
287891
288642
289435
289483
289599
289738
289765
289974
291274
291588
291635
291653
291816
292043
292343
292680
292693
292810
292862
292869
292876
293287
293937
294053
294197
294748
295232
295270
295374
295443
295521
295805
295913
295961
296240
296462
297080
297227
297293
297322
297341
297956
297969
298427
298448
298489
298492
298505
298530
298557
298558
299609
300371
300416
300676
300694
300708
301875
301926
301928
302101
302577
302899
302930
302960
302965
302967
302970
302980
302985
302999
303034
303041
303102
303659
304132
304135
304139
304932
304981
304997
305033
305067
305070
305106
305108
305292
305315
306056
306390
306426
306445
306454
306457
306460
306470
306508
306511
306532
306546
306550
306552
306555
306597
306602
306628
306694
306702
306723
306762
306770
306779
306883
306900
306955
307075
307099
307188
307454
307494
307517
307521
307645
307653
307682
307706
307712
307729
307731
307772
307799
307817
307824
307831
307852
307879
307934
308122
308609
308711
309052
309140
309374
309468
309482
309525
309527
310127
310198
310431
310446
310714
310716
310723
310730
311008
311031
311033
311034
311039
311041
311067
311260
311607
311657
312970
313178
313185
313398
313407
313412
313419
313451
313784
313808
313830
313852
313859
314215
314226
315364
315432
315572
315589
315599
315616
316090
316188
316197
316684
316718
317062
317558
317567
317600
318090
318114
318388
318433
319470
319601
319615
319846
319861
319898
320610
320633
320689
320723
320761
320829
320940
321200
321203
321962
322139
322712
322780
322781
322793
322889
323014
323090
323097
323431
323478
323814
323935
324448
324450
324455
324525
324550
324809
325004
325235
325250
325568
325640
325999
326674
326967
327340
327796
327832
328247
328321
328342
328715
328913
329317
329352
329365
329377
329393
329431
329514
329583
329596
329781
329787
330027
330068
330890
331032
331038
331163
331525
331771
331890
331892
332126
332145
332535
332928
333041
333231
333293
333303
333459
333472
333473
333485
333593
333812
333851
333977
333986
333987
333991
333994
333998
334009
334015
334204
334816
335026
335037
335049
335068
335077
335078
335083
335524
336134
336138
336140
337271
337275
337276
337278
337284
337290
337337
337968
339087
339097
339111
339130
339131
339138
339166
339171
339180
339187
339195
339204
339241
339243
339247
339248
339260
339269
339270
339281
339299
339317
339328
339359
340145
341030
341061
341067
341112
342007
342040
342125
342127
342220
342238
342302
342343
342525
342621
343327
343660
343694
343739
343847
343908
344094
344163
344175
344181
344967
344989
345010
345809
346462
346530
346553
346576
346587
346606
346638
346651
346833
346979
347147
347240
347241
347253
347265
347276
347521
347573
348288
348291
348315
348347
348352
348647
348740
348812
349064
349118
349142
349148
349637
349715
349745
350073
350368
351114
351343
351355
351371
351381
352151
352187
352882
352927
352944
353048
354010
354011
354247
354268
354276
354372
354381
354580
354599
354613
355026
355088
355273
355423
355472
355902
356000
356018
356031
356054
356563
356964
357361
357388
357630
357657
357662
357668
358560
359173
359252
360193
360462
360580
360764
360825
361594
361604
361619
361659
361696
362202
362218
362388
362445
362656
363061
363117
363120
363137
363394
363536
363556
363573
363576
363806
364182
364323
364387
364411
364750
365681
366394
366398
366399
366410
366416
366852
367172
367516
367518
367660
367798
368141
368207
368210
368212
368222
368227
368228
368234
368246
368252
368506
368688
368727
368971
369048
369090
369274
369756
369868
369958
370074
370085
370092
370101
370104
370106
370116
370120
370137
370140
370144
370168
370182
370459
370928
370934
370957
370961
370964
370974
370991
370993
370997
371000
371003
371009
371034
371041
371061
371097
371118
371126
371129
371158
371897
371908
371929
371985
372388
372412
373514
373551
373556
373561
373563
373572
373575
373586
374041
374328
374336
374355
374356
374363
374388
374396
374428
374431
374457
374467
374468
375151
375261
375775
375802
375829
375848
375941
375980
376716
376872
376901
376902
376910
376932
377610
377649
377691
377708
377721
377731
377735
377737
377814
378013
378257
378290
378360
379286
379323
379338
379896
379925
380169
380264
380267
380274
380287
380293
380294
380304
380308
380551
380562
380802
380814
380835
380879
381140
381178
381853
381929
382088
382180
382461
382576
382580
382591
383198
383528
384401
384433
384482
384643
385133
385237
385239
385326
385534
385795
385805
386085
386439
386932
387026
387205
387400
387599
387627
387887
387894
387899
388211
388904
388965
388991
389460
389465
389649
390005
390185
390198
390637
390751
390883
390889
391239
391897
391987
392744
392763
392841
393337
393582
394575
394854
394916
394931
395208
395467
395487
396146
396211
396662
396667
396677
396756
396909
397228
397615
397620
397637
397874
397910
397982
399201
399453
399455
399456
399459
399466
399469
399474
399484
399486
399616
399759
400018
400023
400026
400027
400031
400037
400056
400085
400136
400407
400412
401955
401962
401990
402109
402110
402229
402238
402568
402584
402590
402596
402617
402619
402670
402704
403003
403014
403040
403296
403593
403667
403729
404611
404962
405158
405170
405176
405179
405538
405545
405937
405963
405973
405975
405979
405990
405992
406023
406026
406036
406037
406065
406087
406154
407450
407467
407843
408102
408223
408364
408569
408612
408702
408793
408821
408989
408996
409000
409003
409005
409011
409015
409407
409835
409870
409879
409887
409905
409911
409917
409923
409930
409941
409976
409981
409984
409989
409990
410003
410014
410031
410500
410513
410808
411209
411226
411310
411326
411350
411389
412127
412153
412237
412617
412856
413036
413203
413206
413368
413852
413854
413879
413880
413892
413931
413933
414865
414925
415141
415334
415479
415548
415815
415947
415990
416234
416237
416241
416243
416824
417216
417548
417560
417625
417656
417657
417685
417774
418226
418313
418347
418398
419786
419878
420850
421164
421647
422030
422057
422164
422213
422547
422633
422753
423592
424192
425695
425706
425730
425897
425917
426198
426451
426558
426793
427294
427464
427570
427571
427879
427895
427899
427903
428281
429119
429140
429511
429582
429679
429724
429815
429817
430288
1994 VH4
1995 OJ12
1995 TF3
1996 XW4
1997 WY3
1998 SP31
1999 SZ20
1999 TT45
1999 TT56
1999 TQ70
1999 TN153
1999 TW316
1999 VA102
1999 WX18
2000 AC44
2000 AL48
2000 SG196
2000 TF8
2000 VT64
2000 WE74
2000 WN162
2001 FB152
2001 FA221
2001 OO41
2001 QV105
2001 RH99
2001 SX100
2001 ST223
2001 TR262
2001 UA62
2001 UP112
2001 UL194
2001 WC66
2001 XP122
2001 XX201
2002 AV142
2002 AD210
2002 BO18
2002 CF214
2002 DV18
2002 FJ8
2002 GS174
2002 MB7
2002 NZ2
2002 NY68
2002 NZ79
2002 NU80
2002 NW80
2002 OT25
2002 OW37
2002 PM14
2002 PH22
2002 PC166
2002 PJ192
2002 PK202
2002 QQ30
2002 QU39
2002 QO43
2002 QC51
2002 QW119
2002 QE123
2002 QH139
2002 QZ151
2002 RC36
2002 RH182
2002 RQ247
2002 SQ73
2002 TA55
2002 TK140
2002 TU158
2002 TT318
2003 BG3
2003 FT81
2003 OV7
2003 QD25
2003 QT55
2003 QM104
2003 RE15
2003 RM27
2003 SF183
2003 ST186
2003 SX273
2003 SE356
2003 TA26
2003 UW43
2003 UX59
2003 UD79
2003 UF379
2003 UP178
2003 UQ234
2003 UM329
2003 UJ349
2003 WA3
2003 WD5
2003 WC21
2003 WF22
2003 WH23
2003 WH25
2003 WB30
2003 WE46
2003 WA74
2003 WK105
2003 WG114
2003 YM22
2003 YX114
2004 BT10
2004 BV13
2004 BR131
2004 CY3
2004 CQ90
2004 GS11
2004 LB14
2004 PR27
2004 RN35
2004 RJ151
2004 RG187
2004 RR336
2004 SU42
2004 TW25
2004 TO97
2004 TH104
2004 TH149
2004 TP149
2004 TA150
2004 TX232
2004 VJ12
2004 VN29
2004 VG74
2004 XF21
2004 XR57
2005 AG6
2005 EG33
2005 EW240
2005 GD219
2005 JM69
2005 NO45
2005 ND64
2005 NB68
2005 NY79
2005 PN10
2005 QZ113
2005 QO133
2005 QA188
2005 SJ21
2005 SC26
2005 SO30
2005 SP46
2005 SO52
2005 SE64
2005 SD98
2005 SK110
2005 SS181
2005 SR189
2005 SA246
2005 SY275
2005 TD47
2005 TO58
2005 TB66
2005 TS83
2005 TY87
2005 TA145
2005 TV196
2005 UK11
2005 UN48
2005 UL285
2005 UH373
2005 UW425
2005 UM436
2005 UA178
2005 UE443
2005 US203
2005 UW472
2005 UV221
2005 UF225
2005 UL285
2005 UN334
2005 VH63
2005 VH130
2005 WM33
2005 WS138
2005 XZ9
2005 XK26
2005 YF2
2005 YW17
2005 YJ26
2005 YQ54
2005 YZ57
2005 YQ87
2005 YR90
2005 YC166
2005 YC201
2006 AP8
2006 BX60
2006 BL61
2006 BP71
2006 BM72
2006 BY101
2006 BR117
2006 BX143
2006 CM67
2006 DH166
2006 HJ4
2006 JS57
2006 KL113
2006 LE4
2006 MR9
2006 PQ41
2006 RB1
2006 RK47
2006 RQ47
2006 RZ88
2006 RJ114
2006 SP12
2006 SO31
2006 SS386
2006 SC397
2006 SZ139
2006 SD250
2006 SA260
2006 SK275
2006 SJ286
2006 SY308
2006 SX314
2006 SE343
2006 TL5
2006 TX27
2006 TA35
2006 TU52
2006 TH67
2006 TW93
2006 TF100
2006 TY115
2006 TV116
2006 TK122
2006 TU122
2006 TO125
2006 UK66
2006 UQ81
2006 UC97
2006 UV139
2006 UM151
2006 UM201
2006 UD211
2006 UO236
2006 VR26
2006 VD31
2006 VD47
2006 VO73
2006 VU103
2006 VR108
2006 WZ13
2006 WW40
2006 WT60
2006 WC99
2006 WV101
2006 WY133
2006 WG150
2006 WC160
2006 WW200
2006 XO16
2006 XD34
2006 XT50
2006 XL59
2007 AG10
2007 BO3
2007 BM38
2007 BR75
2007 EQ120
2007 EL187
2007 FJ8
2007 GQ38
2007 HX27
2007 HL36
2007 JY26
2007 JM36
2007 NR2
2007 PR43
2007 QV14
2007 RQ65
2007 RK195
2007 RZ223
2007 RU274
2007 SU18
2007 TG5
2007 TD20
2007 TP46
2007 TL56
2007 TL70
2007 TB88
2007 TT93
2007 TC104
2007 TV125
2007 TC132
2007 TR399
2007 TJ405
2007 TZ152
2007 TC426
2007 TT429
2007 TQ170
2007 TL172
2007 TS205
2007 TJ229
2007 TQ271
2007 TP326
2007 TM334
2007 TF350
2007 UO21
2007 UP108
2007 UJ119
2007 UO120
2007 VV61
2007 VE85
2007 VV98
2007 VX101
2007 VW114
2007 VE119
2007 VN126
2007 VL149
2007 VL155
2007 VX164
2007 VG171
2007 VY194
2007 VA245
2007 VD272
2007 VW316
2007 VL323
2007 WX10
2007 WM11
2007 WT24
2007 WB63
2007 XC6
2007 XE10
2007 XF26
2007 XS51
2007 XJ59
2007 YP52
2007 YX54
2007 YD74
2008 AX41
2008 AZ71
2008 AU79
2008 AV117
2008 BN21
2008 BE32
2008 CY27
2008 CR46
2008 CJ50
2008 CT108
2008 CY109
2008 CD159
2008 CH160
2008 CB163
2008 CH168
2008 CT193
2008 DD4
2008 EK5
2008 EH116
2008 EB147
2008 FP27
2008 FL136
2008 GU
2008 GV25
2008 GO36
2008 GF127
2008 GK129
2008 GG145
2008 HV19
2008 LR3
2008 OO22
2008 OC25
2008 PS4
2008 PD19
2008 QM16
2008 QR22
2008 QA37
2008 RJ9
2008 RT23
2008 RW34
2008 RR80
2008 RN88
2008 RX97
2008 RW107
2008 RC137
2008 SH33
2008 SB36
2008 SK57
2008 SA74
2008 SM74
2008 SY84
2008 SW100
2008 SF125
2008 SV139
2008 SP162
2008 SP173
2008 SN182
2008 SG190
2008 SX250
2008 SD253
2008 SN267
2008 SS269
2008 SK271
2008 SD272
2008 SE289
2008 SW309
2008 TH17
2008 TL44
2008 TZ64
2008 TT90
2008 TG112
2008 TY130
2008 TO152
2008 TM186
2008 UR29
2008 UC33
2008 UF35
2008 UA79
2008 UG365
2008 UN111
2008 UM119
2008 UX122
2008 UZ144
2008 UT168
2008 UM174
2008 UK221
2008 UP248
2008 UN284
2008 UG302
2008 VE24
2008 VF38
2008 VV60
2008 VR73
2008 VJ78
2008 WS30
2008 WO47
2008 WM62
2008 WS73
2008 WN140
2008 XO3
2008 XZ4
2008 XT16
2008 XH34
2008 YG16
2008 YX133
2008 YY169
2009 AW44
2009 AJ49
2009 BE84
2009 BG97
2009 BQ111
2009 BZ117
2009 BY171
2009 BJ177
2009 CA5
2009 CW35
2009 CH41
2009 DW134
2009 EQ12
2009 FH5
2009 FL30
2009 FV58
2009 HO98
2009 QW30
2009 RP9
2009 RF19
2009 RR28
2009 RJ39
2009 SK31
2009 SL50
2009 SN79
2009 SU98
2009 SD168
2009 SA188
2009 SP138
2009 SJ148
2009 SK159
2009 SD168
2009 SA188
2009 ST188
2009 SR250
2009 ST328
2009 SY339
2009 UN107
2009 UO119
2009 VM6
2009 VA28
2009 VS47
2009 VB58
2009 VW70
2009 VG85
2009 VV96
2009 WZ25
2009 WE53
2009 WR64
2009 WZ93
2009 WN103
2009 WY161
2009 WC171
2009 WC183
2009 WN245
2009 YB21
2010 AS18
2010 AA53
2010 AY80
2010 CJ22
2010 CD48
2010 CF58
2010 CJ75
2010 CM183
2010 CW244
2010 EY69
2010 FA17
2010 FT61
2010 JB34
2010 NU9
2010 NL20
2010 ND40
2010 RP1
2010 RD60
2010 RO142
2010 RJ154
2010 RJ160
2010 SN37
2010 TQ11
2010 TQ14
2010 TJ22
2010 TM22
2010 TJ34
2010 TM49
2010 TD146
2010 TZ158
2010 UB55
2010 UZ58
2010 UZ63
2010 UF76
2010 UF77
2010 UV81
2010 VL22
2010 VC34
2010 VY45
2010 VD100
2010 VG114
2010 VA117
2010 VD173
2010 VJ192
2010 VE198
2010 VJ208
2010 XN33
2010 XH37
2010 XO68
2011 AB17
2011 BE27
2011 BT40
2011 BT45
2011 BS55
2011 BA100
2011 BP100
2011 BN131
2011 BW156
2011 CJ3
2011 CV55
2011 CH66
2011 EW3
2011 EX15
2011 EJ23
2011 EW79
2011 FW100
2011 FN104
2011 FS126
2011 FH128
2011 GU56
2011 GZ56
2011 GK61
2011 GJ72
2011 GW82
2011 HX30
2011 HO41
2011 HF76
2011 JA13
2011 JG21
2011 KZ21
2011 OA4
2011 OL10
2011 OC30
2011 QH6
2011 QL59
2011 QA79
2011 RW3
2011 RY3
2011 SB21
2011 SX104
2011 SZ108
2011 SP115
2011 SA177
2011 SZ183
2011 SD202
2011 SY209
2011 SR221
2011 SQ230
2011 SU231
2011 SX247
2011 US20
2011 UT30
2011 UR40
2011 UO67
2011 UO382
2011 UK396
2011 UK142
2011 UG145
2011 UX160
2011 UO200
2011 US220
2011 UR231
2011 UA279
2011 UJ293
2011 WG16
2011 WF24
2011 WY38
2011 WK43
2011 WF49
2011 WD70
2011 WP73
2011 WF84
2011 WW130
2011 YD61
2011 YR63
2012 BQ37
2012 CN11
2012 CH14
2012 DC40
2012 DV72
2012 DE83
2012 DE95
2012 FU57
2012 HZ21
2012 HA41
2012 HQ56
2012 KS10
2012 KH19
2012 KP42
2012 KD46
2012 LK6
2012 OX
2012 OE6
2012 PF6
2012 QW50
2012 QG51
2012 RV7
2012 RE31
2012 SP30
2012 SL39
2012 SU52
2012 TH3
2012 TQ59
2012 TS119
2012 TB157
2012 TP167
2012 TW167
2012 TR186
2012 TO195
2012 TJ199
2012 TQ230
2012 TY244
2012 TK251
2012 TE255
2012 TH255
2012 TB258
2012 TD313
2012 TW314
2012 TO320
2012 UZ12
2012 UO35
2012 UP35
2012 UE36
2012 UJ48
2012 UH58
2012 UX58
2012 UX63
2012 UQ75
2012 UA88
2012 UP95
2012 UD102
2012 UQ133
2012 UE135
2012 UO136
2012 UW137
2012 UO160
2012 VO39
2012 VX47
2012 VT75
2012 VN84
2012 VR96
2012 VC109
2012 WN15
2012 XL12
2012 XC21
2012 XK30
2012 XM48
2012 XD71
2012 XY80
2012 XM107
2012 XQ120
2012 XC124
2012 XB130
2012 XR130
2012 XQ136
2012 XT152
2012 XF157
2012 YX2
2013 AQ5
2013 AT11
2013 AF14
2013 AN45
2013 AA74
2013 AC103
2013 AU117
2013 AJ180
2013 BN7
2013 BL19
2013 BD20
2013 BA35
2013 BX60
2013 CQ12
2013 CT21
2013 CN68
2013 CW75
2013 CT80
2013 CJ179
2013 CQ192
2013 EJ9
2013 EH17
2013 EH85
2013 FC3
2013 GV8
2013 GE37
2013 GE91
2013 GX135
2013 JY
2013 KQ7
2013 KY17
2013 LO18
2013 LU21
2013 LS23
2013 OQ8
2013 PB10
2013 PL28
2013 PF56
2013 QC34
2013 QG48
2013 QE58
2013 QF67
2013 RQ
2013 RA18
2013 RR32
2013 RL74
2013 RF78
2013 RM93
2013 RA94
2013 RK95
2013 SU64
2013 TU89
2013 TD94
2013 UG7
2013 VJ14
2013 VX17
2013 VR18
2013 WP1
2013 WX40
2013 WK53
2013 WA61
2013 WR63
2013 WC66
2013 WB68
2013 WQ68
2013 WS69
2013 WW93
2013 WT104
2013 XP
2013 YE2
2013 YY2
2013 YV9
2013 YB11
2013 YE12
2013 YW17
2013 YE18
2013 YM20
2013 YL28
2013 YT35
2013 YF95
2013 YV107
2013 YK113
2013 YU142
2013 YV149
2014 AJ1
2014 AL13
2014 AW24
2014 AE37
2014 AR51
2014 BS33
2014 BD48
2014 BZ54
2014 BR55
2014 BK63
2014 CA
2014 CC8
2014 DC23
2014 DX35
2014 DV66
2014 EH22
2014 FC21
2014 FX50
2014 FZ53
2014 GA33
2014 GO37
2014 HW74
2014 HL122
2014 HS175
2014 JY16
2014 JC29
2014 JG29
2014 JC37
2014 JY62
2014 JT78
2014 KU3
2014 KW16
2014 KH52
2014 KV77
2014 KE88
2014 KY91
2014 KK92
2014 KA94
2014 LD9
2014 LN10
2014 LS12
2014 LP17
2014 ME
2014 ME12
2014 MK28
2014 MJ69
2014 NS1
2014 NU23
2014 NG34
2014 NB44
2014 NK44
2014 NA46
2014 OJ17
2014 OO47
2014 OZ103
2014 OO378
2014 OW166
2014 OJ216
2014 OD226
2014 OX231
2014 OV263
2014 OY294
2014 PQ13
2014 PS38
2014 PF49
2014 QX
2014 QY18
2014 QO36
2014 QY62
2014 QL65
2014 QX167
2014 QU105
2014 QX167
2014 QQ370
2014 QZ373
2014 QH141
2014 QX167
2014 QO432
2014 QZ173
2014 QQ200
2014 QV225
2014 QZ226
2014 QM252
2014 QH267
2014 QV291
2014 QD324
2014 QG325
2014 QL326
2014 SR
2014 SA45
2014 SE154
2014 SM192
2014 SZ216
2014 SK218
2014 SX233
2014 SD309
2014 TH18
2014 TD27
2014 TD72
2014 TW72
2014 TB74
2014 TJ83
2014 UH1
2014 UB2
2014 UV27
2014 UF46
2014 UN87
2014 UR94
2014 UJ156
2014 UH161
2014 UF172
2014 UH182
2014 UA190
2014 UX198
2014 VB5
2014 VH7
2014 VP19
2014 WU54
2014 WY54
2014 WC73
2014 WB364
2014 WR368
2014 WD116
2014 WU118
2014 WA382
2014 WR122
2014 WX399
2014 WD140
2014 WH422
2014 WF428
2014 WV436
2014 WN203
2014 WC211
2014 WK220
2014 WE496
2014 WO507
2014 WR292
2014 YO5
2014 YB12
2014 YZ28
2014 YL45
2015 AR13
2015 AH49
2015 AP207
2015 BJ2
2015 BP27
2015 BT44
2015 BK85
2015 BG91
2015 BS93
2015 BT252
2015 BS277
2015 BO132
2015 BT252
2015 BL253
2015 BS277
2015 CH36
2015 DY146
1991 RK42
1994 PF31
1995 QV5
1995 SV15
1998 SE41
1999 TJ255
1999 TX305
1999 VY115
2000 QD16
2000 WW169
2001 FY212
2001 FT222
2001 FB224
2001 FP229
2001 HC19
2001 OZ3
2001 RA102
2001 SE200
2001 SG299
2001 SP328
2001 TD162
2001 TS251
2001 UN227
2001 VE134
2001 XS62
2001 XR102
2001 XO200
2002 AQ108
2002 CP85
2002 GV180
2002 LF63
2002 LH63
2002 NO70
2002 NS76
2002 NH78
2002 PY160
2002 QY1
2002 QW113
2002 QE118
2002 QZ122
2002 QY132
2002 QJ151
2002 QS153
2002 RS74
2002 RL160
2002 RV202
2002 RD236
2002 RM265
2002 RG292
2002 SZ71
2002 TT325
2002 TQ334
2002 WH10
2003 AB71
2003 OJ17
2003 QX
2003 SH397
2003 SW418
2003 SP345
2003 SY348
2003 TP25
2003 TC40
2003 UY45
2003 UT59
2003 UT386
2003 UQ416
2003 UA171
2003 WY50
2003 WH71
2003 YT3
2004 BJ65
2004 BL100
2004 BT159
2004 FD78
2004 FL103
2004 NQ19
2004 QL4
2004 RZ18
2004 RH225
2004 RP302
2004 TC30
2004 TJ112
2004 TH152
2004 TS213
2004 XA61
2004 XU122
2005 ET80
2005 EY116
2005 JM32
2005 LD15
2005 MN20
2005 NU14
2005 NR50
2005 NM53
2005 QL39
2005 QZ129
2005 QW132
2005 SV225
2005 SN285
2005 TV1
2005 TJ97
2005 TE100
2005 UV62
2005 UQ94
2005 UJ377
2005 UQ118
2005 UW214
2005 UC239
2005 UZ246
2005 UP289
2005 UR316
2005 VR129
2005 VW129
2005 XL42
2005 XU44
2005 YT3
2005 YF78
2005 YF105
2005 YL112
2005 YE137
2005 YD147
2005 YJ158
2006 BA128
2006 CY11
2006 CJ12
2006 DX53
2006 DY99
2006 EB68
2006 JF54
2006 JF69
2006 JQ71
2006 OT34
2006 OY36
2006 QA15
2006 QY17
2006 QC20
2006 QJ144
2006 QV177
2006 RW81
2006 SW147
2006 SD152
2006 SK210
2006 SC252
2006 SE328
2006 SD350
2006 TO35
2006 TZ78
2006 UQ24
2006 UQ43
2006 UO56
2006 UK168
2006 UA259
2006 WF105
2006 WQ203
2006 XW59
2007 AT10
2007 BE62
2007 FJ24
2007 HE5
2007 HM41
2007 OM6
2007 PF
2007 QW
2007 QL14
2007 RC60
2007 RF108
2007 RG131
2007 RO167
2007 SJ9
2007 TN2
2007 TV150
2007 TM261
2007 TP322
2007 UV57
2007 UZ62
2007 UT74
2007 UD90
2007 UB129
2007 VJ19
2007 VM19
2007 VE71
2007 VA146
2007 VA212
2007 VA268
2007 VO307
2007 WC1
2007 WK33
2007 WS50
2007 XC2
2007 XY28
2007 XJ50
2008 BY51
2008 CJ59
2008 DQ13
2008 ES131
2008 HL5
2008 HS7
2008 KY23
2008 KB27
2008 KM35
2008 NO1
2008 OH13
2008 PM3
2008 RL
2008 SS18
2008 SV25
2008 SC43
2008 SR48
2008 ST51
2008 SL77
2008 SB135
2008 SM157
2008 SE191
2008 SU213
2008 TG51
2008 TK78
2008 TL109
2008 UZ21
2008 UD122
2008 UQ132
2008 UV134
2008 UT243
2008 UW277
2008 UX349
2008 VP26
2008 VZ34
2008 VL61
2008 VJ66
2008 VL78
2008 WQ62
2008 XW26
2008 YB39
2008 YQ56
2008 YB91
2008 YL102
2008 YU161
2008 YN164
2008 YT170
2009 BO68
2009 BW80
2009 BF109
2009 DW65
2009 KS29
2009 OY22
2009 QG35
2009 SQ80
2009 UF73
2009 UT92
2009 VW81
2009 WC94
2009 WJ100
2009 WC197
2010 AY86
2010 AM91
2010 BA85
2010 BX85
2010 BP109
2010 CC3
2010 CP33
2010 CR38
2010 CO45
2010 CS150
2010 DE53
2010 DR80
2010 EC29
2010 EL42
2010 ET108
2010 EN152
2010 FN25
2010 GN155
2010 HG15
2010 HO34
2010 HH47
2010 HO53
2010 JD19
2010 JC69
2010 JA141
2010 KK2
2010 KB30
2010 KD40
2010 KR66
2010 KC103
2010 KK118
2010 LS13
2010 LC71
2010 LH97
2010 LA100
2010 LE100
2010 LZ101
2010 LN132
2010 MQ2
2010 MG10
2010 MT24
2010 MS30
2010 MD32
2010 MC90
2010 MP106
2010 NU4
2010 NE41
2010 NE70
2010 RG
2010 RP31
2010 RA53
2010 RB55
2010 TJ86
2010 TQ121
2010 UU34
2010 UM81
2010 VS22
2010 VC87
2010 WF23
2010 XJ18
2010 XY38
2011 AE
2011 BZ6
2011 BO28
2011 BU51
2011 BQ56
2011 CG5
2011 CG56
2011 CF68
2011 CA103
2011 DM34
2011 FU24
2011 GS68
2011 HZ22
2011 KY13
2011 KG19
2011 KY21
2011 QL13
2011 QJ32
2011 QW35
2011 QC59
2011 SC57
2011 SG148
2011 SD178
2011 SQ179
2011 SH254
2011 SW254
2011 SE267
2011 SN273
2011 UP37
2011 UQ70
2011 UJ374
2011 UD395
2011 UT400
2011 UU240
2011 UP336
2011 WF21
2011 WM35
2011 WW68
2011 WL83
2011 WE121
2011 WV148
2012 AD1
2012 BP8
2012 BY91
2012 BO92
2012 BA129
2012 BD148
2012 DO60
2012 FA25
2012 FS42
2012 GZ30
2012 JO32
2012 JY46
2012 KV24
2012 KJ41
2012 LC18
2012 MW4
2012 PN42
2012 QC4
2012 QB30
2012 QD45
2012 QH48
2012 QB50
2012 RT10
2012 SS32
2012 TC132
2012 TJ307
2012 TL314
2012 TY318
2012 UW12
2012 UC62
2012 UL99
2012 UZ108
2012 UY127
2012 UT151
2012 UB157
2012 UN159
2012 UE171
2012 VG8
2012 VX32
2012 VP48
2012 VU78
2012 VM86
2012 VW91
2012 VK99
2012 WR26
2012 XA1
2012 XS10
2012 XR17
2012 XX20
2012 XL32
2012 XK54
2012 XU96
2012 XL132
2012 XM132
2013 AQ15
2013 AE40
2013 AJ59
2013 AD148
2013 AG157
2013 AH158
2013 CG81
2013 CC114
2013 EU106
2013 EV106
2013 EW111
2013 FK3
2013 GJ57
2013 GF90
2013 HA35
2013 HY37
2013 HL46
2013 HR49
2013 HF53
2013 HT57
2013 HG59
2013 HX70
2013 HQ76
2013 HG78
2013 HC81
2013 HN93
2013 HA97
2013 HP98
2013 HE106
2013 HA117
2013 JP6
2013 JB19
2013 JF19
2013 JN32
2013 PX5
2013 PG72
2013 QL34
2013 QP53
2013 QL74
2013 QW80
2013 RK15
2013 RK38
2013 SS23
2013 ST34
2013 SZ34
2013 SQ64
2013 TZ34
2013 TV41
2013 TJ52
2013 TC55
2013 TF74
2013 TD78
2013 TJ86
2013 TM141
2013 WZ34
2013 WQ69
2013 WS74
2013 WV83
2013 WC104
2013 XL15
2013 XC23
2013 YA3
2013 YL35
2013 YU52
2013 YO61
2013 YW96
2013 YS111
2013 YB150
2014 AA14
2014 BC
2014 BR17
2014 DB31
2014 DH65
2014 DM67
2014 DE105
2014 FP9
2014 GM41
2014 HH21
2014 HY25
2014 HS26
2014 HR93
2014 HP156
2014 HE162
2014 JO68
2014 JG76
2014 KW61
2014 LB3
2014 MK10
2014 MM40
2014 MJ50
2014 MA51
2014 MG65
2014 NP17
2014 OX19
2014 OO28
2014 OB38
2014 OE42
2014 OY43
2014 OZ110
2014 OQ387
2014 OZ143
2014 OP177
2014 OC234
2014 OZ246
2014 OD287
2014 OL313
2014 OX330
2014 PA6
2014 PF9
2014 PE11
2014 PQ41
2014 PV45
2014 PC51
2014 PB60
2014 QR93
2014 QS430
2014 QE223
2014 QZ229
2014 QF231
2014 QO284
2014 QD341
2014 QT348
2014 SW106
2014 SH130
2014 SW182
2014 SC183
2014 SW286
2014 SN311
2014 TQ23
2014 TN57
2014 TZ70
2014 UW51
2014 UC55
2014 UX100
2014 UY111
2014 UQ127
2014 UA182
2014 UC208
2014 VW8
2014 VK23
2014 VF35
2014 WT19
2014 WD55
2014 WJ67
2014 WB80
2014 WK375
2014 WB120
2014 WD138
2014 WM142
2014 WS144
2014 WK432
2014 WH194
2014 WY202
2014 WY202
2014 WL490
2014 WZ251
2014 WG260
2014 WR280
2014 WF344
2014 XR10
2014 XR39
2014 YZ11
2014 YZ25
2015 AO6
2015 AO31
2015 AV31
2015 AX149
2015 AM180
2015 AP222
2015 AW231
2015 AD257
2015 BA18
2015 BP38
2015 BW42
2015 BS79
2015 BD86
2015 BO147
2015 BU177
2015 BD371
2015 BY138
2015 BO147
2015 BW128
2015 BY138
2015 BZ141
2015 BO147
2015 BT407
2015 BK150
2015 BN154
2015 BG168
2015 BU177
2015 BF185
2015 BQ192
2015 BU452
2015 BE196
2015 BF457
2015 BX201
2015 BT214
2015 BZ220
2015 BQ244
2015 BU252
2015 CU23
2015 DH160
2015 DL181
2015 FS116
