id
159825
177074
204267
209913
209918
215058
216394
217246
223860
224734
226422
227907
228163
235584
236114
245180
246052
246782
250857
250905
250955
253477
255516
257363
261024
261736
261849
261860
264196
265070
267714
269525
271116
271598
273076
275339
276662
276690
280364
283162
284975
289002
290379
292657
293548
296541
296584
299300
299363
302915
304691
305435
305998
313668
316145
317742
319386
322228
323280
323318
323336
323372
324291
325623
325682
325721
325724
326070
326873
327579
328789
330219
330743
331280
340184
340789
345706
346831
346857
349869
351712
353692
357947
362291
362819
365047
365394
366107
366119
369916
372760
376016
379800
383806
385010
385647
385963
391153
393142
393849
394787
398496
399079
400741
407126
407634
408607
410374
411099
415471
415532
417689
419335
425032
427568
433149
439199
2003 SR382
2003 SO392
2003 SH405
2003 SV408
2003 UX414
2003 UZ297
2004 AC19
2005 TQ20
2005 UZ262
2006 BF186
2006 VF35
2008 GW72
2009 HK69
2009 KU23
2009 SY273
2009 WG98
2011 BN10
2011 ST139
2011 UW222
2011 UY335
2011 WC31
2011 WR100
2012 CX2
2012 CH37
2012 VS13
2013 AH169
2013 HD29
2013 HT35
2013 TX93
2014 BV42
2014 EJ22
2014 OC91
2014 OV99
2014 PL33
2014 QM119
2014 SR100
2014 WQ428
2015 KY38
2015 KJ76
2015 KG84
2015 LT15