id
1507
1718
1818
1944
2143
2175
2488
2491
2754
2972
3009
3022
3030
3043
3069
3144
3203
3309
3353
3579
3880
3919
3972
4116
4232
4359
4396
4440
4456
4527
4620
4669
4674
4678
4690
4755
4898
4919
5058
5369
5378
5390
5402
5427
5681
5683
5705
5736
5761
6032
6066
6092
6146
6148
6265
6277
6311
6382
6384
6394
6434
6453
6493
6537
6559
6562
6600
6693
6743
6831
6870
6875
6889
6901
6932
7086
7140
7187
7365
7516
7534
7631
7717
7724
7748
7784
7824
7898
8165
8168
8260
8416
8417
8530
8609
8648
8930
9143
9214
9387
9561
9566
9739
9801
9851
9873
10044
10046
10076
10315
10374
10452
10522
10547
10685
10714
10731
11263
11438
11822
11864
12081
12331
12374
12470
12499
12518
12721
12733
12832
12919
13025
13073
13107
13236
13497
13538
13578
13699
13709
13762
14001
14429
14488
14829
14853
14893
14951
15012
15321
15322
15491
15549
15607
16182
16405
16463
16558
16659
16694
18418
18595
19204
19260
19318
19761
19912
20421
20470
20959
21182
21526
21609
21688
21690
22262
23233
23552
23712
24939
25332
25980
26514
27757
28887
29126
29235
29730
30971
31354
31889
32555
34886
37569
38206
38670
40316
40729
41455
42517
42685
44262
45533
45694
46037
48453
49636
50713
57050
59402
66875
67681
69315
76818
79144
79796
86021
87135
90368
91252
101679
104898
115321
118303
137605
153652
189099
308607