id
218
233
246
309
369
380
454
473
524
614
615
630
657
920
1135
1193
1595
1825
1833
1926
2154
2514
2548
2796
2876
3252
3286
3405
3595
3617
3758
3779
4056
4108
4149
4526
4580
4628
4763
4767
4773
4784
5104
5132
5271
5293
5317
5406
5432
5546
5574
5650
5784
5824
5832
6119
6228
6445
6467
6580
6583
6607
6795
6842
6898
7118
7204
7205
7259
7329
7379
7532
7541
7592
7873
8132
8170
8180
8321
8360
8383
8531
9002
9093
9237
9259
9272
9352
9363
9512
9536
9738
9783
9804
9935
9953
10394
10716
10740
10781
10884
11014
11123
11303
11332
11370
11482
11555
11601
11772
11779
11848
11988
12130
12156
12174
12424
12534
12616
12617
12626
12707
12709
12908
12914
13000
13056
13133
13135
13174
13276
13358
13421
13440
13470
13552
13640
13769
13872
13940
14066
14398
14399
14430
14529
14659
14662
14675
14744
14854
14856
15131
15149
15154
15275
15357
15520
15799
16080
16157
16233
16281
16288
16392
16439
16466
16523
16593
16739
16765
16819
16901
16971
17138
17205
17271
17381
17388
17426
17519
17565
17655
17666
17752
18067
18461
18535
18614
18665
18711
18734
18845
18871
18948
19031
19091
19364
19451
19493
19569
19579
19605
19666
19771
19894
19922
20012
20016
20022
20053
20112
20186
20216
20420
20520
20582
20639
20747
20793
20813
20835
20928
20942
20962
21235
21345
21365
21468
21578
21582
21591
21732
21816
21934
21944
21974
21983
22085
22194
22217
22231
22423
22516
22629
22657
22687
22913
22948
23048
23211
23216
23379
23477
23678
23829
23853
23977
24004
24047
24334
24487
24555
24559
24580
24592
24593
24732
24868
25026
25028
25043
25064
25113
25138
25370
25425
25871
25908
25935
26012
26136
26175
26182
26285
26322
26338
26429
26622
26629
26638
26759
26910
26981
27166
27225
27338
27398
27475
27501
27579
27587
27974
28067
28219
28232
28253
28274
28305
28325
28326
28432
28608
28796
28822
28837
28976
28996
29245
29306
29343
29345
29406
29630
29720
29722
29789
29827
29832
29854
29863
29877
29882
29896
29912
30001
30071
30357
30366
30446
30513
30581
30938
31177
31212
31214
31407
31521
31543
31567
31582
31605
31623
31815
32169
32291
32304
32473
32746
32979
32984
33098
33134
33167
33238
33452
33607
33637
33647
33674
33706
34037
34329
34356
34380
34551
34653
34682
34714
34740
34758
34849
35034
35418
35480
35559
35565
35569
35606
35825
35896
35961
35963
36027
36032
36104
36106
36126
36332
36516
36664
36665
36672
36673
36754
36810
36831
36929
36972
37150
37202
37239
37538
37539
37543
37551
37647
37746
37756
37859
37904
37916
37924
37927
37950
38006
38007
38230
38352
38353
38357
38603
38847
38923
38971
38987
39101
39123
39148
39188
39227
39574
39584
39737
39755
39922
40087
40333
40348
40397
40512
40560
40567
40630
40740
40821
40899
40996
41041
41082
41127
41131
41132
41233
41249
41510
41645
41708
41833
41935
41942
41975
42062
42077
42080
42102
42395
42479
42511
42539
42573
42583
42703
42892
42913
42963
42970
43057
43161
43211
43395
43512
43630
43974
43978
44230
44237
44293
44305
44320
44335
44343
44370
44748
44846
44898
45050
45133
45189
45197
45296
45343
45403
45424
45437
45454
45492
45507
45588
45699
46174
46229
46462
46662
46864
46907
46912
46915
46964
47003
47014
47154
47259
47334
47336
47364
47472
47495
47516
47532
47587
47633
47671
47693
47702
47835
48053
48139
48173
48175
48216
48275
48430
48701
48771
49099
49172
49251
49274
49296
49327
49337
49349
49372
49416
49487
49627
49987
50111
50149
50191
50358
50476
50480
50522
50553
50559
50662
50718
50720
50789
50842
50862
50925
50948
50992
51007
51019
51020
51025
51055
51082
51156
51172
51205
51323
51752
51755
51821
51909
52045
52073
52298
52514
52599
52604
52610
52616
53185
53211
53219
53235
53258
53305
53344
53390
53434
53681
53783
53929
53942
53952
53956
54021
54025
54026
54132
54304
54404
54424
54481
54507
54809
54923
54937
54961
55148
55155
55210
55362
55389
55566
55821
55853
56181
56195
56240
56252
56276
56630
56636
56689
56700
56725
56746
56779
56891
56904
57020
57227
57243
57393
57403
57444
57523
57527
57562
57709
57810
57876
57921
57990
58042
58118
58219
58286
58692
58807
59056
59067
59103
59293
59344
59423
59479
59509
59516
59532
59624
59640
59713
59745
59748
59820
60113
60247
60299
60341
60504
60546
60740
60766
60779
60812
60827
60925
61076
61184
61409
61461
61494
61630
61637
61670
61754
61758
61795
61999
62069
62111
62171
62310
62342
62377
62486
62500
62570
62595
62861
62896
62928
63191
63228
63359
63433
63570
63616
63707
63882
64042
64096
64157
64357
64417
64441
64500
64523
64660
64684
64714
64916
64924
65287
65337
65359
65460
65468
65805
65939
65961
65964
65975
66001
66214
66219
66465
66507
66527
66623
66625
66637
66638
66669
66686
66722
66723
66778
66826
66900
67059
67084
67127
67158
67253
67362
67484
67890
67934
67962
67968
68081
68250
68349
68487
68532
68692
68700
68721
68808
68901
68925
68962
69006
69123
69181
69194
69282
69329
69504
69520
69547
70446
70473
70553
70557
70571
70831
70845
70867
70888
70925
70927
70941
70944
70960
71013
71019
71028
71082
71118
71142
71163
71200
71245
71285
71297
71300
71306
71338
71488
71710
71794
72188
72322
72329
72367
72405
72425
72441
72444
72528
72577
72593
72685
72805
72806
72926
73092
73332
73399
73631
73740
73752
73788
73830
74131
74133
74188
74204
74235
74255
74267
74292
74298
74313
74319
74367
74374
74377
75091
75130
75165
75207
75281
75298
75340
75496
75498
75574
75648
75701
75705
75724
75769
75780
75814
75847
75884
75920
76008
76035
76045
76095
76097
76118
76129
76149
76169
76248
76326
76334
76342
76548
76555
76589
76623
76687
76737
76893
76983
77056
77076
77144
77184
77220
77255
77276
77355
77447
77455
77458
77603
77613
77712
77856
78090
78114
78269
78393
78509
78701
78900
79032
79049
79191
79432
79672
79795
79840
79847
79852
79864
79885
79895
79915
79918
79964
80276
80822
80893
80904
80912
80953
81008
81052
81093
81217
81244
81270
81304
81336
81362
81412
81417
81427
81430
81464
81470
81472
81481
81504
81544
81572
81574
81588
81684
81733
81740
81871
82274
82359
82396
82423
82492
82795
82813
82941
82991
83060
83113
83142
83156
83333
83349
83498
83501
83619
83696
83779
83816
83819
83854
84020
84273
84313
84427
84436
84440
84446
84463
84538
84555
84733
84804
84939
84991
85005
85009
85257
85386
85389
85570
85800
85914
85973
85982
86004
86037
87327
87407
87424
87426
87463
87474
87504
87530
87534
87540
87552
87553
87587
87628
87653
87673
87693
87698
87711
87712
87716
87719
87728
87736
87794
87798
87802
87806
87837
87911
87940
87942
87953
87973
88010
88060
88137
88244
88398
88465
88503
88520
88523
88528
88541
88566
88604
88642
88650
88730
88763
88772
88778
88838
88876
88882
88941
88986
89119
89128
89152
89374
89728
89987
90035
90108
90142
90188
90233
90327
90440
90486
90573
90607
90663
90723
90820
90872
91014
91026
91042
91049
91054
91058
91063
91093
91097
91125
91126
91378
91395
91397
91423
91863
92720
92752
92865
92942
92954
92998
93033
93066
93084
93095
93138
93153
93183
93206
93232
93257
93305
93368
93384
93396
93401
93408
93415
93420
93422
93485
93496
93499
93542
93546
93588
93599
93620
93627
93629
93636
93678
93715
93722
93724
93735
93736
93744
93758
93775
93820
93838
93860
93867
93869
93875
93885
93899
93939
93969
94030
94228
94838
94872
94886
95037
95117
95127
95136
95153
95165
95279
95286
95287
95458
95544
95560
95729
95777
95795
95817
95872
95877
96283
96316
96440
96469
96753
96840
96887
96910
96961
96964
96973
97056
97088
97098
97101
97128
97152
97171
97191
97209
97232
97249
98506
98521
98723
98786
98798
98941
98942
98965
98975
99102
99106
99136
99151
99460
99468
99698
99718
99744
99807
99847
99938
99978
99987
100069
100183
100189
100296
100677
100704
100732
101214
101285
101469
101478
101711
101768
101777
101847
102360
102467
102681
102774
102812
102851
102865
102962
102971
102983
103054
103262
103280
103304
103404
103412
103425
103451
103596
103598
103618
103634
103692
103763
103812
103819
103879
104010
104041
104113
104129
104196
104265
104378
104658
104683
104704
104807
104941
105044
105167
105177
105448
106140
106190
106633
106992
107079
107138
107197
107224
107541
107630
107707
107760
107815
107955
107994
108025
108044
108093
108221
108229
108262
108300
108381
108424
108505
108523
108575
108587
108690
108784
108794
108801
109052
109066
109067
109070
109169
109206
109218
109259
109312
109340
109376
109408
109425
109431
109469
109509
109566
109635
109647
109655
109747
109751
109756
109757
109770
109787
109796
109850
109858
109864
109888
109924
109926
110005
110006
110007
110018
110045
110076
110107
110113
110126
110143
110150
110180
110336
110351
110366
110373
110388
110425
110484
110495
110624
110658
110662
110665
110711
110748
110784
110865
110879
110916
110926
110967
111019
111022
111031
111072
111103
111110
111120
111156
111167
111240
111290
111365
111452
111500
111548
111646
111677
111816
112031
112232
112367
112466
112502
112505
112818
112830
112893
112900
112979
113016
113056
113073
113209
113222
113243
113289
113379
113454
113592
113613
113624
113629
113630
114023
114116
114148
114294
114369
114420
114427
114468
114522
114617
114819
114864
114999
115347
115477
115480
115525
115611
115628
115807
115814
115945
115989
116049
116079
116150
116198
116314
116331
116386
116399
116462
116523
116605
116639
116669
116858
116987
117009
117040
117158
117209
117272
117293
117391
117416
117452
117554
117676
117738
117824
118121
118169
118227
118383
118718
118731
118736
118811
118850
118881
119310
119376
119429
119465
119495
119538
119548
119556
119567
119575
119598
119622
119625
119648
119651
119674
119691
119717
119730
120093
120180
120253
120293
120337
120442
120495
120793
120816
120829
121279
121398
121407
121506
121524
121574
122271
122293
122410
122449
122535
122601
122664
122674
122736
122855
122905
122972
122986
123035
123063
123103
123175
123209
123251
123271
123273
123334
123339
123441
123452
123515
123544
123580
123642
123670
123711
123742
123750
124898
125105
125215
125293
125328
125330
125502
125905
126042
126049
126060
126179
126185
126302
126313
126362
126382
126392
126445
126562
126640
126724
126729
126759
126777
126846
126858
126895
126931
126935
127012
127021
127064
127075
127106
127108
127109
127113
127215
127264
127267
127339
127533
127947
128016
128058
128414
128558
128675
128696
128810
128879
128976
128997
129307
129310
129319
129453
129461
129469
129512
129651
129904
130015
130020
130165
130201
130969
131009
131012
131028
131082
131086
131123
131130
131140
131146
131166
131216
131229
131237
132012
132238
132306
132410
132459
132505
132574
132609
132823
132940
133153
133250
133364
133369
133624
133631
133733
134087
134141
134142
134311
134382
134427
134612
134716
134794
134800
134861
134994
134995
135342
135427
135463
135476
135494
135517
135706
135749
135776
135814
135822
135827
135840
135864
135921
135925
135979
136097
136318
136516
136762
136768
137082
137319
137692
137985
138160
138202
138214
138247
138254
138299
138313
138318
138336
138412
138446
138463
138472
139358
139404
139407
139447
139451
139471
139524
139613
139624
139657
139675
139710
139822
139993
140020
140165
140835
142116
142199
142244
142273
142303
142398
142410
142417
142494
142506
142629
142636
142646
142652
142664
142671
142681
142695
142732
142815
142865
142886
142890
142909
142916
142920
142933
142943
142987
143000
143060
143071
143074
143144
143200
143270
143339
143459
143460
143469
143594
143919
144049
144077
144191
144195
144387
144389
144404
144422
144470
144522
144547
144637
144639
144697
144751
144768
144784
144860
145094
145131
145164
145175
145191
145239
145298
145341
145344
145351
145530
145617
145850
146066
146071
146091
146117
146361
146366
146388
146390
146397
146403
146404
146407
146419
146445
146450
146495
146500
146510
146521
146526
146549
146565
146567
146570
146580
146582
146595
146637
146662
147267
147307
147376
147377
147598
147648
147711
147726
147751
147909
148246
148548
148558
148693
148731
148743
148750
148753
148765
148816
148824
148826
148890
148904
148913
148923
148925
148941
148959
148990
149009
149395
149409
149434
149472
149474
149587
149692
149705
149713
149752
149889
150016
150047
150088
150531
150822
150886
150915
150930
150935
150956
150971
150980
151022
151039
151091
151107
151114
151145
151160
151161
151165
151169
151229
151246
151279
151659
151743
151777
151820
151949
152051
152227
152311
152346
152354
152395
152470
152523
153058
153097
153109
153123
153131
153138
153161
153181
153350
153625
153771
153890
153906
153921
153923
153929
153963
153970
154006
154490
154502
154525
154585
155094
155137
155273
155328
155776
155792
156332
156344
156382
156460
156474
156482
156580
156954
156979
156987
157155
157219
157237
157301
157318
157345
157515
157632
157667
158419
158470
158472
158479
158495
158507
158513
158514
158523
158900
159010
159011
159047
159167
159309
159330
159333
159383
159653
159661
159916
160011
160049
160232
160502
160580
160634
160645
160790
160928
160968
161043
161051
161271
161380
161471
161547
161613
161724
161759
161773
161825
161865
161866
162221
162291
162295
162298
163358
163359
163779
163852
163859
163926
163930
163937
163971
164019
164030
164043
164051
164098
164147
164320
164326
164370
164504
164515
164583
164605
164652
164835
164896
164901
164938
165012
165047
165512
165513
165552
165594
165597
165609
165631
165636
165640
166345
166412
166419
166424
166464
166736
167061
167120
167162
167210
167213
167259
167279
167331
167334
167342
167366
167390
167433
167448
167490
167517
167641
167920
167921
167969
168005
168155
168182
168184
168227
168498
168623
168628
168633
168637
169093
169773
169775
169784
169791
169803
169844
169913
170407
170444
170474
170512
170515
170543
170580
170583
170587
170616
170624
170872
171108
171143
171329
171406
171517
171623
171649
171847
171856
171861
172223
172228
172231
172252
172289
172308
172316
172670
172683
172690
172704
172730
172750
172758
172759
172859
172909
172912
172919
172933
173051
173060
173067
173103
173236
173386
173387
173405
173421
173428
174170
174217
174253
174264
174304
174352
174356
174362
174366
174388
174389
174403
174407
174435
174457
174878
174909
174920
174924
175002
175253
175318
175560
175727
175777
176177
176180
176199
176240
176247
176264
176295
176340
176876
176891
176933
176953
177381
177430
177467
177492
177515
177520
177542
177549
177556
177561
177562
177567
177637
177789
177794
177801
178070
178188
178317
178956
178962
179022
179029
179033
179034
179082
179098
179156
179162
179189
179211
179307
179906
179924
179931
179947
179958
179965
179975
179976
180047
180057
180242
180479
180561
180566
180596
180618
180622
180626
180627
180638
180661
180662
180668
180677
180724
180730
181064
181110
181112
181346
181541
181542
181548
182068
182076
182364
182368
182387
182409
182438
182440
182448
182464
182470
182496
182510
182528
182532
182554
182555
182563
182569
182603
182661
182668
182684
182685
182703
183278
183315
183421
183470
183914
184047
184090
184092
184100
184130
184165
184530
184558
184831
184851
184931
184970
185144
185276
185289
185295
185362
185421
185615
185622
185657
185743
185856
185887
186046
186079
186152
186194
186206
186237
186266
186578
186586
186606
186614
186633
186874
186898
186909
187104
187123
187146
187216
187306
187492
187496
187529
187731
187795
188016
188025
188036
188050
188072
188094
188255
188280
188282
188283
188464
188478
188661
188698
188747
188751
188787
188866
189059
189060
189065
189122
189124
189336
189338
189851
190031
190033
190071
190631
190666
191039
191063
191077
191123
191133
191135
191289
191323
191691
191710
191727
191749
191764
191768
191773
191822
192350
192351
192359
192363
192473
192484
192495
192689
192795
192833
192885
192936
193378
193499
193523
193564
193616
193647
193666
195063
195102
195161
195170
195181
195239
195254
195311
195317
195339
195345
195350
195428
195493
195497
195503
195512
195525
195535
195543
195566
195585
196477
196507
196551
196741
196892
197149
198064
198076
198093
198096
198151
198152
198215
198264
198271
198273
198351
198397
198401
198402
198407
198421
198479
198523
198541
198550
198571
198737
199130
199224
199293
199362
199371
199442
199462
199525
199613
199862
199936
199949
200077
200105
200106
200149
200188
200213
200244
200512
200521
200539
200557
201072
201143
201199
201527
201529
201573
201945
202140
202190
202191
202206
202241
202259
202484
202565
202584
202589
202597
202700
202966
203052
203205
203229
203659
203680
203691
203967
203996
204006
204054
204065
204422
204431
204463
204598
204718
204750
204772
204778
204814
204946
204953
205010
205035
205403
205421
205992
206001
206032
206040
206058
206483
206495
206539
206542
206586
206588
206645
206699
207104
207179
207180
207206
207213
207239
207295
207947
208011
208019
208095
208106
208110
208273
208289
208749
208778
208805
208866
208876
208887
208889
209161
209180
209187
209191
209192
209199
209221
209229
209239
209243
209244
209306
209316
209768
209794
209821
209832
209834
209839
209862
209874
210056
210296
210301
210312
210314
210353
210356
210618
211305
211332
211344
211731
211741
211770
212078
212086
212154
212172
212187
212204
212220
212225
212243
212246
212270
212278
212532
212595
212720
212737
212781
212898
212959
213123
213130
213593
213618
213619
213636
213702
213975
214196
214273
214315
214331
214339
214360
214390
214507
214509
214570
214605
214637
214691
214706
214778
214913
214963
215017
215039
215050
215102
215177
215178
215232
215258
215288
215492
215503
215713
215788
215817
215939
215940
215986
216097
216107
216119
216124
216177
216189
216198
216202
216211
216385
216467
216526
216669
216678
216747
216794
216909
217052
217113
217207
217303
217425
217540
217975
217978
217980
217988
217990
218002
218020
218023
218617
218642
218649
218681
218693
218720
218755
218765
218873
218913
219060
219062
219063
219340
219396
219444
219658
219690
219695
219707
219751
219761
219783
219798
219800
220338
220589
221062
221084
221107
221145
221150
221156
221206
221259
221287
221311
221373
221669
221682
221695
221704
221886
222276
222281
222538
222577
222647
222668
222733
222759
223240
223242
223259
223657
223741
224279
224320
224344
224375
224385
224395
224405
224412
224442
224487
224529
224546
224563
224584
224896
224951
224956
225153
225311
225523
225532
225544
225553
225602
225862
225896
225915
225935
225949
225961
225973
225976
225987
226340
226745
226755
226756
226761
227318
227470
227527
227531
227569
227572
227820
228165
228170
228335
228600
228647
228662
228677
229102
229116
229117
229180
229518
229531
229550
229555
229561
229587
229600
229631
230076
230306
230327
230340
230343
230383
230390
230859
230889
230907
230909
231245
231258
231267
231298
231338
231351
231497
231696
231902
231929
232157
232225
232529
232538
232597
232855
232871
232881
232887
232897
233046
233268
233313
233359
233379
233433
233564
233724
233787
233800
233988
234005
234082
234111
234722
234729
234747
235133
235186
235193
235231
235300
235344
235705
235722
235781
235797
235857
236320
236418
236420
236421
236422
236450
236474
236485
236488
236497
236518
236526
236551
236573
236583
236780
236885
237054
237064
237074
237083
237103
237124
237176
237183
237254
237328
237569
237575
237585
237588
237590
237783
237863
237898
237904
238126
238177
238181
238187
238194
238204
238215
238245
238298
238555
238606
239326
239375
239381
239420
239555
239612
239623
239669
239855
239862
239949
239954
240156
240160
240188
240349
240373
240652
240708
240886
240923
240983
240991
240996
241200
241203
241225
241496
241702
241768
241917
241997
242006
242030
242061
242118
242176
242293
242329
242335
242523
242949
243144
243162
243244
243535
243667
243906
244374
244770
244833
244887
244973
245217
245365
245368
245394
245424
245611
245796
245829
245857
246116
246295
246324
246520
246565
246587
246678
246860
246861
247005
247047
247465
247610
247614
247629
247662
247692
248052
248264
248576
248608
248736
248747
248749
248771
248815
248850
249110
249125
249260
249318
249502
249537
249549
249702
249706
249872
250212
250225
250234
250241
250249
250259
250457
250493
250639
250658
251055
251065
251090
251104
251112
251127
251156
251160
251174
251176
251202
251211
251216
251217
251255
251264
251439
251454
251612
251615
251656
251719
251724
251986
252014
252238
252286
252287
252322
252331
252357
252358
252366
252388
252420
252445
252456
252493
252601
252948
253206
253221
253229
253240
253264
253305
253948
253955
253989
254037
254039
254050
254071
254080
254091
254700
254740
254773
254782
255925
255929
255954
255973
255982
255983
255985
256000
256173
256212
256273
256337
256396
256495
256717
256731
256745
256811
256968
256974
256993
256994
257018
257030
257123
257330
257357
257824
258129
258132
258143
258161
258191
258266
258267
258343
258431
258452
258467
258484
259075
259178
259226
259237
259265
259322
259346
259791
259884
259907
259918
259928
259930
259957
259978
260010
260039
260051
260079
260088
260153
260665
260749
260838
260884
260909
260911
260948
260992
261069
261123
261198
261219
261247
261260
262030
262150
262179
262184
262226
262251
262276
262306
262348
262384
262426
262733
262806
262807
262848
262850
262880
263159
263195
263197
263237
263248
263329
263420
263461
263475
263598
263657
263677
263756
263894
263909
263989
264041
264169
264206
264438
264574
264613
264666
264678
264679
264684
264691
264699
264707
264995
265004
265320
265333
265341
265347
265574
265654
265680
265686
265694
265716
265730
265762
265794
265796
266193
266225
266292
266327
266328
266329
266341
266353
266355
266540
266594
266598
266605
266960
266961
267013
267213
267217
267410
267413
267417
267435
267440
267527
268096
268109
268139
268392
268435
268459
268969
268971
269010
269030
269036
269052
269090
269438
269471
269472
269491
269596
269712
269972
269990
270378
270390
270420
270448
270456
270472
270510
270512
270517
270545
271044
271661
271811
271812
271854
271870
271873
271884
272452
272509
272512
272536
272653
272681
272690
272694
272701
272703
272731
272741
272743
272750
272770
272786
272789
272890
273420
273557
273634
273770
273823
273835
273853
273859
273895
273897
273918
273950
273975
274264
274333
274363
274366
274386
274448
274479
274482
274514
274914
274942
275010
275141
275163
275291
275442
275531
275701
275721
275724
275973
275996
276019
276068
276108
276118
276119
276133
276654
276754
276881
276887
276943
276978
276983
277007
277444
277551
277590
277599
277649
277654
277677
277766
277779
277796
277832
277977
278129
278221
278247
278270
278300
278330
278343
278643
278659
278685
278759
278775
278842
278887
278983
279060
279112
279352
279483
279492
279700
279738
279745
279774
280036
280097
280111
280117
280139
280313
280343
280570
280628
280944
280953
281006
281021
281630
281663
281683
281824
281872
282010
282047
282059
282122
282421
282708
282728
282758
282775
282900
282925
283019
283107
283141
283180
283614
283824
283846
284055
284130
284470
284518
284525
284535
284549
284556
284564
284812
284872
285086
285157
285168
285205
285215
285328
285369
285525
285535
285825
285834
285841
285852
285853
285854
285954
285988
286041
286071
286119
286378
286408
286713
286732
286874
286979
286992
287017
287028
287036
287040
287121
287133
287144
287155
287167
287175
287197
287204
287224
287420
287503
287525
287563
287621
287739
287800
287804
287960
288079
288087
288177
288181
288183
288354
288358
288500
288580
288771
288863
289089
289359
289423
289482
289490
289540
289654
289761
290159
290398
290493
290514
290537
290577
290625
290891
290937
290980
291370
291388
291531
291605
291606
291724
291735
291782
291814
291925
292058
292083
292119
292122
292132
292248
292259
292277
292647
292781
292846
292904
292905
292918
293002
293014
293025
293065
293069
293145
293146
293162
293171
293218
293248
293257
293296
293335
293391
293420
293702
293809
293896
293938
293968
293994
294068
294072
294113
294222
294290
294434
294546
294571
294609
294655
294714
295031
295371
295453
295586
295594
295624
295767
295846
295953
296050
296219
296294
296346
296351
296428
296456
296744
296962
297197
297231
297297
298013
298027
298065
298096
298189
298506
298544
298596
298601
298668
299068
299077
299085
299103
299114
299120
299122
299195
299641
299642
299646
300376
300402
300405
300406
300410
300432
300442
300445
300463
300480
300482
300501
300508
300523
300530
300551
300554
300562
300597
300614
300644
300689
300720
300724
300729
300743
300760
300768
301180
301192
301362
301556
301718
301853
301876
301948
301971
302110
302574
302584
302587
302598
302599
302606
302616
302630
302651
302653
302655
302665
302670
302675
302685
302689
302696
302711
302993
303000
303068
303094
303106
303117
303137
303489
303550
303623
304119
304196
304921
304967
305042
305062
305112
305132
305140
305167
305174
305241
305250
305284
305286
305828
305931
305957
305964
305988
306216
306257
306362
306561
306896
307218
307342
307364
307386
307415
307805
307863
307887
307891
307893
307912
308253
308260
308261
308279
308299
308821
308917
309360
309451
309466
309520
309531
309553
309562
309937
309943
309949
309954
309983
310255
310264
310396
310784
310813
310815
310825
310849
310855
310856
311078
311087
311292
311317
311665
311708
311728
311749
311769
312244
312257
312258
312259
312263
312287
312298
312306
312348
312583
312584
312596
312888
313033
313223
313508
313511
313536
313873
313890
314207
314236
314246
314259
314696
314719
314758
314762
314792
314840
314865
314867
314879
314901
314905
315505
315573
315582
315639
315645
315687
315693
315720
315727
315728
315746
315774
316348
316594
317075
317077
317156
317171
317610
317612
317629
317636
317637
317664
317740
317799
317862
317893
317938
318083
318233
318391
318793
318855
319003
319010
319031
319080
319229
319374
319383
319558
319590
319646
319659
319799
319820
319826
319830
319841
319850
319900
319905
319906
319934
320277
320289
320346
320355
320706
320707
320709
320729
320802
320818
320863
320880
320886
320913
320918
320925
320961
320962
321031
321121
321134
321140
321318
321418
321585
321820
321829
321880
321957
322064
322075
322141
322168
322308
322393
322462
322616
322649
322821
322842
322852
322856
322864
322870
322872
322873
322874
322910
323136
323152
323162
323770
323820
323843
323865
323884
323925
323987
324060
324547
324589
324591
324594
324608
324669
325051
325172
325223
325225
325240
325305
325308
325316
325480
325492
325537
325671
325706
325962
325967
325986
325997
326016
326168
326347
326423
326426
326441
326459
326691
326706
326710
327224
327251
327285
327292
327312
327323
327344
327405
327491
327864
327897
327902
327913
327915
327953
328269
328609
328620
328654
328698
328714
328939
329004
329048
329089
329097
329249
329251
329299
329306
329384
329606
329608
329813
329825
329956
329983
330002
330045
330057
330078
330094
330097
330108
330172
330378
330402
330459
330540
330884
330922
330946
330959
331062
331178
331180
331197
331424
331531
331786
331787
332069
332137
332144
332161
332172
332187
332354
332359
332363
332609
332925
333365
333487
333641
333646
333859
333988
334032
334194
334292
334426
334434
334447
334902
335106
335122
335164
335521
335604
335771
335793
335796
335822
335838
336207
336216
336231
336244
336264
336281
336288
336290
336294
336316
336340
336468
336760
336821
336855
336873
337031
337117
337164
337169
337171
337303
337315
337327
337335
338018
338044
338500
338538
338557
338568
338616
338645
338668
338685
338734
338795
339199
339318
339320
339321
339374
339391
339395
339410
340286
340374
340489
340497
340511
340515
340521
341126
341131
341196
341982
342044
342086
342140
342180
342225
342279
342345
342350
342373
342400
342410
342440
342534
342536
342573
342659
342671
342684
342710
342729
342736
342766
342769
342794
342799
342922
343345
343370
343445
343592
343814
343952
344021
344107
344187
344744
345002
345306
345408
345432
345470
345498
345499
345891
346419
346450
346471
346489
346513
346546
346603
346604
346624
346627
346672
346674
346738
346786
346951
346954
346960
346967
346983
346994
347011
347042
347048
347077
347121
347158
347433
347439
347444
347467
347471
347485
347537
347824
348018
348043
348078
348343
348346
348348
348364
348367
348721
348979
349209
349282
349547
349583
349649
349727
349742
349763
349991
350017
350018
350045
350093
350386
350511
350885
350899
350909
350911
351089
351109
351117
351132
351387
351392
351430
351431
351436
352204
352255
352259
352261
352265
352280
352284
352287
352305
352325
352361
352372
352374
352876
352892
352911
352917
352943
352964
352982
353165
353822
353857
353905
353980
354244
354251
354290
354303
354398
354463
354633
354646
354649
355433
355520
355957
355985
356020
356059
356116
356131
356159
356165
356333
356570
356572
356720
356749
356751
356768
356793
357433
357445
357454
357455
357671
358133
358156
358190
358195
358197
358209
358302
358345
358542
358643
358665
358710
359264
359288
359693
359719
359727
359784
359812
359814
359867
359873
359899
359956
359976
360002
360018
360066
360129
360134
360136
360137
360199
360250
360253
360259
360294
360310
360477
360486
360617
360622
360633
360834
360839
361189
361199
361200
361270
361295
361324
361331
361339
361392
361394
361406
361725
361758
361763
361767
361773
361859
362026
362213
362235
362240
362469
362535
362640
362724
362741
362790
363008
363148
363384
363594
363597
363609
363843
364235
364242
364278
364301
364319
364324
364367
364406
364434
364783
364798
364841
364953
364959
365045
365151
365218
365522
365580
365601
365645
365674
365757
365915
365916
365940
366019
366041
366218
366267
366316
366329
366428
366435
366604
366862
366868
366869
366876
366885
366942
367166
367171
367198
367208
367353
367362
367539
367752
368023
368047
368050
368239
368452
368701
368705
368726
368736
368762
368770
368784
368967
368976
368990
369088
369399
369549
369698
369849
369899
369919
370179
370461
370469
370475
370719
370768
370944
370981
371020
371029
371032
371039
371070
371084
371091
371113
371116
371124
371125
371153
371162
371171
371678
371694
371747
371761
371972
372416
372460
372469
372486
372495
372524
372540
372576
372617
372621
372629
372649
372954
372963
372991
373035
373331
373363
374097
374107
374353
374438
374463
374491
374496
374510
374538
374544
374587
374978
375040
375138
375744
375817
375835
375851
375902
375917
375933
375948
375955
375972
375973
376168
376207
376321
376483
376493
376670
376929
376957
377356
377367
377371
377392
377398
377399
377402
377423
377439
377706
377770
377772
377801
377804
377805
377815
377856
377863
377872
378128
378316
378367
378735
379266
379280
379344
379575
379628
379698
379702
379703
379727
379773
380089
380118
380586
380588
380604
380611
380840
380857
380858
380909
381166
381441
381487
381871
381903
381907
382107
382118
382200
382226
382405
382605
383239
383250
383264
383270
383276
383338
383614
383620
383729
383855
383881
383884
383899
383910
383921
383935
383975
383977
383992
384008
384034
384051
384438
384442
384535
384536
384579
384707
384834
385344
385457
385476
385556
385765
385819
385846
386307
386312
386316
386343
386350
386366
386379
386388
386392
386400
386426
386430
386782
386793
386806
386809
386995
387008
387012
387035
387069
387094
387114
387241
387367
387377
387402
387461
387629
387641
387754
387778
387786
387916
387933
388146
388167
388187
388191
388235
388240
388243
388248
388556
388574
388581
388591
388601
388726
389002
389047
389076
389100
389101
389421
389470
389478
389487
389502
389520
389533
389761
389919
389936
390001
390016
390083
390123
390131
390196
390281
390438
390443
390510
390513
390515
390527
390658
390896
390923
391216
391473
391555
391564
391565
391579
391584
391613
391944
391959
392027
392056
392278
392415
392519
392569
392577
392673
392753
392809
392899
392964
393256
393282
393283
393380
393489
393738
393747
393754
393759
393777
394469
394473
394477
394480
394486
394499
394519
394529
394552
394564
394573
394583
394593
394949
394983
395057
395174
395203
395286
395341
395442
395445
395468
395852
395866
395869
395871
395987
396025
396168
396204
396297
396321
396399
396411
396418
396475
396736
396767
396913
396922
396946
397314
397397
397594
397951
397992
397996
398040
398074
398243
398350
398425
398587
398667
398680
398756
398787
398788
398804
398807
398942
399097
399506
399736
399757
400069
400083
400086
400109
400338
400622
400636
400643
400651
400854
400888
401154
401195
401219
401224
401320
401380
401418
401503
401570
401799
401894
401951
402108
402116
402248
402565
402600
402657
402659
402664
402678
403052
403096
403117
403150
403609
403613
403618
403691
403875
403962
403971
403994
404028
404110
404356
404425
404443
404470
404504
404509
404599
404663
404706
404734
404874
404910
405033
405052
405081
405085
405090
405384
405389
406029
406043
406056
406067
406071
406076
406079
406084
406111
406121
406122
406141
406147
406178
406232
406558
406617
406619
406621
406628
406649
406695
406720
406948
407350
407361
407376
407418
407421
407431
407443
407449
407453
407459
407464
407480
407504
407516
407818
407828
407880
407893
408021
408046
408106
408168
408221
408279
408309
408312
408377
408405
408429
408520
408551
408688
408696
408859
409453
409459
409985
409987
410029
410041
410445
410451
410464
410492
410516
410586
410720
411261
411283
411358
411396
411406
411412
411416
411703
411729
411855
411953
412011
412184
412247
412289
412332
412343
412399
412514
412653
412700
413088
413107
413112
413113
413119
413377
413499
413510
413529
413598
413912
413917
413952
413953
414166
414203
414212
414231
414280
414797
414807
414843
415094
415134
415192
415496
415704
415928
415999
416007
416013
416021
416030
416875
416883
416903
416908
416921
416925
416953
416975
416976
416994
417004
417051
417063
417070
417128
417151
417188
417233
417282
417680
417687
417714
417718
417723
417726
417733
417747
417753
417763
417765
417777
417783
417811
417831
418318
418320
418326
418352
418357
418359
418412
419012
419078
419097
419140
419224
419378
419745
419839
419852
419866
419872
419891
419894
419972
420183
420263
420460
420516
420522
420543
420579
420589
420638
420764
420948
421010
421071
421182
421295
421318
421428
421559
421579
421586
421681
421896
422012
422113
422268
422283
422306
422495
422529
422543
422559
422597
422824
423214
423218
423232
423268
423495
423508
423523
423541
423593
423594
423599
423606
423623
423640
423652
423661
423710
424071
424078
424085
424106
424134
424142
424153
424156
424166
424178
424651
424679
425071
425166
425192
425200
425208
425300
425661
425726
425727
425754
425819
425867
425944
425954
425990
426433
426471
426519
426574
426685
426719
426846
426896
426960
427016
427024
427044
427162
427269
427315
427488
427513
427514
427739
427900
427942
427955
427960
427972
428004
428022
428026
428055
428298
428306
428318
428339
428346
428692
428705
428742
428757
428765
428856
429081
429084
429122
429179
429207
429227
429532
429561
429602
429604
429616
429619
429639
429654
429672
430041
430113
430121
430178
430188
430287
430317
1999 FB76
1999 TZ59
1999 VQ19
1999 VU152
2000 BT9
2000 BK22
2001 BJ21
2001 FG217
2001 PS67
2001 SN321
2001 UW189
2001 VR130
2001 XX187
2002 AP190
2002 BH11
2002 CN286
2002 EF103
2002 EG163
2002 GA49
2002 NP72
2002 QU72
2002 QX142
2002 QX148
2002 RO239
2002 RT247
2002 RU248
2002 RV260
2002 RF270
2002 RA280
2002 RJ280
2002 RM281
2002 TN380
2002 TL123
2002 TG149
2002 TX307
2002 TZ312
2002 WV22
2002 XN119
2003 BN94
2003 KX35
2003 SA75
2003 SP78
2003 SQ366
2003 SE407
2003 SP324
2003 SA337
2003 SU338
2003 TP55
2003 UM75
2003 UR321
2003 UY342
2003 WQ16
2003 YL181
2004 BW15
2004 BA65
2004 BL115
2004 BU159
2004 CD38
2004 FX22
2004 HX32
2004 QO13
2004 RM134
2004 RC350
2004 TW7
2004 TU39
2004 TA65
2004 TX82
2004 TO184
2004 TQ188
2004 TD342
2004 TU149
2004 TO184
2004 TQ188
2004 TS217
2004 TD342
2004 VV37
2004 VA39
2005 EY72
2005 EP99
2005 GX44
2005 GL61
2005 GU109
2005 GU116
2005 GN159
2005 JW12
2005 JV57
2005 JP71
2005 JQ99
2005 JK118
2005 JY177
2005 LB9
2005 LW13
2005 NA23
2005 NF26
2005 NE31
2005 PZ23
2005 QT128
2005 QA161
2005 SW42
2005 SH54
2005 SJ84
2005 SD171
2005 SQ224
2005 TN81
2005 TO112
2005 TW141
2005 TF170
2005 UA47
2005 UP87
2005 UN370
2005 UE390
2005 UL165
2005 UM199
2005 UB516
2005 UE520
2005 US285
2005 UU307
2005 UO316
2005 VK9
2005 VE19
2005 VA85
2005 VY100
2005 VM109
2005 VY129
2005 WQ59
2005 WU140
2005 WX143
2005 YL52
2005 YA57
2005 YY59
2006 AX53
2006 BE21
2006 BO21
2006 BH54
2006 BQ74
2006 BR112
2006 BS156
2006 BP164
2006 BP232
2006 CQ13
2006 CT15
2006 DS24
2006 DB145
2006 DE216
2006 EZ40
2006 GH55
2006 HO115
2006 JC18
2006 KO46
2006 KB68
2006 KN68
2006 QM148
2006 QH153
2006 RF51
2006 RJ55
2006 RB80
2006 RV108
2006 RS114
2006 SZ33
2006 SU82
2006 SO102
2006 SS383
2006 SD402
2006 SP174
2006 SJ202
2006 SX233
2006 SH277
2006 SV285
2006 SO292
2006 SV292
2006 SH301
2006 TP15
2006 TN36
2006 TE68
2006 TK71
2006 TG123
2006 UE14
2006 US28
2006 UX44
2006 UY91
2006 UU360
2006 UU102
2006 UF115
2006 UU131
2006 UL136
2006 UZ170
2006 UO238
2006 UT275
2006 UG319
2006 UX359
2006 VP14
2006 VE17
2006 VD41
2006 VS52
2006 VU74
2006 WW59
2006 WY91
2006 WG160
2006 WX191
2006 WB195
2006 XD72
2006 YG19
2006 YH23
2006 YV26
2006 YC45
2006 YC54
2007 AV27
2007 AA28
2007 BZ16
2007 BE81
2007 BL87
2007 CN16
2007 CY26
2007 CE38
2007 CV38
2007 DP32
2007 DC92
2007 EJ9
2007 EY21
2007 ES100
2007 EZ102
2007 EL136
2007 ES150
2007 ET153
2007 EK194
2007 FF36
2007 GT16
2007 HV51
2007 HH87
2007 HS87
2007 JH12
2007 JN14
2007 JF15
2007 LU9
2007 LG14
2007 MR1
2007 PP5
2007 RZ
2007 RT49
2007 RN76
2007 RD302
2007 RF325
2007 TP48
2007 TW55
2007 TL73
2007 TS74
2007 TE374
2007 TP125
2007 TK145
2007 TC420
2007 TX423
2007 TA429
2007 TA436
2007 TL450
2007 TY232
2007 TJ311
2007 UJ6
2007 UA91
2007 UD93
2007 UX122
2007 UZ123
2007 VU46
2007 VA87
2007 VS100
2007 VT162
2007 VJ175
2007 VM186
2007 VH237
2007 VX242
2007 VO266
2007 VB313
2007 VR319
2007 VZ321
2007 VS334
2007 WG58
2007 XN29
2007 YJ3
2007 YG42
2007 YH70
2008 AO27
2008 AV43
2008 AM56
2008 AV61
2008 AL93
2008 AV104
2008 AG107
2008 BD50
2008 CP4
2008 CK17
2008 CW42
2008 CP43
2008 CD53
2008 CT100
2008 CU172
2008 DW79
2008 EV73
2008 ER111
2008 EF121
2008 EN147
2008 FT
2008 FU23
2008 FS24
2008 FP38
2008 FG55
2008 FP74
2008 FB75
2008 GD57
2008 GY73
2008 GO103
2008 GE105
2008 GW116
2008 GW120
2008 HO16
2008 HQ23
2008 HZ51
2008 JA3
2008 JL9
2008 JW32
2008 KR5
2008 LJ14
2008 MX1
2008 OM1
2008 PV1
2008 RK26
2008 RM82
2008 RV109
2008 RA126
2008 RR127
2008 RG131
2008 SQ39
2008 SJ53
2008 SZ76
2008 SG88
2008 SJ94
2008 SU123
2008 SD128
2008 SJ133
2008 SP200
2008 SM218
2008 SD265
2008 SP269
2008 SA289
2008 TS4
2008 TB10
2008 TJ46
2008 TN46
2008 TR61
2008 TU66
2008 TV126
2008 TY164
2008 TK178
2008 TA189
2008 UT53
2008 UJ75
2008 UV138
2008 UX297
2008 UT302
2008 UZ102
2008 UV138
2008 UX138
2008 UA145
2008 UZ165
2008 UL169
2008 US176
2008 UK193
2008 UT206
2008 UF285
2008 UX297
2008 UT302
2008 US308
2008 UT348
2008 UH354
2008 UG355
2008 VK7
2008 VA18
2008 VK63
2008 VH79
2008 WN59
2008 WF65
2008 WF67
2008 WY72
2008 WT84
2008 WW87
2008 WO94
2008 WT115
2008 WF135
2008 WL138
2008 XY40
2008 YC8
2008 YU26
2008 YZ48
2008 YH50
2008 YF75
2008 YB90
2008 YH95
2008 YK108
2008 YO146
2008 YP150
2008 YN161
2008 YZ169
2009 AP30
2009 AF42
2009 BU1
2009 BS18
2009 BW44
2009 BV47
2009 BE54
2009 BA59
2009 BE62
2009 BR81
2009 BA85
2009 BB116
2009 BM126
2009 BB159
2009 BM171
2009 BX186
2009 CT36
2009 CL49
2009 CC53
2009 DC6
2009 DN24
2009 DQ24
2009 DS34
2009 DP44
2009 DS80
2009 DF84
2009 DD93
2009 DU97
2009 DN139
2009 DM141
2009 DX141
2009 EN5
2009 FZ69
2009 GW5
2009 HA48
2009 HS62
2009 HK66
2009 JZ2
2009 JE6
2009 JV13
2009 OL11
2009 QH39
2009 QD57
2009 RJ23
2009 RM35
2009 SC44
2009 SH50
2009 SG76
2009 SX290
2009 SP164
2009 SX290
2009 SR291
2009 SH347
2009 UA64
2009 UJ68
2009 UR101
2009 UQ107
2009 UL146
2009 UL147
2009 VT3
2009 VD11
2009 VT37
2009 VN49
2009 VN68
2009 WN15
2009 WC19
2009 WA70
2009 WK190
2009 WQ242
2009 WK250
2009 YE5
2009 YL20
2010 AJ4
2010 AP9
2010 AO26
2010 AV31
2010 AW31
2010 AE35
2010 AQ59
2010 AG76
2010 BX32
2010 BW55
2010 BJ87
2010 BB116
2010 CP4
2010 CJ5
2010 CO65
2010 CU80
2010 CZ93
2010 CX98
2010 CX127
2010 CW181
2010 DE8
2010 EG78
2010 EX97
2010 EN109
2010 FO2
2010 FA12
2010 GJ32
2010 GN34
2010 JZ29
2010 NA89
2010 OB57
2010 PV60
2010 QK1
2010 RC100
2010 RX125
2010 RS137
2010 RZ159
2010 RX174
2010 SJ21
2010 TA43
2010 TN45
2010 TH47
2010 TE56
2010 TL109
2010 TA120
2010 TR153
2010 TF186
2010 UU4
2010 UM5
2010 UV5
2010 UT20
2010 UK46
2010 UN88
2010 UA89
2010 UK96
2010 VN16
2010 VT42
2010 VW55
2010 VV84
2010 VM184
2010 VV206
2010 VD207
2010 VV210
2010 VQ213
2010 WX67
2010 XD1
2010 XM11
2010 XQ31
2010 XY79
2011 AK1
2011 AR77
2011 BA17
2011 BD20
2011 BY36
2011 BU38
2011 BW46
2011 BY58
2011 BY76
2011 BV79
2011 BY116
2011 CC24
2011 CE68
2011 CP73
2011 CS91
2011 CT112
2011 CC116
2011 DT22
2011 EQ2
2011 ET11
2011 ES23
2011 EE27
2011 EA29
2011 EV69
2011 EU76
2011 EJ82
2011 FU3
2011 FF6
2011 FY8
2011 FE12
2011 FW17
2011 FW32
2011 FN43
2011 FJ49
2011 FP55
2011 FG80
2011 FD105
2011 FV145
2011 GF6
2011 GG36
2011 GC63
2011 HK19
2011 HW27
2011 HX28
2011 HC32
2011 HM34
2011 HT59
2011 HB64
2011 HE64
2011 HC74
2011 HU88
2011 JA21
2011 JZ30
2011 KP10
2011 KR11
2011 KP25
2011 KV25
2011 OH45
2011 QP5
2011 QY18
2011 QQ20
2011 QL58
2011 RC3
2011 RE13
2011 SH53
2011 SU66
2011 SP75
2011 SW84
2011 SG89
2011 SK107
2011 SK188
2011 SL231
2011 TL17
2011 UQ6
2011 UX25
2011 UU30
2011 UP36
2011 UK47
2011 UJ65
2011 UQ86
2011 UQ103
2011 UC366
2011 UY366
2011 UJ114
2011 UD126
2011 US130
2011 UK139
2011 UO176
2011 UT204
2011 US228
2011 UR237
2011 UN240
2011 UA243
2011 UC243
2011 UC275
2011 UO280
2011 UJ284
2011 UE304
2011 UO311
2011 UH315
2011 VH21
2011 WZ4
2011 WT20
2011 WT34
2011 WQ62
2011 WK87
2011 WS87
2011 WP100
2011 WZ118
2011 WU122
2011 WA150
2011 WK152
2011 YH64
2011 YK78
2012 AJ14
2012 BA1
2012 BP19
2012 BO33
2012 BO55
2012 BR98
2012 BM107
2012 BF108
2012 BJ152
2012 CZ9
2012 CV47
2012 CJ57
2012 DH7
2012 DQ17
2012 DF72
2012 DF92
2012 DG93
2012 EX4
2012 FG1
2012 FV5
2012 FM47
2012 FV74
2012 FY74
2012 GC3
2012 GQ12
2012 GZ19
2012 GF35
2012 GX36
2012 HN30
2012 HO49
2012 HY49
2012 HM54
2012 HC61
2012 HS64
2012 HP74
2012 HN83
2012 JG21
2012 JD27
2012 KO13
2012 KC49
2012 KM50
2012 LW10
2012 PX6
2012 PA23
2012 PB23
2012 PX34
2012 QS27
2012 QF33
2012 QE37
2012 SH9
2012 SA36
2012 SH39
2012 ST48
2012 SS50
2012 TM8
2012 TU16
2012 TA57
2012 TN64
2012 TT73
2012 TA90
2012 TT101
2012 TP122
2012 TA128
2012 TO133
2012 TA142
2012 TZ154
2012 TE158
2012 TW166
2012 TG182
2012 TK188
2012 TL199
2012 TM202
2012 TN203
2012 TM208
2012 TM243
2012 TQ247
2012 TU285
2012 TZ294
2012 TK296
2012 TL297
2012 TO304
2012 TM307
2012 TQ318
2012 UN2
2012 UT19
2012 UV25
2012 UB39
2012 UV41
2012 UB67
2012 UC84
2012 UZ102
2012 UJ108
2012 UP112
2012 UF125
2012 UD126
2012 UV139
2012 VS2
2012 VO3
2012 VF14
2012 VW48
2012 VQ49
2012 VZ57
2012 VC67
2012 VW95
2012 VJ105
2012 XS
2012 XZ
2012 XQ7
2012 XY21
2012 XD22
2012 XO38
2012 XR45
2012 XR63
2013 AZ18
2013 AF28
2013 AY37
2013 AF55
2013 AR68
2013 AU70
2013 AQ97
2013 AN112
2013 AA137
2013 AJ139
2013 AC163
2013 AX169
2013 BZ29
2013 BW30
2013 BB41
2013 CJ4
2013 CM14
2013 CP53
2013 CX53
2013 CY54
2013 CO70
2013 CH76
2013 CB83
2013 CA90
2013 CF99
2013 CJ100
2013 CB114
2013 CD124
2013 CO127
2013 CL130
2013 CH136
2013 CC162
2013 CW162
2013 CL179
2013 CF183
2013 CF211
2013 DL3
2013 DQ8
2013 EK1
2013 EK33
2013 EH46
2013 EA64
2013 EH72
2013 EC84
2013 EQ107
2013 ES110
2013 ET110
2013 EW110
2013 EC112
2013 EC113
2013 FW5
2013 FS10
2013 FV11
2013 FB12
2013 FH17
2013 FW17
2013 FY22
2013 GA12
2013 GO20
2013 GF38
2013 GK56
2013 GC71
2013 GC85
2013 GF85
2013 GN95
2013 GT124
2013 GE128
2013 HJ1
2013 HC8
2013 HG14
2013 HN26
2013 HZ69
2013 HQ133
2013 HL134
2013 JT31
2013 JG42
2013 JV61
2013 LW34
2013 NQ22
2013 OF7
2013 PL16
2013 PR27
2013 PP30
2013 PF32
2013 QG30
2013 QD48
2013 QC70
2013 RP1
2013 RJ18
2013 RJ39
2013 RT65
2013 RZ66
2013 RF94
2013 SJ41
2013 SN50
2013 SL58
2013 SW85
2013 TV28
2013 TX71
2013 TK75
2013 TM93
2013 TT121
2013 TD126
2013 TH130
2013 TF142
2013 WS7
2013 WH37
2013 WV78
2013 WT103
2013 XD3
2013 XG5
2013 XR10
2013 YW1
2013 YK19
2013 YL23
2013 YC31
2013 YO34
2013 YM40
2013 YM42
2013 YL43
2013 YY48
2013 YZ58
2013 YE62
2013 YM78
2013 YR101
2013 YE103
2013 YE125
2013 YK129
2013 YV129
2014 AE35
2014 AP42
2014 BU5
2014 BD18
2014 BL18
2014 BO28
2014 BQ38
2014 BS41
2014 BM44
2014 BC53
2014 BJ61
2014 CC6
2014 CJ8
2014 CM12
2014 CN17
2014 CU18
2014 DZ1
2014 DK2
2014 DT5
2014 DP9
2014 DY39
2014 DN46
2014 DL60
2014 DO66
2014 DW89
2014 DP90
2014 DM119
2014 DC120
2014 DZ132
2014 DR138
2014 EN28
2014 EJ32
2014 FW14
2014 FN20
2014 FB37
2014 FC51
2014 FJ51
2014 FX66
2014 GA9
2014 GV32
2014 GC44
2014 GP45
2014 GN47
2014 HF2
2014 HC11
2014 HX23
2014 HY23
2014 HA29
2014 HU40
2014 HZ42
2014 HB43
2014 HV116
2014 HK145
2014 HE147
2014 HG154
2014 HQ163
2014 HW178
2014 HX181
2014 JX
2014 JF3
2014 JM12
2014 JK13
2014 JQ14
2014 JF34
2014 JK36
2014 JM62
2014 JJ64
2014 JC67
2014 JV77
2014 KY19
2014 KZ30
2014 KM32
2014 KH36
2014 KQ57
2014 KC67
2014 KK78
2014 KR85
2014 KK88
2014 LP
2014 LP2
2014 MJ7
2014 MS35
2014 MU37
2014 NS11
2014 NE20
2014 NH54
2014 NL61
2014 OD22
2014 OT26
2014 ON33
2014 OX52
2014 OF58
2014 OH90
2014 OF123
2014 OO123
2014 OD388
2014 OL138
2014 OW143
2014 OM146
2014 OZ147
2014 OV168
2014 OX173
2014 ON174
2014 OG259
2014 OD311
2014 OY333
2014 OB342
2014 PH26
2014 PB33
2014 PH41
2014 PD52
2014 PQ67
2014 QR51
2014 QY52
2014 QR73
2014 QK368
2014 QO369
2014 QL133
2014 QD170
2014 QH171
2014 QV178
2014 QJ212
2014 QY212
2014 QH213
2014 QC214
2014 QE251
2014 QA254
2014 QJ312
2014 QX320
2014 QW331
2014 QH351
2014 RJ21
2014 RU45
2014 RA48
2014 RA56
2014 SW52
2014 SG94
2014 SP95
2014 SY157
2014 SC161
2014 SB172
2014 SF212
2014 SV222
2014 SN223
2014 SZ226
2014 SA290
2014 SF315
2014 SE338
2014 TG8
2014 TP58
2014 TK62
2014 TX73
2014 TY83
2014 UH43
2014 UC46
2014 UM50
2014 UP66
2014 US67
2014 UD84
2014 UQ89
2014 UV96
2014 UW98
2014 UD101
2014 UZ114
2014 UU148
2014 UF167
2014 UE173
2014 UQ182
2014 UV200
2014 UT216
2014 VW14
2014 VT26
2014 WK37
2014 WE51
2014 WB355
2014 WR371
2014 WR111
2014 WD381
2014 WA394
2014 WL412
2014 WR421
2014 WO165
2014 WZ427
2014 WE428
2014 WK430
2014 WO185
2014 WQ469
2014 WL478
2014 WZ480
2014 WM261
2014 WO306
2014 XA38
2014 YU5
2015 AQ15
2015 AU26
2015 AC152
2015 AF235
2015 AD245
2015 AK245
2015 AC250
2015 AH279
2015 BU8
2015 BA19
2015 BZ22
2015 BX23
2015 BY24
2015 BQ35
2015 BW44
2015 BQ57
2015 BP58
2015 BN78
2015 BM93
2015 BN261
2015 BV264
2015 BU288
2015 BE297
2015 BQ304
2015 BB305
2015 BC305
2015 BF355
2015 BP457
2015 BL497
2015 BB305
2015 BK321
2015 CH5
2015 CC15
2015 CW26
2015 CK33
2015 CJ56
2015 DN27
2015 DR134
2015 DV136
2015 DB149
2015 DM157
2001 CE37
2001 FR210
2001 FQ214
2001 FU217
2001 FN226
2001 FW231
2001 FH232
2001 HR38
2001 SQ335
2001 UP70
2001 UC231
2001 WV3
2002 CX310
2002 EB119
2002 GL186
2002 GR188
2002 LW63
2002 PS175
2002 PU199
2002 QA97
2002 RH144
2002 RO232
2002 RB264
2002 RL282
2002 RV287
2002 TY329
2002 TX351
2002 VE125
2003 AR83
2003 HT19
2003 RK24
2003 SX381
2003 SX333
2003 UZ3
2003 UH364
2003 UM408
2003 UM221
2003 UA349
2004 DR34
2004 JW4
2004 RL70
2004 RR268
2004 RZ300
2004 TS
2004 TY5
2004 TF30
2004 TR33
2004 TX92
2004 TO98
2004 TE106
2004 TB194
2004 TV224
2004 YG
2005 EJ129
2005 EA193
2005 EC221
2005 ET330
2005 JJ18
2005 LW24
2005 NR27
2005 NO63
2005 NG94
2005 QK10
2005 QE64
2005 QB130
2005 SU229
2005 SA245
2005 TG92
2005 TP120
2005 TW175
2005 US363
2005 UM112
2005 UL435
2005 UY179
2005 UB191
2005 UA453
2005 UL460
2005 UX471
2005 UJ238
2005 UY246
2005 UJ263
2005 UD280
2005 UJ310
2005 UW335
2005 VS79
2005 VP82
2005 VT84
2005 WQ210
2005 YC108
2005 YX124
2005 YY139
2005 YL152
2006 AK76
2006 AB90
2006 BQ13
2006 BE72
2006 BP81
2006 BZ91
2006 BR142
2006 BE162
2006 BT164
2006 BD230
2006 BD235
2006 BL242
2006 BH280
2006 BV281
2006 CO11
2006 CL21
2006 CO58
2006 DV2
2006 DC44
2006 DF75
2006 DW89
2006 DD124
2006 DE172
2006 DU176
2006 EE5
2006 EL22
2006 EP28
2006 ET72
2006 HQ1
2006 HN49
2006 HA78
2006 HU99
2006 JH19
2006 JN47
2006 KA5
2006 KS26
2006 KZ57
2006 KJ60
2006 KL78
2006 QK85
2006 QG154
2006 RH93
2006 RR108
2006 RU109
2006 RD117
2006 SL76
2006 SZ84
2006 SB102
2006 SQ375
2006 SW376
2006 SG383
2006 SO385
2006 SK389
2006 SB399
2006 SU145
2006 SN154
2006 SE163
2006 SK174
2006 SN219
2006 SQ221
2006 SB227
2006 SP232
2006 SK261
2006 SZ294
2006 SY302
2006 SG319
2006 SL337
2006 SS341
2006 TK34
2006 TP126
2006 UP72
2006 US75
2006 UX84
2006 UM107
2006 UW119
2006 UC130
2006 UZ253
2006 UG254
2006 UV342
2006 UA352
2006 VY86
2006 VK97
2006 VM97
2006 WT21
2006 WP59
2006 WA109
2006 WM137
2006 WT168
2007 AB14
2007 BW9
2007 BJ37
2007 BB43
2007 BM46
2007 BX63
2007 BJ98
2007 CH17
2007 DJ24
2007 DK30
2007 EY15
2007 ED42
2007 EH50
2007 ET158
2007 EQ191
2007 FT4
2007 GY62
2007 MO2
2007 RA12
2007 RM48
2007 RX98
2007 RV114
2007 RF202
2007 RD235
2007 TB118
2007 TX398
2007 TM435
2007 TJ231
2007 TV235
2007 TF239
2007 UW87
2007 UY91
2007 UO102
2007 UL113
2007 VH27
2007 VW58
2007 VC96
2007 VO109
2007 VE259
2007 VE292
2007 VF293
2007 WJ42
2008 AK49
2008 AW54
2008 AP61
2008 AR61
2008 AM79
2008 AA95
2008 AE111
2008 AC125
2008 AV128
2008 AG138
2008 BY13
2008 BQ20
2008 BS50
2008 CT32
2008 CO79
2008 CJ85
2008 CK93
2008 CM128
2008 CH155
2008 DK29
2008 DA61
2008 DJ89
2008 EU10
2008 EZ11
2008 ED33
2008 EE65
2008 EH112
2008 EZ149
2008 FT35
2008 FU36
2008 FM53
2008 FX71
2008 GW33
2008 GQ52
2008 GO97
2008 GF104
2008 HH5
2008 HY14
2008 HG48
2008 HC67
2008 JJ38
2008 KG32
2008 KD33
2008 LQ13
2008 MA2
2008 OG13
2008 QR47
2008 RF12
2008 RF63
2008 RD131
2008 ST125
2008 SY183
2008 SW186
2008 SL203
2008 SR261
2008 SH277
2008 TM97
2008 TT99
2008 TG140
2008 TY141
2008 TY169
2008 UV15
2008 UM78
2008 UE82
2008 UV366
2008 UW128
2008 UT190
2008 UT252
2008 VP33
2008 VY50
2008 VB66
2008 WP15
2008 WX16
2008 WJ24
2008 WZ37
2008 WB43
2008 WH55
2008 XK55
2008 YY55
2008 YM59
2008 YM81
2008 YB97
2008 YA144
2008 YR152
2009 AO31
2009 BD68
2009 BL115
2009 BP141
2009 BW144
2009 BG166
2009 BM166
2009 BQ173
2009 DA13
2009 DB73
2009 DB120
2009 DL135
2009 EC7
2009 ET17
2009 FE16
2009 FC42
2009 FP51
2009 FY53
2009 HG86
2009 KO19
2009 QN32
2009 QZ61
2009 SS34
2009 SF39
2009 SA123
2009 SA132
2009 SN187
2009 SB195
2009 SD195
2009 SN222
2009 SQ222
2009 SS269
2009 SU343
2009 VT11
2009 VX18
2009 VT85
2009 WJ38
2009 WC45
2009 WE191
2009 WS222
2009 WB250
2009 WV259
2010 AG29
2010 AF120
2010 BE51
2010 BF72
2010 CP24
2010 CK39
2010 CF44
2010 CZ45
2010 CY51
2010 CP106
2010 CN135
2010 CJ140
2010 CL158
2010 CA186
2010 CD201
2010 CG211
2010 DL16
2010 DU29
2010 DE71
2010 DC79
2010 DB81
2010 EZ93
2010 FS30
2010 FT68
2010 FU85
2010 FM106
2010 GW40
2010 GY44
2010 GD77
2010 GL90
2010 GT97
2010 GY97
2010 GN125
2010 GD128
2010 HM11
2010 HR64
2010 HA90
2010 JG11
2010 JE13
2010 JY14
2010 JF59
2010 JV59
2010 JQ69
2010 JJ128
2010 JE168
2010 KG6
2010 KH14
2010 KG77
2010 KZ85
2010 KT104
2010 KO112
2010 KO115
2010 LA115
2010 LR118
2010 MY24
2010 MB32
2010 MB57
2010 MN79
2010 MV85
2010 MX98
2010 MY98
2010 MF110
2010 NA23
2010 ND82
2010 NJ93
2010 OX20
2010 OX53
2010 OT69
2010 OB116
2010 OW125
2010 PT34
2010 PU72
2010 RU183
2010 TX39
2010 TC64
2010 TP77
2010 TP90
2010 TM94
2010 TX101
2010 TT187
2010 UC23
2010 UL49
2010 UF105
2010 VC21
2010 VH52
2010 VK95
2010 VZ198
2010 WU24
2010 WW57
2010 WJ71
2010 XE5
2010 XC20
2010 XA43
2010 XT74
2011 AW57
2011 AA62
2011 AQ73
2011 BE7
2011 BS16
2011 BF45
2011 BD55
2011 BD57
2011 BA68
2011 BC70
2011 BV75
2011 CL7
2011 CM12
2011 CD17
2011 CW20
2011 CX35
2011 CB59
2011 CU90
2011 CC101
2011 CU110
2011 DF11
2011 FF65
2011 GS3
2011 GJ64
2011 HY6
2011 HA12
2011 HW90
2011 JL5
2011 KL1
2011 KU12
2011 LM21
2011 OP12
2011 OL30
2011 QM67
2011 RS7
2011 RL15
2011 SL52
2011 SX61
2011 SX129
2011 SC245
2011 SR252
2011 UU47
2011 UB101
2011 UE110
2011 UW380
2011 UR126
2011 UD388
2011 UL130
2011 UJ136
2011 UY156
2011 UZ156
2011 UB175
2011 UW177
2011 UG196
2011 UJ197
2011 UB241
2011 UJ252
2011 UZ259
2011 UO270
2011 UD274
2011 UA326
2011 VA5
2011 WJ9
2011 WW9
2011 WN43
2011 WY136
2011 WV149
2011 YU14
2011 YE44
2012 AB10
2012 BX2
2012 BT26
2012 BJ88
2012 BX94
2012 BY106
2012 CV42
2012 DR46
2012 EQ11
2012 FT4
2012 FA51
2012 FU52
2012 GJ17
2012 HR14
2012 HV21
2012 JU53
2012 KJ32
2012 KX43
2012 KM44
2012 LO
2012 LV4
2012 LA8
2012 PU35
2012 RS35
2012 SG56
2012 TW15
2012 TQ16
2012 TM25
2012 TX32
2012 TT39
2012 TD40
2012 TL67
2012 TY81
2012 TH115
2012 TW136
2012 TZ155
2012 TZ165
2012 TY190
2012 TB197
2012 TC197
2012 TC233
2012 TP243
2012 TT263
2012 TO273
2012 UT8
2012 UO17
2012 UF55
2012 UX56
2012 UO87
2012 UP116
2012 UL145
2012 UW164
2012 VR8
2012 VY8
2012 VG37
2012 VO53
2012 VO56
2012 VJ60
2012 VE84
2012 VE89
2012 WJ19
2012 XS2
2012 XE13
2012 XA19
2012 XO29
2012 XF81
2012 XA135
2012 YG4
2013 AU87
2013 AD141
2013 AF153
2013 AP159
2013 AW160
2013 AM170
2013 AR171
2013 AE173
2013 AT176
2013 AU176
2013 AP177
2013 BK5
2013 BQ7
2013 BP46
2013 BO60
2013 BA65
2013 CY2
2013 CJ12
2013 CP22
2013 CJ35
2013 CR42
2013 CW51
2013 CH70
2013 CU89
2013 CF126
2013 CR147
2013 CZ171
2013 CB180
2013 CW186
2013 CV187
2013 CN216
2013 DT4
2013 DD10
2013 DW12
2013 EY3
2013 EF4
2013 EY8
2013 EL68
2013 EG102
2013 EU109
2013 EN114
2013 EB122
2013 EC139
2013 FQ8
2013 FE12
2013 FM21
2013 GL18
2013 GK21
2013 GA41
2013 GR43
2013 GH45
2013 GF52
2013 GA63
2013 GY69
2013 GP122
2013 HH30
2013 HY41
2013 HH45
2013 HM47
2013 HU47
2013 HX61
2013 HA64
2013 HR64
2013 HH66
2013 HK74
2013 HA99
2013 HT99
2013 HO109
2013 HU112
2013 HU116
2013 HB134
2013 HE136
2013 JD24
2013 JW25
2013 JF26
2013 JS26
2013 JO44
2013 JO47
2013 JA59
2013 KC1
2013 MO10
2013 NU23
2013 PA6
2013 PU21
2013 PX29
2013 PR40
2013 QT15
2013 QA48
2013 QM58
2013 QR64
2013 RH8
2013 RE15
2013 RE29
2013 RB36
2013 RO39
2013 RD53
2013 RG86
2013 SQ15
2013 SZ16
2013 SL33
2013 SC74
2013 TY59
2013 TE102
2013 TJ116
2013 TZ136
2013 TS144
2013 WO24
2013 WE35
2013 WD104
2013 XN23
2013 YO26
2013 YO29
2013 YN42
2013 YL56
2013 YO59
2013 YR67
2013 YC72
2013 YG96
2013 YZ100
2013 YB106
2014 AN23
2014 AQ43
2014 BK7
2014 BZ15
2014 CL
2014 DU
2014 DP17
2014 DO30
2014 DM39
2014 DB53
2014 DB59
2014 DH63
2014 DC67
2014 DL69
2014 DA82
2014 DM84
2014 DV92
2014 DT104
2014 DJ108
2014 DO108
2014 DY128
2014 DG131
2014 DJ135
2014 EQ3
2014 EB14
2014 EC30
2014 GX45
2014 HG23
2014 HJ28
2014 HA32
2014 HO50
2014 HS68
2014 HC73
2014 HX112
2014 HC118
2014 HO125
2014 HX174
2014 HV179
2014 JM60
2014 JG64
2014 JH68
2014 JY68
2014 JT69
2014 KL8
2014 KX25
2014 KT29
2014 KC36
2014 KV43
2014 MD22
2014 MN23
2014 NX18
2014 NK24
2014 NA48
2014 OF22
2014 OC23
2014 ON23
2014 OH38
2014 OP41
2014 OL48
2014 OM56
2014 OY79
2014 OC89
2014 OP89
2014 OA92
2014 OC124
2014 OF125
2014 OZ134
2014 OC136
2014 OG136
2014 OZ152
2014 OP183
2014 OB206
2014 OB234
2014 OZ332
2014 OY334
2014 ON356
2014 PW16
2014 QT42
2014 QY124
2014 QS127
2014 QS389
2014 QN392
2014 QO137
2014 QT145
2014 QS418
2014 QJ425
2014 QX208
2014 QO209
2014 QM223
2014 QH230
2014 QQ238
2014 QS243
2014 RN27
2014 RR47
2014 RW48
2014 SK5
2014 SL18
2014 SW63
2014 SS103
2014 SE116
2014 SS152
2014 SX179
2014 SJ186
2014 SX255
2014 SA264
2014 SL320
2014 SX320
2014 TP49
2014 UO27
2014 UY30
2014 UO48
2014 UM89
2014 US162
2014 UJ173
2014 UZ201
2014 VX3
2014 VT8
2014 VV24
2014 VC32
2014 WC43
2014 WM54
2014 WO78
2014 WS81
2014 WZ83
2014 WZ94
2014 WZ95
2014 WX114
2014 WU391
2014 WL137
2014 WD398
2014 WF156
2014 WU163
2014 WM432
2014 WG496
2014 WE253
2014 WE261
2014 WC269
2014 WH269
2014 WZ299
2014 WB357
2014 XL17
2014 YB30
2014 YM38
2014 YW48
2015 AF29
2015 AP38
2015 AP85
2015 AR139
2015 AK168
2015 AD225
2015 AE225
2015 BS13
2015 BO53
2015 BD58
2015 BC63
2015 BF79
2015 BY85
2015 BZ86
2015 BA129
2015 BV189
2015 BV194
2015 BO195
2015 BL270
2015 BB106
2015 BC112
2015 BA129
2015 BE133
2015 BM137
2015 BH406
2015 BO413
2015 BK415
2015 BO163
2015 BZ432
2015 BX433
2015 BA174
2015 BM180
2015 BY445
2015 BV189
2015 BV194
2015 BO195
2015 BF462
2015 BW203
2015 BF214
2015 BK480
2015 BV497
2015 BK512
2015 BZ256
2015 BE258
2015 BN261
2015 BR285
2015 BN290
2015 BE297
2015 BQ304
2015 BC305
2015 BK345
2015 BF355
2015 CD6
2015 CY9
2015 CQ15
2015 CR20
2015 CA22
2015 CN22
2015 CR26
2015 CN38
2015 CL53
2015 DX13
2015 DG14
2015 DR27
2015 DN28
2015 DN32
2015 DF41
2015 DO89
2015 DJ113
2015 DS119
2015 DT132
2015 DD141
2015 DH156
2015 DK159
2015 DA166
2015 DK178
2015 DG201
2015 DD221
2015 DR221
2015 FT19
2015 FE24
2015 FZ40
2015 FB139
2015 FT168
2015 FX184
