id
2593
2614
3004
3052
3114
3602
3951
4233
4788
4789
5016
5423
5901
6226
6380
6578
6788
6876
7107
7524
7737
7792
7801
8190
8291
8302
8413
8424
8608
8671
8781
8817
8898
8954
8957
9658
9750
9892
10029
10053
10831
11212
12416
12471
12543
12699
12744
12976
13422
14026
14247
14549
15152
15362
15882
16435
16443
16518
16822
17720
18127
18355
19230
20280
20678
20964
21118
21695
21992
22571
22860
23003
23018
24051
24108
24656
24686
25178
25505
26246
26333
26658
26731
27826
28215
29303
29358
30308
30814
31487
31841
32733
33317
33837
35679
37354
37425
37796
38286
38629
40422
41219
41801
43031
43276
43907
45183
45315
45505
45830
46304
48008
49094
49413
49683
50098
50874
53626
55892
56434
56626
57068
58960
61834
63506
63767
64061
67336
74719
75487
76956
78140
78426
79756
81071
82234
84054
84106
85797
87117
95035
95170
96192
100382
102677
107405
109628
124252
145532
147465
147607
154460
155727
181425
190393
204980
217886
251077
414900