id
56
356
972
987
1294
1734
1946
2143
3206
3775
3935
4862
4922
5416
5420
6161
8083
8145
8994
10046
12298
13697
13788
13921
14052
14139
15653
17512
19337
21620
22310
22350
22967
23438
23815
24248
24285
25279
27089
29090
29763
30018
30526
31261
31761
34967
36589
37024
38659
38935
39487
40381
40832
44245
45291
45583
45859
46990
50744
51483
51604
52758
52766
52810
54781
54782
55582
58446
60805
61347
61533
62459
63024
63596
65070
65350
65360
65998
68163
68932
69275
73246
74278
74357
74358
74393
77068
77610
77876
79920
84956
85167
87132
87217
88095
88222
88468
89817
89972
90225
90473
90645
90712
91008
92360
92552
92588
92793
92822
93101
95913
96659
96853
96881
97264
99801
101036
101294
101449
102216
102590
102671
102854
103617
104973
105150
105570
107123
107715
107753
107954
108786
111151
111324
111356
113728
113828
114910
114920
119740
121162
121318
121635
123070
124233
124310
124561
126482
127201
127272
127993
128718
129732
130143
132278
133238
134200
134565
135059
135306
135338
136187
137892
138677
139279
139555
140975
141710
143866
143868
144711
145792
146123
146665
146728
147019
150502
150718
151436
152811
153116
153441
154017
155116
156569
157832
158703
159424
159657
161505
161806
162094
162105
162856
163770
164416
165261
166592
166696
167469
168121
169109
169397
169782
172508
172556
173771
173940
175437
175707
176012
176440
176822
176858
180974
181111
181544
182106
182411
182420
182446
182476
182858
184076
184724
187378
187917
187951
189516
189659
189948
190118
190413
190428
190588
190607
191329
191403
191706
192626
192730
192926
193696
193752
193897
193928
194536
194541
196587
196780
197177
197801
198163
200082
200452
200552
201956
202074
203245
204353
205357
205538
206216
206406
207299
207384
208021
209564
211271
211573
212980
213357
213580
213621
213710
214544
214565
216090
216592
217461
217736
218128
219410
220226
220625
220999
222365
222632
223315
223677
224558
226108
228397
230183
230632
230674
230722
230937
231922
232619
232802
234284
234961
235538
238517
239198
239228
240203
240460
241092
241649
241681
242084
242149
243447
243505
243826
243936
243983
244562
244704
244859
245351
247147
247157
247222
247570
248126
248297
248418
248542
248912
249976
250958
252029
252463
253413
253428
253922
254862
255029
257349
257709
258226
259305
259739
260211
260627
260907
264720
265543
265558
266837
266935
267093
267183
267242
267357
267447
268894
270234
270473
270640
270826
271150
271576
271940
274221
274560
275746
276519
279853
279949
280084
280156
280707
283669
283762
284360
284456
285892
285894
285916
285978
287281
287299
287415
287725
288610
289126
289957
290583
290934
290961
291549
292120
292674
293850
297535
298087
298094
298226
298240
298265
298636
298882
299602
299664
299678
301739
302217
302690
302796
305315
306056
306132
306633
306818
307653
307691
307706
307966
308864
308870
309006
310078
310858
313243
313296
314012
316875
316887
318650
320383
320984
321816
322712
322977
323177
323214
324009
324083
325083
325477
325517
327033
329352
329570
331571
332092
333714
334160
334228
334749
334822
334907
335155
337350
338775
340187
340207
340242
344048
344135
344580
347208
347241
347573
347819
347856
348792
350164
350241
350905
351614
351865
353819
353942
354182
355044
357361
361617
363455
365896
366741
367265
367399
367406
367991
368613
369090
369219
369228
369240
370819
371000
371034
373819
374328
376828
377020
377048
377199
377387
377473
378375
378856
379519
380146
380232
380606
381077
381779
382188
382189
382862
383934
385168
385488
385502
386790
387000
387530
387582
387815
390930
393575
394861
395012
397332
397346
398048
398590
399394
399686
399849
400187
400294
401810
402124
403014
404789
405083
405091
405289
405592
406237
407326
408880
409139
409407
409449
409468
409576
409752
412611
413358
416189
416526
418583
419116
421380
421626
421834
421977
422146
422673
423029
424693
425233
425442
425986
427406
427438
427529
427945
428139
429127
429443
429839
430670
434134
434256
435174
437079
437838
438451
2000 LG10
2001 QU151
2001 RW149
2001 TR177
2001 TB213
2001 TO262
2001 UC221
2002 CW116
2002 MU5
2002 NN16
2002 PE74
2002 QF51
2002 QN110
2002 QF139
2002 QP141
2002 QJ154
2002 RS26
2002 RT39
2002 RQ80
2002 RW194
2002 TB22
2002 TE130
2002 VC46
2003 QW66
2003 QF76
2003 ST234
2003 SR336
2003 UR210
2003 UD280
2003 WN119
2004 PP2
2004 QD5
2004 RC175
2004 SW2
2004 SE42
2005 EV86
2005 QR179
2005 SO52
2005 SL78
2005 SB195
2005 TD7
2005 TE66
2005 TC128
2005 VY96
2005 WK103
2005 XF77
2006 AX7
2006 BW143
2006 CP35
2006 DP65
2006 HO82
2006 QP4
2006 QK5
2006 QQ95
2006 QP96
2006 RA37
2006 SH376
2006 SF378
2006 SP130
2006 SK131
2006 TL7
2006 TR19
2006 TQ65
2006 TG125
2006 UT184
2006 UE328
2006 UQ345
2006 VJ170
2006 WV172
2006 YS33
2007 BQ33
2007 CZ51
2007 QM4
2007 RP34
2007 RB171
2007 RS268
2007 RU274
2007 RM286
2007 TB81
2007 TQ108
2007 TL145
2007 TR452
2007 TM335
2007 UZ33
2007 UY34
2007 VF183
2007 VX240
2008 CH168
2008 FR130
2008 RX
2008 RK143
2008 ST158
2008 SK268
2008 SY283
2008 TM95
2008 TD163
2008 TU176
2008 TN188
2008 UU72
2008 UM168
2008 UK221
2008 VJ76
2008 XM23
2009 AZ2
2009 BQ111
2009 BL187
2009 FK28
2009 HO98
2009 OJ9
2009 QO5
2009 QM45
2009 QZ54
2009 RX60
2009 SM30
2009 SB56
2009 SV66
2009 SO194
2009 ST267
2009 SQ288
2009 UW86
2009 UJ121
2009 UZ142
2009 WK24
2009 WS188
2010 AT53
2010 CA51
2010 CW247
2010 JW79
2010 JQ111
2010 KN58
2010 LW42
2010 LM74
2010 LN87
2010 MX29
2010 MF104
2010 MY107
2010 OB5
2010 OV33
2010 OL102
2010 PR6
2010 PQ43
2010 RB108
2010 TN8
2010 TN92
2010 TB118
2010 UQ73
2010 UP81
2010 VL39
2010 VV81
2010 VY112
2010 VT186
2011 AU48
2011 BK67
2011 BZ123
2011 BZ160
2011 FU87
2011 HJ48
2011 OE10
2011 OX48
2011 QU83
2011 RL2
2011 RL16
2011 SK3
2011 SM25
2011 SM182
2011 SH186
2011 UD201
2011 US293
2011 WS69
2011 YL13
2012 BQ37
2012 CN41
2012 DY61
2012 DG82
2012 GO1
2012 JE27
2012 PJ22
2012 QO3
2012 RB17
2012 RE31
2012 RC41
2012 ST30
2012 TL9
2012 TX309
2012 UX104
2012 VW39
2012 VZ45
2012 VR68
2012 VV98
2012 WS5
2012 XK121
2012 XO142
2013 CC3
2013 GG15
2013 GJ91
2013 PN69
2013 RQ
2013 RT30
2013 SK71
2013 SX82
2013 TW101
2013 WD106
2013 YR33
2014 BD21
2014 BR55
2014 CX18
2014 DQ52
2014 DK142
2014 GP37
2014 HH123
2014 MR16
2014 NH57
2014 OD35
2014 OX231
2014 OD299
2014 PK65
2014 QO366
2014 QJ134
2014 QJ144
2014 QO422
2014 QV277
2014 QW310
2014 QC338
2014 SA212
2014 SQ216
2014 SQ244
2014 SE309
2014 TO31
2014 TJ82
2014 UB24
2014 UX158
2014 UX223
2014 VF14
2014 WU32
2014 WV169
2014 WO335
2014 WW127
2014 YA3
2015 BC42
2015 BD206
2015 BC259
2015 CE40
2015 DT220
2015 KS1
2015 KF6
2015 MY57
2015 MW67
2015 MB83
2015 MH123
2015 OG20
2000 VN4
2001 QX271
2002 PS34
2002 PO179
2002 PL199
2002 SF18
2002 SZ71
2002 TU384
2002 UW34
2002 VU95
2003 ST163
2003 SS339
2003 UN362
2004 BH64
2004 PZ10
2004 SU50
2004 TF150
2004 TS177
2004 TD209
2005 LT22
2005 LN44
2005 SM79
2005 SA209
2005 TX53
2005 US377
2005 UR306
2005 UU351
2005 XR17
2005 YD147
2005 YA160
2005 YX175
2005 YB217
2006 KL90
2006 SM108
2006 SU377
2006 SA197
2006 TL104
2006 UT239
2006 VL102
2006 VM122
2006 WD13
2007 HD44
2007 MT4
2007 RL138
2007 RP307
2007 UJ50
2007 UY58
2007 VL58
2007 VW174
2007 VY181
2007 VG216
2007 VJ260
2007 YB48
2008 ON9
2008 QC6
2008 TW16
2008 UN22
2008 UA96
2008 UV134
2008 UG166
2008 UL220
2008 VQ32
2008 VX32
2008 WH65
2009 BS171
2009 QD36
2009 RW48
2009 SH68
2009 SJ76
2009 SK76
2009 SZ101
2009 SX133
2009 SJ169
2009 SA199
2009 SH346
2009 VZ24
2009 WV126
2009 WC139
2009 WK159
2010 AE113
2010 AA132
2010 DC17
2010 FX104
2010 GY19
2010 HO34
2010 JD19
2010 JH141
2010 KC50
2010 LD19
2010 LW117
2010 MK28
2010 SE36
2010 TV48
2010 TK78
2010 TZ100
2010 UW26
2010 VP62
2011 BQ56
2011 BJ57
2011 HU53
2011 PJ6
2011 QE51
2011 SG100
2011 SZ153
2011 SF172
2011 UL9
2011 UD38
2011 UT115
2011 UF121
2011 UH163
2011 UB261
2011 WK31
2011 YU54
2012 BU27
2012 BS91
2012 CJ19
2012 HX41
2012 QS31
2012 TJ287
2012 UH37
2012 UV94
2012 UM139
2012 VP86
2012 XE52
2013 AD158
2013 AH160
2013 CV11
2013 CN47
2013 EZ26
2013 LL26
2013 PF6
2013 PT12
2013 PY52
2013 QW84
2013 SX21
2013 SB31
2013 SY84
2013 TN12
2013 TN84
2013 XQ5
2013 YR71
2014 GA46
2014 LT9
2014 ND16
2014 NG18
2014 OY149
2014 OZ154
2014 OP177
2014 OD239
2014 QJ41
2014 QA370
2014 QF120
2014 TV17
2014 UZ34
2014 UR185
2014 UE191
2014 WX190
2014 WY256
2014 WO335
2015 BX44
2015 BU106
2015 BB375
2015 LP33
2015 MO37
2015 MY92
2015 NC14
2015 OX58
