id
8401
8403
11126
14493
14545
16972
17136
17158
19664
20085
20385
20521
20668
21196
21363
21426
21429
21875
22099
23558
23568
23929
26929
27202
27420
27531
27852
27966
28349
28820
29871
30331
30493
30550
32113
32348
32354
32410
32566
34489
34632
34805
34814
35203
35208
36516
36763
37303
37752
37763
38241
38290
38369
38487
39359
39619
40714
40918
41091
41211
41523
41622
41795
42149
42237
42527
42761
43313
43585
43668
44974
45164
45579
45617
46074
46176
46196
46333
46623
46628
46635
47977
49638
50236
50271
50571
51039
51163
51297
51557
51648
51825
51826
51871
52048
52444
52818
53207
53251
53396
53531
53832
55084
55170
55480
55495
55800
55808
56860
57596
57661
57897
58299
58494
58793
58795
58908
59216
59528
60000
60047
60775
61089
61403
61690
62239
62320
62365
62545
63405
63485
63492
63775
63787
63821
63856
64287
64414
65374
65758
65969
66056
66933
66984
66991
67883
68872
69376
69677
69770
70279
72278
72536
72618
72637
72659
73477
73489
73775
75290
75461
76179
76420
76594
76615
77291
77709
77729
77768
78005
78092
78163
78231
78616
79251
79909
80028
80951
81925
82828
82982
83275
83284
83506
83791
84477
84505
84641
85289
85413
85596
86701
87233
87994
88855
89244
89839
89995
90553
91582
91771
91993
91995
93198
93249
93497
94119
94221
96043
96824
96849
97113
97149
98204
99042
100199
100252
100272
102169
103241
104872
105070
105085
105309
105949
106327
106407
106551
107046
107696
107937
108792
109490
109979
110042
110364
110599
111278
111597
111749
111913
112374
112695
112816
113160
113425
113634
113807
113821
113954
114338
114499
114554
114626
114636
115176
116211
116348
117628
117637
118442
118730
118767
119808
119885
121237
121390
121454
121918
125012
125523
126897
126983
128442
130023
130078
131143
132838
133390
133569
133811
134355
135097
135103
135242
135543
138682
139596
139599
140306
140431
140494
141250
145726
146608
146907
147370
148848
149037
151386
151471
152584
153267
154159
154992
156781
156996
157028
158544
158627
159508
159590
161088
162101
162258
162870
163273
163879
164371
165595
165610
165807
167273
168247
168610
169210
169366
172888
173697
174287
175521
175631
177902
178310
178770
179057
180058
181037
181108
181190
181717
181992
182136
183544
184730
184925
184926
185627
185749
186335
186629
187329
187523
187656
188844
188938
189355
189884
193258
193708
193730
195700
195761
196954
197124
198775
201762
203102
203762
204216
208697
210463
212131
212192
214439
215984
217241
217319
218791
218909
219414
219936
220598
223262
223441
223910
223930
225008
227161
229783
229961
231632
232659
233455
233681
234836
235965
236064
236084
237059
237369
237917
238180
238243
238686
238743
238792
238795
239370
239389
241758
242652
242674
242709
243048
243064
243267
243404
243874
244465
244917
245541
246876
247035
247199
247201
247823
248345
249592
250032
250700
250703
250745
250849
251524
252783
254131
254797
254935
254974
255024
255204
255230
255387
257628
258211
258255
258333
258550
259127
260996
261381
261519
262034
262869
263611
265478
266972
267611
268212
270106
270424
273249
275258
275496
276930
277770
278519
278864
280055
281847
282808
282922
282932
283931
284306
285098
286345
286583
287506
287521
287706
287987
288365
288494
288733
288763
288946
290030
290219
290241
290421
291039
293334
293335
293418
293475
294792
294925
296099
298745
299293
299313
299812
299944
300032
300433
301853
302209
302394
302569
303724
303828
303836
303883
305408
306283
309181
310758
310960
311361
312939
314674
316929
317097
317320
317482
317904
320057
322259
322458
323520
325286
325301
329021
329110
330633
331106
332519
332556
336633
341452
343789
343907
344668
345985
347331
347772
351516
352494
353451
353710
355542
356799
356924
357747
357886
358857
358871
358921
359816
360485
363380
365412
365435
365809
368349
369136
369614
369961
371069
373063
373083
373575
376055
377032
377193
379062
380005
381542
382210
382948
384270
384348
385515
386953
387206
389278
389795
389965
390110
392044
394734
394752
395619
396542
397252
399609
399863
401268
403750
404691
404735
405403
405524
407631
409506
410126
415679
420155
420594
422129
422200
423326
424727
427240
428546
428798
429324
429868
429872
430836
431766
432906
433188
433710
436268
436653
437810
438869
439159
1994 SQ11
1994 VX3
2002 PB162
2003 SW298
2003 VN4
2005 BL23
2005 UY449
2005 YM192
2006 SK287
2006 SK287
2007 RN177
2007 UA91
2007 UX139
2008 FO10
2008 KM41
2008 SS1
2008 TL183
2008 UU121
2009 BP175
2010 EA101
2010 TR70
2010 UL31
2010 VW82
2010 VY202
2011 AJ35
2011 EN30
2011 UE248
2012 TA145
2012 TM276
2013 QW42
2013 TT61
2013 TE104
2013 YS77
2014 KC72
2014 NQ44
2014 QJ38
2014 WN408
2014 WR277
2015 FR166
2015 FF327
2015 KY76
2015 KX110