id
1004
3368
3675
8482
11188
16918
21078
43390
50942
56975
65727
67156
67218
81914
90277
121601
133428
134868
141420
150647
184193
215058
242947
244960
257986
264104
277800
279359
290017
293227
295033
323372
327629
332000
351596
362557
365401
366163
411534
424886
425881
428162
2005 UN191
2006 KC48
2008 ER19
2009 WS197
2010 CE35
2011 UA206
2012 TL171
2013 ET87
2013 HD144
2014 BJ55
2014 QQ394
2015 AE223
2015 DR105
2015 KD69
2006 SB404
2008 TL32
2008 TY161
2008 UW299
2010 GS17
2010 VJ186
2013 AP13
2013 EX37
2013 ET61
2014 QH19
2014 SS160
2014 SW301
2015 GA39
2015 KY24
2015 PW46
