id
2797
9431
13323
14235
14792
17171
17417
23709
24537
30506
39285
39797
48604
54678
63923
65179
65206
65209
76809
100619
111806
129583
134251
159378
181665
190674
191913
195126
195412
219125
222791
222840
225359
225623
226355
242597
247653
283553
284046
284667
286227
289861
291260
293331
297174
310666
312625
315901
316144
316146
316446
320950
321526
321590
321627
329008
331050
338372
341870
345775
350009
350051
350825
353346
356248
356907
359011
360079
360390
365037
366254
373381
377222
378275
389316
389560
390349
391845
392760
398616
429132
429974
433675
437720
439002
2006 CY56
2009 RG57
2009 ST27
2009 UC98
2010 UV79
2010 VE115
2010 VA148
2010 VW156
2010 VU166
2012 SN6
2013 AO103
2013 CO20
2013 CY23
2013 CV194
2013 TL143
2014 WS26
2006 DM213
2007 EL55
2008 RP122
2009 KK32
2009 UX143
2010 WH12
2012 AC8
2012 AK18
2012 TZ123
2012 UO
2013 BK81
2013 CR79
2013 TO127
2014 FG61
2014 VO7
2014 WD
2014 WD362
2014 WV119
2014 WS141
2014 XJ7
2014 XP12
2015 FP169
2015 HO142