id
813
1862
10149
12055
13708
18409
20429
21298
28088
32052
40297
42588
44784
45931
48149
53715
53761
60901
71799
71869
80165
85659
94587
98064
99372
108287
124206
124895
131568
141642
142614
143958
149240
149823
151938
154338
155581
158258
160911
174653
180275
185407
190748
193836
198884
203332
211016
212949
219991
224821
225231
234019
236137
237382
240814
275110
280227
294750
295728
295797
295891
297550
306109
306937
317165
325811
328085
330326
332775
336052
338097
339618
349926
350324
351520
351561
352364
355846
355872
356507
361061
365865
365911
372810
372814
377192
380059
380681
381001
386861
391054
394375
395796
403305
410689
412033
414800
415363
415525
424358
429779
430031
433872
434817
2002 CN15
2004 DM8
2004 HR56
2004 UB
2005 UH
2006 KN24
2006 LB
2006 TM127
2007 DB73
2009 KT21
2010 CC55
2010 GZ5
2010 KU7
2011 OK2
2012 CD25
2012 DV69
2012 ER14
2012 KM18
2012 XF62
2013 CZ87
2013 RJ36
2014 BR
2014 FQ66
2014 OZ16
2014 XB6
2015 BP
2015 FK93
2015 HN145
2002 PR199
2007 EB5
2008 HM14
2008 TP137
2008 UE179
2010 AE105
2010 CL242
2010 DB70
2010 DC91
2010 EL5
2010 EY11
2010 FJ76
2010 GR19
2010 GO40
2010 GU84
2010 GH155
2010 HM109
2010 JE6
2010 JL23
2010 NC9
2010 NW30
2010 OO66
2010 OC73
2010 PY17
2010 RW28
2011 BN36
2011 BJ102
2011 KZ3
2011 VT16
2012 TR32
2012 XY42
2013 CN201
2013 GD
2013 XW16
2014 HG31
2014 MW67
2014 QV323
2014 WK39
2015 BT202
2015 BP270
2015 OL37
