id
111461
116493
129749
141481
145348
160259
165939
168039
171398
171745
175365
177895
181175
185484
187446
188959
193899
194038
194147
196159
196161
200039
207636
210178
210189
214482
216005
216302
220412
220433
221469
223477
224750
225060
231471
232944
237822
239714
239908
240000
240763
242729
243045
243285
243386
243404
244200
245474
245880
246019
246402
246965
247288
247354
248103
248484
248572
249397
250571
250955
251512
251518
253477
257839
259511
261189
261377
261504
261849
263423
263494
264061
264162
264909
266643
266655
268217
268727
269124
269347
270263
273239
274753
277134
277800
277953
278447
279308
281082
281318
281870
283187
283249
284937
285018
285835
287047
288204
288759
289362
289915
290163
290712
296660
297966
299378
300903
300968
301577
303289
303311
303850
309181
310207
312978
313413
313470
316533
316542
317471
317576
317996
320473
321285
322247
325734
325762
329081
329122
329370
331882
333625
333709
335660
335666
336544
336713
339697
340804
340835
346884
350183
352637
353779
354842
356651
360459
360581
362536
362931
365327
366107
367249
367873
369916
370679
371812
373573
375133
378108
379114
390365
391153
395297
396170
403196
403199
406780
407982
408607
411948
412642
414384
419441
427202
438969
2002 TM92
2002 TC350
2004 YZ23
2008 UM223
2009 VC45
2009 WO217
2010 CP124
2010 NX77
2010 NJ83
2010 VC90
2012 CX44
2013 CG134
2013 LR11
2014 FL64
2014 UX4
2014 WZ467
2014 WP346
2015 BC264
2007 TR100
2007 VQ54
2008 AP79
2009 GM4
2010 GS17
2010 MM1
2014 KB22
2015 HD94
2015 MP84
2015 PM40
