id
643
1266
1796
19279
22720
24361
24550
25771
34513
34880
42809
56987
60107
60934
63283
63554
67095
67169
77814
86275
89947
100114
113748
114433
127468
136100
145428
149745
159886
161478
218537
234514
236877
246018
250853
257363
266628
266891
285527
293346
300959
315145
318709
328443
340729
340737
340789
355728
366201
372262
373403
381340
381900
385956
388852
397122
407633
410674
414050
421218
424395
425525
433241
435434
2007 RD117
2008 CS191
2009 RD29
2009 WS86
2010 JV48
2010 RA118
2011 DE18
2012 VS13
2013 AV45
2014 QL25
2014 SB308
2000 VE9
2005 UH209
2008 SS259
2008 WT6
2009 DU26
2009 SP123
2012 BS55
2013 CH93
2013 EF22
2013 RF83
2014 WO263
2015 CT32
2015 GS36