id
7788
8881
9105
9372
9473
10122
10812
10918
11103
11135
11302
11306
11320
11725
11938
11983
12765
12857
12874
12906
13150
13328
13334
13349
13432
13673
13765
14008
14092
14163
14277
14638
14713
15100
15831
16050
16113
16120
16134
16160
16911
17147
17521
17533
18020
18410
18413
18657
18664
19213
19215
19220
19597
20058
20177
20222
20225
20383
20456
20661
20732
20774
20870
20902
21137
21167
21349
21537
21660
21896
21990
22377
22498
22652
22662
22669
22727
22779
22946
23536
23537
23777
23795
23883
24002
24124
24480
24973
25029
25056
25102
25184
25205
25235
25252
25271
25273
25285
25539
25690
25772
25773
25819
25922
25932
26183
27019
27118
27574
27818
28073
28138
28393
28661
28934
28942
29260
29356
29541
29925
30353
30484
30545
30890
30892
30897
30900
30902
31226
31267
31322
31720
32367
32372
32389
32423
32868
32871
33183
33338
33667
33669
34129
34142
34282
34443
34465
34475
34516
34576
34607
34680
34796
35158
35177
35183
35239
35241
35325
35533
36202
36215
36609
36694
36837
36945
37037
37048
37168
37197
37614
37698
38034
38037
38262
38306
38378
38482
38551
38583
38858
38990
39004
39012
39015
39047
39085
39109
39184
39187
39352
39582
39605
40122
40125
40210
40501
40519
40718
40770
40889
40898
41137
41147
41164
41522
41593
41599
41681
41885
42131
42203
42207
42217
42247
42728
42760
43037
43226
43263
43488
43637
43691
43846
43883
43988
44386
44418
45289
45642
45866
46054
46283
46399
46604
47040
47524
47607
47611
47623
47866
48212
48515
48562
48691
49342
49585
50284
50298
50503
50612
50735
50781
50879
51005
51140
51975
52708
54211
54414
54566
54603
54798
54843
55007
55097
55194
55265
55422
55458
55527
55852
55859
55921
56310
56363
56756
56789
57821
57955
57984
58225
58226
58248
58258
58267
58277
58530
58704
58749
58828
59939
60109
60508
60838
61484
61830
61835
61845
62185
62363
62655
62664
62724
63054
63158
63887
64815
64846
64977
65265
65381
65414
65735
65739
67032
68157
68218
68948
69335
69833
69965
70798
71268
71284
72214
72374
72644
72703
72760
72821
73233
73514
74530
76021
76085
76143
76335
76350
76637
76640
77850
78167
78308
78471
78525
78562
78734
78743
78748
78813
78981
79160
79293
79334
80030
80075
81358
81439
81954
82590
82651
82775
83006
83007
83014
83066
83195
83250
83524
83613
83655
83684
83858
84553
84649
84765
84887
85229
85276
85350
85406
85654
86168
86210
86242
86305
87379
87583
87743
88034
88036
88231
88870
88874
88973
89069
89623
90222
90352
90366
90744
90747
90762
90774
91460
91490
91509
91551
91808
91852
91892
91915
91982
92051
92080
92111
92140
92188
92199
92213
93839
93872
93873
93880
94274
95289
95329
95372
95403
95484
95487
95511
95524
95525
95558
95559
95613
95934
95966
96222
96543
96605
97513
99259
99317
99684
100094
100097
100105
100122
100161
100165
100340
100420
100830
101206
101337
103159
103494
103816
103872
103906
103936
104031
104253
104311
104725
105389
105439
105560
105606
105772
105829
105897
106034
106118
106909
108744
109727
109996
110627
111273
111382
111550
111876
112514
113108
113178
113533
113679
113809
114016
114173
114673
114807
115157
115262
115681
115742
115933
115974
115999
116050
116762
116857
116881
116981
117203
117261
118804
118843
118898
118977
118993
119782
119860
120377
120498
120513
120592
120631
120850
120914
121556
122813
123482
123676
123892
124075
126231
126614
126884
126908
126909
127080
127188
128095
128115
128131
128252
128648
128777
128802
128816
128924
128938
128963
128969
128982
129034
129340
129698
131647
132938
133143
133270
133310
133357
133411
133423
133433
133840
134094
134183
134236
134272
135280
135380
135411
136384
136502
136886
138394
138720
139814
140083
140146
140383
140671
140755
141320
141429
141504
143123
144446
144541
145384
145457
145747
146737
146806
148097
148108
148125
148142
148183
148451
149742
149982
150017
150120
150597
151283
151360
152014
152102
152166
152514
153296
154136
154231
154598
154790
154818
154832
154851
154859
155153
155165
155381
155512
156530
157328
157688
157759
158503
158546
158759
159070
159071
159255
159372
159709
160430
161146
161418
161753
161762
161911
162152
163003
163479
164175
164623
164626
165060
165798
166595
167302
168326
168359
168382
168432
168466
169753
169901
169907
170061
171677
171997
172390
172968
173859
173890
175006
175700
176379
176392
177597
177630
177806
177847
178173
178602
178751
179356
179531
180765
181097
181105
181208
181311
182197
182917
184189
184233
184322
184569
184809
185158
185282
185501
185660
186283
186305
186331
187346
188157
188565
188754
189148
189208
189333
189490
190225
190388
190390
190410
191136
191150
191397
192069
192082
192207
192554
192571
192793
195902
196583
196659
196710
196834
196863
196869
196941
197166
197438
197517
198785
199472
199621
199638
201179
201355
201421
201535
202657
202764
203043
203044
203777
204175
204221
204224
204513
204529
204788
204958
204986
206145
206694
206869
206888
206892
207301
207330
207862
207884
208954
209325
209463
209471
209912
209917
210906
211375
211447
211764
211900
212303
212456
212884
212914
213342
213372
213439
214068
214465
214601
215781
217355
217359
217631
217632
217819
218388
218475
219118
219928
220674
220847
221721
221735
221950
222188
222350
222387
222739
223391
223762
223941
224626
224739
225263
225401
226009
226433
226862
226979
227025
227578
227606
227884
227956
228109
228151
229806
229873
230459
230777
231327
231633
231690
232697
232943
233306
233853
233974
234431
234809
235156
236579
236648
236880
237327
237705
237943
238685
238987
239240
239377
239772
240498
240764
241197
241308
241990
242956
243463
243492
243645
243669
244428
244590
245070
245072
245515
245943
246212
246379
246404
246446
246450
246761
246987
247901
248068
248080
248565
248938
249217
249447
250533
250938
251333
251958
253398
254139
254195
254223
255191
256541
257039
257908
260134
260297
260342
261020
261246
261767
261813
262877
262945
265865
265885
265907
266319
266368
266731
266751
266862
267772
267783
268120
268421
268628
268979
269226
269274
269514
269547
269573
269574
271794
272738
272930
273791
274312
275394
276844
277700
278557
278808
279312
279586
281647
281732
281769
281798
282387
282787
282866
283149
284632
285017
286081
286342
286605
286672
286962
287186
287966
288289
288321
288369
290118
290482
290523
291080
293917
294356
295287
295795
296498
297082
297204
299809
299810
299849
301459
304457
304655
305831
308369
309174
314267
314939
316575
317202
317264
317453
317578
318305
318923
319181
319277
319854
320356
321038
321176
321266
321685
321901
321969
322257
322269
322372
322448
322482
322919
323933
324812
325460
325683
326174
326299
327062
327347
327406
329118
329865
330133
332735
333595
335580
335894
335943
336430
337862
338948
338961
342569
342649
343865
344859
345964
346100
346213
346320
349425
349943
350374
350884
351523
351846
352224
353328
353758
355100
355111
356344
356632
358776
359817
359847
359848
363721
365274
365795
366314
366315
366483
368845
369601
369839
370530
370533
372637
373865
376063
376333
377452
377846
378475
381637
384085
387127
387577
388696
389544
390440
390916
391763
392038
392444
392716
393237
393384
393664
395410
398279
401123
401774
404594
405775
406255
406963
407980
409323
410160
411904
416205
418822
420446
421271
421336
424343
424893
425488
432030
436704
2003 SR195
2004 RH327
2004 TE34
2005 XW109
2006 DO171
2008 AT75
2008 RU109
2008 SP263
2008 VH54
2008 WZ35
2009 DQ3
2009 QR62
2009 VE88
2009 WT124
2009 XO8
2010 LX38
2010 RD47
2011 RM10
2012 SP37
2012 TQ105
2013 AJ95
2013 HP67
2013 PO38
2013 QG89
2013 SW65
2013 YT95
2014 BM61
2014 HT24
2014 HG149
2014 HY184
2014 RN41
2014 SQ317
2015 FX142