id
752
1375
1394
2566
2861
3113
4238
4307
4676
4839
5019
5160
7104
7111
7540
8135
8277
8969
9189
10530
11578
11710
12035
12486
12619
13454
13569
13659
14064
14200
14804
15367
16452
16736
17162
17597
17923
18252
18261
18271
18524
18593
18644
19382
19436
19458
19570
19794
20105
20341
20575
20652
20784
21682
21876
22906
22937
23598
23810
24134
24154
24728
24803
25367
25455
25646
26394
26468
26801
27069
27098
27429
27677
28817
28907
29297
29447
29750
30312
31150
31517
33602
33684
34003
35409
37108
37149
37518
37723
38947
39949
40017
40054
41742
41905
42682
42837
43401
43845
43882
44541
44578
44761
44773
44854
44861
44880
44931
44950
45277
46923
47089
47425
47980
48086
48264
48355
48402
48503
48679
48961
49111
49145
49183
50159
50563
50962
51644
51754
52362
53040
53058
53214
53483
53502
53537
53692
53739
53762
53827
53850
54363
54668
55352
56065
56094
57321
57442
57599
59030
60348
60358
60555
60856
61019
61288
61371
61812
61962
63081
63310
64442
64565
65139
65172
65754
67449
67586
67775
67859
67886
68136
68418
68752
69146
69400
69473
69616
69696
69699
69712
69719
69728
70544
70821
70980
71983
72011
72050
72169
72229
72242
72246
72270
72535
72732
73205
73731
73761
73879
74069
74804
74977
75007
75019
75195
75396
75684
77081
77083
77312
78042
78968
79417
79418
79629
79749
80526
80549
80751
80954
80994
81081
81266
81396
81494
82347
82599
84373
84597
85048
85885
86599
86614
86634
86802
86876
87201
88369
89089
89534
89686
90022
90985
91249
91324
91338
92644
92806
92917
92949
92957
93156
93343
93467
93610
93959
94482
94802
94919
95082
95793
95853
95898
96308
96436
96688
96750
98205
98240
98252
98355
98467
98510
98814
99578
99656
99923
100822
101557
101667
101868
102196
102339
102792
102801
102922
103710
104518
104822
105909
107207
107235
107325
107748
107864
107923
108070
108239
109632
110051
112609
112759
114490
115208
116007
116127
116915
116924
117469
117795
118246
118550
118610
119378
119408
119442
119444
119445
119526
120072
120568
120573
120720
121143
122295
122486
122716
122719
123096
124794
124854
125154
125255
125273
125294
125407
125415
125762
125912
126211
126247
126266
126329
126345
126503
126515
127812
127936
129227
129311
130766
130850
132296
132333
132346
132350
136452
137859
138011
138030
139042
139187
139234
139247
139342
142204
142226
142296
142498
142667
143922
144346
145388
146329
147224
147257
147655
148069
148656
148658
149330
149698
150878
153479
153651
153815
154485
154753
156169
156183
156206
156221
156320
156888
158622
158670
159862
161777
161821
162774
163143
163149
163214
163306
163745
164521
164563
165517
166071
166289
166995
167098
167165
168109
168403
168936
168959
168961
169623
169642
169673
170531
171027
171035
171392
172130
172172
172604
172633
173161
173652
174165
174265
174299
174776
174838
175450
175490
176779
177307
177397
177775
178424
178834
178855
179636
179672
179941
180331
180517
180593
181663
183143
183216
183247
183284
183715
183954
183994
185075
185165
185232
185305
185414
185580
185847
185849
185850
186542
186798
186855
187061
188249
188399
188599
189345
189699
190970
190987
192174
192183
192394
194718
194778
194825
194840
194938
195048
195162
196301
196417
197902
198021
198111
199175
199242
199262
199386
199660
199946
200007
200415
200468
200867
200919
200928
201005
202149
203548
203553
203594
203618
203639
204426
204740
204742
205876
205911
205922
205934
206430
206468
207050
207134
207172
207807
207826
208062
208724
209047
209155
209641
209670
209743
210342
210347
210787
211688
212042
212138
212712
213592
213613
213954
214269
215733
215901
216848
216849
219053
220260
221602
221668
222480
222641
223151
224262
224266
224880
225721
225850
226323
226329
227297
227329
227432
227508
227917
228015
228307
228493
228848
229729
230036
230850
231133
231604
232466
232475
233238
233300
234610
235648
236172
236386
236424
237829
238490
238914
239273
239596
241261
241466
242306
242876
243405
244244
244262
244280
245656
246130
246681
249089
249308
250473
251364
251996
252996
252997
253031
253078
253831
253857
255691
255991
256033
256802
259053
259780
260789
262214
262354
262631
262642
262703
262817
263378
264395
264397
264940
265551
265582
266209
266281
266585
267297
267319
268315
268316
268325
268379
268387
268939
269000
271034
271036
271567
272320
272349
272350
272383
272410
273594
273676
273713
275825
275916
277967
278029
278215
278321
278393
281223
281226
282536
282856
282885
283598
284180
284949
286717
286726
286753
288023
288292
288508
288891
289910
291544
291634
291699
291715
292684
292686
294763
295061
295266
295655
295785
295859
296364
296963
296994
297191
297834
299041
299560
300469
301140
301175
301708
302507
302521
302941
302972
304902
305592
305664
305678
306292
306408
307440
307720
307902
308161
308408
309439
309457
309470
309889
309897
309912
309938
310138
310998
313434
314208
315408
315473
315493
316285
316614
317998
318577
319518
319608
319698
319717
319847
320524
320536
320628
320647
320715
320762
320809
321085
321511
321800
323393
323410
323750
324434
324440
324467
324479
325050
325070
325846
325914
326301
326941
326953
327756
327808
328237
328892
330357
330634
331412
332082
332330
332502
332880
333066
333586
335439
335450
335718
335723
335762
337702
339959
340109
340114
340194
340198
340922
342035
342329
342333
343262
343298
343835
343851
344266
344919
345346
346334
346938
346939
347769
348669
348682
348725
348729
349143
349959
350446
350834
351699
351781
352188
352869
352972
354899
355993
356460
356929
356989
357379
357402
358076
358487
358547
358562
359029
359162
359207
359244
359662
360182
360774
361645
361728
361746
362133
362181
362639
362694
362765
363530
363778
364423
364677
364730
365204
365206
365228
366830
368920
369051
369558
369970
370022
370692
371922
371952
371969
372839
373190
373219
373230
374273
375209
375267
375281
375752
375782
378172
378201
378228
378235
378263
378630
379196
379211
381866
382020
383539
385753
386304
386756
386873
386905
387048
387867
388157
388170
388880
388900
388946
388974
389425
389427
389642
389966
391168
391172
391900
392913
393310
393363
394086
394865
394890
395743
395833
396225
396746
397173
397181
397223
397881
397883
400625
401013
401357
401449
402884
403290
403329
404166
404193
405121
405536
406381
406463
406479
406601
407925
408061
408466
409834
410289
410425
411250
411259
411708
413003
413833
414174
415041
415073
415139
415162
415395
417643
419664
419818
420401
420488
420562
420602
421824
423438
424028
424051
424582
425104
425769
425843
426163
427131
427252
429169
429540
431393
432586
432694
432734
432766
432822
433711
433756
434586
434597
436191
436206
436558
436573
438277
438727
439380
1999 TM69
2001 YQ48
2002 JH128
2002 VT144
2003 SF338
2003 UC333
2004 ED107
2004 RS289
2005 GA47
2005 UC472
2005 VX45
2005 WL152
2006 AU38
2006 BX116
2006 BV255
2006 RD107
2006 TM85
2006 UG262
2007 DL81
2007 GC68
2007 RK157
2007 WS27
2008 AQ20
2008 CQ58
2008 CA83
2008 CC212
2008 DA19
2008 EW10
2008 EH146
2008 FW8
2008 FR23
2008 RQ3
2008 UQ99
2008 UA165
2008 UY338
2008 VJ33
2008 WM44
2009 AH10
2009 BN20
2009 CA26
2009 FV6
2009 FK77
2009 SY293
2010 GZ141
2010 JN154
2010 OJ65
2010 TZ105
2010 TE187
2010 VZ209
2011 AJ58
2011 BK34
2011 BN100
2011 BL124
2011 CP89
2011 FJ5
2011 JO6
2011 LV9
2011 QF38
2011 UW66
2011 UQ271
2011 WR38
2011 YM43
2012 AY9
2012 BF4
2012 BB22
2012 DU8
2012 DX66
2012 EH7
2012 FK51
2012 NG1
2012 QA49
2012 RZ11
2012 RY23
2012 TX36
2012 TK44
2012 VV69
2012 VG109
2012 XE60
2012 XE64
2012 XX140
2013 AK89
2013 AW99
2013 AE100
2013 BO12
2013 BZ21
2013 CV18
2013 CB179
2013 CN190
2013 GY29
2013 HX33
2013 HL40
2013 JH10
2013 JB63
2013 LQ22
2013 PC48
2013 QU14
2013 QE54
2013 SM18
2013 YJ121
2014 BT14
2014 BR22
2014 DD69
2014 HT162
2014 JB35
2014 JR64
2014 JO73
2014 KR9
2014 KT80
2014 LS19
2014 MU8
2014 OF306
2014 PB9
2014 PZ24
2014 QB126
2014 QP415
2014 QD171
2014 SO9
2014 SJ298
2014 SS305
2014 UX17
2014 UC93
2014 WK141
2014 WG217
2014 WZ478
2014 WC286
2014 YK5
2015 AZ77
2015 AZ177
2015 AK191
2015 BJ86
2015 BJ432
2015 BK211
2015 BV481
2015 BF302
2015 DY32
2015 DK109
2015 DJ206
2015 EU52
2015 FH96
2015 FR205
2015 FD296
2015 FY314
2015 FE318
2015 FG322
2015 GX42
2015 GJ45
2015 HA5
2015 JB6
2015 KT12
2015 KV148
2015 LO9
1998 SJ7
2002 TE100
2003 SP228
2003 SG347
2003 XL29
2003 YM109
2005 UL106
2005 UN238
2005 VF59
2006 BJ51
2006 BR209
2006 DE52
2006 DZ137
2006 DO166
2006 OA33
2006 RF105
2006 SL58
2006 TH129
2006 US113
2006 VH33
2006 WT99
2007 BO29
2007 CL10
2007 DM47
2007 EY171
2007 HK40
2007 HO62
2008 EP87
2008 ES135
2008 EN149
2008 FT24
2008 FS71
2008 GZ8
2008 GU139
2008 HG52
2008 SH76
2008 TY54
2008 TP56
2008 UJ366
2008 WX17
2008 XF23
2008 XT42
2008 XB48
2009 HB22
2010 AK98
2010 AD101
2010 AO136
2010 AY137
2010 BN23
2010 BG25
2010 BJ27
2010 BH35
2010 BX50
2010 BO53
2010 BE58
2010 BW58
2010 BM63
2010 BM69
2010 BL92
2010 BX122
2010 BA129
2010 CH14
2010 CN14
2010 CE46
2010 CT190
2010 CQ192
2010 CD198
2010 CT208
2010 CY212
2010 CD229
2010 CV231
2010 CJ239
2010 DN11
2010 DE65
2010 DX68
2010 DU69
2010 EN4
2010 EV6
2010 EO12
2010 EJ18
2010 EM26
2010 ET28
2010 EV28
2010 EN52
2010 EB55
2010 EA59
2010 EB108
2010 EH148
2010 EO157
2010 EV157
2010 EC158
2010 FP38
2010 FT40
2010 FZ42
2010 FJ49
2010 FK65
2010 FG106
2010 FM111
2010 GE59
2010 GZ80
2010 GG84
2010 GS167
2010 HV3
2010 HT5
2010 HA11
2010 HQ28
2010 HK35
2010 HE50
2010 HR75
2010 HF88
2010 HL113
2010 JV101
2010 JW103
2010 KU11
2010 KN16
2010 KR26
2010 KO62
2010 KM124
2010 LJ4
2010 LQ11
2010 LA20
2010 LU37
2010 LX43
2010 LN69
2010 LR76
2010 LT90
2010 LW99
2010 LS125
2010 LK126
2010 MP6
2010 MD60
2010 MV79
2010 MG81
2010 MS107
2010 NT15
2010 NX58
2010 NV75
2010 NX90
2010 NL114
2010 NV116
2010 OP38
2010 OV77
2010 OX86
2010 OJ99
2010 OX113
2010 PA20
2010 PF36
2010 PP47
2010 PP53
2010 VW61
2011 DZ41
2011 FF15
2011 SP211
2011 VP17
2011 WZ24
2011 YR9
2012 DP5
2012 TW75
2012 TZ101
2012 UB21
2013 AH
2013 CV9
2013 CU114
2013 CU191
2013 GP116
2013 GY127
2013 HQ60
2013 HA61
2013 HN121
2013 RA60
2013 YW101
2014 AQ8
2014 AO47
2014 CC2
2014 DK111
2014 HJ26
2014 HH35
2014 HP119
2014 JP12
2014 OA29
2014 OF141
2014 OY157
2014 OT176
2014 PE3
2014 SG343
2014 UP102
2014 WD49
2014 WZ272
2015 AJ29
2015 AA36
2015 BH8
2015 BF11
2015 BV16
2015 BZ39
2015 BP112
2015 BG148
2015 BZ165
2015 BZ240
2015 BU260
2015 CA9
2015 CP46
2015 DJ42
2015 DN118
2015 GU28
2015 GU34
2015 GL46
2015 HU68
2015 HU74
2015 KC30
2015 KX52
2015 KM67
2015 NG14
2015 OM46
