id
86411
86878
92220
92226
92264
92266
92302
92336
94334
94336
94347
94354
95741
97429
97452
97670
99285
99312
99315
105211
105563
105623
105626
105948
106196
106458
106540
106543
106621
106623
106815
106866
109598
111832
111895
111898
112106
112542
115199
115931
116522
117250
118966
118991
119961
121842
122065
123600
123624
123762
124822
130206
131444
133060
133876
133936
134820
134834
134836
134837
134845
135061
138538
141605
143647
146191
151886
153011
153195
153213
153242
154153
154637
154641
154660
155773
155823
155828
155850
156669
157079
157084
171620
171621
171730
172822
173373
173378
173388
173409
173427
175934
175940
178592
178620
178634
178636
178900
178941
178996
179129
180233
180792
181326
181412
182078
182475
182709
182810
184283
184296
189527
191566
193239
193243
193393
193415
193456
193497
193522
193632
196021
197216
197445
197463
197479
197485
197493
198861
199798
199972
200432
200473
200474
200484
200526
201172
201885
201904
203199
204239
205364
206788
207391
207439
208754
219258
219279
224852
225499
226574
226582
233489
234185
234208
239770
244885
246617
249730
250707
252038
257209
257738
258978
259267
261881
264373
265397
266682
267126
267264
267275
267730
269867
270198
270286
271047
274099
275714
275715
277008
277997
279232
281366
282175
283392
283427
283872
285553
285637
285646
285688
285810
285932
286277
286506
286607
286623
286807
287745
289980
290407
291035
293196
296971
297448
300239
301601
302032
302974
304772
306122
306728
307820
308110
310482
310519
311022
311331
311909
311961
311996
312887
313043
313095
313107
313122
315113
315946
315961
316871
317345
317870
318045
318809
318818
321238
322985
323380
325392
328013
328468
329330
332438
333474
333578
333969
334895
335070
336790
337390
337440
337517
343728
347542
347543
349429
349443
350541
351335
353982
354390
355752
360251
360564
361430
362612
366732
367421
370059
370298
373484
373499
379873
385532
390884
392767
394084
395293
399339
401856
403771
406690
408419
408886
409223
410147
412086
412320
413045
413296
415024
422710
423113
424631
424673
427424
427425
427523
429751
429984
430451
430458
435638
437766
439526
2000 BE40
2000 CJ59
2000 CR101
2000 QV7
2000 SL
2000 SJ11
2000 UD
2000 UD30
2000 WY28
2001 AD44
2001 UP81
2003 HR15
2003 QK47
2003 UW29
2004 RW9
2006 HS12
2006 SC8
2006 VA149
2007 CY43
2007 VL63
2007 VX298
2010 GZ23
2011 CV1
2011 CF87
2011 OH15
2011 QN16
2011 UY73
2011 UO400
2011 WD111
2011 YO4
2012 DC39
2012 EN9
2012 OW3
2012 VM106
2013 AV104
2013 CR62
2013 EH20
2013 GT68
2013 YP104
2014 AN43
2014 NL59
2014 WR46