id
141466
142561
143662
144993
149598
151515
154258
156714
156721
157083
158836
159930
160272
163679
164438
166900
170903
180219
180801
180843
187033
188580
189785
191059
195389
206176
206238
207393
209504
213671
218811
223993
224926
225172
227069
229304
231404
232137
235273
237884
240124
240133
240770
241397
242009
242688
244418
244536
244826
245528
245635
248521
248574
250123
250152
250507
253046
253059
253066
253107
253126
253128
253162
253193
253199
253273
255500
259097
259120
259121
259134
259147
261603
263839
263868
264964
266048
267656
267678
270995
281022
283612
283810
284914
286670
286896
287122
287924
293351
295047
297919
298502
302312
302377
302436
302830
302917
304640
306013
307105
307165
307167
307197
307239
307683
307704
309090
309747
310240
311014
311998
313370
313838
313839
314498
315508
317255
317330
317391
318003
318725
318950
319988
321295
323073
325783
326650
326657
328063
328473
329435
329540
330138
330832
334672
334685
335889
336757
338290
338453
339019
341677
343164
347808
347879
349591
350752
350780
351072
351383
351868
354163
355547
357166
357184
357246
357348
357357
359371
359618
360363
361422
361425
363243
363296
363477
363507
363545
363549
364414
365056
365413
365417
366466
366726
368103
368725
369680
370383
370436
372329
372331
374028
375663
376981
377039
377045
377061
377287
377322
377730
379138
379871
380356
381632
382613
382633
382655
383171
384602
384603
385384
385385
385387
387633
387682
387699
390675
390694
391545
393531
399516
401311
401928
404116
405118
405214
408125
408932
408946
409198
413155
413859
416029
416047
416068
416192
419442
419463
420801
420863
421746
422555
424749
426042
426051
427181
427515
427525
427620
427713
427838
429755
434181
434641
436767
437953
437961
2002 AX19
2002 CK10
2002 NA31
2002 NC75
2002 PP172
2002 QT71
2002 RD128
2002 RZ137
2002 RN184
2002 RC189
2002 RB286
2002 RS293
2002 SU64
2002 TC2
2002 TU58
2002 TV61
2002 TG69
2002 TC90
2002 TT235
2002 TG109
2002 TE112
2002 TT235
2002 TN292
2002 UX41
2002 VL2
2002 VG14
2002 VJ15
2002 VJ118
2002 VU125
2002 VV132
2002 WH29
2002 XV8
2002 XP40
2003 SB68
2003 UC8
2003 UU47
2004 RC84
2005 JA81
2007 EU2
2008 FP114
2008 UT199
2009 BE160
2009 CC30
2009 DV9
2009 DL123
2010 TC81
2010 TE167
2010 US12
2010 WB50
2010 XS23
2011 JS29
2011 PP13
2011 QF46
2011 SW198
2012 BR134
2012 CY40
2012 GG1
2012 GC40
2013 AO55
2013 CK47
2013 CG115
2013 CM128
2013 CD189
2013 GZ79
2013 HF
2013 JB57
2013 LJ7
2013 TB
2013 WH45
2013 WM45
2013 YK78
2014 CK14
2014 LY25
2014 SL160
2014 UC116
2014 WC499
2014 YR21
2015 BN299
2015 CO6
2015 FV75
2015 GU12