id
362
628
1447
1907
2933
2962
3383
4355
5065
5208
7209
8127
8437
8841
11237
11683
12750
14348
14437
14940
15580
16343
16902
17986
18647
19317
19399
19582
21323
21731
21832
21894
22363
23261
23299
23885
24066
24540
24692
24736
24851
25966
26299
26339
26797
27230
27549
27551
27930
28187
28263
28682
28785
28947
29048
29070
29162
29726
30267
30617
31512
31526
31548
31655
31727
32218
32583
32665
33125
33488
33563
33955
34084
34502
34664
35492
35496
35499
36655
36836
37040
37976
38209
38403
39203
40043
40420
41348
41519
41811
41861
42704
43923
44998
45243
45398
45469
46331
46340
46389
46415
46892
46925
47022
47464
48180
49063
49728
49883
50300
50497
50516
50642
50819
50846
51066
51077
51587
51692
52163
52519
53240
54049
54188
54310
54341
54510
54934
55162
55396
55711
55884
56687
57417
57491
59362
59481
59648
60415
60919
61287
61520
61676
61701
61780
61807
61895
62074
62182
62214
64835
67547
68133
68580
68753
69415
70402
70460
70564
70567
70639
70643
70842
70891
72267
72354
72479
72674
73391
74238
74253
75124
75446
75565
75934
75945
77410
77530
77532
78228
79253
79255
79668
79966
80869
80980
81143
81144
81189
81241
81262
81384
81415
81602
82098
82332
82418
82424
82684
83069
83352
83508
83638
83985
84626
84762
85757
85868
85923
85967
86763
87360
87647
87754
88270
88670
88690
88835
88898
89111
89277
89285
89394
89721
89739
89797
90708
91012
91396
92739
92938
93085
93308
93356
93358
93447
93450
94047
94816
95051
95353
95917
96242
96913
96933
99121
99303
99817
100221
101433
102415
102750
102835
103610
103633
103792
103918
106546
106732
107396
107988
108052
108123
108205
108232
109364
109475
109902
110700
110725
110763
110772
110774
111082
111122
111349
111964
112233
112286
112633
112765
112896
113366
115113
115784
116149
116286
116852
117014
117334
117431
117516
117767
117852
118370
119295
119519
119609
119626
122414
122845
122950
123140
123322
123395
123516
125211
125228
125465
125662
125766
125998
126001
126312
126334
126506
126577
126880
126926
127631
127777
127803
127866
127896
128370
129164
129523
129562
129631
130933
132415
133121
133532
134139
134976
135831
135832
136547
137072
138130
138190
140236
141580
142372
142388
142390
142565
142752
142767
142951
142992
143867
143932
144545
144576
144642
144687
145197
145469
145812
146045
146460
146498
147274
147608
147749
147972
148042
148551
148692
148722
148732
148763
148794
149245
149817
149977
151034
151198
151711
151745
151985
153801
153808
153824
153872
153911
154303
155209
155366
155736
156424
157194
157539
157620
157833
158082
158903
158922
158970
159381
159509
159998
160030
160286
160482
160587
162025
162275
162829
163265
164553
164651
164862
164893
165557
165575
165603
165612
168145
169016
169079
170501
170561
171049
171100
172224
172649
172728
172945
173114
173358
174274
174369
174969
174979
174980
177577
178030
178098
178141
178933
178983
179027
180528
181356
182400
182467
183314
184040
184089
184091
184414
184424
185064
185270
185515
185664
186169
187698
188675
191061
191071
192021
192040
192464
193262
193319
193417
195010
195044
195068
195142
195206
195270
195325
195355
195373
195479
195522
195604
196014
198233
199051
199125
199254
199535
199966
200212
202198
202215
202662
203160
203579
203640
204000
204016
205395
205914
205931
206599
207226
207327
207875
207931
208075
208083
208762
209141
209175
209681
209756
209803
209810
210325
210515
211238
212215
213651
214301
214827
215064
215469
215908
216357
216648
217549
217890
218263
218966
219255
219606
220277
221050
221268
221895
224230
224278
224380
225793
225851
225933
226346
226357
227348
227419
227944
229093
229119
229569
229722
230364
231549
232856
233354
233711
234285
236334
236406
236409
237156
237461
238161
239060
239640
240219
241116
241642
241892
242152
244295
244411
244843
245019
245832
246103
247531
248647
249120
249703
250171
250205
250648
251054
251078
251195
252012
252326
253181
253803
253942
254737
255783
255859
255916
256045
256057
256209
256237
256253
256724
258162
258208
258313
259750
259772
260061
260729
260805
261214
262116
262196
262351
262596
263142
263175
263446
264604
264672
264947
265009
265017
265708
266434
266727
268013
268419
268960
269602
270329
271865
272517
272714
272788
273384
273668
273772
274969
275216
275233
276069
276071
276083
276084
276471
276853
277509
277518
277642
277968
278359
278511
279633
279680
280100
280915
281391
281945
282016
282023
282698
282733
283136
283805
284255
284259
284765
285128
287009
287864
288227
288339
288542
289552
289811
290013
290142
290323
290673
291840
292152
292311
293244
293765
294830
295310
296067
296250
298403
298483
299100
299146
299187
299192
300464
300595
300628
301309
301666
301730
301921
302586
302939
303016
303039
303523
303603
305030
305051
305052
305074
305099
305610
305631
305726
305741
306282
306992
307026
307185
307758
307860
307869
307884
307888
307901
308175
308233
308738
309000
309377
309476
309480
309495
309683
309750
310209
310745
310748
311291
312233
312571
314662
314737
314761
314831
315483
315484
316468
316601
318428
319871
319984
320294
321316
321497
321640
322134
322256
322321
323436
323457
323741
325035
325144
325243
326066
326201
326228
326431
327857
327888
328316
328324
328552
328607
329990
329991
330693
331616
332075
332094
332352
332804
332846
333209
333779
334361
335047
336180
336987
337972
338005
338010
338027
340334
340356
342084
342138
342233
342398
342406
342561
342632
342644
342661
342744
342751
342781
342816
343269
343290
343422
343613
343861
344424
344674
344693
344939
345450
346297
347160
347979
348766
349620
349728
350099
350436
351060
351793
352289
352363
353004
353084
353226
353597
354637
354996
355385
355393
356107
356574
356644
357291
357435
357667
358318
358608
358657
358685
359164
359188
360815
362703
362940
363788
364240
364776
364869
365061
365602
366322
367161
367344
367907
369105
369530
369778
369929
370933
370998
371094
371624
371659
371667
372509
372908
373221
373294
373846
374990
375863
375879
376175
376479
376648
377660
378283
379365
379605
379762
380069
380426
380817
383252
383587
383599
383976
384501
384657
384752
384947
385310
385777
385806
386762
387146
387148
387767
388976
388987
389486
389998
390063
390167
390186
390273
390292
390423
390428
390474
391511
391915
392314
392366
392937
392949
393066
393253
393366
393606
393733
395426
395963
395976
396201
398324
399030
399501
400315
400366
401155
401537
401832
403093
404641
405166
405932
407786
407794
408280
408545
409881
409925
409945
410015
410473
411298
411922
412231
412405
412436
412587
412775
413898
414223
414243
414886
414894
415636
415679
415961
416266
416917
416984
417574
417668
418327
419859
419892
420396
420679
421289
421487
421600
421736
421762
422025
422087
423263
423505
423551
425733
425807
425937
426462
426552
426936
426937
427381
427882
428286
428330
429178
429625
430455
431358
431409
432339
432799
433822
434356
434363
434368
435584
435600
435655
435680
435683
437513
437791
439061
1999 TZ70
1999 TW81
2002 NF77
2002 TR379
2002 UP54
2003 KO
2003 SE327
2003 SJ408
2003 SE327
2004 GA89
2005 GL204
2005 QJ188
2005 UV259
2005 YP66
2005 YU284
2006 CX67
2006 DN154
2006 DP216
2006 KZ12
2006 KQ69
2006 KF83
2006 KA145
2006 RC85
2006 SY374
2006 SV192
2006 SE296
2006 SK350
2006 TO10
2006 TH109
2006 VJ80
2006 VP124
2006 WG161
2007 DF14
2007 DB48
2007 FG19
2007 RF296
2007 TZ29
2007 TK435
2007 UG94
2007 VG191
2007 VT260
2007 VS273
2008 AW55
2008 CQ14
2008 EN90
2008 NX2
2008 RP137
2008 SN130
2008 UR39
2008 UC128
2008 UQ238
2008 UC128
2008 UW189
2008 UZ304
2008 WU19
2008 XV32
2008 YH36
2008 YG37
2008 YU95
2008 YN118
2008 YN122
2009 BB35
2009 BM139
2009 BH177
2009 BS187
2009 CR15
2009 DT28
2009 ED19
2009 HW56
2009 JO11
2009 QA23
2009 SD13
2009 VH66
2010 CC51
2010 CK89
2010 EU66
2010 JN2
2010 JM128
2010 RS25
2010 TY14
2010 VX57
2011 AT38
2011 BC45
2011 BB98
2011 BO108
2011 CQ21
2011 CO110
2011 EC24
2011 QZ46
2011 SB147
2011 SV168
2011 SM232
2011 UA39
2011 UF118
2011 UQ126
2011 WP38
2012 BJ50
2012 BT65
2012 BH66
2012 FU78
2012 GB20
2012 HD78
2012 JR2
2012 JC9
2012 KY49
2012 MK5
2012 PG1
2012 TO42
2012 TS280
2012 UH38
2012 UY48
2012 UO140
2012 XD106
2012 YD6
2013 AV23
2013 AV41
2013 AX108
2013 BS44
2013 CB174
2013 DK6
2013 EE19
2013 EN91
2013 GC109
2013 HR20
2013 HJ31
2013 HX59
2013 HV82
2013 HA98
2013 TS114
2013 XL17
2013 YW6
2013 YZ27
2013 YD139
2014 AA31
2014 BT29
2014 CQ4
2014 CO8
2014 DZ49
2014 DW127
2014 FT51
2014 HF15
2014 HE137
2014 HV138
2014 JC14
2014 JW18
2014 JN58
2014 NB30
2014 OX2
2014 OG17
2014 OC19
2014 OP51
2014 OD360
2014 OS125
2014 OH180
2014 PH9
2014 PF36
2014 QZ29
2014 QC170
2014 QU255
2014 RQ2
2014 SG97
2014 SG316
2014 UE51
2014 UJ85
2014 UA94
2014 US108
2014 UT126
2014 WB16
2014 WW181
2014 WW259
2014 WR310
2014 YY30
2015 AP254
2015 BH64
2015 BO71
2015 BQ71
2015 BK88
2015 BV100
2015 BW121
2015 BF130
2015 BJ205
2015 BF467
2015 BL231
2015 BZ254
2015 DG93
2015 DB205
2015 ET36
2015 EO63
2015 FA150
2015 FO175
2015 FZ238
2015 GZ20
2015 HP27
2015 KX67
2001 FD216
2001 FQ221
2001 FX223
2002 RS238
2002 RA257
2002 RL288
2002 TL320
2004 XB14
2005 GU30
2005 JJ53
2005 JF57
2005 TC120
2005 TO120
2005 TR122
2005 UC41
2005 UY125
2005 UU148
2005 WF59
2005 XN58
2005 YH176
2006 CW68
2006 EY66
2006 HS134
2006 KK116
2006 QD73
2006 RB111
2006 SG115
2006 TZ97
2006 UR250
2006 WN7
2006 WX90
2007 DF83
2007 ES4
2007 EH202
2007 JG8
2007 VT307
2007 VH324
2008 CC35
2008 FA19
2008 KQ11
2008 RE144
2008 UQ238
2008 UV295
2008 WL54
2008 YR89
2008 YP115
2009 BD96
2010 AG91
2010 AG104
2010 AF135
2010 BB20
2010 BV39
2010 BD50
2010 BU54
2010 BV64
2010 BY69
2010 BQ76
2010 BG79
2010 BX92
2010 BV97
2010 BW107
2010 BX115
2010 BS129
2010 DB57
2010 DW63
2010 DO72
2010 DY81
2010 EN1
2010 EE11
2010 ES16
2010 EC107
2010 FR78
2010 GG19
2010 GL86
2010 GP90
2010 HB69
2010 HP75
2010 HR83
2010 HT85
2010 HU99
2010 JY9
2010 JG39
2010 JW57
2010 JB59
2010 JY66
2010 JC131
2010 JE138
2010 KX4
2010 KC13
2010 KQ14
2010 KQ28
2010 KW33
2010 KZ33
2010 KA44
2010 KK52
2010 KY54
2010 KU66
2010 KR80
2010 KA87
2010 KM99
2010 KT101
2010 KC106
2010 LW4
2010 LO8
2010 LV12
2010 LM23
2010 LY41
2010 LL44
2010 LB46
2010 LA56
2010 LA78
2010 LE90
2010 LT91
2010 LQ102
2010 LZ122
2010 MB26
2010 MC30
2010 MJ35
2010 MB54
2010 MP57
2010 MV62
2010 MC76
2010 MD82
2010 MV92
2010 MX92
2010 MB102
2010 MC107
2010 NJ11
2010 NK11
2010 NG19
2010 NT19
2010 ND20
2010 NL26
2010 NC32
2010 NZ48
2010 NM49
2010 NW60
2010 NA105
2010 NR113
2010 OA2
2010 OS20
2010 OJ38
2010 OZ45
2010 OH55
2010 OS65
2010 OK67
2010 OO67
2010 OE94
2010 OW99
2010 OY101
2010 OX106
2010 OS107
2010 PG32
2010 PO34
2010 PB35
2010 PO67
2010 TW20
2010 UZ39
2010 VX92
2010 YV2
2011 BW44
2011 BX58
2011 BE107
2011 BK156
2011 CA58
2011 CT96
2011 FM157
2011 KK45
2011 OQ8
2011 OO12
2011 SP59
2011 UP16
2011 UD66
2011 UR178
2012 JX16
2012 TS105
2012 UU28
2012 UW101
2013 AR52
2013 AM139
2013 CH98
2013 CT102
2013 CC172
2013 ET73
2013 HP76
2013 HG82
2013 HK113
2013 HC130
2013 HG131
2013 HW135
2013 JG26
2013 PH30
2013 QS45
2013 RZ18
2014 DW83
2014 DP84
2014 DQ117
2014 DB134
2014 FC57
2014 HA76
2014 HE185
2014 JG6
2014 KR29
2014 OF20
2014 OD50
2014 OB92
2014 OZ113
2014 OL132
2014 OX359
2014 QR22
2014 QD122
2014 QZ150
2014 UW37
2014 UE210
2014 WM45
2014 WU61
2014 WP145
2014 WQ160
2014 WW181
2015 AH34
2015 BY39
2015 BA98
2015 BW441
2015 BV243
2015 CU38
2015 DO31
2015 DC143
2015 DC166
2015 ET64
2015 FC41
2015 FO54
2015 FK78
2015 FF180
2015 FK191
2015 GG22
2015 HK50
2015 HP78
2015 HQ129
2015 KK6
2015 KD75
2015 MS42
2015 MF83
2015 MC92
2015 OQ10
2015 OT45
2015 PO2
2015 PD44
