id
24
259
637
642
1030
1107
1213
1259
1271
1282
1340
1487
1546
1581
1582
1633
1674
1731
1760
1778
1918
1939
1961
2104
2197
2297
2320
2499
2592
2707
2769
3008
3132
3259
3264
3274
3475
3615
3666
4379
4406
4779
4848
5082
5116
5435
5454
5919
5920
6287
6289
6297
6393
6482
6848
6990
7099
7354
7367
7378
7943
8029
8136
8150
8203
8314
8329
8620
8869
9080
9205
9293
9451
9660
10043
10147
10659
10690
10691
10864
11095
11110
11431
12004
12149
12547
12560
12782
12882
12889
13562
13566
14077
14424
15249
15329
15395
15541
15939
15944
15951
16179
16356
16370
16458
16565
16576
16988
17216
17228
17524
18083
18125
19087
19199
19250
19501
19696
19836
19907
19951
20097
20140
20426
20509
20667
20733
20904
20989
21064
21569
21786
22374
22644
22998
23095
24314
24358
24953
24982
25284
25652
25668
25822
25829
25881
25900
25917
26217
26349
26489
27195
27454
27491
28289
29099
29865
29914
29956
30394
30745
30917
31004
31334
31689
31726
31733
31764
32135
32259
32333
32485
32686
33302
33690
33838
34352
34421
34426
34519
35094
35148
36158
36216
36232
36234
36241
36289
36697
37078
37124
37337
37923
38031
38035
38263
38334
38367
38546
39446
39458
39786
40133
40178
40193
40196
40677
40743
40975
41053
41067
41218
41234
42123
42159
42161
42186
42711
42764
43019
43639
44473
44500
45550
45568
46329
46351
46564
46677
46724
46737
47096
47556
47569
47601
47652
47679
48099
48307
48836
49411
49556
49656
50460
50747
50996
51128
51154
51322
51979
52008
52162
52228
52360
52472
52537
52651
52676
52696
52699
52704
52719
53351
53415
54182
54396
54604
54635
54651
55152
55355
55406
55444
55470
55533
55684
55860
55929
55940
55958
55994
56323
56801
56935
57558
57719
57889
58242
58370
58766
58892
59150
59810
59811
59962
59968
60095
60163
60250
60456
61881
62219
62330
63350
63547
63891
63903
64053
64980
65013
65029
65039
65314
65512
65563
65600
65675
65693
66050
66125
66690
66924
66982
67037
67154
67358
67360
68300
68882
68888
69014
69925
71321
71502
71517
71600
71662
71695
72381
72472
72603
72632
72725
72763
73538
73977
74421
74522
74524
74529
75570
75713
76533
76542
76678
76708
76728
76762
76778
76801
77847
78776
79018
79467
79481
79492
80053
81971
81995
81997
82468
82557
82621
82710
82733
82786
82981
83193
83243
83302
83571
83604
83627
83661
83842
84823
84976
85340
85600
85672
85955
86247
86297
86332
87631
88068
88079
89265
89638
89828
89952
90534
91148
91171
91193
91623
91632
91740
91807
91822
92029
92060
92075
92113
92114
92137
92223
94100
94250
94253
94263
94327
95233
95313
95315
95436
95567
95651
95691
96058
96124
96903
97296
97307
97369
97579
97608
99254
99796
99897
100543
100833
100912
101329
101638
101652
101668
102078
102327
103652
103770
103849
103851
103926
104046
104065
104752
104819
104956
104960
104978
105023
105583
105686
105875
105895
106024
106032
106051
106170
106415
106652
106664
106817
106934
106969
109422
109779
110628
110918
110972
111267
111546
111740
111765
111815
112764
113319
113387
113401
113466
113714
113744
113795
114018
114044
114333
114712
115281
115385
115658
115752
115819
116036
116096
116342
116553
117016
117066
117154
117210
117350
117390
117418
117460
117709
118045
118236
118423
118985
118997
119001
119035
119879
120138
120892
121369
121387
121544
121551
121637
121664
121701
121747
121759
121804
121871
121893
121923
123777
123839
123840
123945
123961
124007
124010
124055
124079
125539
126676
127103
127371
127373
127411
128100
128146
128190
128201
128577
128677
128707
128809
129041
129273
130171
130214
130229
130304
130332
130348
132724
132780
132889
132927
132935
132974
132983
133444
133446
133496
133842
133915
134124
134510
134998
135151
135248
135266
135297
135345
135377
135837
136486
136514
136671
136685
136691
136877
138705
138714
138804
139466
140451
140500
140624
140916
141066
141112
141249
141250
141279
141347
141497
143429
143536
143542
144354
144429
144457
144511
144575
144673
145220
145339
145497
145655
146228
146247
146265
146941
146947
146954
147673
147882
148403
148427
149062
149122
149136
149764
149983
150146
150281
150322
150634
150635
150645
150654
150661
151463
151500
151503
152260
152271
152335
152397
152436
153159
153247
153277
154111
154197
154228
154601
154624
154823
154869
154922
155221
155299
155865
155881
155900
157027
157402
157897
158128
158136
158590
159014
159244
159258
159264
159307
159324
159327
159904
160269
160424
161134
161692
161925
162164
162966
162985
163440
163592
163618
164193
164365
165703
165717
165737
165741
165788
165808
165849
165854
165861
165862
166673
166755
167505
167621
167669
167981
167992
168063
168267
168304
168836
169241
169290
169346
169380
170077
170121
170127
170131
170790
170820
170822
170841
171118
171208
171372
171998
172375
172410
173066
173844
173928
173996
174000
174547
174559
174961
175254
175358
175419
175451
175487
176020
176034
176490
176570
176608
177006
177109
177117
177645
177934
177935
178082
178220
178222
178351
178717
179427
179452
179454
179535
179549
180753
180786
181065
181086
181168
181176
181414
181441
181447
181794
181917
182208
182826
182883
182893
182902
183947
183967
184529
184742
184789
184905
185179
186352
186378
186387
186608
187287
187395
187438
187821
188161
188184
188824
189207
189819
189895
189925
189959
190248
190718
191208
191213
191478
191505
191549
191896
191906
192428
193132
193163
193169
195750
195785
195802
195823
195870
195931
195945
195954
195955
196020
196076
196100
196108
196652
196743
197095
197099
197124
197221
197342
197364
197447
197451
197465
197490
198721
198757
199425
199611
199686
199763
200047
201240
201346
201720
201891
202391
202547
202567
202587
202921
203804
204211
204270
204551
204606
204743
204883
205531
205554
206659
206819
206850
206868
207573
207619
207864
208483
208502
209017
209885
210062
210130
210172
210186
210402
210478
210675
210731
210866
210920
211009
211446
211468
211477
211865
212320
212601
212933
213228
213403
213777
213780
213786
213787
214463
214710
214822
214828
214829
214861
215364
215365
215575
215577
216390
216413
216560
216584
216879
217311
217351
217362
217369
217393
217663
218086
218416
218505
218800
218801
218805
218808
218893
218997
219005
219034
219271
219956
219967
220653
220682
220719
220803
221441
221471
221473
221486
221489
221495
222173
223330
223361
223386
223405
223417
223436
223945
224595
224689
224728
224748
225067
225451
226410
226459
226476
227008
227018
227035
227728
227741
227976
228704
228975
228989
229640
229657
229868
229953
231019
231391
231593
231597
232003
232089
232321
232329
232714
232719
232991
233057
233428
233464
233580
233783
233802
233848
233981
234803
234899
235471
235498
235525
235545
235893
235894
235926
235998
236102
236664
236687
236688
236693
236758
236855
236910
237379
237646
237693
238000
238022
238037
238260
238391
238418
238423
238667
238681
238708
239469
239891
239987
240224
240488
240521
240542
240783
241052
241055
241363
241526
241908
242100
242160
242706
242727
243482
243514
243741
243839
244021
244195
244981
245015
245016
245048
245121
245456
245534
245925
245936
246012
246031
246087
246300
246345
246780
246854
247259
247821
248092
248124
248129
248383
248425
248742
248769
248955
249309
249332
249350
249372
250075
250095
250553
250838
250840
250874
250897
250919
250921
250929
251344
251530
251897
251903
251922
251928
252181
254140
254337
254560
255169
255322
255448
255466
257067
257155
257377
257747
257770
258542
258872
259416
259448
259475
260288
260347
260412
260414
260439
260982
260998
261046
261050
261341
261530
261665
261761
261804
261816
261837
261845
261889
262803
263015
263672
263727
263787
264001
264009
264142
264183
264185
264330
264817
264844
265123
265443
265459
265460
265930
265964
265970
266020
266021
266034
266038
266650
266659
266747
266826
267531
267541
267563
267580
267779
267873
268191
268224
268238
268613
269252
269568
269633
269645
269860
270726
270795
270933
270935
271263
271324
271361
271946
272006
272093
273087
273162
273164
273227
273993
274015
274023
274034
274045
274596
274781
274806
275142
275172
275198
275368
275388
275447
275453
276207
276599
276707
276908
277028
277123
277394
277437
277817
277824
277877
278145
279025
279374
279471
279568
280676
280706
280733
281557
281574
281770
281835
281908
282630
283581
283689
284336
285000
285046
285398
285416
286307
286457
286499
286800
286841
287346
287483
287539
287567
287720
287744
287859
288546
288803
288979
289187
289641
289676
289828
289871
289917
289938
290135
290498
290544
290877
291026
291084
291121
291222
291291
291379
292015
292493
292513
292593
292725
292906
292993
293151
293266
293350
293447
294237
294498
295254
295903
295918
296056
296105
296300
296362
296600
296796
296891
297015
297074
297819
297886
298308
299765
300127
300193
300842
300980
301424
301534
302301
302428
302509
302855
303687
303824
303839
303840
303856
303871
303897
303918
304636
304641
304731
305350
307127
308392
308447
308468
308476
308537
309107
309684
310075
310214
310309
310336
310546
310706
311125
311181
311420
311447
311527
311553
311948
311970
311984
312731
313118
313166
313907
314002
314451
314593
314618
315099
315162
315177
315776
316803
317162
317486
318225
318348
318358
319204
319222
319233
319234
319263
319349
319365
319384
319443
319464
320087
320145
320152
320234
320248
320494
321168
321253
321290
321396
321397
321444
321475
321482
321655
322005
322199
322287
322590
322700
323029
323201
323213
323246
323563
323623
324241
324244
324266
324852
325455
325505
325511
325585
325720
325966
326004
326063
326082
326191
326328
326568
326569
326759
327098
327492
327574
327576
327596
328405
328699
328795
329138
329287
329505
329550
329648
329651
330117
330213
330460
330730
330738
330741
330979
331093
331167
331397
331629
331823
332184
332579
332994
333121
333264
334151
334211
334913
335950
336009
336383
336536
336731
336863
336888
336911
336923
336950
337547
337645
337927
338401
338940
340572
340611
340680
340716
340768
340782
340812
341512
341620
342915
342958
343025
343026
343147
343485
343512
343673
343948
343998
344249
344383
344837
345603
345609
345651
345660
345686
345716
346076
346099
346878
347092
347432
347643
347743
347829
348236
348415
348436
348526
348788
348832
348855
348913
349007
349018
349056
350097
350556
350757
350787
350807
350840
351483
351518
351598
352111
352431
352480
352501
352543
353318
353576
353650
354129
354157
354190
354207
354497
354709
354770
354801
354817
355208
355210
355223
355238
355244
355593
355693
355719
355739
356363
356389
356724
356935
357222
357533
357756
357761
357796
357824
357883
357900
357918
357934
358393
358394
358406
358412
358428
358445
358456
358700
358931
358933
360583
360688
360735
360746
361080
361442
361443
361458
361526
361975
362548
362595
362816
362901
363014
363448
363711
364517
365355
365369
365468
365974
366082
366561
366717
367287
367411
367446
367984
368022
368388
369157
369189
369206
369223
369432
369438
369927
370282
370356
370360
370413
370417
370899
370902
371334
371806
371829
372105
372213
372222
372245
372246
372775
373001
373070
373096
373103
373283
373780
374208
374646
375470
375511
375515
375570
375661
376050
376354
376519
376641
376699
376717
377034
378425
378459
378506
379121
379438
379490
379521
379780
380228
380488
380673
381625
381646
381696
381964
382140
382451
383041
383347
383662
383685
383739
383775
383799
384164
384207
384555
384842
384945
384983
384993
385081
385085
385128
385856
386228
386243
386566
386941
386954
386955
387037
387211
387506
388700
388788
388808
388818
388820
388821
388840
389204
389686
389739
389801
389971
390173
390321
390343
391042
391394
391713
391732
392178
392283
392524
392667
393652
394043
394302
394321
394669
394737
394766
395080
395359
395481
395483
395551
395693
395926
395949
396075
396097
396120
396289
397066
397179
397680
397739
397763
398086
398101
398193
398274
398578
398615
398983
399231
399559
399701
399839
400160
400742
400978
401241
401586
402195
403379
403415
403438
403454
403464
404343
405235
405774
405889
405896
406297
407119
407121
407194
407215
407551
407614
407646
407976
407985
408005
408083
408501
408966
409116
409129
409157
409213
409753
410520
410654
410930
411058
411077
411449
411879
412222
412240
412336
412622
412859
412931
413167
413172
414302
414315
414330
414389
414598
414698
414704
415018
415152
415400
415596
415624
415697
416081
416148
416165
416754
417341
417380
417927
418335
418449
418531
418579
418587
418642
418683
418722
418761
418829
419245
419345
419362
419364
419426
419912
420097
420204
420223
420252
421159
421177
421521
421822
421878
421926
422220
422293
422334
422501
423128
423174
423974
424228
424832
424990
425340
426305
426327
426796
426917
426972
426977
427030
427244
427393
427657
427829
428114
428457
428529
428931
429020
429044
429060
429346
429359
429740
429747
429836
429859
429916
429929
430374
430377
430846
431216
431579
431585
432126
432533
433108
433591
433655
433667
433673
433777
433799
433877
434049
434811
434854
434912
434913
434924
435019
435974
436024
436346
436372
436706
437013
437203
437273
437451
437548
437686
437819
438084
438461
438638
438971
438994
439173
439552
1995 QZ14
2000 EA203
2002 AO142
2002 AQ172
2002 FB31
2002 PL194
2002 PA197
2002 QG92
2002 QP98
2002 QT149
2002 TX306
2003 CE20
2003 EH18
2003 EJ51
2003 ST365
2003 SF432
2003 SM334
2003 UR231
2003 WE27
2003 XG30
2004 BP137
2004 BW153
2004 LX20
2004 RK356
2004 SV46
2004 TX43
2004 TW234
2004 VF3
2005 AL32
2005 GF149
2005 GO182
2005 GV219
2005 SJ59
2005 SD129
2005 SO144
2005 SU168
2005 SK287
2005 UO511
2005 UF518
2005 WL10
2005 WY92
2005 WR139
2005 WT141
2005 XH101
2005 YY21
2005 YJ69
2005 YU87
2005 YY137
2005 YH178
2005 YW246
2005 YU253
2006 BV30
2006 BV88
2006 BN260
2006 DY71
2006 EG22
2006 EB37
2006 GV1
2006 HS96
2006 JQ11
2006 KT15
2006 KF62
2006 LN6
2006 QR95
2006 RQ91
2006 RY103
2006 RR114
2006 SG17
2006 ST58
2006 SX380
2006 SS183
2006 SX263
2006 TM57
2006 TH111
2006 TF116
2006 TZ128
2006 UK116
2006 UO163
2006 UZ164
2006 UL284
2006 UA320
2006 UQ323
2006 UX345
2006 VG82
2006 WN105
2006 WY147
2007 BY13
2007 BO21
2007 DJ59
2007 DG60
2007 EV42
2007 EO152
2007 GE18
2007 HP36
2007 HU88
2007 LH6
2007 SM2
2007 TM363
2007 TD438
2007 TN215
2007 TN338
2007 TA347
2007 TS354
2007 UF59
2007 UV69
2007 UZ93
2007 VG5
2007 VA214
2007 YF62
2007 YV68
2008 CV162
2008 DP54
2008 EW34
2008 ER162
2008 FM26
2008 FR53
2008 FT55
2008 FL66
2008 FD134
2008 GV96
2008 GZ119
2008 GL133
2008 HM15
2008 HE18
2008 JG40
2008 KH14
2008 RV15
2008 RU113
2008 RM121
2008 SS23
2008 SD120
2008 SD162
2008 SU231
2008 SV263
2008 SH276
2008 TG40
2008 TJ40
2008 TV53
2008 TG82
2008 TS132
2008 TQ163
2008 UX13
2008 UN77
2008 UF141
2008 UU174
2008 UP338
2008 UJ349
2008 UE351
2008 UF354
2008 VC23
2008 VD69
2008 WM3
2008 WG17
2008 WX36
2009 BN52
2009 BF62
2009 BB154
2009 CN38
2009 CU60
2009 DU27
2009 DD49
2009 DB101
2009 DG118
2009 DE132
2009 FV42
2009 GJ
2009 PW19
2009 SQ6
2009 SY68
2009 SE134
2009 SQ139
2009 SK270
2009 SP297
2009 ST304
2009 SL349
2009 TQ2
2009 UZ127
2009 UO137
2009 VH30
2009 WS28
2009 WZ58
2009 WJ145
2009 WW207
2009 XO3
2009 YG22
2010 AM48
2010 AS52
2010 AS73
2010 BA45
2010 BF48
2010 BA64
2010 BW84
2010 CM20
2010 CS43
2010 DN42
2010 ED1
2010 EW31
2010 EY105
2010 GM109
2010 GJ110
2010 HA70
2010 JA41
2010 JW115
2010 LT5
2010 LF13
2010 LJ75
2010 OM75
2010 PX80
2010 RV4
2010 RR96
2010 RN148
2010 TA34
2010 TP81
2010 TT178
2010 UE11
2010 UY69
2010 UM93
2010 UX94
2010 VE44
2010 VG202
2010 VQ206
2010 VD209
2010 VW214
2010 VY216
2010 WT12
2010 WS21
2010 WN47
2011 AL16
2011 AU70
2011 BE11
2011 BN33
2011 BT37
2011 BZ71
2011 BM109
2011 BT111
2011 CA33
2011 CQ90
2011 DQ49
2011 EH11
2011 EF37
2011 FH8
2011 FL8
2011 FC13
2011 FS21
2011 FU60
2011 FD74
2011 GN9
2011 GQ23
2011 GK75
2011 HS26
2011 HK67
2011 HZ95
2011 JE28
2011 PN11
2011 PQ14
2011 QH79
2011 RO2
2011 RK17
2011 SL19
2011 SN38
2011 SX44
2011 SC166
2011 SP181
2011 UE47
2011 US305
2011 UT397
2011 UH404
2011 UE406
2011 UJ146
2011 UH249
2011 UO272
2011 US305
2011 UK331
2011 UK349
2011 WM51
2011 WS118
2011 YS71
2012 BE79
2012 BY125
2012 BD126
2012 CR33
2012 DS26
2012 DE40
2012 DM40
2012 DL45
2012 DF56
2012 DU77
2012 FH27
2012 FQ39
2012 FR59
2012 GM15
2012 GE23
2012 GY38
2012 HV18
2012 HR63
2012 JY
2012 JV34
2012 LW18
2012 LL20
2012 MV6
2012 QK43
2012 QR43
2012 TS96
2012 TH100
2012 TU160
2012 TD164
2012 TC174
2012 TP195
2012 TV210
2012 TJ213
2012 TY215
2012 TB228
2012 TN292
2012 TO295
2012 UH45
2012 UZ58
2012 UN73
2012 UH111
2012 VY7
2012 VW8
2012 VZ17
2012 VJ27
2012 XU22
2012 XO45
2013 AC87
2013 AA108
2013 AT109
2013 AH156
2013 AW162
2013 CZ9
2013 CV78
2013 CQ87
2013 CV95
2013 CW157
2013 CP158
2013 EY36
2013 EY109
2013 EJ114
2013 ET119
2013 FU24
2013 FF26
2013 GY32
2013 GB89
2013 GQ120
2013 GV127
2013 HC7
2013 JB25
2013 JZ34
2013 LD32
2013 PN63
2013 PT64
2013 QP36
2013 QA76
2013 QB81
2013 QU92
2013 RM84
2013 RS87
2013 SK52
2013 SQ56
2013 SS64
2013 TT74
2013 TQ95
2013 TN111
2013 TA125
2013 UN14
2013 VN6
2013 WZ2
2013 WZ45
2013 YM11
2013 YV30
2013 YD45
2013 YD113
2013 YM117
2014 AU1
2014 AM39
2014 BO40
2014 BZ50
2014 CL16
2014 DW120
2014 EJ5
2014 EQ20
2014 EV26
2014 FR3
2014 FA10
2014 FC47
2014 GX6
2014 HK1
2014 HK22
2014 HM159
2014 HA160
2014 JO58
2014 KA24
2014 KJ53
2014 KK74
2014 KM82
2014 LY23
2014 MZ14
2014 OO3
2014 ON4
2014 OG11
2014 OC285
2014 OB101
2014 OO113
2014 OF391
2014 OE201
2014 OC285
2014 OC297
2014 PD
2014 PJ6
2014 PS46
2014 QR18
2014 QQ21
2014 QV31
2014 QM35
2014 QE75
2014 QM115
2014 QV119
2014 QE120
2014 QD393
2014 QK418
2014 QR427
2014 QD168
2014 QM225
2014 QV234
2014 QM283
2014 QB334
2014 QA337
2014 QJ358
2014 SY158
2014 UN24
2014 UJ51
2014 US61
2014 UJ96
2014 UO112
2014 UE143
2014 UJ157
2014 UY188
2014 VO3
2014 VC28
2014 WJ68
2014 WW104
2014 WM424
2014 WV430
2014 WA458
2014 WA215
2014 WU479
2014 WN305
2014 WP327
2015 AM30
2015 AS31
2015 AA110
2015 AA162
2015 BK39
2015 BO39
2015 BB42
2015 BB60
2015 BV71
2015 BK121
2015 BW131
2015 BF169
2015 BM256
2015 BH327
2015 BZ351
2015 CB3
2015 CS7
2015 CR39
2015 CH55
2015 DN133
2015 DK151
2015 DQ172
2015 EB19
2015 EV39
2015 EK64
2015 FZ205
2015 FS325
2015 HC57
2015 HH65
2015 KN9
2015 KH48
2015 KF90
2015 KB143
2015 LX1
2015 LT7
2015 MC100
2015 NG12
1960 SO
1998 RO15
1998 SH31
2001 FD206
2001 FE208
2001 FN213
2001 QS307
2001 TL260
2001 WN46
2001 YJ8
2002 OP31
2002 QL66
2002 QD97
2002 QX109
2002 QY133
2002 RS232
2002 RY235
2002 RN253
2003 BJ85
2003 FN35
2003 FO120
2003 KS14
2004 GP56
2004 RJ129
2004 RD297
2004 TR196
2004 VN41
2005 ED286
2005 GB150
2005 GE190
2005 JQ37
2005 JS73
2005 JS97
2005 NJ68
2005 NU74
2005 NB93
2005 QF130
2005 SJ274
2005 TG91
2005 TK162
2005 UD15
2005 UV87
2005 UE393
2005 UW414
2005 UD174
2005 UE175
2005 UK175
2005 UN529
2005 UF290
2005 VK28
2005 WK13
2005 WR75
2005 YP62
2006 AO36
2006 AS58
2006 BB2
2006 BR52
2006 BS76
2006 BR162
2006 BO225
2006 BW264
2006 BJ282
2006 CM23
2006 CW24
2006 DN93
2006 DD104
2006 DX172
2006 EV29
2006 JX32
2006 JV59
2006 KQ51
2006 KV69
2006 QA152
2006 RT83
2006 RV106
2006 SA117
2006 SH388
2006 SM243
2006 SX310
2006 SX344
2006 TD41
2006 TA116
2006 UL16
2006 UK28
2006 UG48
2006 UV137
2006 UG270
2006 UL339
2006 VW101
2006 VN102
2006 WY13
2006 WP16
2006 WX46
2006 WF67
2006 WL161
2006 YS28
2006 YD49
2007 BO64
2007 DA20
2007 EQ30
2007 EL115
2007 EY203
2007 FT48
2007 GM22
2007 HQ21
2007 HY23
2007 HW30
2007 HD59
2007 HR84
2007 SC10
2007 TZ222
2007 TY272
2007 TX309
2007 UE70
2007 UO80
2007 UC86
2007 UJ106
2007 UF112
2007 VB66
2007 VF69
2007 VW109
2007 VH239
2007 WK35
2007 YJ73
2008 CH57
2008 EP37
2008 EO38
2008 EU77
2008 FE73
2008 FN105
2008 GJ25
2008 KJ31
2008 QE41
2008 RW69
2008 SJ43
2008 SQ212
2008 SN275
2008 TO88
2008 TR144
2008 TY185
2008 TE189
2008 US20
2008 UR69
2008 UX231
2008 UA345
2008 VS20
2008 WB53
2008 WJ65
2008 WL128
2008 YN4
2009 AL38
2009 CV24
2009 DZ134
2009 FK63
2009 FM66
2009 HG16
2009 HW17
2009 KJ33
2009 QT1
2009 RN29
2009 SM11
2009 SB258
2009 SY324
2009 SU336
2009 SB347
2009 TQ4
2009 VU65
2009 VE69
2009 WG71
2009 WD96
2009 WP96
2009 WY119
2010 AN52
2010 BM99
2010 CX24
2010 CX132
2010 CZ182
2010 CJ190
2010 CW207
2010 DS32
2010 DY87
2010 EJ27
2010 EG93
2010 FW26
2010 FU38
2010 FA63
2010 GN167
2010 JB16
2010 JG22
2010 JY56
2010 JU89
2010 JO97
2010 KQ2
2010 KJ14
2010 KV109
2010 LC45
2010 MR19
2010 NL37
2010 NO95
2010 NM103
2010 OP78
2010 RJ26
2010 RF146
2010 SY7
2010 TT98
2010 UY53
2010 VV191
2010 VT216
2010 XS20
2010 XZ57
2011 BE71
2011 BD107
2011 BO107
2011 BT144
2011 CR36
2011 CO64
2011 CY113
2011 DN44
2011 EQ8
2011 ES49
2011 EJ58
2011 FO42
2011 FM122
2011 FY155
2011 GP
2011 HW10
2011 HF68
2011 HP68
2011 KU26
2011 KT36
2011 LC15
2011 LF24
2011 QU5
2011 SC2
2011 SH14
2011 SD37
2011 SZ63
2011 SU101
2011 SH138
2011 SF155
2011 UW49
2011 UL97
2011 UW196
2011 UA201
2011 UO274
2011 UJ299
2011 UW308
2011 VO3
2011 VK20
2011 WA122
2011 YJ62
2012 BX84
2012 CM8
2012 DC38
2012 DE64
2012 DN65
2012 DW87
2012 FS3
2012 FA49
2012 GA2
2012 GU4
2012 GH30
2012 PO9
2012 QO
2012 QH7
2012 QH34
2012 SX42
2012 TS39
2012 TK47
2012 TC93
2012 TC107
2012 TM109
2012 TB111
2012 TS115
2012 TO148
2012 TP151
2012 TE199
2012 TW205
2012 TZ214
2012 TC263
2012 TH264
2012 TJ268
2012 TR270
2012 TM275
2012 UA121
2012 VS22
2012 VR29
2012 VJ58
2012 VZ77
2012 XY30
2013 AP65
2013 AF78
2013 AJ78
2013 AC141
2013 AX143
2013 AL144
2013 AG145
2013 AM145
2013 AE148
2013 AP164
2013 AP165
2013 AQ172
2013 AE178
2013 AM178
2013 BV13
2013 BX23
2013 CK25
2013 CK102
2013 CD167
2013 CW203
2013 DV1
2013 EW22
2013 EC48
2013 EQ82
2013 GZ33
2013 GT34
2013 GW73
2013 GF133
2013 HM5
2013 HA12
2013 HX31
2013 HQ47
2013 HE58
2013 HK65
2013 HX73
2013 HN75
2013 HW75
2013 HV78
2013 HP79
2013 HV80
2013 HJ82
2013 HC84
2013 HF84
2013 HC95
2013 HK100
2013 HM100
2013 HX105
2013 HU120
2013 HF134
2013 HU142
2013 JG7
2013 NK5
2013 PT9
2013 PY53
2013 QP3
2013 QA22
2013 QO31
2013 QU60
2013 RC17
2013 RB83
2013 TO94
2013 WQ93
2013 YG18
2013 YD109
2013 YE118
2013 YO120
2014 AX
2014 DL10
2014 DO132
2014 DU136
2014 EG2
2014 FY12
2014 FZ57
2014 HV110
2014 HE132
2014 HE191
2014 JH1
2014 JP1
2014 JW58
2014 KW8
2014 NU29
2014 OL30
2014 OT68
2014 OY116
2014 OB382
2014 OU141
2014 OU142
2014 OA166
2014 OW181
2014 ON247
2014 OQ322
2014 OA353
2014 QT41
2014 QT103
2014 QM395
2014 QJ153
2014 QW415
2014 QL248
2014 QG351
2014 SF104
2014 SL129
2014 TC27
2014 TJ81
2014 UR43
2014 US58
2014 UE88
2014 VC26
2014 VB31
2014 WG15
2014 WH42
2014 WH107
2014 WT134
2014 WM500
2014 WK257
2014 WM268
2014 WO281
2014 WY283
2014 WE286
2014 WF358
2014 YS38
2015 AV7
2015 AN9
2015 AD28
2015 AW196
2015 AP201
2015 AT206
2015 AD278
2015 BV7
2015 BR8
2015 BB10
2015 BY37
2015 BJ83
2015 BO86
2015 BD409
2015 BB153
2015 BU162
2015 BR164
2015 BX181
2015 BO229
2015 BJ237
2015 BW240
2015 BM243
2015 BT285
2015 BP308
2015 BQ351
2015 CK38
2015 DB24
2015 DG38
2015 DS114
2015 DO119
2015 DA146
2015 DT156
2015 DF178
2015 DM178
2015 FM42
2015 FR229
2015 FG277
2015 GQ17
2015 GM35
2015 GU37
2015 GU39
2015 HL30
2015 HM35
2015 HX73
2015 HC93
2015 KX6
2015 KG12
2015 KU16
2015 KP24
2015 KK67
2015 KJ71
2015 KM77
2015 KA134
2015 KZ150
2015 MX6
2015 MZ10
2015 ME81
2015 MO82
2015 NL8
