id
122
300
581
745
903
1118
1163
1395
1558
2127
2356
2421
2826
3966
5024
5528
8467
8660
8941
10314
10654
10694
10699
10795
10813
10937
11890
12116
12395
12559
13356
13568
13620
13720
13817
14231
14725
15102
15105
15136
16037
16154
16369
16583
17156
17203
17343
17346
17820
18052
18721
18868
18968
18984
18996
19010
19590
20066
20224
20543
21964
22044
22083
22710
22997
24413
24439
24866
24963
27000
27226
27361
28249
28368
28617
28873
28876
28966
29897
29898
29922
29936
30471
30483
31316
32303
32429
32558
32642
33305
33429
33800
34368
34775
34848
35333
36096
36225
37357
37385
38276
38406
38522
38536
38577
38622
39194
39208
39252
40184
40204
40963
41032
41296
41377
42757
43022
43127
43177
43532
43538
43666
45347
45453
45602
45681
46602
46678
47078
47097
47923
48508
48522
49524
49532
49647
49654
51177
51632
51924
52481
53255
53495
54444
54494
54616
54822
55961
56326
56965
56979
57002
58421
58551
58908
59812
59882
59894
59991
60093
60158
60927
62346
62771
62988
63071
63080
63149
63200
63628
65128
65193
65330
66174
68217
68261
68428
68560
68791
69127
69885
69980
70022
71397
71534
71613
71618
71660
71685
71698
72836
73429
73704
73972
74456
74467
74514
76266
76583
76767
77702
77751
77768
77791
77792
77838
77858
77899
78154
78186
78248
78546
79282
80047
81894
81915
82958
83100
83651
83790
83904
83940
84795
85041
85360
85470
86140
86239
86253
86272
87538
87731
89528
89857
89937
90293
91163
91191
91875
91878
92094
92155
92169
92179
93906
94184
94265
94293
95676
95688
95962
96296
96603
97591
97693
97753
98958
99070
99092
99164
99180
99822
99826
99851
99859
99864
99893
100466
101639
102419
102492
104712
104786
105066
106313
106388
106392
106490
106750
108034
108536
109249
109384
109493
109552
110104
110153
110374
110391
110605
110735
111371
111393
111444
111470
111499
111660
111669
111704
112800
113092
113252
113368
113430
113835
114722
115072
115292
115392
115954
116236
116336
116424
116559
116644
117191
117229
117346
117536
117783
118016
118914
119854
119927
119930
120727
120992
121590
121812
121814
121875
123719
123871
124118
124754
126896
126988
127340
127738
128071
128114
128134
128136
128589
130260
132762
132818
132961
133573
133668
133671
133813
133836
134112
134123
135432
136725
138295
138717
138780
140876
141013
143376
143401
143499
143607
144805
145433
145721
146225
146269
146888
146903
149165
149770
150614
151416
151445
151458
152137
152277
152336
152444
153276
153294
153297
153302
154890
154910
154981
155180
155874
158775
158824
159280
159450
159806
160941
163525
163623
163660
164389
164647
166861
166893
167680
167869
167988
168006
168025
168348
169329
169401
170716
170813
170869
171204
171247
171921
171955
172394
174016
175091
176067
176589
176613
177090
177889
178200
179580
181205
181239
181960
182901
183308
185343
185627
186363
186982
187653
188568
188718
188922
190032
191479
191537
191576
191902
192141
193054
193109
193771
193830
194142
195916
196058
196064
196092
197429
197432
197435
198666
198770
198852
199762
199776
201387
202408
204271
205601
206270
206295
206297
206847
207383
207629
207874
209023
209913
210379
210410
210450
210463
211022
212620
212925
213801
214719
216170
217246
217364
218439
218789
218790
219144
219256
219976
220378
220385
220882
220893
223381
223418
224665
224776
225048
225225
226531
226563
227038
227720
227907
228728
229639
230483
231055
231500
232394
232688
232730
233016
233066
233483
233635
233780
234059
234473
235428
235536
235997
236065
236934
236972
237303
238079
240789
241060
241077
241213
241412
241441
241860
242985
243294
243529
244154
244282
244539
245438
246127
246330
246514
246801
247358
247479
248074
248451
248531
248948
248966
248984
249016
249208
250074
250549
250557
250859
250869
250902
250930
251533
251739
252893
253389
254347
254354
254406
255047
255473
257175
257618
258791
258874
258953
260997
261240
261268
261395
261545
261596
261642
261685
261770
261800
261860
262682
263038
263069
263637
264196
266042
266489
267624
268229
268737
269560
270903
271908
272030
272057
272065
272086
273156
274480
274551
274670
274785
275330
275339
275353
275380
276208
276662
276855
276906
277084
277506
277823
278473
278583
278976
279042
279411
279423
279675
280004
281346
281761
281869
281982
282619
282665
282824
283162
284098
284389
284644
285225
286567
286657
288377
288625
288875
288989
289399
290392
290500
290501
290612
290887
291238
291575
292103
292863
292865
293015
293400
294124
295032
295196
295284
295304
296129
296151
296336
296541
296584
299312
299363
300907
300939
300985
301490
301744
302361
302457
302463
303844
303894
303911
303932
304625
305426
305508
305515
305519
305538
305842
305973
306136
306298
306419
308095
308501
308532
308578
308595
308614
309151
311440
311509
311529
311936
312777
313668
313963
313982
314017
314551
314574
316098
316504
318335
319288
319299
319386
319600
320182
320220
321438
321452
321458
322041
322354
322483
322501
323280
323318
323352
323619
324268
324320
325623
325664
325682
325687
325724
325760
326194
327579
327999
328383
328390
328464
328645
328815
329101
329124
329160
329538
330215
330220
330235
330490
330742
330755
331103
331213
331307
332120
332220
332245
332832
332934
332949
332970
333001
333773
333878
335665
335856
336671
336706
336740
336995
338965
339008
340818
341659
342976
343051
343307
343427
343653
344031
344822
345083
345579
345614
345700
345706
346857
347116
347416
348525
349486
349869
350218
350289
350838
351517
351560
351611
352059
352085
352100
352107
352444
352615
353713
354781
354798
355228
355745
356355
356376
356385
356832
357237
357926
358433
358910
359501
359568
360068
361093
361097
362265
362888
362899
362929
364955
365747
366119
366145
366283
368042
368644
369200
370898
371338
371341
371350
373025
373073
375578
376016
376043
376303
376313
376619
377562
378498
378511
378524
379052
379078
379116
379769
381291
381296
381302
381303
381603
381697
382152
383383
384217
384962
385010
385092
385618
385903
385928
386959
387312
388012
388379
388815
389788
391022
391084
391097
391107
391332
391726
392175
392405
392543
392605
392684
392696
393471
393476
393928
395658
395686
396018
396141
396230
396434
396652
397125
397791
397793
398585
398635
398794
398895
398971
399142
399287
399974
400236
400455
400509
400741
400756
401271
401734
401763
402018
402522
403191
403416
403418
404676
404909
405803
405816
407126
407137
407160
407225
407580
407949
407974
407990
408984
410166
411088
411118
411159
411167
411547
411566
412449
412721
413189
413793
414974
415014
415532
415588
417868
418733
418759
418779
418808
419397
419443
419444
419513
420162
420932
421061
421340
422122
422185
422290
423405
423892
424354
424367
424413
424951
425032
425293
425370
426236
426260
426266
426589
426654
426867
427137
427255
427257
427366
428471
428489
428947
428963
429029
429257
429258
429261
430261
431234
431241
432077
432158
432227
433070
433149
433724
434929
434951
435287
435418
435999
436967
436985
437123
437251
437278
438410
438634
438639
438651
438997
439195
439435
439656
2002 TG73
2002 TU315
2003 SH405
2004 AC19
2005 SJ285
2005 TJ191
2005 UH169
2005 UO233
2005 UK264
2005 VS132
2005 WS78
2005 YN86
2006 HX74
2006 KS30
2006 KT58
2006 SP100
2006 SR387
2006 UR79
2006 UX157
2006 UK286
2007 BJ68
2007 BQ76
2007 CO37
2007 DX33
2007 DP113
2007 EM33
2007 RT113
2007 TK27
2007 VX210
2007 VL248
2007 VD284
2008 AT3
2008 AS115
2008 CF33
2008 CF203
2008 EU149
2008 FF65
2008 FD116
2008 GA58
2008 SE37
2008 SW179
2008 SQ198
2008 SJ271
2008 SH275
2008 UE120
2008 UE143
2008 UU150
2008 UA207
2008 UR256
2008 UV354
2008 VV16
2008 WE80
2008 XC32
2008 YZ126
2009 BH118
2009 BD129
2009 BD140
2009 BT175
2009 BQ187
2009 CQ3
2009 DE139
2009 FZ19
2009 HY37
2009 HK69
2009 VG1
2010 AZ61
2010 AR120
2010 BP72
2010 CW83
2010 CG177
2010 CJ186
2010 DA44
2010 DQ55
2010 EM42
2010 EQ86
2010 LN78
2010 MU88
2010 ML102
2010 PA14
2010 RX154
2010 UN98
2010 VH105
2010 VT196
2010 WP11
2011 BA53
2011 BQ93
2011 BO117
2011 ED54
2011 HK40
2011 HD61
2011 JE20
2011 QJ23
2011 UG233
2011 UX277
2011 WR130
2011 XQ1
2012 BR2
2012 BN32
2012 BJ103
2012 EZ4
2012 EE16
2012 FQ19
2012 FS47
2012 FW58
2012 GN22
2012 HJ61
2012 JR41
2012 JP45
2012 KK10
2012 PM2
2012 TA25
2012 TW38
2012 TU48
2012 TK196
2012 TP262
2012 TN296
2012 TZ309
2012 UY52
2012 UF146
2012 XY5
2012 XM61
2013 AY8
2013 BF67
2013 CR72
2013 CW86
2013 CM124
2013 CB165
2013 ES30
2013 ER102
2013 GF64
2013 GY86
2013 HN15
2013 HH74
2013 HS117
2013 JJ54
2013 JF60
2013 MX10
2013 PM15
2013 PP34
2013 QA12
2013 QM14
2013 QD18
2013 RZ52
2013 RK94
2013 SP36
2013 SV44
2013 TP38
2013 TR64
2013 TR107
2013 WY68
2013 YC114
2013 YF114
2013 YG131
2014 AH42
2014 DN11
2014 GU40
2014 HG142
2014 JB38
2014 JG79
2014 NW30
2014 OF55
2014 OM239
2014 PR3
2014 PO6
2014 PL33
2014 PR37
2014 SP90
2014 SX164
2014 SP218
2014 TY48
2014 TC59
2014 UC25
2014 UR98
2014 WC2
2014 WE21
2014 WT107
2014 WY126
2014 WX198
2014 WB232
2014 WN279
2014 WX325
2014 XD6
2014 XX36
2015 AD165
2015 AS173
2015 AA274
2015 BS32
2015 BS35
2015 BJ36
2015 BG58
2015 BZ82
2015 BT83
2015 BD88
2015 BT93
2015 BH257
2015 BF368
2015 BN514
2015 BV303
2015 BV308
2015 CU5
2015 CM47
2015 DW16
2015 DL17
2015 DP113
2015 DC117
2015 DE133
2015 DL173
2015 DJ197
2015 DC221
2015 ED17
2015 ER58
2015 FT165
2015 FA288
2015 FV315
2015 HA3
2015 KH85
2015 MX67
2015 MB74
2015 MH78
2015 ML107
1996 VH17
1997 TJ12
2001 FY197
2001 FP212
2001 FT214
2001 FG224
2002 QV152
2002 RW277
2002 TQ308
2002 VH140
2002 WU19
2003 SD126
2004 BK127
2004 BR159
2004 FG103
2004 RG352
2004 TN145
2005 ET261
2005 JR41
2005 NZ85
2005 PE27
2005 SE21
2005 UW166
2005 UB283
2005 VS104
2005 VH109
2005 WL109
2005 YO176
2006 BW35
2006 CL45
2006 DM194
2006 JV30
2006 JE67
2006 KX78
2006 QJ174
2006 SG48
2006 SL384
2006 SG389
2006 TL116
2006 TJ119
2006 UK76
2006 UO94
2006 UV141
2006 UU302
2006 WS75
2007 DJ113
2007 ER1
2007 GR71
2007 RN40
2007 TJ45
2007 VC150
2008 CX3
2008 EJ74
2008 EB155
2008 GA53
2008 GE77
2008 KK39
2008 NK3
2008 RZ89
2008 RL105
2008 TN73
2008 UN114
2008 UK220
2008 YA49
2009 AC39
2009 DJ54
2009 SV363
2009 WC5
2009 WA48
2009 WW102
2010 AC17
2010 AQ88
2010 AQ126
2010 AR137
2010 BM27
2010 BK62
2010 BB76
2010 BA96
2010 BQ99
2010 BL113
2010 BA119
2010 CL214
2010 CF224
2010 CB231
2010 CQ246
2010 DX18
2010 DX51
2010 DE57
2010 DT62
2010 DD84
2010 EA157
2010 EW158
2010 FW69
2010 GK39
2010 GL47
2010 GW72
2010 GS75
2010 GW93
2010 GG145
2010 GY154
2010 GN160
2010 GU163
2010 GX165
2010 GR170
2010 HC9
2010 HB13
2010 HV16
2010 HB26
2010 HL62
2010 JA8
2010 JC10
2010 JK19
2010 JL50
2010 JB63
2010 JJ64
2010 JV85
2010 JW104
2010 JC126
2010 KL6
2010 KT13
2010 KT51
2010 KC84
2010 KQ98
2010 KT106
2010 KV115
2010 LF36
2010 LU36
2010 LH56
2010 LA77
2010 MA17
2010 MO22
2010 MO47
2010 MV54
2010 MW57
2010 MS64
2010 MV77
2010 NR18
2010 NQ66
2010 NE103
2010 OC3
2010 OK21
2010 OX30
2010 OL57
2010 OH63
2010 OF94
2010 OD97
2010 OK114
2010 PJ18
2010 PV32
2010 PZ50
2010 TE50
2010 TY75
2010 TH100
2010 TW127
2010 UY76
2010 VB216
2011 BS43
2011 BD108
2011 BZ108
2011 BA130
2011 CU40
2011 CG44
2011 CM98
2011 CL108
2011 FC158
2011 GC56
2011 HK51
2011 OA31
2011 SX46
2011 SH60
2011 SQ98
2011 SW105
2011 UB107
2012 BV70
2012 BA76
2012 CQ34
2012 GP4
2012 SG49
2012 TH86
2012 TO115
2012 TS152
2012 TO276
2012 UJ26
2012 UE84
2012 VW2
2012 XP28
2013 AJ7
2013 AL139
2013 AE152
2013 AA162
2013 AD164
2013 AE166
2013 AX167
2013 AL173
2013 AA178
2013 CD133
2013 ER124
2013 GO67
2013 HM29
2013 HD36
2013 HB55
2013 HF57
2013 HE76
2013 HP83
2013 HV84
2013 HL99
2013 HW101
2013 HZ111
2013 HE117
2013 HW117
2013 HG149
2013 TN144
2013 YY113
2014 AL33
2014 DN86
2014 FN8
2014 GO25
2014 HR70
2014 HV162
2014 KH13
2014 KV94
2014 OQ363
2014 OO147
2014 OW202
2014 OO227
2014 OK325
2014 OA357
2014 PX19
2014 PR35
2014 QX38
2014 QB49
2014 QW261
2014 QY334
2014 RZ5
2014 RF46
2014 SS102
2014 SJ291
2014 VW29
2014 WC192
2014 WB264
2015 AP9
2015 AO108
2015 BR13
2015 BS68
2015 BW69
2015 BB79
2015 BB87
2015 BF102
2015 BT102
2015 BJ139
2015 BY175
2015 BO183
2015 BN241
2015 BH246
2015 BH257
2015 BN307
2015 BL320
2015 BH326
2015 BV347
2015 CY10
2015 CV31
2015 CB43
2015 DS105
2015 DD127
2015 DH161
2015 GS33
2015 HW82
2015 HS86
2015 HX98
2015 HV126
2015 KY67
2015 KP92
2015 NX16
2015 PX42
