id
5627
5968
6565
8883
9284
9473
9526
10074
10139
10867
10915
10955
11134
12055
12107
12131
12137
12529
13112
13216
13588
14524
15244
15904
16014
16204
16249
16295
16387
17040
17273
17346
17439
17448
17607
17681
18384
18557
18623
18662
18699
18709
18968
18979
19070
19270
19371
19394
19669
19873
19975
20199
20522
20541
20897
21359
21548
21604
22244
23389
23572
24180
24785
25040
25173
25194
25267
25495
25537
25902
27145
28260
28772
28853
28906
29347
29535
29711
29813
30238
30454
31237
31238
31241
31264
31324
32576
32863
33183
33192
33203
33549
33596
34099
34264
34299
34598
34625
34775
35124
35337
35342
36209
36854
36998
37905
38350
38401
38495
38625
39240
39392
40765
40767
40901
40929
41021
41032
41177
41300
41878
42231
42371
42453
42813
42974
43183
43514
43545
44426
44456
44753
45347
45447
45557
45584
45626
46019
46920
47092
47508
47682
47704
47741
47787
47833
47863
48212
50832
50899
50998
51230
52638
52729
53299
54471
54498
54508
54592
54633
54867
55279
55948
56162
56756
56814
56934
57572
59607
60093
60256
60412
60449
61625
61718
61958
61975
62096
62164
62374
62456
62539
62612
62613
62687
62735
63005
63071
63091
63204
63227
63670
64398
64731
65193
65330
66742
66802
67979
68261
68312
68439
69127
69774
70830
71356
71461
71476
71482
71495
71675
72573
72701
72717
72742
72761
72812
73485
73649
74286
75808
75897
76191
76292
76297
76451
77810
77816
78149
78650
78757
80029
80054
80081
82782
82867
83138
83229
83635
83651
83729
83773
83778
83821
83873
83874
84872
85598
87576
87882
88005
88035
88040
91620
91973
92032
92145
92956
92973
93968
93996
94177
94193
94252
94276
94293
95688
97352
97669
99141
99235
99822
99859
100508
100551
104285
105074
105388
106298
108006
108965
111455
111607
113303
116094
116236
116569
116802
117319
121814
123409
124004
128208
129097
129282
131337
132829
133570
134123
135398
135402
146179
149776
154613
155302
157730
158569
160243
160873
165991
174047
188546
207890
223479
263800
297160
315914
315945
321986
339380
353183
353193
355286
355775
355776
355813
356254
358994
359340
375253
376532
376536
378681
389342
389355
389568
389570
390360
391802
393149
398297
421338
430373
432261
432264
432274
432285
432324
436057
436066
436085
436107
436146
436405
437304
437728
2008 GQ141
2008 RG46
2010 VJ119
2011 RO3
2012 BO64
2012 RP17
2013 AS64
2013 CY48
2013 TW90
2014 DZ53
2014 HJ11
2015 FH23
2006 BS264
2006 DL78
2009 RD17
2010 AV129
2010 BB76
2010 OW83
2010 XD43
2011 QD3
2011 QR51
2011 SH262
2011 YG44
2013 AC136
2013 BR7
2014 VP28
2015 GE47