id
884
3548
4829
7352
10664
12972
13062
13780
14235
21900
24448
24456
24486
34993
36270
37715
38051
38611
39798
41355
43436
51346
76824
77902
106091
111805
124729
138981
154989
161489
184979
187659
189772
191116
195117
195152
195287
202791
202824
219141
220324
220555
223251
228111
241581
246114
249258
253347
257200
258624
258684
264048
264068
264100
264110
264164
266736
272124
274651
275116
275333
289285
291260
297144
299062
300250
306177
306200
310668
312463
312621
312807
313024
316130
316132
316165
316267
316552
316629
321070
322194
325936
329008
331050
333412
337761
341856
341857
345775
350051
353346
353740
353744
353761
355286
355287
355809
356237
356257
356259
356429
356449
356905
356913
359351
359585
359594
359943
359957
378273
379985
379986
386856
387390
389305
389323
389355
389823
390322
390349
392219
392239
393206
395281
396134
398122
398616
398753
398800
412432
421434
433277
433281
433293
433671
433674
436057
436064
436082
436760
437294
437307
437720
437730
2007 FN48
2008 GP141
2008 QL25
2008 RX37
2009 RG57
2009 SP46
2009 ST155
2009 SJ184
2009 SK254
2009 SX263
2009 SX354
2009 UR44
2010 BJ16
2010 VJ119
2010 VF142
2012 UN18
2013 AH133
2013 BH
2013 BL
2013 BR
2013 BR1
2013 BS38
2013 BT43
2013 BB51
2013 CF104
2013 CA219
2013 EG17
2013 YG32
2014 EW31
2014 FT43
2014 UN88
2014 WL366
1999 YW16
2007 LY29
2008 SV108
2009 UX14
2009 VV35
2010 OX110
2010 VD159
2011 OP18
2011 OR39
2012 QA10
2013 AX136
2013 BJ11
2013 BY16
2013 BT27
2013 BV41
2013 CQ133
2013 CP196
2013 RO26
2014 FT4
2014 UX182
2014 WF232
2014 WM220
2014 WF232
2015 HO142