id
4587
7092
13478
51356
58155
63706
68416
83144
91751
104792
121546
129430
130322
133938
133958
136484
138869
139600
143295
147850
148582
150261
152806
153238
155184
155849
156192
157455
157883
160863
169045
171391
173347
176452
180013
180550
181373
186945
190209
204079
215500
216697
216945
217349
218507
222975
225253
225868
229751
230858
232088
233058
233939
233950
237255
240005
242148
242651
243489
243626
243743
245529
245603
246996
247135
248981
249284
249302
249614
249642
249927
250909
250928
251864
252141
252197
252567
254134
254150
254286
254367
255270
255440
255529
256328
257480
257602
257930
257977
258154
260114
260131
260275
260286
260298
260394
260401
260472
261720
261739
261858
263035
263793
265027
265387
265399
266019
266045
266433
267141
267719
268089
268213
269120
269345
269379
269848
269913
271696
275156
275948
275993
276985
279494
282843
284359
285993
286958
287292
289375
291152
293537
301962
310524
310534
311114
311490
313171
313641
313962
314269
314447
314482
316941
318230
318346
319122
319989
322016
322208
322639
322669
322701
324110
324286
325700
325869
325992
326835
327108
327508
327598
328445
328839
329032
329113
330210
330216
330822
331280
331548
331597
332316
340586
348190
348608
366246
434329
2002 RM44
2002 VQ85
2004 RX218
2004 TW234
2004 VL45
2004 XG112
2005 ER243
2005 WV3
2005 WV203
2005 YW3
2006 AQ85
2006 DZ116
2006 FO9
2008 KB5
2009 OH14
2009 PW19
2009 QB3
2009 SU92
2009 UZ89
2009 UX92
2009 WB110
2009 WU251
2010 OG15
2010 OU120
2010 PY70
2010 VY28
2010 VE62
2010 VM138
2011 EE21
2011 OL9
2011 QN38
2012 AJ1
2012 BU107
2012 FX80
2012 HS82
2012 TS202