id
1196
1337
2448
4679
5492
8077
13931
14466
17796
18069
19093
22101
23529
26894
28403
29303
29905
32848
33160
34578
36390
37002
37189
37306
39978
40464
41305
41441
50397
51550
52667
52808
53340
54130
54391
54817
56253
63530
70214
70515
70597
71098
71677
74324
74398
77001
77749
77760
77870
78681
81564
81614
84981
87154
87638
88359
90678
90834
91391
93894
97845
100078
100305
100434
104212
107933
108016
111265
112620
114717
121847
122896
123365
129403
133892
133931
134224
135063
138096
139431
139477
139728
151197
151322
153734
154347
161294
161305
162431
162979
163813
167654
167953
168165
168566
168574
172370
176870
178645
184120
188482
189609
189946
190540
193194
193286
195584
197869
199852
202282
204020
206651
207054
208337
208449
209012
215539
217811
219529
222072
222357
222860
225327
225529
232249
234332
234851
235249
235445
237513
239082
239493
239846
240700
241012
241951
242903
245389
245906
246806
247628
249385
253074
254466
254654
255412
255906
256095
256317
257868
260078
260142
269265
270008
271642
271674
273351
277414
277637
279380
279673
281259
282063
282288
286183
287680
292338
294527
297293
300799
302108
303089
304371
304553
305834
307875
309303
313526
315837
316745
317264
322537
323845
326183
326991
327335
330015
332126
332179
332958
333427
334609
337337
343669
343671
350867
350914
351125
352203
352519
354674
355026
356921
358695
360897
361197
361752
361846
362435
363222
363873
367612
368128
368274
370752
372392
374585
375059
378913
379338
380202
381171
383297
383341
385592
386086
386748
387941
390643
392124
392477
392912
393775
394468
394541
395411
398937
399031
401232
404879
405633
410579
410975
411217
411954
413042
413217
413519
417177
419163
420634
423442
425263
426451
426604
429844
429941
430264
431233
431632
432525
432574
436597
437084
438853
439358
1995 TP5
1998 HO4
2001 SZ293
2002 CB72
2002 NB22
2002 PK202
2002 RM237
2002 TO386
2002 TN248
2005 GQ101
2005 GK163
2005 JW36
2006 DK195
2006 ED14
2006 QF133
2006 SJ286
2006 UR282
2006 VN98
2006 WT60
2006 WT87
2006 XL67
2007 AX27
2007 DB13
2007 TF279
2008 AM29
2008 EB1
2008 FJ130
2008 SX244
2008 SF295
2008 UB278
2009 EH23
2009 VJ28
2010 BX95
2010 JS35
2010 JQ68
2010 UZ93
2010 VB170
2010 XO10
2011 EQ43
2011 LP3
2011 ST233
2011 US295
2011 UA263
2011 US295
2012 EQ5
2012 HQ6
2012 JP1
2012 PG12
2012 TB27
2012 UO136
2013 CX131
2013 CU201
2013 FC6
2013 KU8
2013 KL12
2013 PB34
2013 TP144
2013 WZ47
2014 DJ138
2014 LR25
2014 MR15
2014 MM34
2014 ON97
2014 OM154
2014 PE42
2014 PR51
2014 QF38
2014 SR229
2014 SY282
2014 UT31
2014 VK27
2014 WQ52
2014 WB364
2014 WO381
2014 WZ419
2014 WN475
2014 WS481
2014 WJ493
2014 WT335
2015 BK220
2015 CZ32
2015 DT30
2015 DT205
2015 FV21
2015 FY329
2015 KE123
1997 OH
2000 GZ
2000 KT40
2001 FT230
2001 PA32
2002 QH154
2003 SY311
2004 RK243
2005 GA100
2005 TU46
2005 UZ217
2005 US479
2005 UF483
2005 VK13
2005 VE80
2006 WA158
2006 XF
2007 EP37
2007 GH31
2007 VK25
2008 RZ45
2008 UT103
2008 YO110
2009 HX98
2009 PZ6
2009 PD11
2009 QA52
2009 WC250
2010 AZ121
2010 BW86
2010 CN50
2010 CD242
2010 DE53
2010 DS69
2010 EB7
2010 ET153
2010 FS115
2010 GW76
2010 JD11
2010 JM62
2010 JN91
2010 JH104
2010 JS131
2010 KK94
2010 KG115
2010 LQ13
2010 LX75
2010 LO85
2010 MY5
2010 MJ77
2010 NB46
2010 NJ80
2010 NR84
2010 NS107
2010 OD93
2010 OU94
2010 PW47
2010 UQ67
2011 BL158
2011 CU
2011 QM6
2011 QV36
2011 SA12
2011 UJ374
2011 UO338
2011 WF124
2011 WP133
2011 YY50
2012 UF29
2013 AO83
2013 AA140
2013 AQ142
2013 CC114
2013 CV137
2013 DG14
2013 GA14
2013 GB118
2013 HL75
2013 OM11
2014 AD43
2014 DS42
2014 DD133
2014 HB49
2014 HJ190
2014 OF371
2014 OS313
2014 PC51
2014 QV130
2014 QE162
2014 UA182
2014 WK432
2015 AW1
2015 AK39
2015 BF380
2015 DE114
2015 FL328
2015 KH10
2015 ME72
2015 MF122
2015 PF43
