id
1042
2008
7215
7588
15102
18996
22044
26646
26718
29936
32240
33292
38005
38981
41296
42076
42784
45453
46678
51058
54444
55068
55907
56992
58912
66174
68696
71665
73429
74403
76538
76779
77720
77751
77838
78154
78300
79145
79347
81938
82051
86253
87538
87544
87764
90278
91163
92169
92179
95238
96296
97748
99875
106971
109399
113862
114275
115916
116115
124097
128056
128448
129282
132961
138705
146818
162934
164169
169410
170122
171242
175091
180182
183428
184204
186363
186386
191226
196114
201360
201377
201852
207580
212997
218790
222197
222927
223361
223401
224774
229021
232245
238008
238398
241759
242595
243248
247385
254207
258485
263780
268233
270999
272081
276690
279029
280004
286491
286657
294936
300174
303942
304720
314556
322005
323044
328879
330490
331747
340646
340826
346256
347742
349043
349471
353713
356202
362520
390064
391090
392183
397096
411088
411167
413330
414382
421371
425513
432503
432901
433025
436842
438996
439375
2003 QN45
2004 DU21
2004 RG110
2005 JK120
2005 SK238
2005 WO12
2006 AO31
2006 KD76
2007 CD25
2007 TP447
2007 TN234
2007 YA71
2008 CX43
2008 XW21
2008 XU48
2009 CQ48
2009 XY15
2010 EW82
2011 GO77
2011 LD7
2011 OR41
2011 UA281
2011 UD158
2011 UA281
2012 CW38
2012 XU1
2012 XU83
2013 HN15
2013 RH71
2013 SV44
2014 FH67
2014 JJ5
2014 KX94
2014 ON129
2014 UJ8
2014 VL11
2014 WV2
2014 WB232
2014 YK21
2015 AK16
2015 AS45
2015 MU91
2004 TB115
2004 TX183
2005 UU139
2005 YR67
2006 WE177
2007 EC123
2007 HS42
2007 XK55
2008 HX56
2008 UA73
2008 UK270
2009 SL92
2009 WR76
2010 EQ151
2010 FN52
2010 GB40
2010 JH4
2010 JJ102
2010 KK71
2010 KK82
2010 KC127
2010 LQ48
2010 MA102
2010 NL10
2010 NB72
2010 OT51
2010 OT65
2010 TJ59
2010 UN37
2011 HZ34
2011 UK167
2012 BV70
2012 KQ33
2012 ST62
2012 TA6
2013 AK139
2013 AU139
2013 AE166
2013 AW171
2013 CJ155
2013 QR14
2013 WS25
2014 AL33
2014 OU199
2014 QA42
2014 WX189
2014 WC294
2014 YT20
2014 YO33
2015 AN126
2015 FP115
2015 FW288
2015 HW71
2015 KE9
2015 KR10
2015 LE30