id
58
146
203
205
206
215
272
308
412
559
1228
1300
1517
1724
1891
1893
2305
2560
2603
2732
2753
2930
2996
3065
3349
3587
3734
4124
4292
4407
4516
4872
5091
5134
5194
5589
5628
5876
5965
6215
6255
6678
6704
7065
7562
7696
7864
7907
8268
8371
8433
8711
8765
8881
9331
9376
9394
9448
9461
9473
9629
9719
9785
10008
10281
10436
10474
10621
10964
11092
11098
11299
11342
11418
11530
11560
11659
11719
11742
11747
11880
11883
11967
11968
11983
11985
11989
12271
12309
12314
12315
12379
12380
12539
12739
12845
12906
13032
13113
13114
13203
13222
13349
13417
13583
13588
13758
14008
14092
14106
14154
14226
14396
14403
14646
14656
14711
14970
15168
15234
15358
15359
15602
15680
15743
15804
15948
15954
16027
16107
16333
16410
16438
16441
16638
16758
16790
16844
16879
16920
16939
17039
17208
17299
17327
17333
17335
17339
17757
17761
17901
18189
18191
18255
18275
18277
18465
18518
18605
18659
18667
18699
18973
19066
19076
19272
19349
19463
19466
19476
19486
19629
19638
19663
19808
20050
20202
20204
20331
20342
20357
20368
20390
20401
20573
20644
20742
20839
20897
20924
21092
21093
21207
21248
21252
21358
21530
21660
21869
21913
22430
22485
22621
22676
22840
22932
23019
23082
23085
23173
23176
23214
23371
23503
23610
23806
23839
23846
23858
23890
23897
23900
24005
24162
24191
24290
24480
24588
24783
25040
25115
25188
25194
25203
25224
25252
25267
25475
25495
25518
25565
25630
25690
26078
26079
26144
26176
26179
26289
26344
26455
26491
27118
27145
27164
27168
27363
27479
27493
27495
27503
27588
27595
27694
27866
28026
28053
28063
28134
28286
28408
28613
28688
28740
28778
28831
28881
29085
29101
29102
29109
29248
29482
29498
29697
29772
29802
29813
29858
29911
30165
30293
30386
30638
30759
31206
31452
31488
31578
31588
31688
31781
31798
31802
31956
32136
32598
32616
32625
32657
32706
32712
32716
32994
33149
33177
33183
33210
33254
33257
33261
33470
33537
33545
33568
33575
33614
33699
33975
34029
34180
34190
34195
34271
34308
34355
34415
34447
34452
34503
34680
34697
34819
34840
34843
34922
34936
34966
35245
35506
35546
35576
35943
36118
36245
36252
36527
36605
36666
36699
36765
36819
36822
36832
36835
36844
36902
36904
36952
37058
37074
37136
37181
37254
37340
37467
37500
37522
37524
37751
37941
37989
38350
38358
38370
38509
38799
38885
38930
38948
38990
39035
39039
39054
39060
39074
39113
39129
39169
39172
39240
39357
39359
39364
39370
39374
39456
39535
39546
39582
39588
39589
39628
39664
39751
39762
40002
40260
40428
40490
40501
40519
40543
40563
40588
40614
40684
40775
40785
40859
40861
40873
40877
40893
40901
40915
40922
40942
41061
41148
41150
41209
41592
41681
41845
41865
41885
41932
41937
42005
42049
42247
42281
42290
42506
42870
42965
43043
43044
43055
43085
43097
43130
43153
43258
43423
43626
43665
43701
43924
44229
44302
44313
44325
44328
44366
44386
44404
44422
44559
44560
44985
45094
45187
45387
45420
45490
45549
45580
45763
46011
46103
46123
46126
46155
46176
46195
46240
46256
46290
46349
46468
46483
46520
46612
46614
46901
46941
46945
46963
47033
47167
47415
47505
47508
47524
47550
47557
47567
47598
47607
47618
47647
47669
47704
47721
47752
47759
48169
48185
48201
48212
48230
48284
48551
48562
48692
48775
49135
49240
49342
49406
49421
49432
49453
49496
49733
50010
50041
50268
50298
50340
50430
50505
50513
50543
50568
50581
50588
50600
50603
50612
50616
50645
50726
50735
50778
50779
50799
50836
50838
50881
50899
50903
50938
51005
51032
51054
51083
51167
51256
51264
51437
51532
51745
51800
51897
51973
52101
52109
52245
52413
52609
52630
52659
52684
53060
53105
53141
53171
53227
54069
54116
54186
54208
54285
54333
54340
54471
54699
54858
54904
54955
54967
54982
55024
55033
55069
55127
55130
55173
55236
55281
55321
55360
55377
55639
55662
55683
55799
55800
55816
55819
55859
55992
56176
56236
56237
56310
56363
56790
56847
56856
57072
57139
57482
57575
57625
57629
57728
57799
57906
57928
57977
57989
58001
58080
58277
58368
58512
58562
58633
58726
58731
58763
58775
58997
59117
59122
59162
59437
59513
59600
59828
60040
60058
60081
60084
60126
60168
60173
60195
60198
60240
60357
60364
60425
60428
60445
60590
60657
60673
60815
61360
61381
61473
61481
61519
61570
61601
61620
61625
61632
61647
61653
61718
61767
61838
61906
61912
61963
61978
61988
61993
62031
62094
62148
62204
62215
62223
62230
62260
62272
62274
62281
62294
62435
62439
62440
62464
62501
62527
62530
62547
62581
62609
62653
62655
62664
62704
62712
62719
62723
62812
62840
62874
62913
63054
63192
63384
63599
63752
63971
64026
64098
64209
64291
64349
64373
64407
64408
64490
64525
64527
64541
64604
64639
64649
64671
64845
65062
65084
65094
65221
65226
65230
65247
65295
65313
65568
65613
65620
66011
66476
66672
66727
66738
66740
66786
66809
66815
66818
66838
66863
66937
66993
67097
67173
67313
67341
67631
67657
67806
68087
68144
68165
68167
68380
68470
68475
68514
68592
68830
68948
69035
69037
69242
69370
69522
69533
69797
69820
69908
70479
70606
70615
70626
70628
70684
70729
70793
70807
70850
70857
70860
70893
70894
70913
70928
70943
71005
71015
71021
71085
71255
71262
72291
72398
72402
72420
72434
72445
72465
72469
72492
72510
72522
72565
72601
72610
72612
72637
72642
72723
72764
72814
73414
73415
73453
73790
73791
73925
74220
74247
74329
74498
75549
75671
75760
75794
75831
75832
75855
75857
75859
75951
75974
75998
76111
76174
76176
76211
76335
76351
76394
76417
76473
76474
76544
76665
76693
76702
77157
77198
77282
77301
77360
77396
77449
77518
77548
77556
77638
77786
78284
78308
78383
78387
78397
78415
78424
78430
78434
78531
78604
78613
78623
78695
78748
78911
78952
79103
79104
79196
79262
79433
79908
79955
81130
81214
81258
81278
81287
81317
81328
81334
81350
81358
81367
81442
81491
81520
81581
81604
81656
81674
81727
81735
81807
81813
82378
82417
82521
82564
82614
82716
82726
82761
82892
82896
82926
82992
83017
83054
83059
83068
83070
83071
83106
83109
83157
83180
83220
83248
83249
83263
83300
83309
83324
83336
83363
83368
83380
83381
83405
83440
83500
83528
83532
83556
83592
83630
83741
83814
84300
84471
84488
84611
84669
84691
84710
84740
84771
84820
85003
85011
85074
85266
85272
85979
87450
87452
87508
87600
87652
87661
87699
87714
87733
87735
87744
87774
87778
87807
87833
87869
87884
87946
88559
88635
88709
88754
88810
88820
88829
88842
88866
88964
88973
88997
89007
89022
89066
89086
89088
89134
89147
89156
89171
89178
89215
89220
89226
89242
89286
89356
89360
89462
89537
89647
89654
89681
89701
89706
89759
89760
89779
89853
89944
90065
90244
90322
90343
90364
90497
90506
90735
90744
90889
90895
91060
91105
91115
91116
91118
91130
91132
91140
91440
91443
91460
91481
91496
91516
91662
91868
93210
93471
93487
93569
93575
93617
93630
93635
93653
93696
93772
93773
93782
93833
93873
93920
93948
93956
94103
94966
95049
95053
95054
95091
95193
95248
95271
95272
95281
95291
95306
95328
95341
95370
95393
95401
95444
95502
95504
95524
95525
95557
95559
95617
95961
96089
96133
96282
96330
96896
96927
96930
96938
96976
96986
97002
97010
97026
97107
97139
97271
97446
97609
97625
98751
98846
98847
98852
98946
98951
99019
99131
99186
99189
99194
99206
99288
99314
99335
99623
99658
99752
99775
100041
100097
100165
100184
100282
100317
100409
100420
100724
100728
100729
101178
101251
101446
101700
101800
102368
102722
102782
102799
102949
103144
103214
103221
103466
103561
103666
103680
103738
103740
103801
103833
103847
103861
103863
103864
103903
103906
103925
103936
104014
104039
104229
104253
104262
104383
104438
104460
104461
105380
105447
105602
105662
105903
107379
107395
107686
107735
107754
107942
107962
107981
108004
108072
108312
108331
108387
108399
108419
108689
108720
108823
108896
109237
109558
109701
109903
109920
110002
110048
110094
110105
110174
110178
110196
110199
110243
110272
110299
110389
110398
110401
110407
110430
110431
110473
110479
110497
110548
110599
110613
110618
110619
110620
110625
110650
110682
110707
110783
110796
110798
110799
110814
110835
110888
110897
110898
110906
110915
110951
111036
111053
111073
111079
111080
111085
111112
111161
111210
111228
111362
111437
111439
111554
111566
111752
111859
111876
112462
112479
112483
112503
112514
112530
112531
112614
112722
112782
112809
112850
112862
113041
113063
113065
113114
113142
113171
113245
113298
113305
113339
113362
113431
113443
113444
113471
113490
113526
113566
113578
113643
113679
113824
113964
113973
114010
114160
114175
114447
114454
114484
114551
114571
114625
115095
115120
115145
115181
115245
115291
115579
115615
115651
115660
115702
115705
115783
115821
115862
115919
115958
115995
116030
116113
116232
116261
116265
116267
116317
116389
116545
116603
116635
116650
117078
117107
117180
117500
117596
117675
117774
117781
117807
117810
117860
118181
118729
118751
118752
118764
118794
118804
118821
118837
118858
119301
119338
119361
119532
119680
119685
119700
119702
119704
119734
119741
119742
119749
119790
119793
119799
119841
119849
119882
120075
120077
120079
120097
120399
120498
120586
120591
120605
120801
120849
121359
121391
121393
121401
121403
121465
121471
121519
121539
121583
122335
122582
122713
122745
122766
122948
122969
122981
122991
123038
123129
123205
123402
123440
123490
123630
123631
123647
123676
123678
123816
123897
125070
125080
125530
125745
125950
125988
126121
126207
126216
126220
126261
126276
126289
126324
126348
126423
126494
126513
126542
126551
126563
126587
126607
126614
126689
126713
126735
126737
126832
126884
126909
126918
126949
126963
126968
126989
126995
127013
127048
127074
127093
127141
127149
127164
127175
127180
127183
127186
127207
127208
127258
127320
127344
127590
127729
127941
128005
128009
128159
128228
128242
128466
128584
128704
128721
128724
128802
128852
128912
128924
129034
129089
129100
129119
129160
129167
129168
129293
129417
129526
129900
130059
130127
131151
131203
131207
131220
131241
131286
131293
131300
131328
132439
132577
132610
132891
132966
133235
133321
133323
133361
133398
133406
133459
133468
133484
133489
133565
133625
133628
133660
133691
133699
133704
133728
134062
134129
134135
134170
134176
134206
134236
134270
134782
134798
134822
135344
135369
135426
135499
135508
135792
135836
135838
135890
135892
135898
135903
135917
135977
135999
136037
136171
136176
136198
136263
136266
136270
136288
136292
136322
136377
136414
136519
136650
137113
137145
137153
137157
138235
138277
138394
138432
138443
138449
138461
139463
139467
139489
139515
139553
139635
139654
139664
139697
139712
139741
139762
139800
139815
139831
139834
139900
139902
139910
139911
139913
139922
139990
140012
140016
140038
140045
140076
140081
140082
140097
140118
140127
140135
140154
140177
140292
140294
140301
140305
140317
140413
140463
140551
140555
140603
140738
140963
141001
141173
141197
141204
141298
141360
141389
141476
142449
142828
142832
142845
142915
142922
143009
143028
143051
143061
143100
143106
143139
143149
143318
143319
143419
143623
143667
143719
143983
144048
144072
144108
144137
144212
144217
144245
144251
144364
144369
144371
144394
144439
144444
144447
144451
144460
144500
144535
144552
144566
144589
144640
144654
144699
144705
144733
144736
144745
144758
145036
145195
145254
145318
145353
145371
145431
145470
145475
145622
145776
145780
146479
146576
146577
146581
146604
146621
146642
146670
146678
146701
146709
146776
146778
146796
146798
146799
146815
147328
147342
147355
147371
147374
147385
147422
147491
147610
147651
147672
147758
147792
147809
147829
147845
147908
147910
147913
148320
148383
148849
148858
148876
148881
148942
148945
148950
148973
148977
148988
148991
148993
149307
149482
149493
149500
149511
149515
149535
149737
149851
149874
149917
149928
149949
149958
150034
150152
150173
150568
150571
150573
150584
150936
151001
151157
151170
151173
151194
151217
151218
151237
151253
151262
151264
151271
151275
151280
151299
151325
151790
151856
151871
152034
152036
152231
152275
152294
152352
152379
152384
152475
152513
152570
152592
152624
152665
153146
153182
153194
153763
153979
153990
153992
154031
154040
154042
154044
154063
154066
154071
154077
154106
154124
154511
154543
154561
154588
154774
154847
154851
154909
155165
155195
155236
155268
155274
155402
155509
155512
155767
155804
155812
156426
156470
156490
156505
156515
156516
156527
156530
156538
156546
156554
156612
156621
157193
157200
157210
157244
157261
157293
157334
157373
157687
157688
157717
157766
157774
157806
157807
157808
158342
158464
158469
158503
158522
158534
158546
158950
158986
158993
159015
159042
159063
159070
159071
159079
159299
159372
159376
159660
159669
159671
159921
159975
159985
160023
160024
160060
160139
160183
160187
160420
160530
160860
160909
161215
161258
161358
161384
161465
161560
161707
161712
161726
161864
161896
161928
162104
162345
162381
162394
162869
162905
163352
163369
163370
163383
163876
163908
163915
163968
163985
163988
163993
164012
164014
164022
164025
164045
164056
164057
164076
164136
164300
164315
164325
164527
164584
164749
164762
164763
164966
164993
165005
165010
165015
165039
165585
165588
165646
166428
166431
166441
166449
166489
166497
166499
166502
166510
166523
166575
166608
166750
167091
167135
167155
167252
167257
167295
167302
167306
167318
167330
167341
167349
167363
167367
167411
167439
167442
167503
167557
167794
167820
167841
167851
167885
167909
167914
167923
167989
168190
168359
168432
168446
168619
168635
168640
168642
168646
168655
168667
168668
168686
169734
169753
169796
169816
169820
169833
169835
169856
169866
169885
169895
169902
169958
169987
169992
170010
170012
170018
170061
170079
170420
170503
170513
170524
170592
170619
170650
170661
170703
170717
170834
170866
171001
171016
171054
171073
171080
171086
171089
171119
171156
171180
171181
171230
171408
171413
171455
171501
171644
171654
171889
172238
172255
172256
172266
172288
172321
172334
172579
172607
172695
172742
172901
172908
172920
172946
172952
173126
173180
173234
173426
173435
173438
173440
173450
173687
173761
173774
173786
173787
173840
174271
174282
174365
174408
174882
174944
174945
174962
174977
174992
175003
175028
175034
175035
175038
175081
175311
175314
175426
175455
175481
175494
175514
175533
175538
175630
175638
175679
175952
175972
176245
176258
176263
176270
176273
176274
176280
176291
176323
176325
176334
176352
176419
176727
176884
176930
176936
176965
176966
177011
177032
177317
177456
177485
177518
177523
177524
177532
177537
177540
177550
177582
177597
177602
177633
177832
177862
177866
177930
178031
178073
178090
178161
178163
178166
178186
178199
178225
178230
178231
178239
178296
178355
178356
178602
178625
179000
179041
179069
179079
179083
179111
179112
179117
179146
179183
179185
179194
179203
179225
179230
179246
179266
179296
179323
179325
179705
179804
180069
180070
180590
180620
180645
180664
180680
180682
180712
180719
180731
180816
180950
180969
180987
181127
181260
181397
181448
181462
181495
181500
181502
181509
181551
181555
181580
181582
181599
181608
181614
181635
181669
181671
181758
181787
182102
182154
182463
182527
182542
182552
182556
182559
182561
182566
182568
182591
182601
182629
182638
182640
182662
182664
182674
182717
182725
182727
182729
182785
183034
183285
183477
183487
183490
183499
183509
183597
183822
183850
184014
184111
184158
184316
184322
184332
184370
184410
184492
184519
184550
184556
184587
184596
184609
184610
184617
184684
184689
184707
184751
184760
184778
184787
184845
184919
185121
185209
185219
185255
185324
185402
185412
185416
185444
185446
185524
185619
185747
185900
186135
186154
186162
186163
186183
186221
186225
186253
186607
186610
186626
187118
187129
187148
187197
187199
187200
187207
187219
187221
187226
187235
187289
187294
187301
187310
187391
187445
187549
187582
187613
187664
187670
187675
187701
187759
187927
188071
188073
188080
188084
188088
188304
188493
188531
188618
188651
188685
188686
188689
188700
188768
188906
188912
188920
188941
188999
189289
189324
189385
189399
189416
189610
189790
189794
190040
190041
190052
190269
190388
190390
191085
191120
191124
191142
191146
191150
191793
191801
192001
192013
192038
192051
192053
192056
192057
192069
192082
192083
192085
192086
192113
192123
192156
192160
192207
192258
192318
192321
192322
192362
192406
192410
192682
192716
192740
192745
192787
192788
192793
192816
192830
192839
192840
192841
192846
192899
192920
193615
193640
193677
193720
193721
195202
195226
195251
195330
195336
195408
195409
195426
195447
195452
195488
195502
195507
195524
195545
195549
195551
195589
195590
195594
195606
195622
195626
195635
195896
196548
196556
196584
196614
196647
196703
196720
196730
196757
196770
196830
196832
196882
196918
196919
197001
198026
198244
198309
198391
198456
198482
198495
198519
198526
198561
198581
198657
198686
198789
199052
199279
199295
199300
199317
199336
199337
199380
199418
199427
199435
199446
199449
199450
199452
199505
199507
199514
199520
199521
199538
199542
199549
199554
199587
199600
199710
199738
199754
199787
200114
200116
200123
200151
200231
200239
200241
200279
200283
201109
201114
201236
201261
201500
201537
201544
201591
201602
201604
201638
201646
201648
201655
201672
201682
201736
201745
201758
202093
202136
202279
202301
202332
202558
202579
202586
202602
202624
202629
202660
202669
202804
202811
202867
202870
203004
203025
203026
203031
203698
203706
203712
203720
203737
203740
203743
203763
203998
204002
204008
204013
204015
204038
204059
204061
204091
204107
204451
204454
204520
204525
204543
204545
204576
204689
204693
204752
204758
204763
204776
204783
204852
204868
204874
204937
204945
204991
205162
205203
205990
206011
206018
206037
206048
206050
206056
206057
206061
206062
206074
206137
206180
206579
206614
206663
206686
206691
206692
206693
206695
206698
206706
206729
206750
207049
207075
207192
207199
207216
207217
207229
207249
207264
207271
207282
207289
207297
207309
207330
207357
207363
207371
207433
207571
207742
207814
207845
207850
207861
207862
207881
207887
207934
207984
208022
208108
208124
208126
208133
208802
208835
208840
208860
208861
208862
208888
208892
208899
208927
209152
209284
209301
209325
209350
209676
209725
209735
209738
209761
209774
209781
209849
209863
210072
210082
210125
210322
210326
210328
210374
210377
210381
210427
210492
210621
210626
210639
210643
210649
210651
210886
210954
211291
211319
211365
211367
211380
211393
211401
211487
211721
211744
211748
211764
211767
211768
211774
211785
211792
211800
211808
211810
212098
212280
212282
212297
212439
212469
212473
212498
212515
212551
212786
212803
212807
212810
212815
212855
212869
212873
212910
212947
212952
213009
213055
213148
213274
213741
213742
213744
213747
213990
214017
214018
214024
214028
214029
214037
214056
214069
214343
214381
214601
214602
214616
214618
214627
214639
214641
214677
214678
214700
214792
214800
214803
214811
214818
214863
214949
214959
214974
215022
215067
215076
215389
215518
215523
215707
215758
215764
215976
216039
216095
216112
216113
216127
216131
216132
216152
216179
216188
216194
216216
216226
216239
216352
216363
216375
216426
216554
216685
216845
216868
217235
217421
217429
217452
217480
217537
217590
217609
218013
218021
218277
218284
218615
218658
218673
218687
218701
218705
218735
218866
218887
218896
218924
219037
219040
219213
219362
219381
219382
219400
219456
219824
219825
219843
219848
219873
219900
220297
220614
220769
220830
221074
221082
221126
221152
221192
221195
221218
221233
221235
221238
221251
221282
221320
221331
221338
221344
221352
221361
221459
221659
221661
221672
221681
221692
221696
221698
221705
221713
221929
221948
221965
221984
222340
222345
222707
222728
222739
222763
222766
222767
222779
222800
222810
222813
222822
222823
222829
222838
222841
222858
222867
223228
223296
223670
223690
223700
223718
223742
223746
223754
223762
223771
223793
223889
223960
224321
224326
224397
224416
224447
224449
224497
224503
224509
224550
224582
224606
224612
224615
224720
224940
224943
224975
224976
225014
225021
225053
225239
225564
225964
225983
226003
226008
226009
226010
226025
226029
226047
226055
226364
226740
226766
226770
226774
226777
226786
226789
226805
226818
226819
226831
226834
226839
226847
226873
226889
226900
226906
226908
226911
226926
226930
226938
227394
227455
227457
227475
227496
227497
227505
227529
227545
227554
227559
227563
227576
227578
227582
227601
227606
227607
227628
227670
227884
227915
227938
227942
227966
228062
228065
228191
228262
228666
228681
229167
229172
229178
229183
229186
229226
229228
229495
229511
229529
229553
229554
229568
229570
229573
229589
229595
229635
229740
229750
229758
229779
229793
229801
229817
229971
230078
230079
230098
230105
230373
230400
230635
230668
230883
230903
230920
230930
230959
230975
231189
231233
231234
231312
231320
231323
231339
231341
231344
231361
231372
231428
231556
231569
231576
231914
231915
232147
232226
232261
232533
232566
232577
232611
232625
232742
232826
232912
233226
233306
233319
233344
233358
233361
233386
233426
233440
233503
233610
233625
233688
233729
233735
233741
233761
233792
233807
233820
233822
233825
233833
233841
233845
233850
233865
233870
233871
233872
233885
233896
233944
233967
233974
233975
233993
234006
234716
234778
234809
235214
235215
235239
235259
235285
235287
235288
235292
235338
235347
235348
235359
235360
235875
235880
235887
235913
235930
235954
236364
236452
236476
236515
236527
236542
236557
236559
236564
236576
236609
236627
236628
236641
236643
236646
236659
236741
236795
236800
236940
237028
237076
237099
237148
237155
237172
237197
237233
237256
237289
237290
237345
237383
237385
237456
237467
237851
237899
237922
237926
237937
237942
237943
237981
238006
238143
238201
238208
238236
238277
238292
238294
238617
238632
238736
239097
239126
239133
239332
239351
239368
239374
239466
239538
239544
239569
239582
239620
239727
239744
239755
239828
240159
240177
240182
240190
240207
240427
240431
240667
240690
240691
240706
240922
241067
241081
241163
241172
241201
241218
241235
241239
241240
241242
241246
241264
241335
241383
241393
241405
241425
241515
241836
241935
242296
242452
242467
242516
242581
242583
242636
242637
242887
242888
242997
243007
243027
243043
243061
243103
243140
243172
243230
243249
243250
243265
243406
243417
243432
243433
243454
243457
243492
243574
243706
243707
243917
243932
244153
244292
244357
244388
244423
244424
244428
244435
244448
244494
244528
244630
244841
244845
244865
244892
244962
245244
245303
245304
245307
245321
245335
245338
245354
245485
245678
245710
245723
245764
245817
245843
245949
245988
246070
246075
246076
246218
246281
246338
246348
246354
246399
246404
246420
246430
246509
246517
246544
246611
246644
246660
246712
246741
246746
246761
246787
246896
246929
246931
247009
247209
247228
247271
247367
247381
247444
247979
247994
248007
248015
248347
248551
248756
248782
248812
248859
248876
248879
248897
248965
249094
249138
249205
249267
249277
249281
249363
249433
249526
249570
249915
249934
249945
250490
250495
250496
250498
250499
250501
250509
250665
250667
251098
251138
251143
251145
251147
251163
251186
251205
251215
251240
251245
251249
251253
251258
251285
251292
251293
251426
251433
251434
251451
251456
251457
251471
251473
251475
251483
251484
251497
251504
251523
251610
251613
251614
252310
252401
252441
252482
252503
252515
252517
252520
252538
252543
252570
252580
252584
252585
252619
252637
252644
252701
253269
253288
253361
254052
254068
254708
254744
254779
254788
254817
254824
254852
254882
254891
254907
254913
254921
254944
254967
255016
255020
255062
255800
255974
256017
256026
256028
256063
256088
256097
256108
256220
256227
256236
256258
256261
256268
256292
256297
256298
256300
256316
256323
256333
256375
256380
256387
256388
256764
256785
256800
256825
256826
256833
256835
256858
256896
256915
256924
256935
256952
256967
257000
257005
257009
257013
257023
257031
257032
257075
257077
257085
257089
257090
257120
257131
257135
257141
257158
257530
257531
257847
258210
258273
258286
258304
258312
258340
258366
258370
258412
258470
258518
259160
259306
259321
259349
259356
259844
259938
259993
259994
260024
260059
260073
260123
260156
260615
260699
260769
260792
260870
260874
260887
260912
260913
260925
260945
260947
260959
260965
260979
261022
261047
261055
261057
261089
261113
261119
261138
261151
261152
261171
261185
261192
261205
261228
261246
261256
261264
261269
261308
261350
261363
261365
261396
261398
261414
261422
261423
261428
261433
261487
261527
261528
261531
261561
262111
262113
262170
262193
262260
262281
262293
262300
262314
262316
262328
262404
262425
262457
262462
262463
262502
262519
262532
262625
262633
262635
262712
262745
262789
262790
262822
262830
262911
262931
262959
262970
262972
262978
262994
263026
263034
263049
263232
263285
263296
263343
263413
263449
263466
263504
263537
263540
263548
263554
263557
263562
263573
263597
263666
263713
263718
263729
263742
263760
263914
263931
263966
264033
264047
264090
264444
264703
264708
264721
264725
264733
264745
264762
265385
265408
265732
265758
265768
265772
265783
265825
265838
265843
265851
265853
265856
265858
265860
265885
266297
266319
266338
266345
266348
266354
266360
266361
266377
266378
266399
266407
266412
266428
266429
266438
266763
266776
266792
266804
266848
266880
266906
266978
267070
267073
267084
267457
267458
267463
268055
268097
268117
268120
268150
268166
268467
268469
268488
268497
268514
268518
268539
268555
268592
268611
268653
268966
268986
269002
269024
269044
269274
269449
269450
269473
269497
269513
269570
269573
269574
269577
269586
269768
269771
270274
270409
270477
270499
270522
270526
270532
271353
271794
271827
271878
271892
272483
272617
272695
272726
272778
272794
272814
272820
272830
272841
272876
272881
272885
272892
272896
272899
272930
272933
272953
272963
272969
272970
272978
272983
272986
272997
273038
273058
273070
273085
273088
273118
273194
273625
273703
273733
273740
273747
273752
273754
273760
273791
273906
273942
273943
273953
273962
274318
274402
274429
274511
274573
274575
274637
274705
274757
274814
274875
274912
274930
274951
274967
275038
275093
275177
275180
275243
275253
275338
275358
275362
275367
275379
275383
275386
275401
275426
275510
275708
276070
276114
276138
276150
276544
276581
276844
276876
276918
276993
277451
277510
277521
277526
277547
277560
277613
277625
277626
277651
277656
277663
277671
277680
277688
277706
277710
277715
277727
277732
277738
277745
277750
277780
277786
277790
277794
278023
278045
278170
278180
278230
278260
278520
278527
278546
278626
278632
278637
278638
278639
278657
278672
278677
278678
278693
278708
278730
278743
278750
278764
278768
278788
278790
278799
278800
278801
278814
278820
278839
278841
278847
278863
278866
278869
278892
278950
278995
279140
279202
279212
279270
279315
279364
279388
279390
279419
279464
279508
279534
279543
279546
279562
279581
279586
279684
279775
279787
279861
280134
280353
280358
280362
280369
280536
280646
280882
280988
280989
280995
280996
280999
281009
281019
281025
281029
281042
281048
281447
281458
281468
281477
281491
281517
281529
281549
281564
281565
281575
281587
281590
281594
281596
281612
281617
281622
281649
281682
281750
281775
281790
281833
281842
281878
281879
281890
281951
282006
282009
282248
282282
282291
282402
282550
282575
282588
282755
282877
282944
282962
283018
283083
283086
283195
283307
283358
283671
283679
283823
283863
283881
284051
284057
284058
284059
284163
284182
284203
284273
284290
284297
284519
284537
284544
284626
284805
284809
284825
284993
284997
285005
285017
285115
285133
285138
285182
285201
285300
285307
285332
285520
285526
285544
285774
285792
286063
286233
286240
286255
286278
286313
286320
286337
286392
286458
286512
286672
286949
287004
287034
287039
287051
287157
287169
287177
287186
287358
287359
287413
287424
287427
287429
287431
287575
287815
287892
287914
287928
287937
287957
287979
288069
288084
288172
288319
288369
288419
288445
288467
288483
288769
289071
289110
289316
289556
289578
289606
289749
289777
289879
289880
289904
289942
289954
289970
290083
290097
290108
290189
290195
290236
290245
290247
290286
290293
290296
290316
290346
290362
290383
290395
290410
290435
290437
290458
290468
290474
290499
290515
290526
290567
290616
290634
290645
290648
290671
290688
290689
290691
290693
290711
290764
290771
290778
290800
290825
290826
290876
290911
290917
290987
291015
291046
291047
291067
291178
291287
291590
291664
291687
291693
291696
291697
291702
291779
291792
291797
292022
292030
292199
292245
292261
292284
292336
292342
292421
292506
292510
292512
292591
292610
292672
292842
292843
292848
292897
292945
292991
293046
293093
293207
293215
293222
293230
293232
293235
293246
293250
293261
293269
293270
293273
293278
293292
293317
293318
293323
293365
293367
293412
293417
293504
293613
293695
293821
293845
293889
293917
293963
294003
294037
294038
294064
294084
294140
294236
294248
294262
294302
294325
294356
294366
294381
294421
294572
294641
294663
294669
294746
294766
294770
294773
294777
294790
294860
294870
294874
294875
294886
294900
294917
294961
294963
294981
294989
295055
295090
295100
295103
295105
295112
295165
295175
295179
295208
295225
295262
295401
295438
295472
295575
295725
295819
295824
295889
295929
295960
295979
295981
295991
295999
296040
296046
296093
296215
296257
296312
296371
296418
296451
296618
296717
296722
296732
296743
296761
296791
296848
297031
297054
297067
297153
297222
297365
297375
298001
298055
298128
298130
298152
298164
298194
298212
298214
298229
298233
298579
298617
298622
298626
298641
298656
299081
299116
299117
299127
299143
299148
299167
299196
299199
299211
299218
299228
299671
299683
299706
299769
299801
299804
300439
300462
300481
300488
300517
300526
300541
300588
300591
300618
300648
300653
300666
300668
300673
300693
300697
300755
300759
300786
300787
300788
300789
300810
300815
300816
300827
300832
300845
301173
301188
301236
301295
301352
301356
301375
301376
301383
301387
301418
301445
301452
301456
301459
301463
301478
301480
301496
301515
301526
301713
302728
302753
302780
303077
303081
303096
303123
303135
303158
303169
303178
303180
303559
303582
303588
303599
303601
303613
303621
303636
303645
303650
304191
304203
304230
304249
304250
304258
304266
304270
304276
304280
304282
304299
304310
304319
304323
304324
304340
304354
304356
304362
304381
304399
304421
304457
304458
304488
304493
304499
304503
305064
305095
305119
305163
305164
305185
305194
305198
305199
305238
305251
305258
305262
305263
305272
305278
305279
305294
305296
305331
305351
305598
305683
305763
305812
305821
305831
305861
305880
305881
305885
305901
305902
305907
305918
305932
305934
306084
306098
306196
306259
306307
306323
306344
307447
307469
307898
307909
308303
308848
308850
308856
308891
308892
308894
308901
308903
308920
308931
308940
308942
308959
308977
308999
309022
309029
309033
309045
309162
309537
309538
309545
309580
309603
309620
309623
309845
309939
309951
309963
309975
309987
309996
310008
310014
310089
310135
310239
310353
310368
310566
311319
311337
311658
311680
311681
311730
311741
311756
311758
311772
311796
311800
311839
311856
311861
311864
311872
312232
312251
312255
312320
312339
312344
312347
312358
312372
312375
312381
312386
312390
312391
312431
312572
312726
312756
312865
312915
313212
313237
313265
313582
314237
314249
314251
314256
314257
314268
314274
314275
314284
314293
314321
314333
314721
314770
314874
314889
314913
314936
314944
314973
314980
314987
314991
314994
315002
315046
315153
315531
315600
315602
315622
315646
315653
315677
315682
315692
315703
315713
315722
315736
315743
315744
315748
315756
315757
315779
315782
315790
315800
315802
315824
315825
315826
315827
315830
315872
316248
316252
316329
316332
316340
316349
316375
316382
316385
316402
316427
316454
316491
316513
316545
316559
316566
316686
316811
316989
317105
317179
317184
317197
317202
317204
317235
317354
317386
317439
317667
317671
317676
317876
317941
317946
318421
318447
318549
318758
318779
318789
318804
318805
318831
318836
318843
318862
318865
318873
318887
318891
318900
318906
318913
318925
318941
318956
318959
318964
318971
318995
318998
319032
319052
319072
319093
319452
319760
319781
319877
319901
319915
319916
319919
319921
319930
319936
319954
319955
319956
319966
319979
320028
320064
320116
320161
320590
320639
320742
320779
320801
320887
320897
320902
320906
320909
320923
320931
320937
320938
320974
321013
321020
321184
321185
321197
321503
321660
321685
321702
321709
321712
321784
321790
321822
321839
321846
321929
321931
321966
322001
322004
322018
322026
322081
322083
322085
322152
322170
322220
322295
322309
322426
322434
322447
322452
322468
322482
322502
322875
322881
322905
323132
323171
323539
323808
323816
323885
323896
323921
323922
323934
323945
323950
323956
323958
323964
323966
323992
324003
324028
324031
324033
324052
324059
324065
324078
324090
324609
324626
324639
324651
324654
324664
324678
324692
324702
324718
324730
325163
325196
325210
325212
325215
325229
325239
325248
325272
325280
325283
325313
325332
325344
325497
325916
325960
325963
326011
326035
326098
326152
326200
326215
326243
326256
326489
327238
327246
327289
327300
327302
327304
327317
327345
327346
327349
327359
327362
327384
327396
327415
327425
327431
327432
327435
327443
327456
327464
327470
327497
327891
327903
327908
327912
327917
327925
327930
327942
327943
327966
327971
327977
328242
328341
328526
328533
328534
328585
328592
328611
328617
328623
328630
328663
328733
328774
328996
329006
329035
329037
329040
329046
329055
329157
329166
329407
329827
329833
329976
329977
330017
330036
330040
330053
330076
330118
330119
330133
330135
330152
330398
330411
330442
330446
330448
330453
330463
330474
330476
330485
330679
330702
330763
330889
330900
330911
330924
330942
330980
331182
331193
331199
331206
331222
331232
331238
331241
331282
331290
331291
331318
331406
331460
331617
331623
331627
331647
331791
331926
331943
331953
331994
332156
332165
332194
332302
332389
332530
332564
332597
332728
332735
332798
332806
332836
332851
332890
332916
332917
332930
333063
333230
333250
333571
333609
333811
333848
333934
334390
334418
334766
334807
334817
334840
334886
335145
335170
335556
335563
335581
335603
335614
336185
336192
336201
336213
336283
336296
336317
336350
336351
336359
336367
336377
336380
336396
336398
336437
336477
336492
336675
336701
336708
336829
336857
336877
336897
336899
336926
336936
337003
337079
338046
338054
338056
338058
338061
338098
338103
338104
338117
338136
338150
338153
338535
338542
338586
338671
338687
338700
338704
338747
338750
338767
338769
338776
338780
338797
338805
338849
339376
339403
339418
339425
340245
340358
340379
340425
340430
340440
340442
340448
340453
340483
340486
340487
340495
340502
340523
340535
340536
340540
340542
340547
340555
340557
340560
341168
341198
341207
341236
341241
341254
341265
341266
341268
341279
341495
341498
342236
342415
342416
342417
342418
342474
342496
342497
342501
342506
342540
342541
342544
342551
342572
342576
342610
342636
342640
342725
342732
342762
342778
342808
342829
342833
342837
342881
342946
343302
343310
343354
343389
343402
343411
343415
343447
343473
343476
343478
343483
343495
343504
343516
343521
343522
343527
343547
343556
343562
343565
343571
343574
343580
343581
343614
343623
343632
343807
343870
343967
344029
344044
344464
344476
344682
344692
344713
344762
344769
344780
344999
345020
345050
345052
345460
345478
345503
345504
345517
345521
345875
345943
346004
346016
346022
346030
346174
346307
346320
346452
346580
346664
346676
346693
346712
346733
346734
346750
346767
346768
346921
346999
347004
347005
347031
347044
347086
347091
347141
347389
347399
347434
347840
347853
347857
347901
348106
348121
348355
348358
348382
348422
348445
349207
349233
349288
349294
349319
349330
349360
349383
349718
349720
349729
349738
349739
349748
349765
349800
349830
349883
349914
350004
350148
350157
350236
350370
350382
350385
350528
350870
350884
350895
350937
351165
351184
351188
351199
351385
351391
351432
351437
351444
351450
351451
351838
351846
351853
351854
351980
352190
352225
352249
352269
352283
352313
352328
352329
352340
352362
352393
352399
352893
353006
353010
353027
353050
353054
353063
353072
353082
353096
353101
353104
353110
353123
353127
353133
353256
353476
353500
353501
353509
353545
353562
353565
353617
353637
353647
353672
353676
353679
353701
353726
353806
353831
353837
353878
354273
354474
354494
354652
354662
355039
355053
355071
355073
355079
355081
355109
355113
355140
355420
355424
355462
355473
355502
355507
355508
355515
355519
356028
356060
356063
356126
356148
356153
356158
356181
356580
356598
356599
356615
356640
356643
356660
356695
356717
356722
356735
356760
356774
356820
356842
356872
356943
357002
357032
357461
357466
358140
358162
358170
358186
358204
358205
358207
358219
358223
358227
358233
358246
358257
358260
358263
358264
358268
358279
358296
358299
358349
358647
358674
358686
358693
358702
358706
358720
358727
358734
358747
358754
358768
358798
359223
359278
359281
359310
359324
359541
359731
359737
359750
359776
359782
359789
359799
359802
359857
359922
359929
359932
359970
360010
360043
360085
360087
360099
360108
360120
360146
360169
360350
360639
360841
361219
361222
361240
361250
361281
361283
361296
361318
361319
361321
361323
361327
361328
361330
361347
361355
361387
361391
361401
361408
361784
361789
361792
361797
361806
361808
361822
361823
361841
361843
361852
361873
361919
361952
362341
362381
362405
362512
362654
362835
362845
362879
362889
362894
362971
363003
363611
363851
363908
364291
364307
364361
364373
364375
364408
364448
364832
364838
364860
364882
364909
364915
364918
364922
364926
364929
364939
364941
364942
364948
364970
365433
365511
365516
365540
365546
365561
365570
365573
365611
365647
365658
365734
365924
365950
365982
365989
365991
366004
366005
366028
366048
366063
366074
366100
366172
366195
366204
366314
366315
366446
366892
366904
366911
366917
366920
366928
366939
366953
366960
366962
366982
367212
367214
367230
367366
367371
367382
367522
367548
367567
367572
367595
367619
367747
367765
367768
367928
367983
367996
368004
368009
368013
368016
368019
368029
368031
368033
368054
368057
368060
368085
368619
368746
368800
368804
368977
368980
368986
368991
368998
369280
369286
369293
369309
369319
369325
369373
369540
369541
369545
369577
369581
369611
369616
369811
369848
369855
369859
369869
369873
369924
369936
370185
370192
370755
370761
370767
370770
370788
370810
371130
371142
371173
371178
371180
371181
371182
371192
371194
371212
371219
371246
371251
371695
371704
371718
371746
371764
371766
371775
371781
372032
372056
372438
372445
372500
372511
372513
372533
372545
372563
372570
372578
372582
372605
372636
372637
372648
372677
372680
372689
372702
372715
372778
372904
372905
372914
372922
372955
372958
372970
372974
372982
372992
373021
373320
373409
373426
373444
374098
374102
374124
374126
374133
374164
374440
374483
374487
374488
374498
374509
374516
374528
374529
374550
374551
374556
374567
374572
375010
375012
375018
375021
375029
375036
375037
375044
375313
375327
375753
375844
375927
375940
375951
375956
375964
375998
376145
376151
376152
376172
376180
376239
376249
376251
376252
376277
376278
376279
376285
376333
376351
376449
376507
377157
377443
377444
377452
377775
377778
377785
377818
377819
377820
377823
377824
377837
377848
377857
377864
377865
377871
377873
377876
377878
377880
377887
377899
377902
377906
377915
377917
377918
377919
377960
378314
378348
378737
378771
378775
378785
378794
378799
378829
378864
378882
379287
379298
379311
379325
379383
379384
379387
379392
379397
379400
379669
379685
379687
379716
379724
379725
379730
379736
379763
379768
379786
379811
380067
380115
380627
380656
380870
380882
380895
380910
380916
381456
381467
381472
381495
381499
381521
381531
381542
381549
381573
381576
381580
381584
381586
382080
382091
382116
382124
382142
382228
382239
382256
382267
382356
382357
382442
382790
382792
382793
382814
382980
383177
383251
383293
383299
383302
383307
383319
383331
383633
383637
383707
383879
383898
383944
383972
383991
384062
384068
384071
384079
384099
384110
384457
384473
384474
384498
384541
384589
384658
384706
384710
384796
384851
384861
384863
384865
384879
384897
384905
384920
384924
384935
384943
384970
384972
384977
384982
385002
385007
385015
385018
385022
385033
385045
385073
385118
385158
385462
385463
385475
385612
386109
386117
386188
386382
386475
386807
386810
386827
387030
387031
387054
387056
387071
387078
387083
387089
387103
387107
387129
387136
387141
387155
387157
387158
387195
387217
387239
387259
387263
387287
387313
387335
387369
387439
387551
387643
387662
387666
387787
387789
387910
387930
387940
387966
388577
388580
388595
388607
388610
388622
388653
388675
388692
388715
388730
388738
389154
389158
389159
389172
389178
389181
389232
389732
389798
389803
389905
389995
390031
390038
390043
390097
390125
390126
390153
390160
390172
390178
390188
390209
390210
390248
390265
390413
390431
390441
390459
390464
390467
390490
390791
390916
390919
390933
390947
391241
391559
391575
391582
391589
391591
391619
391632
391648
391656
392010
392026
392029
392031
392037
392038
392045
392078
392095
392277
392359
392433
392478
392514
392536
392583
392588
392797
392798
392942
392988
393016
393027
393039
393096
393111
393138
393161
393185
393275
393497
393620
393768
393771
393781
393786
394172
394212
394470
394523
394567
394572
394590
394608
394628
394972
394996
395028
395034
395037
395051
395053
395058
395067
395082
395410
395413
395430
395449
395450
395452
395463
395521
395538
395549
395562
395569
395614
395668
395741
395880
395885
395918
395920
395934
395941
395966
395970
395971
395972
395982
395985
395990
396001
396023
396034
396044
396051
396059
396079
396092
396104
396122
396124
396150
396174
396214
396304
396305
396368
396370
396382
396780
396937
396952
397297
397304
397305
397307
397376
397398
397532
397605
397618
397964
398021
398053
398376
398408
398418
398430
398454
398457
398480
398497
398527
398556
398557
398739
398755
398781
398786
398819
398830
398833
398852
398858
398868
398874
398887
398898
399002
399048
399113
399137
399272
399276
399300
399784
400092
400420
400428
400432
400433
400436
400446
400608
400654
400893
401042
401070
401165
401205
401234
401366
401409
401414
401422
401430
401450
401453
401465
401487
401504
401576
401592
401602
401713
401737
401744
402300
402323
402578
402669
402675
402709
402710
402716
402719
402721
402725
402729
402732
402733
403081
403086
403090
403105
403113
403127
403138
403142
403155
403173
403597
403602
403617
403620
403623
403625
403644
403661
403692
403871
403931
403941
403945
403948
403970
403987
403990
403992
404031
404052
404063
404123
404297
404307
404315
404344
404345
404364
404382
404393
404403
404417
404421
404467
404473
404501
404502
404542
404637
404673
404711
404747
404764
405086
405191
405611
405618
405677
405687
405693
405710
406075
406118
406119
406120
406133
406167
406190
406209
406223
406293
406570
406639
406671
406686
406688
406689
406698
406702
406727
406740
406754
407318
407400
407469
407519
407525
407532
407538
407548
407792
407803
407839
407848
407860
407863
407907
407915
407919
407929
407947
407987
408013
408068
408174
408455
408478
408482
408490
408578
408659
408693
408705
408723
409454
409496
409525
409527
409532
409535
409555
409565
409569
409596
410043
410065
410067
410089
410498
410561
410589
410596
411349
411365
411387
411392
411395
411430
411445
411459
411463
411724
411734
411755
411771
411803
411824
411835
411841
411857
411886
411887
412020
412363
412451
412453
412466
412592
412596
412607
412631
412823
412894
413507
413525
413527
413541
413548
413572
413580
413582
413585
413589
413599
413602
413603
413605
413608
413609
413616
413617
413625
413626
413635
413664
413670
413688
413690
413950
413965
413966
413977
413978
413985
413993
414219
414238
414480
414482
414505
414524
414527
414588
414593
414871
414893
414902
414915
414920
415158
415167
415196
415231
415247
415310
415393
415441
415495
415563
415566
415614
415789
416049
416950
416987
416990
417009
417042
417049
417061
417064
417072
417076
417077
417095
417100
417114
417131
417159
417164
417166
417192
417197
417199
417213
417258
417261
417276
417293
417295
417296
417325
417727
417751
417766
417772
417775
417797
418411
419034
419049
419085
419101
419107
419126
419138
419152
419197
419225
419299
419342
419356
419371
419454
419796
419805
419856
419870
419918
419926
419938
419969
419971
419983
420028
420076
420088
420135
420231
420415
420429
420446
420494
420561
420570
420607
420629
420647
420651
420666
420690
420837
420987
421027
421088
421097
421195
421226
421230
421237
421253
421291
421306
421326
421354
421362
421364
421453
421471
421489
421499
421510
421543
421657
421711
421714
421806
421895
421901
421943
422034
422058
422250
422410
422417
422499
422525
422528
422616
422627
422981
423058
423242
423252
423556
423683
423720
423729
423739
423741
423749
423751
423768
423788
423810
424127
424151
424152
424661
424722
424728
424767
424788
424815
424829
424844
425070
425124
425179
425181
425212
425219
425222
425232
425260
425265
425272
425419
425691
425702
425704
425796
425797
425798
425812
425875
425886
425888
425938
425965
426111
426113
426223
426259
426281
426419
426426
426537
426551
426577
426595
426607
426637
426658
426744
426748
426756
426775
426779
426979
427079
427092
427155
427158
427204
427226
427237
427262
427304
427767
427989
427993
428010
428031
428033
428039
428047
428048
428056
428062
428738
428805
428807
428819
428829
428831
428848
428857
428864
428865
428886
428907
429201
429211
429216
429234
429276
429570
429597
429614
429629
429700
430154
430168
430252
430259
430267
430302
430356
430433
430662
431077
431079
431097
431102
431105
431853
431865
431874
431882
431896
431903
431908
431911
431922
431926
431927
431941
431979
431990
432015
432020
432033
432042
432043
432422
432452
432457
432770
432810
432980
432995
433002
433030
433054
433122
433146
433164
433207
433497
433536
433608
433639
433694
433704
433739
433779
433817
433849
433892
433893
433967
434745
434748
434755
434767
434778
434782
435262
435563
435662
435663
435745
435752
435754
435770
435785
435799
435808
435831
435864
436263
436268
436312
436323
436826
436841
436843
436847
436848
436884
436905
436911
436931
436932
436955
436957
436980
436988
437007
437014
437017
437049
437062
437065
437069
437070
437075
437140
437151
437170
437180
437423
437491
437496
437500
437514
437528
437530
437536
437559
437563
437581
437588
437597
437603
437604
437637
437694
437822
438013
438103
438320
438332
438544
438548
438586
438588
438589
438592
438593
438605
438607
438775
438821
438840
438943
438945
439110
439133
439292
439307
439319
439352
439503
439520
439545
439571
439592
439662
439715
439757
439823
1997 SK12
2000 XM15
2001 QT306
2001 TY234
2002 JO141
2002 NR65
2002 QT133
2002 RA275
2002 RS287
2002 TZ384
2002 UH58
2002 VW140
2003 RS11
2003 SC365
2003 UB333
2003 UV334
2003 WT180
2004 BM8
2004 BB138
2004 DH54
2004 DG55
2004 RP129
2004 TG53
2004 TB151
2004 TA186
2004 TQ215
2004 TV222
2005 BW29
2005 CN56
2005 EK62
2005 EO238
2005 EU245
2005 EQ294
2005 GN129
2005 QK46
2005 QV48
2005 QE187
2005 SE62
2005 SH127
2005 SQ148
2005 SE173
2005 SB284
2005 SQ292
2005 TB61
2005 TS68
2005 TC84
2005 TO84
2005 TU94
2005 TE129
2005 TQ139
2005 TL158
2005 TL159
2005 TF167
2005 TN168
2005 UZ91
2005 UK92
2005 UR116
2005 UC140
2005 UY143
2005 UP154
2005 UD418
2005 UV163
2005 UL164
2005 UD166
2005 UZ193
2005 UP195
2005 UV195
2005 UY225
2005 UW232
2005 UT516
2005 UJ260
2005 UX525
2005 UB268
2005 UR269
2005 UO286
2005 UO326
2005 US330
2005 VB79
2005 VA113
2005 WS124
2005 WK127
2005 XR70
2005 XA109
2005 XW109
2005 YE13
2005 YG14
2005 YM32
2005 YG36
2005 YF147
2005 YM166
2005 YU176
2005 YK179
2005 YQ195
2005 YK232
2005 YZ250
2006 AX69
2006 AF91
2006 BP26
2006 BS73
2006 BE119
2006 BN155
2006 BS180
2006 BW192
2006 BD202
2006 BM212
2006 BF213
2006 CD67
2006 DS4
2006 DD26
2006 DH49
2006 DE57
2006 DM136
2006 DK142
2006 DQ149
2006 DO171
2006 DK176
2006 EY24
2006 FM40
2006 FE55
2006 HK126
2006 JT14
2006 JP34
2006 QA184
2006 RL32
2006 RM45
2006 RQ70
2006 RO80
2006 RZ82
2006 RT88
2006 RO104
2006 RV117
2006 SW68
2006 SV80
2006 SH125
2006 SW114
2006 SH125
2006 SV396
2006 ST405
2006 SE165
2006 SX179
2006 SV206
2006 SW229
2006 SZ246
2006 SQ262
2006 SM269
2006 SY299
2006 SP329
2006 TA24
2006 TQ31
2006 TJ86
2006 UA21
2006 UH21
2006 UT37
2006 UG78
2006 UO123
2006 US123
2006 UX127
2006 UD129
2006 UO132
2006 UW132
2006 UD139
2006 UL142
2006 UV148
2006 UF162
2006 UT209
2006 US260
2006 UP286
2006 VV17
2006 VK47
2006 VK54
2006 VD59
2006 VU92
2006 WL57
2006 WX57
2006 WO87
2006 WT94
2006 WA130
2006 WB179
2006 XX6
2006 XK23
2007 BE100
2007 DG33
2007 DO36
2007 ER65
2007 EO75
2007 EC101
2007 ED146
2007 EE146
2007 EF218
2007 EU223
2007 FH25
2007 FE45
2007 GV30
2007 GE71
2007 LY19
2007 QX3
2007 RZ13
2007 RL96
2007 RA272
2007 RT287
2007 RQ296
2007 SP22
2007 TH30
2007 TK52
2007 TS55
2007 TM233
2007 TU387
2007 TJ433
2007 TT176
2007 TD453
2007 TU198
2007 TO212
2007 TO215
2007 TM233
2007 TK324
2007 TO332
2007 TX343
2007 VY28
2007 VD41
2007 VJ66
2007 VN112
2007 VF154
2007 VU250
2007 VS284
2007 VY287
2007 VD309
2007 WM27
2007 WZ45
2007 WM58
2007 YZ65
2007 YY73
2008 AS22
2008 AP29
2008 AQ52
2008 AL55
2008 AO58
2008 AV76
2008 AA98
2008 AD107
2008 AO128
2008 BM50
2008 CY65
2008 CM75
2008 CV97
2008 CW126
2008 CV128
2008 CL132
2008 CG161
2008 CX165
2008 CF170
2008 CS172
2008 CS197
2008 CR201
2008 CE202
2008 CS207
2008 CH208
2008 CU214
2008 DR2
2008 DS75
2008 DX80
2008 EJ107
2008 EQ144
2008 FT2
2008 FR22
2008 FC32
2008 FL48
2008 FF58
2008 FK89
2008 FY122
2008 FL126
2008 GG63
2008 GX105
2008 GL123
2008 KU40
2008 SM63
2008 SO84
2008 SP122
2008 SC127
2008 SL128
2008 SE136
2008 SX205
2008 SM229
2008 SK260
2008 SX272
2008 SF305
2008 TE30
2008 TT49
2008 TF50
2008 TY57
2008 TE80
2008 TC101
2008 TF127
2008 TE132
2008 TA139
2008 TL160
2008 TY160
2008 TZ173
2008 UY18
2008 UQ23
2008 UY28
2008 UZ68
2008 UZ79
2008 UH113
2008 UP116
2008 UW116
2008 UT148
2008 UW164
2008 UF186
2008 UG264
2008 UU278
2008 UO286
2008 UA313
2008 UE343
2008 UG348
2008 UC351
2008 VO10
2008 VE34
2008 VK45
2008 WY3
2008 WR21
2008 WX34
2008 WT44
2008 WO69
2008 YL4
2008 YJ98
2008 YH146
2008 YN162
2009 AT13
2009 AH23
2009 AA45
2009 BB5
2009 BC42
2009 BC89
2009 BD89
2009 BW89
2009 BC155
2009 BK158
2009 BM164
2009 CK15
2009 CD48
2009 DR26
2009 DE29
2009 DB37
2009 DF52
2009 DB54
2009 DF59
2009 DS115
2009 DE126
2009 DG132
2009 FJ15
2009 HM6
2009 HC24
2009 HL47
2009 HM48
2009 HX97
2009 KC16
2009 KS31
2009 RK10
2009 RU13
2009 RC73
2009 SA57
2009 SV85
2009 SY118
2009 SC171
2009 SY183
2009 SC203
2009 SD225
2009 SC274
2009 ST286
2009 SG322
2009 SF343
2009 SM355
2009 TM20
2009 TP41
2009 UA31
2009 UK63
2009 UY111
2009 UD122
2009 UN133
2009 UD140
2009 VA11
2009 VV12
2009 VQ13
2009 VF34
2009 VN61
2009 VR70
2009 VC82
2009 WH11
2009 WC67
2009 WA101
2009 WA120
2009 WZ135
2009 WE201
2009 WN230
2009 WV244
2009 YQ15
2009 YM16
2010 AY55
2010 CO33
2010 CL100
2010 CQ160
2010 CB230
2010 EN75
2010 FT29
2010 GX109
2010 LX91
2010 RL28
2010 RY28
2010 RM69
2010 RQ100
2010 RZ141
2010 RS177
2010 SX14
2010 SE33
2010 SN34
2010 TF4
2010 TW9
2010 TE33
2010 TO40
2010 TX131
2010 TZ147
2010 UR25
2010 VN44
2010 VE89
2010 VP107
2010 VE132
2010 VG160
2010 VR166
2010 VY177
2010 VG179
2010 VJ181
2010 VW213
2010 VT214
2010 WF31
2010 XR22
2010 XM45
2011 AY1
2011 BL29
2011 BC47
2011 BN86
2011 BM104
2011 BY104
2011 BQ130
2011 BB146
2011 BO152
2011 BK162
2011 CH6
2011 CY11
2011 CN40
2011 CR41
2011 CA42
2011 CC46
2011 CO57
2011 CN89
2011 CA101
2011 CZ101
2011 CR106
2011 CJ110
2011 CQ110
2011 DL14
2011 DH19
2011 EH29
2011 EK69
2011 FJ45
2011 FO52
2011 FM90
2011 FC134
2011 FY157
2011 GQ1
2011 GG27
2011 GO29
2011 GE57
2011 HN75
2011 JB9
2011 KR9
2011 KR37
2011 KE42
2011 PL3
2011 RX12
2011 SY54
2011 SL73
2011 SK179
2011 SF197
2011 SQ217
2011 SC230
2011 TV7
2011 UR1
2011 UE11
2011 UY30
2011 UO40
2011 UT46
2011 UE56
2011 UZ78
2011 UJ79
2011 UM79
2011 UA80
2011 UE88
2011 UT95
2011 UV111
2011 UH130
2011 UX133
2011 UQ196
2011 UA226
2011 UY246
2011 UA265
2011 UY303
2011 UH321
2011 UM321
2011 UM368
2011 UV111
2011 UC383
2011 UK385
2011 UF126
2011 UH130
2011 UX133
2011 UK134
2011 UG137
2011 UP140
2011 UB404
2011 UD147
2011 UN155
2011 UQ196
2011 UL198
2011 UR201
2011 UA226
2011 UN241
2011 UM242
2011 UE244
2011 UY246
2011 UC249
2011 UA265
2011 UV277
2011 UP286
2011 UY293
2011 UC300
2011 UY303
2011 UH321
2011 UM321
2011 VV
2011 WA13
2011 WZ17
2011 WW36
2011 WZ59
2011 WW70
2011 WF73
2011 WL73
2011 WN96
2011 WM109
2011 WK129
2011 WJ134
2011 WA138
2011 WD143
2012 BJ10
2012 BQ11
2012 BD33
2012 BO84
2012 BN92
2012 CQ1
2012 CT1
2012 CD23
2012 CD35
2012 CA38
2012 CU38
2012 CH46
2012 DD9
2012 DC24
2012 DC45
2012 DH60
2012 DW74
2012 DM84
2012 DH87
2012 DQ92
2012 DY96
2012 FT1
2012 FJ25
2012 FF26
2012 FO47
2012 FZ54
2012 FB55
2012 GU2
2012 GC8
2012 GT13
2012 GD14
2012 HQ18
2012 JQ27
2012 JO49
2012 JF60
2012 KD17
2012 KQ19
2012 KW19
2012 KJ26
2012 KO27
2012 PX23
2012 PP27
2012 QT39
2012 RQ39
2012 SJ16
2012 SB17
2012 SF34
2012 SB53
2012 SA65
2012 TT17
2012 TK33
2012 TU34
2012 TG51
2012 TX58
2012 TP67
2012 TX96
2012 TL102
2012 TQ105
2012 TF106
2012 TW107
2012 TJ114
2012 TP119
2012 TL122
2012 TK161
2012 TE165
2012 TQ178
2012 TE205
2012 TV213
2012 TD263
2012 TS278
2012 TH308
2012 UO13
2012 UW15
2012 UA17
2012 UL17
2012 UM33
2012 UX35
2012 UG43
2012 UH49
2012 UE142
2012 UW143
2012 UG145
2012 UP161
2012 VJ
2012 VG4
2012 VJ17
2012 VW26
2012 VA28
2012 VE36
2012 VQ39
2012 VT50
2012 VM59
2012 VF70
2012 VB89
2012 WG13
2012 WW21
2012 XH1
2012 XW3
2012 XT62
2012 XH66
2012 XL115
2012 XG149
2013 AM3
2013 AZ19
2013 AJ28
2013 AB38
2013 AA47
2013 AZ58
2013 AX69
2013 AJ89
2013 AJ95
2013 AD97
2013 AA122
2013 AR126
2013 AP136
2013 AU166
2013 AX168
2013 AB173
2013 BA10
2013 BK34
2013 BE40
2013 BB49
2013 BR54
2013 BJ57
2013 BN59
2013 CT4
2013 CA9
2013 CB45
2013 CV46
2013 CB49
2013 CQ51
2013 CR55
2013 CQ64
2013 CX69
2013 CT77
2013 CZ90
2013 CG102
2013 CM103
2013 CU105
2013 CU108
2013 CN109
2013 CC110
2013 CA115
2013 CE148
2013 CP151
2013 CQ151
2013 CO155
2013 CE159
2013 CR160
2013 CK165
2013 CZ185
2013 CP208
2013 EQ6
2013 EV22
2013 ED49
2013 EF59
2013 EK67
2013 ET81
2013 EG108
2013 EY111
2013 EG112
2013 EG113
2013 EP138
2013 FX6
2013 FL14
2013 FK18
2013 GU1
2013 GK5
2013 GW14
2013 GL28
2013 GD41
2013 GG59
2013 GS67
2013 GA90
2013 GE106
2013 GX115
2013 GE117
2013 GW118
2013 GY132
2013 GB134
2013 GE136
2013 HA14
2013 HM43
2013 HQ43
2013 HK56
2013 HZ65
2013 HZ88
2013 HJ92
2013 HC112
2013 HE113
2013 HS113
2013 HM116
2013 HL119
2013 HZ130
2013 HX145
2013 PV30
2013 PA43
2013 PQ63
2013 QN14
2013 QV41
2013 QL93
2013 RE5
2013 RG8
2013 RX10
2013 RS14
2013 RE20
2013 RE23
2013 RU48
2013 RX61
2013 RO67
2013 RX72
2013 RN76
2013 SN48
2013 SE54
2013 SJ57
2013 SC79
2013 SZ79
2013 SA81
2013 TJ21
2013 TV23
2013 TH26
2013 TE39
2013 TO46
2013 TX54
2013 TJ57
2013 TX112
2013 TB133
2013 UX7
2013 WA8
2013 WY17
2013 WF83
2013 XW10
2013 YT51
2013 YC55
2013 YK68
2013 YW89
2013 YF107
2013 YG109
2013 YL125
2014 AJ5
2014 AU6
2014 AU7
2014 AT42
2014 BS17
2014 BY17
2014 BV20
2014 BY28
2014 BM38
2014 BW41
2014 BC46
2014 BQ64
2014 CS18
2014 DH5
2014 DP11
2014 DK40
2014 DH43
2014 DW57
2014 DX66
2014 DA67
2014 DP77
2014 DO78
2014 DD82
2014 DY90
2014 DA107
2014 DW108
2014 DA118
2014 DR119
2014 DS127
2014 DZ128
2014 DP129
2014 DS130
2014 DO133
2014 DU137
2014 DO139
2014 EM2
2014 EZ9
2014 EU19
2014 EE22
2014 EF25
2014 EW26
2014 EP32
2014 EF39
2014 FW8
2014 FK15
2014 FA21
2014 FU27
2014 FN51
2014 GD29
2014 GU29
2014 GU45
2014 HD2
2014 HZ6
2014 HW7
2014 HX8
2014 HK10
2014 HG21
2014 HL24
2014 HP25
2014 HT26
2014 HB30
2014 HU38
2014 HD47
2014 HL47
2014 HW47
2014 HK49
2014 HO49
2014 HP55
2014 HT70
2014 HL73
2014 HJ88
2014 HV98
2014 HG100
2014 HK109
2014 HH125
2014 HZ125
2014 HF141
2014 HH142
2014 HT145
2014 HG149
2014 HY150
2014 HX154
2014 HX156
2014 HG160
2014 HH176
2014 HL176
2014 HJ183
2014 HY184
2014 HB190
2014 HP191
2014 JP3
2014 JK7
2014 JE8
2014 JC10
2014 JQ36
2014 JJ40
2014 JX40
2014 JD47
2014 JL47
2014 JG48
2014 JQ48
2014 JM59
2014 JV59
2014 JD72
2014 JA74
2014 JX75
2014 KU7
2014 KT10
2014 KX16
2014 KU40
2014 KW70
2014 KP97
2014 LW3
2014 LA6
2014 LC20
2014 MH26
2014 MY47
2014 MM57
2014 MR61
2014 NQ26
2014 NT26
2014 NY32
2014 NA33
2014 NU55
2014 OT13
2014 OS16
2014 OK25
2014 OB26
2014 OQ40
2014 OJ50
2014 ON51
2014 OV66
2014 OM85
2014 OM100
2014 OD116
2014 OM119
2014 OG120
2014 OW122
2014 OF124
2014 OG125
2014 OY127
2014 OH128
2014 ON134
2014 OS135
2014 OR138
2014 OU155
2014 OZ158
2014 OK161
2014 OC173
2014 OL201
2014 OL210
2014 OB254
2014 ON258
2014 OC304
2014 OY308
2014 OJ327
2014 OJ353
2014 OP356
2014 PQ17
2014 PN33
2014 PN41
2014 QY34
2014 QB36
2014 QZ39
2014 QQ360
2014 QX106
2014 QZ112
2014 QZ377
2014 QA380
2014 QN125
2014 QJ147
2014 QW412
2014 QE419
2014 QR162
2014 QF168
2014 QE170
2014 QN432
2014 QU437
2014 QB439
2014 QM201
2014 QX205
2014 QX214
2014 QR217
2014 QP233
2014 QG236
2014 QR242
2014 QG248
2014 QP249
2014 QM284
2014 QT337
2014 QF349
2014 RW9
2014 SL62
2014 SP96
2014 SM105
2014 SN146
2014 SS157
2014 SC172
2014 SZ209
2014 SL233
2014 SQ289
2014 SV297
2014 SF301
2014 TD6
2014 TJ7
2014 TZ18
2014 TF75
2014 UC5
2014 UU8
2014 UR16
2014 UE18
2014 UY22
2014 UO28
2014 UF30
2014 UU42
2014 UV42
2014 UO46
2014 UG53
2014 UA56
2014 UE66
2014 UW84
2014 UC89
2014 UW89
2014 UV98
2014 UX126
2014 UQ130
2014 UV130
2014 UR145
2014 UC150
2014 UO154
2014 UV174
2014 UM177
2014 UA203
2014 UJ207
2014 UG209
2014 VH
2014 VJ8
2014 VP22
2014 VY26
2014 VA28
2014 WD2
2014 WJ23
2014 WL64
2014 WX67
2014 WC124
2014 WS160
2014 WX168
2014 WY109
2014 WC123
2014 WT123
2014 WS128
2014 WD132
2014 WR137
2014 WM145
2014 WM165
2014 WX425
2014 WD427
2014 WE429
2014 WN170
2014 WE181
2014 WZ188
2014 WH449
2014 WX451
2014 WE210
2014 WN220
2014 WO481
2014 WK228
2014 WG234
2014 WD262
2014 WX267
2014 WY282
2014 WL349
2014 WX352
2014 XQ14
2014 YR18
2014 YG22
2014 YT28
2014 YK36
2015 AA16
2015 AB41
2015 AK70
2015 AQ87
2015 AF198
2015 AO239
2015 AH248
2015 AX250
2015 AS254
2015 BD9
2015 BK21
2015 BY27
2015 BZ44
2015 BS58
2015 BP59
2015 BG65
2015 BG72
2015 BG75
2015 BH87
2015 BQ88
2015 BH98
2015 BC100
2015 BG223
2015 BC101
2015 BY111
2015 BW148
2015 BO434
2015 BA438
2015 BA441
2015 BF442
2015 BD184
2015 BC190
2015 BL459
2015 BZ467
2015 BT474
2015 BC475
2015 BT215
2015 BD234
2015 BW496
2015 BH241
2015 BA502
2015 BO242
2015 BS243
2015 BJ244
2015 BD246
2015 BN507
2015 BY508
2015 BC254
2015 BU262
2015 BJ291
2015 BC304
2015 BE304
2015 BX333
2015 BC357
2015 BO357
2015 CE6
2015 CY18
2015 CF19
2015 CP25
2015 CY27
2015 CM30
2015 CF33
2015 CE44
2015 CG47
2015 CY49
2015 CX52
2015 CC54
2015 CS54
2015 CH57
2015 CL59
2015 DF18
2015 DP26
2015 DS30
2015 DY30
2015 DB34
2015 DF38
2015 DY63
2015 DB89
2015 DX92
2015 DQ97
2015 DA98
2015 DB100
2015 DE107
2015 DX108
2015 DD118
2015 DK131
2015 DN154
2015 DS154
2015 DR167
2015 DE178
2015 DY200
2015 DY213
2015 DJ223
2015 EV12
2015 EE17
2015 EZ27
2015 EJ33
2015 EL39
2015 FT45
2015 FA51
2015 FV64
2015 FW68
2015 FP73
2015 FD75
2015 FT153
2015 FH156
2015 FO158
2015 FW160
2015 FD163
2015 FS177
2015 FD185
2015 FY265
2015 FG293
2015 FP303
2015 FT312
2015 FX315
2015 FG318
2015 FO326
2015 FB342
2015 GU24
2015 GM25
2015 GA28
2015 GJ29
2015 GB30
2015 GK37
2015 GS37
2015 GG50
2015 HX76
2015 HC179
2015 KW27
2015 KB34
2015 KG44
2015 KZ60
2015 KY91
2015 KD107
2015 KU113
2015 KM130
2015 KL150
2015 KX160
2015 LU28
2015 LH30
2015 LF32
2015 LD35
2015 MN9
2015 MR26
2015 MN76
2015 MK82
2015 ML88
2015 NL7
2015 NE8
2015 NW11
2015 OJ13
2015 OU66
2015 OK70
1995 SG76
1995 SO77
1995 SS88
1997 NT2
1998 SA177
1999 TW43
2000 CV108
2000 CJ130
2000 SU323
2001 FT197
2001 FJ198
2001 FJ199
2001 FX200
2001 FP202
2001 FT202
2001 FQ203
2001 FJ206
2001 FG207
2001 FL209
2001 FV214
2001 FB219
2001 FA224
2001 FO230
2001 FY234
2001 FS239
2001 TF157
2001 UD230
2002 CW197
2002 RN208
2002 RO210
2002 UD59
2003 BH5
2003 BG10
2003 BW35
2003 QL84
2003 QT98
2003 SA368
2003 SC371
2003 SQ378
2003 SD125
2003 SD394
2003 SU429
2003 SE432
2003 UT72
2003 UC361
2003 UK363
2003 WA186
2004 FP53
2004 LM9
2004 RT155
2004 RP279
2004 TO70
2004 TD77
2004 TH196
2004 TH214
2004 XS43
2005 CC29
2005 ER14
2005 EB114
2005 EH123
2005 ET135
2005 GR103
2005 GV108
2005 GB184
2005 GX192
2005 JX19
2005 NY119
2005 PX26
2005 SY99
2005 SY124
2005 SG142
2005 SC231
2005 TZ153
2005 TF160
2005 UD62
2005 UG383
2005 UM126
2005 UW387
2005 UH389
2005 UX390
2005 UN137
2005 UA415
2005 UQ167
2005 UY187
2005 US206
2005 UJ467
2005 US469
2005 UP219
2005 UZ245
2005 UG246
2005 UD517
2005 US268
2005 UW284
2005 UY314
2005 UE323
2005 UM333
2005 UF338
2005 US358
2005 VD34
2005 VS45
2005 VM63
2005 VD130
2005 WV16
2005 WR50
2005 WR52
2005 WK107
2005 WL172
2005 XG22
2005 YB29
2005 YE87
2005 YV108
2005 YQ200
2006 AO17
2006 AY50
2006 BW150
2006 BG194
2006 BO207
2006 BK218
2006 BS282
2006 CD16
2006 CO52
2006 DW47
2006 EL7
2006 EO73
2006 GB7
2006 HL73
2006 JL33
2006 JO70
2006 KH5
2006 KU25
2006 KP54
2006 KF78
2006 KO80
2006 ON29
2006 PL
2006 QB172
2006 QM177
2006 RK67
2006 RS79
2006 RJ90
2006 RZ103
2006 RO107
2006 RG112
2006 RG113
2006 RW117
2006 RK118
2006 RH119
2006 SY66
2006 SF375
2006 SJ115
2006 SG379
2006 SQ406
2006 SS146
2006 SL170
2006 SJ200
2006 SS225
2006 SL231
2006 SQ299
2006 TH82
2006 TX87
2006 TN115
2006 UE29
2006 UL34
2006 UL50
2006 UM60
2006 UN102
2006 UP123
2006 UB127
2006 UO141
2006 UR168
2006 UZ261
2006 UQ355
2006 VS127
2006 VT128
2006 VH131
2006 VE133
2006 VR137
2006 WE32
2006 WQ155
2006 WY170
2006 YE41
2006 YT44
2007 AF20
2007 AL21
2007 BY8
2007 BY60
2007 BZ82
2007 CV32
2007 CX36
2007 DZ58
2007 DJ69
2007 DF79
2007 DH80
2007 DS85
2007 EL15
2007 EG19
2007 EE53
2007 ES205
2007 GA26
2007 GV26
2007 HP4
2007 HS19
2007 JR20
2007 JU20
2007 PW4
2007 RM9
2007 RG73
2007 RZ129
2007 RV164
2007 TE49
2007 TF53
2007 TR387
2007 TY199
2007 TP215
2007 TL311
2007 TX323
2007 TM327
2007 TR344
2007 UR17
2007 UL34
2007 UM109
2007 UJ110
2007 UO110
2007 UU110
2007 UQ134
2007 UY134
2007 VL57
2007 VE83
2007 VS200
2007 VB209
2007 VC238
2007 VT247
2007 VU252
2007 VM258
2007 VL260
2007 VA285
2007 YK20
2008 AS13
2008 AO15
2008 AX20
2008 AE58
2008 AU123
2008 CS9
2008 CT31
2008 CN125
2008 CX169
2008 CP206
2008 DZ16
2008 DD58
2008 EW33
2008 FH21
2008 FX24
2008 FQ27
2008 FA47
2008 FD49
2008 FS74
2008 FB77
2008 FD99
2008 FA122
2008 FR128
2008 FD129
2008 FR133
2008 GQ85
2008 GX91
2008 GK125
2008 GN137
2008 HC23
2008 KY
2008 KR28
2008 LU5
2008 QM33
2008 QO41
2008 RB143
2008 SZ12
2008 SN44
2008 SA48
2008 ST103
2008 SE278
2008 TQ30
2008 TA55
2008 TG59
2008 TW78
2008 TQ80
2008 TX80
2008 TE125
2008 UG89
2008 UH123
2008 UZ124
2008 UR162
2008 UP165
2008 UP217
2008 UR234
2008 UK288
2008 UG295
2008 UL296
2008 UA298
2008 UK347
2008 UO347
2008 VT6
2008 VS55
2008 VK61
2008 WT19
2008 WL52
2008 WK111
2008 YK55
2008 YB68
2008 YT81
2008 YX114
2008 YA115
2008 YK124
2008 YK133
2008 YC136
2008 YM145
2009 BO72
2009 BZ147
2009 CF17
2009 DZ25
2009 DS37
2009 DJ132
2009 FO66
2009 GK
2009 HJ30
2009 HX94
2009 KU32
2009 RC55
2009 RC72
2009 RD73
2009 SP11
2009 SU57
2009 SY75
2009 SZ86
2009 SB91
2009 SK113
2009 SE128
2009 SN159
2009 SH183
2009 SK308
2009 TL31
2009 TD43
2009 UV6
2009 UU41
2009 UE55
2009 UK55
2009 UN114
2009 VT5
2009 VH13
2009 VH15
2009 WP3
2009 WJ14
2009 WR56
2009 WE92
2009 WK92
2009 WA242
2010 AR96
2010 AZ128
2010 BR35
2010 BG44
2010 BC54
2010 BM72
2010 BN88
2010 BJ99
2010 BA102
2010 BA106
2010 BK110
2010 BY117
2010 BB127
2010 CP40
2010 CF46
2010 CW51
2010 CM53
2010 CU74
2010 CF91
2010 CZ139
2010 CP181
2010 CE190
2010 CG204
2010 CS205
2010 CM206
2010 CN235
2010 CC242
2010 DL23
2010 DG31
2010 DP50
2010 DZ64
2010 DQ65
2010 DM85
2010 DY88
2010 EN3
2010 ET116
2010 EF119
2010 EJ141
2010 EM155
2010 ET158
2010 ET164
2010 FC16
2010 FC36
2010 FE42
2010 FC48
2010 FY65
2010 FD78
2010 FA109
2010 FQ110
2010 FG115
2010 GC3
2010 GY45
2010 GV48
2010 GM55
2010 GL71
2010 GZ76
2010 GA94
2010 GH140
2010 GY153
2010 GS162
2010 GW162
2010 GL166
2010 HX1
2010 HK4
2010 HN12
2010 HC30
2010 HW31
2010 HB72
2010 HB82
2010 HM89
2010 HG90
2010 JN8
2010 JP13
2010 JK22
2010 JW29
2010 JP51
2010 JG61
2010 JM95
2010 JA99
2010 JF104
2010 JJ109
2010 JH130
2010 JP132
2010 JP133
2010 JQ134
2010 KZ21
2010 KZ22
2010 KW45
2010 KT48
2010 KP52
2010 KO55
2010 KL57
2010 KQ58
2010 KM73
2010 KS81
2010 KZ92
2010 KO98
2010 KH107
2010 KF108
2010 KA112
2010 KQ114
2010 KN119
2010 LQ6
2010 LB13
2010 LK17
2010 LG38
2010 LH49
2010 LE50
2010 LV54
2010 LB69
2010 LW90
2010 LA103
2010 MR7
2010 MC8
2010 MT9
2010 MG11
2010 MM14
2010 MB28
2010 MF29
2010 MK33
2010 MN36
2010 MD50
2010 MO60
2010 MF68
2010 MD71
2010 MX78
2010 MV86
2010 MN92
2010 MB94
2010 MS97
2010 ME98
2010 MF108
2010 NL13
2010 NR26
2010 NL74
2010 NH83
2010 ND107
2010 NA110
2010 NF111
2010 NY112
2010 NJ113
2010 OR2
2010 OD14
2010 OP18
2010 OH19
2010 OM23
2010 OO26
2010 OA42
2010 OG44
2010 OA52
2010 OL54
2010 OR57
2010 OM64
2010 OS64
2010 OB66
2010 OM66
2010 OA79
2010 OD79
2010 OS83
2010 OS92
2010 OQ104
2010 OE112
2010 OC119
2010 OY124
2010 PR2
2010 PU50
2010 RP99
2010 TX56
2010 TB60
2010 TS119
2010 TX152
2010 UO44
2010 US60
2010 VN18
2010 VZ31
2010 VZ100
2010 VK111
2010 VX112
2010 VL123
2010 VU129
2010 VR203
2010 VR207
2010 WR2
2010 WP25
2010 WU61
2010 XH15
2011 AC62
2011 AJ64
2011 AP67
2011 BN3
2011 BD9
2011 BX13
2011 BD23
2011 BK29
2011 BJ35
2011 BJ37
2011 BE47
2011 BP47
2011 BF48
2011 BG49
2011 BK49
2011 BC55
2011 BJ55
2011 BO57
2011 BD60
2011 BL66
2011 BD70
2011 BF104
2011 BG104
2011 BE106
2011 BG106
2011 BY107
2011 BU114
2011 BU122
2011 CZ12
2011 CU20
2011 CX23
2011 CR32
2011 CA37
2011 CF43
2011 CW90
2011 CG94
2011 CJ99
2011 CR102
2011 CW114
2011 CG116
2011 DQ35
2011 DC45
2011 EG1
2011 EQ5
2011 FX54
2011 FZ88
2011 GX27
2011 GV54
2011 HL101
2011 JN25
2011 KU7
2011 LF2
2011 LG7
2011 OM9
2011 SY24
2011 SM41
2011 SL42
2011 SW58
2011 ST61
2011 SZ100
2011 SK139
2011 SU150
2011 UY82
2011 UC101
2011 UQ362
2011 UC106
2011 UT144
2011 UL175
2011 UE239
2011 UT241
2011 UX285
2011 UH330
2011 UQ352
2011 VT2
2011 VZ13
2011 VA18
2011 VB22
2011 WA12
2011 WB28
2011 WH38
2011 WO63
2011 WF86
2011 WK98
2011 WY151
2011 YM20
2011 YC24
2012 BH72
2012 BB85
2012 BK101
2012 CJ3
2012 CR28
2012 CK35
2012 DO3
2012 DD42
2012 GN8
2012 KY4
2012 KH28
2012 KO40
2012 QX2
2012 SU13
2012 SC37
2012 TJ18
2012 TZ38
2012 TZ74
2012 TF87
2012 TE114
2012 TV115
2012 TL118
2012 TS120
2012 TO143
2012 TT154
2012 TT160
2012 TB163
2012 TJ167
2012 TN202
2012 TO202
2012 TY210
2012 TV242
2012 TC249
2012 TL278
2012 TW278
2012 TF281
2012 UY6
2012 UM13
2012 UH16
2012 UV17
2012 UU61
2012 UU64
2012 UT74
2012 UL75
2012 UD86
2012 UL96
2012 UM101
2012 UN149
2012 UD159
2012 UC175
2012 VV21
2012 VG41
2012 VL66
2012 VM67
2012 VG70
2012 VQ78
2012 VA86
2012 VT87
2012 VY91
2012 XT44
2012 XB47
2012 XC81
2012 XA127
2012 XC147
2013 AO12
2013 AU151
2013 AJ154
2013 AW157
2013 AD166
2013 AP170
2013 BF10
2013 BV39
2013 BD42
2013 CR44
2013 CV45
2013 CD72
2013 CT104
2013 CT113
2013 CB133
2013 CQ135
2013 CU146
2013 CD150
2013 CS166
2013 CB167
2013 CE167
2013 CL204
2013 DH5
2013 DH15
2013 ED6
2013 EV6
2013 EL7
2013 ET19
2013 EC38
2013 ER49
2013 EY50
2013 EO53
2013 EY94
2013 FA7
2013 GH6
2013 GV124
2013 HV
2013 HP3
2013 HW21
2013 HY32
2013 HW40
2013 HY45
2013 HT54
2013 HD56
2013 HC58
2013 HM61
2013 HP66
2013 HP68
2013 HY68
2013 HU77
2013 HD85
2013 HP85
2013 HR86
2013 HU86
2013 HD87
2013 HG88
2013 HX88
2013 HS89
2013 HQ93
2013 HW94
2013 HE95
2013 HX96
2013 HJ97
2013 HK98
2013 HM98
2013 HN98
2013 HH99
2013 HZ100
2013 HK116
2013 HK117
2013 HJ122
2013 HD127
2013 HJ127
2013 HF131
2013 HV133
2013 HG134
2013 HT141
2013 HW145
2013 JP45
2013 LR28
2013 PD55
2013 QX49
2013 QZ49
2013 QW59
2013 QL90
2013 RS63
2013 TB26
2013 TT26
2013 TX27
2013 TW35
2013 TH81
2013 TC140
2013 TH141
2013 TV141
2013 WP8
2013 WW98
2013 XQ17
2013 YR4
2013 YX18
2013 YW105
2013 YZ105
2013 YO117
2013 YN119
2013 YF131
2013 YQ134
2013 YR139
2014 AE21
2014 BH16
2014 BC24
2014 CX6
2014 CW7
2014 DV40
2014 DK67
2014 DX84
2014 DO93
2014 DL115
2014 DO131
2014 EN6
2014 EK16
2014 FW15
2014 HN10
2014 HR31
2014 HV31
2014 HR35
2014 HU36
2014 HK37
2014 HB44
2014 HL86
2014 HZ91
2014 HD99
2014 HO106
2014 HJ119
2014 HN133
2014 HT133
2014 HN137
2014 HB154
2014 HW157
2014 HE172
2014 HH187
2014 HM188
2014 HW193
2014 HF194
2014 JJ7
2014 JF11
2014 JR13
2014 JX15
2014 JJ33
2014 JK49
2014 JK65
2014 KV16
2014 KZ24
2014 KQ32
2014 KJ36
2014 KD53
2014 KY55
2014 KU72
2014 KQ74
2014 LZ19
2014 MQ19
2014 MV25
2014 MO50
2014 NE1
2014 NV10
2014 NB19
2014 OO11
2014 OP14
2014 OC17
2014 OV17
2014 OF18
2014 OK43
2014 OW48
2014 OF50
2014 OK52
2014 OR76
2014 OY363
2014 OB106
2014 OB368
2014 OQ112
2014 OU113
2014 OA121
2014 OM121
2014 OY122
2014 OA124
2014 OC125
2014 OA126
2014 OQ126
2014 OG135
2014 OP135
2014 OS141
2014 OK144
2014 OZ144
2014 ON148
2014 OY148
2014 OZ149
2014 OM153
2014 OS153
2014 OJ154
2014 OE163
2014 OW164
2014 OS171
2014 OU176
2014 OF200
2014 OD203
2014 OX205
2014 OC214
2014 OQ214
2014 OH216
2014 OG242
2014 OW243
2014 OM244
2014 OF249
2014 OO291
2014 OR300
2014 OW300
2014 OX303
2014 OF305
2014 OU306
2014 OX309
2014 OT310
2014 OL311
2014 OX312
2014 OW319
2014 OQ323
2014 OR323
2014 OP337
2014 OH345
2014 OM355
2014 PN9
2014 QO134
2014 QG395
2014 QO138
2014 QN151
2014 QH424
2014 QL201
2014 QH202
2014 QJ217
2014 QO224
2014 QR233
2014 QX254
2014 QZ292
2014 QL303
2014 SN14
2014 SB27
2014 SB85
2014 SA86
2014 SY86
2014 SV89
2014 SV95
2014 ST96
2014 SC100
2014 SR101
2014 SZ107
2014 SN119
2014 SA121
2014 SM123
2014 SH126
2014 SS131
2014 SU172
2014 SU189
2014 SP205
2014 SZ225
2014 ST236
2014 SD237
2014 SK251
2014 SP253
2014 SD256
2014 SF259
2014 SU278
2014 SE286
2014 SC292
2014 SF320
2014 SD336
2014 SF341
2014 SN347
2014 TH13
2014 TM21
2014 TX64
2014 UR30
2014 UG43
2014 US105
2014 UM112
2014 UL120
2014 UL123
2014 UW142
2014 UK154
2014 UX201
2014 VK9
2014 WV20
2014 WF67
2014 WG72
2014 WQ78
2014 WL91
2014 WW93
2014 WE94
2014 WA300
2014 WR331
2014 WY341
2014 WN103
2014 WC107
2014 WC124
2014 WR132
2014 WN135
2014 WM137
2014 WA138
2014 WR138
2014 WJ411
2014 WS160
2014 WZ160
2014 WL424
2014 WB178
2014 WO196
2014 WQ458
2014 WO210
2014 WK259
2014 WR259
2014 WJ262
2014 WM283
2014 WP284
2014 WK285
2014 WA300
2014 WR331
2015 AQ37
2015 AD42
2015 AN76
2015 AN85
2015 AZ118
2015 AX164
2015 AJ176
2015 AH180
2015 AG271
2015 AA276
2015 BA11
2015 BQ16
2015 BT18
2015 BF33
2015 BB34
2015 BG41
2015 BM41
2015 BG64
2015 BO72
2015 BL74
2015 BU80
2015 BL84
2015 BE88
2015 BC100
2015 BC103
2015 BU110
2015 BZ112
2015 BU122
2015 BA123
2015 BP389
2015 BY133
2015 BH134
2015 BX135
2015 BS137
2015 BA139
2015 BU139
2015 BW141
2015 BW142
2015 BC143
2015 BW404
2015 BK148
2015 BP150
2015 BU150
2015 BF152
2015 BA154
2015 BG154
2015 BW155
2015 BW158
2015 BF159
2015 BD161
2015 BM162
2015 BA434
2015 BW434
2015 BB176
2015 BO441
2015 BR182
2015 BD183
2015 BJ183
2015 BE447
2015 BK452
2015 BA194
2015 BV195
2015 BK196
2015 BZ196
2015 BY462
2015 BG468
2015 BD214
2015 BA477
2015 BV217
2015 BB219
2015 BC219
2015 BG219
2015 BX480
2015 BX220
2015 BY220
2015 BW483
2015 BZ223
2015 BU484
2015 BW227
2015 BZ227
2015 BP228
2015 BG490
2015 BQ233
2015 BM237
2015 BJ238
2015 BQ240
2015 BX240
2015 BS245
2015 BK246
2015 BV250
2015 BQ256
2015 BW256
2015 BR275
2015 BT275
2015 BH276
2015 BZ277
2015 BF289
2015 BL310
2015 BX341
2015 BH347
2015 CS5
2015 CC8
2015 CT27
2015 CB29
2015 DM18
2015 DF20
2015 DW44
2015 DP45
2015 DG48
2015 DC50
2015 DK50
2015 DF52
2015 DQ62
2015 DQ66
2015 DK67
2015 DZ73
2015 DW83
2015 DF87
2015 DB114
2015 DL121
2015 DS130
2015 DM139
2015 DR159
2015 DF173
2015 DG218
2015 DC220
2015 DW220
2015 DB222
2015 EN2
2015 ER4
2015 EH20
2015 EU27
2015 ER36
2015 EX45
2015 EH56
2015 EN59
2015 FF9
2015 FH106
2015 FU131
2015 FF144
2015 FH144
2015 FS156
2015 FY171
2015 FQ181
2015 FR213
2015 FE249
2015 FT249
2015 GT3
2015 GC22
2015 GJ22
2015 GS29
2015 GT30
2015 GC35
2015 GO44
2015 GR45
2015 GX45
2015 GW47
2015 HB7
2015 HB35
2015 HS65
2015 HB85
2015 HM86
2015 HB87
2015 HX92
2015 HN98
2015 HZ98
2015 HR140
2015 KU35
2015 KL37
2015 KC38
2015 KF43
2015 KP44
2015 KW74
2015 KK125
2015 KN134
2015 MY9
2015 MP71
2015 MU79
2015 MW98
2015 MU112
2015 MA129
2015 NJ7
2015 OD13
2015 OK44
2015 OZ71
2015 PW35
2015 PR37
2015 PP41
2015 PJ43
2015 PR43
2015 PR45
2015 PN46
2015 PA47
2015 PB49
