id
8549
8709
10156
10589
10880
11093
11406
11599
11951
11955
11964
11980
12373
12398
12456
12776
12807
12911
13126
13200
13219
13595
13615
13653
13669
13684
13773
14028
14031
14042
14510
14920
14931
15353
15380
15382
15618
15804
15814
15818
16077
16222
16757
16780
16909
16952
17560
17632
17749
17760
17852
17877
17894
18015
18187
18427
18428
18441
18442
18443
18606
19252
19255
19307
19378
19380
19415
19417
19429
19589
19599
19602
19778
20083
20085
20092
20100
20208
20218
20268
20271
20303
20344
20465
20482
20496
20568
20795
20836
21178
21181
21191
21193
21196
21199
21205
21206
21208
21311
21363
21403
21411
21423
21438
21491
21497
21719
21792
21926
22126
22137
22387
22390
22439
22581
22758
22919
23078
23127
23209
23256
23262
23561
23600
23691
23745
23770
23797
23836
23895
23909
23994
24187
24194
24221
24391
24696
24810
24982
25037
25057
25059
25114
25133
25180
25231
25248
25257
25303
25311
25341
25367
25427
25439
25456
25485
25497
25506
25569
25589
25646
25648
26142
26154
26415
26491
26684
26750
26906
27043
27114
27276
27277
27296
27361
27450
27550
27614
27626
27841
27845
27849
27851
27898
27914
27966
28047
28094
28238
28253
28277
28382
28395
28400
28436
28449
28474
28492
28589
28607
28629
28644
28672
28780
28820
28903
28950
28987
29316
29317
29320
29321
29327
29328
29499
29507
29646
29653
29704
29707
29800
29818
29844
29871
29899
29940
30021
30042
30173
30263
30362
30550
30593
30959
30961
30996
31008
31016
31018
31032
31043
31050
31100
31101
31157
31350
31375
31420
31489
31494
31552
31686
31709
31772
31937
32006
32032
32066
32087
32115
32258
32324
32468
32893
32894
32958
33009
33034
33145
33230
33234
33379
33633
33699
33812
33857
33967
34049
34076
34077
34178
34324
34408
34489
34650
34695
35200
35201
35203
35206
35208
35209
35224
35287
35461
36038
36094
36175
36199
36210
36490
36511
36678
36829
36923
36975
37059
37070
37159
37203
37234
37257
37376
37414
37642
37648
37649
37661
37662
37663
37664
37683
37719
37738
37755
37774
37775
37823
37857
37867
37961
38002
38113
38176
38186
38269
38290
38349
38355
38447
38573
38663
38695
39105
39155
39158
39163
39167
39209
39621
39635
39703
39800
39918
39939
40017
40133
40265
40377
40378
40380
40410
40499
40508
40511
40549
40666
40714
40792
40800
40827
40840
40850
40856
40900
40905
40918
40977
41008
41091
41125
41173
41195
41326
41373
41622
41698
41702
41728
41742
41795
41797
41799
41872
41960
41972
42029
42069
42149
42177
42241
42281
42319
42325
42519
42521
42522
42561
42584
42611
42616
42634
42639
42640
42674
42761
43132
43174
43234
43257
43265
43324
43359
43392
43434
43567
43572
43587
43612
43641
43652
43865
43866
43868
43872
43874
43965
43972
44231
44344
44484
44543
44648
44731
44744
44842
44855
44964
45029
45164
45186
45191
45244
45373
45397
45566
45579
45589
45606
45607
45677
45698
45792
46065
46095
46130
46141
46150
46162
46409
46620
46628
46636
46708
46752
46756
46850
46891
46893
46924
46929
46949
46974
46985
46991
46994
47006
47086
47203
47308
47451
47712
47746
47751
47757
47793
47821
47977
47990
48198
48207
48337
48565
48579
48595
48596
48599
48624
48723
48729
48978
49021
49192
49210
49646
49732
49928
50128
50146
50201
50212
50256
50393
50536
50708
50815
50817
50826
50888
50961
51039
51060
51085
51410
51459
51466
51500
51578
51594
51613
51667
51670
51706
51730
51750
51844
51923
52413
52419
52422
52426
52430
52435
52506
52629
52884
53075
53316
53405
53437
53569
53576
53585
53657
53666
53758
53830
53832
53872
53913
54066
54107
54217
54254
54328
54379
54409
54446
54470
54536
54741
54772
54902
54973
55038
55093
55094
55173
55201
55233
55258
55292
55303
55310
55315
55326
55370
55377
55438
55447
55467
55626
55629
55798
55799
55800
55801
55803
56015
56040
56043
56047
56274
56339
56380
56385
56459
56480
56509
56546
56553
56554
56597
56621
56637
56655
56712
56946
57013
57050
57093
57105
57270
57344
57351
57412
57415
57431
57460
57503
57575
57586
57596
57661
57680
57685
57728
57732
57746
57805
57809
57814
57854
57994
58032
58296
58299
58303
58312
58321
58322
58326
58328
58333
58385
58413
58425
58449
58548
58549
58564
58567
58684
58697
58716
58722
58752
58765
58793
58795
58881
58934
59015
59169
59176
59208
59316
59331
59432
59777
59805
59961
59969
60047
60073
60125
60148
60164
60189
60246
60252
60262
60483
60523
60528
60589
60641
60663
60672
60685
60709
60733
60772
60809
60850
60860
60865
60867
60875
60885
60910
60928
60937
60943
60963
60965
61006
61063
61110
61112
61121
61179
61209
61211
61308
61403
61469
61610
61623
61762
61805
61839
61852
61861
61865
62002
62040
62101
62241
62257
62340
62362
62373
62491
62520
62547
62584
62696
62751
62758
62818
62970
63006
63008
63178
63188
63229
63262
63270
63281
63297
63314
63328
63359
63364
63426
63439
63509
63596
63684
63692
63696
63715
63731
63775
63787
63790
63797
63805
63816
63824
63831
63853
63854
63909
63922
63945
63963
63979
64007
64021
64038
64055
64092
64111
64126
64170
64222
64242
64287
64305
64322
64351
64408
64437
64507
64528
64560
64794
64845
64953
64975
65001
65022
65043
65143
65153
65196
65262
65314
65337
65357
65405
65751
65754
65771
65816
65823
65949
66047
66157
66176
66241
66286
66294
66410
66431
66495
66598
67040
67084
67125
67205
67210
67376
67874
67883
67906
67907
67938
67982
67988
67991
68015
68048
68136
68143
68197
68241
68333
68377
68385
68459
68470
68474
68475
68493
68527
68534
68601
68709
68717
68727
68756
68810
68847
68934
69008
69067
69097
69116
69352
69356
69358
69468
69542
69547
69662
69679
69682
69696
69698
69700
69745
69958
69974
70003
70104
70131
70194
70196
70236
70240
70279
70298
70307
70326
70394
70480
70543
70629
70818
70922
70926
71047
71103
71159
71203
71258
71269
71437
71445
71466
71479
71501
71502
71529
71543
71577
71582
71614
71919
71924
71993
72076
72093
72177
72182
72193
72278
72286
72443
72472
72560
72619
72651
72659
72771
72799
72863
72995
73082
73096
73117
73182
73226
73249
73257
73262
73325
73385
73438
73450
73483
73540
73549
73757
73768
73770
73771
73772
73775
73779
73785
73786
73827
74028
74169
74208
74396
74439
74596
74771
74884
75006
75053
75194
75402
75461
75628
75672
75725
75799
75830
75876
75887
75896
75911
75965
75980
76029
76043
76083
76179
76200
76284
76316
76380
76420
76586
76622
76935
76954
76958
76964
77200
77204
77224
77303
77413
77626
77641
77741
77799
77943
77951
77954
77982
78012
78023
78030
78132
78200
78219
78247
78309
78339
78433
78519
78647
78811
78862
78875
78898
78914
79213
79219
79244
79246
79255
79315
79421
79517
79565
79636
79641
79661
79736
79770
79785
79816
79859
79961
80028
80150
80175
80184
80204
80231
80286
80300
80306
80392
80463
80639
80791
80804
80808
80896
80951
80970
81087
81180
81208
81213
81222
81272
81332
81521
81525
81587
81663
81668
81762
81925
82118
82179
82186
82188
82208
82275
82284
82289
82344
82359
82360
82451
82630
82662
82735
82799
82893
82924
82987
83074
83182
83311
83463
83532
83556
83568
83595
83601
83791
83834
83941
84175
84243
84274
84300
84374
84505
84569
84641
84721
84774
84905
84964
85272
85274
85275
85284
85285
85286
85293
85295
85296
85302
85303
85306
85307
85309
85310
85315
85353
85414
85419
85622
85730
85733
85765
85866
85947
86036
86127
86340
86381
86415
86431
86438
86468
86500
86517
86548
86549
86552
86565
86595
86610
86730
86755
86762
86780
86858
86903
86927
87188
87660
87690
87892
87933
87946
87994
88119
88262
88412
88425
88512
88619
88682
88703
88762
88766
88789
88829
88834
88849
88850
88858
88861
88866
88868
88902
88924
89000
89022
89054
89088
89154
89187
89215
89220
89228
89244
89298
89324
89329
89356
89399
89409
89487
89587
89839
89986
90018
90045
90073
90237
90325
90342
90343
90360
90436
90786
90787
90788
90791
90793
90794
90795
90797
90798
90799
90800
90801
90803
90804
90902
91299
91582
91588
91630
91631
91709
91729
91771
91793
91814
91831
91846
91862
91901
91993
91995
92084
92203
92334
92349
92359
92381
92392
92398
92531
92577
92770
92782
92836
92837
92844
92850
93089
93249
93304
93427
93519
93856
94091
94221
94272
94367
94390
94393
94396
94449
94462
94473
94502
94512
94519
94520
94534
94541
94548
94608
94651
94652
94656
94741
94788
94791
94842
94860
95221
95242
95302
95367
95430
95435
95451
95506
95509
95575
95632
95635
95658
95730
95761
95812
95902
95915
96012
96040
96241
96243
96244
96245
96248
96303
96312
96395
96407
96431
96459
96463
96464
96477
96511
97402
97464
97467
97539
97582
97616
97689
97699
97719
97731
97977
98068
98079
98155
98179
98188
98204
98244
98294
98457
98497
98504
98525
98565
98579
98595
98629
98736
98760
98761
98937
99032
99075
99093
99191
99320
99329
99531
99591
99687
99690
99697
99712
99726
99817
99833
99866
99869
99889
99898
99910
100174
100181
100183
100184
100185
100186
100194
100197
100200
100201
100203
100218
100222
100224
100227
100230
100235
100247
100252
100261
100262
100264
100267
100271
100272
100279
100324
100368
100512
100525
100565
100582
100597
100855
100934
101008
101109
101182
101184
101198
101234
101244
101899
101931
102104
102282
102369
102448
102487
102528
102596
102622
102668
102880
102948
102968
103030
103072
103109
103131
103158
103166
103168
103246
103287
103306
103369
103418
103504
103633
103659
103736
103749
103802
103814
103846
103880
104152
104229
104248
104372
104607
104629
105134
105226
105243
105285
105309
105318
105367
105402
105568
105724
105819
105823
105952
106043
106045
106062
106078
106102
106231
106276
106300
106311
106338
106366
106403
106407
106522
106551
106626
106644
106646
106702
106813
106864
106966
106967
107000
107006
107055
107059
107093
107128
107144
107161
107177
107203
107250
107286
107376
107462
107484
107504
107507
107508
107577
107592
107728
107757
107796
107815
107937
107953
107970
107985
108029
108065
108141
108230
108243
108272
108371
108466
108792
108988
109283
109456
109490
109893
109921
109938
109939
110008
110080
110217
110286
110364
110382
110427
110534
110599
110651
110739
110796
110882
110892
110948
110950
110971
110978
111056
111143
111175
111180
111228
111231
111234
111235
111306
111362
111367
111381
111587
111595
111605
111611
111644
111681
111686
111702
111749
111787
111795
111821
111913
111933
112074
112225
112279
112300
112357
112390
112396
112426
112440
112480
112502
112511
112517
112528
112535
112547
112603
112664
112729
112758
112816
112832
112856
112913
112949
113015
113023
113207
113276
113277
113304
113327
113353
113420
113571
113591
113609
113821
113858
113880
113952
113978
114004
114025
114118
114142
114221
114309
114535
114554
114592
114626
114636
114637
114731
114861
114881
114884
114936
114948
114950
114984
114990
114995
115067
115071
115158
115176
115292
115342
115349
115368
115371
115384
115388
115412
115424
115425
115429
115622
115680
115690
115707
115732
115786
115842
115843
115879
115937
116004
116014
116079
116081
116103
116104
116211
116286
116435
116565
116588
116626
116893
116906
116953
116974
117231
117254
117265
117270
117374
117418
117440
117451
117455
117463
117493
117497
117560
117589
117622
117649
117669
117749
117787
118188
118190
118193
118216
118237
118276
118359
118429
118468
118501
118583
118646
118734
118750
119010
119028
119044
119064
119072
119177
119187
119348
119361
119367
119461
119690
119859
119865
119885
119916
120044
120073
120075
120080
120105
120131
120167
120170
120407
120527
120529
120532
120536
120537
120538
120544
120546
120584
120620
120633
120636
120798
120800
120926
120989
121025
121049
121097
121213
121233
121267
121373
121406
121414
121454
121476
121477
121493
121652
121813
121849
121858
121866
121872
121883
121904
121918
121939
122029
122032
122050
122060
122092
122120
122485
122624
122691
122709
122924
123126
123252
123468
123590
123634
123833
124021
124087
124090
124194
124323
124329
124374
124380
124401
124453
124482
124498
124516
124533
124564
124605
124628
124752
124921
124927
125004
125018
125038
125164
125178
125180
125282
125351
125404
125451
125455
125489
125591
125653
125749
125922
126013
126147
126230
126257
126321
126525
126567
126621
126641
126671
126674
126800
126812
126831
126857
126864
126873
126897
126911
126923
126983
127033
127073
127078
127157
127190
127229
127318
127456
127462
127477
127520
127543
127604
127610
127616
127637
127695
127715
127734
127739
127746
127761
127782
127819
127839
127883
127941
127992
127997
128049
128119
128165
128186
128201
128350
128374
128475
128539
128621
128662
128712
128757
128829
128845
128897
128932
128990
129013
129101
129111
129153
129183
129213
129237
129253
129275
129286
129295
129334
129501
129632
129637
129676
129708
129712
129757
129814
129835
129847
129857
129890
129966
130026
130078
130214
130286
130302
130536
130667
130675
130745
130774
130888
130894
130910
130959
131004
131156
131321
131369
131488
131535
131557
131567
131637
131652
131684
131688
131693
131724
131733
131819
131900
131917
132147
132169
132227
132242
132257
132271
132311
132319
132323
132349
132363
132386
132389
132448
132538
132625
132632
132742
132783
132892
132903
132977
133131
133187
133278
133445
133463
133756
133823
133871
134012
134032
134078
134106
134178
134211
134251
134269
134356
134363
134449
134454
134470
134500
134694
134747
134772
134886
134887
134901
135001
135015
135076
135097
135129
135254
135287
135344
135350
135368
135369
135387
135425
135434
135438
135441
135443
135445
135451
135473
135491
135499
135508
135510
135513
135516
135639
135652
135655
135658
135669
135673
135699
135710
135730
135741
135767
135952
136020
136044
136082
136095
136109
136111
136113
136118
136405
136418
136426
136516
136616
136618
136619
136626
136816
136903
136950
136981
136987
137029
137034
137088
137123
137443
137573
137810
137905
138076
138114
138147
138185
138188
138194
138326
138496
138843
139100
139285
139299
139336
139547
139599
139612
139621
139629
139650
139655
139682
139780
139818
139820
139839
139844
139892
139900
139974
139979
139982
140012
140086
140126
140132
140177
140182
140201
140291
140294
140426
140557
140562
140615
140801
140829
141359
141403
141416
141458
141726
141960
142055
142136
142146
142152
142263
142306
142349
142358
142380
142397
142414
142754
142757
142932
143344
143406
143439
143484
143563
143633
143682
143924
143968
144080
144181
144247
144374
144497
144716
144717
145023
145302
145414
145444
145520
145573
145599
145726
145729
145813
145866
145873
146149
146458
146513
146578
146608
146629
146635
146669
146776
146835
146856
146904
146907
146941
146945
146948
147040
147124
147133
147370
147381
147383
147417
147437
147448
147461
147494
147520
147588
147750
147807
147818
147826
147839
147960
147962
147969
147977
148044
148275
148304
148336
148494
148495
148561
148640
148848
148875
148884
148914
148958
148984
149037
149076
149094
149099
149103
149118
149142
149158
149230
149354
149480
149504
149506
149621
149657
149797
149906
149972
150027
150127
150128
150154
150278
150285
150312
150400
150411
150625
150712
150840
150870
150873
150936
151085
151094
151159
151333
151376
151384
151417
151440
151471
151640
151647
151677
151794
151840
151841
151924
151925
151929
151938
151943
151945
152088
152152
152204
152226
152236
152239
152248
152258
152289
152304
152320
152387
152466
152468
152518
152576
152580
152581
152585
152586
152629
152664
152701
152814
152924
152940
152947
152981
153307
153387
153424
153430
153462
153475
153491
153496
153538
153547
153572
153580
153592
153757
154120
154191
154224
154271
154343
154411
154613
154770
154885
154907
154913
154957
154969
154974
155066
155071
155120
155148
155199
155257
155312
155343
155390
155392
155457
155510
155530
155558
155591
155598
155601
155627
155837
155907
155915
155952
155960
155961
155963
155978
155983
156009
156025
156029
156063
156069
156094
156122
156143
156194
156207
156210
156249
156534
156611
156791
156793
156830
156839
156843
156856
156893
157128
157142
157217
157240
157434
157499
157517
157519
157521
157565
157570
157609
157635
157652
157721
157846
157854
157857
157930
157932
157967
157972
158153
158232
158526
158624
158627
158659
158700
158846
158859
158876
159188
159199
159225
159249
159370
159508
159590
159657
159730
159816
159823
159935
159986
160037
160110
160308
160405
160414
160516
160536
160813
160815
160823
160827
160996
161215
161257
161318
161611
161618
161673
161744
161749
161878
161913
162013
162036
162104
162189
162220
162258
162284
162430
162435
162458
162568
162602
162663
162706
162736
162757
162761
162776
162793
162815
162885
162892
162902
163113
163217
163254
163284
163686
163796
163879
163880
163888
163963
164148
164230
164238
164245
164274
164298
164308
164323
164371
164442
164521
164566
164580
164629
164634
164708
164721
164768
164818
165091
165123
165357
165371
165374
165376
165449
165517
165611
165612
165640
165726
165789
165973
166187
166223
166249
166271
166307
166318
166324
166333
166388
166917
166919
166951
166967
166998
167122
167155
167189
167279
167286
167352
167353
167369
167380
167392
167493
167711
167779
167782
167795
167824
167856
167858
167950
168062
168333
168337
168425
168530
168604
168610
168615
168622
168624
168681
168915
168952
169054
169559
169610
169645
169681
169803
169810
169908
169913
170029
170198
170234
170261
170280
170281
170343
170369
170386
170407
170458
170488
170567
170569
170603
170665
170699
170778
170817
170824
170921
170929
170962
170990
170997
171078
171212
171324
171387
171479
171615
171856
171874
172192
172196
172228
172241
172278
172287
172502
172543
172601
172632
172642
172662
172673
172674
172694
172771
172846
172871
172888
172911
172979
172998
173020
173035
173127
173130
173133
173134
173203
173207
173295
173319
173398
173443
173711
173840
173884
174119
174212
174287
174375
174424
174427
174446
174533
174551
174565
174742
174840
174900
174999
175027
175058
175068
175186
175245
175291
175314
175343
175499
175521
175526
175535
175537
175587
175671
175913
175935
175938
175980
175996
176276
176442
176599
176673
176717
176749
176868
177017
177032
177037
177058
177107
177245
177270
177530
177531
177547
177761
177770
177903
177996
178003
178093
178101
178120
178124
178190
178203
178230
178311
178313
178314
178315
178412
178731
178752
178768
178770
179057
179105
179110
179124
179131
179185
179206
179238
179240
179242
179247
179296
179333
179454
179483
179549
179745
179751
179767
179769
179784
179927
180058
180105
180124
180145
180147
180449
180645
180671
180727
180758
180781
180784
181108
181128
181190
181192
181209
181213
181249
181250
181270
181558
181568
181617
181668
181716
181720
181763
181992
182011
182043
182049
182052
182060
182144
182145
182200
182204
182226
182555
182575
182652
182660
182887
182927
182980
183056
183237
183360
183417
183462
183487
183489
183490
183514
183520
183544
183567
183601
183615
183703
183748
183807
183898
183955
183973
184001
184058
184139
184200
184228
184270
184277
184303
184535
184556
184560
184583
184618
184623
184638
184639
184642
184643
184671
184703
184707
184768
184769
184775
184792
184825
184862
184886
184905
184925
184926
184972
184975
185033
185078
185161
185261
185345
185449
185522
185525
185527
185578
185637
185744
185749
185757
185815
185922
186303
186310
186447
186508
186622
186629
186665
186685
186880
187085
187118
187132
187189
187196
187234
187253
187301
187371
187421
187429
187478
187519
187623
187697
187897
187915
188192
188304
188369
188740
188748
188796
188837
188928
188938
188971
189007
189171
189175
189355
189404
189413
189414
189477
189508
189509
189593
189682
189793
189940
189947
190112
190288
190391
190505
190758
190773
190774
190824
190838
190854
191227
191328
191367
191813
191917
191927
191951
191958
191967
192068
192260
192312
192314
192316
192323
192364
192469
192477
192489
192516
192835
192868
192983
193045
193102
193163
193310
193345
193349
193515
193793
193894
193903
193913
193930
193938
193982
194024
194026
194042
194086
194095
194148
194154
194156
194160
194178
194180
194213
194229
194235
194317
194376
194393
194410
194435
194465
194467
194508
194606
194672
194679
194732
194926
194968
195244
195468
195676
195735
195761
195788
195974
196056
196081
196206
196248
196342
196387
196661
196954
197169
197316
197591
197608
197623
197629
197642
197798
197801
197804
197836
197906
198381
198607
198638
198761
198768
198775
198807
198871
198896
198903
198922
198981
198988
199000
199017
199059
199143
199228
199625
199735
199766
200091
200092
200093
200095
200144
200147
200405
200435
200465
200652
200664
200670
200702
200711
200720
200729
200744
200758
200842
200938
200943
200989
200992
201058
201124
201437
201439
201450
201461
201525
201569
201687
201699
201964
201975
202256
202422
202552
202774
202861
203102
203140
203158
203350
203355
203654
203909
204007
204309
204438
204443
204481
204504
204553
204645
204658
204691
204720
204819
204842
204977
204978
204979
204998
205002
205042
205171
205291
205323
205354
205415
205419
205575
205658
205663
205679
205697
205706
205911
205912
205943
205948
205962
205993
206055
206065
206313
206319
206320
206338
206430
206543
206561
206584
206585
206589
206592
206766
207061
207067
207077
207085
207161
207204
207207
207271
207569
207605
207686
207709
207755
207766
207767
207771
207773
207830
207880
207935
207953
207955
207978
208040
208072
208267
208278
208382
208645
208673
208715
208744
208777
208854
209081
209099
209108
209134
209223
209554
209603
209604
209609
209612
209618
209628
209634
209640
209652
209679
209699
209748
209768
209796
209860
209937
209962
210022
210162
210196
210203
210236
210282
210327
210348
210387
210431
210436
210460
210465
210516
210632
210737
210860
210872
210876
211189
211198
211228
211250
211254
211290
211324
211419
211421
211515
211536
211595
211682
211687
211836
211849
211918
211984
212003
212007
212016
212069
212131
212192
212221
212401
212440
212461
212464
212488
212511
212531
212553
212731
212733
212745
212746
212769
212811
212851
212968
213006
213162
213238
213251
213316
213345
213425
213569
213582
213623
213705
213785
213842
214027
214047
214152
214164
214188
214198
214210
214214
214252
214273
214281
214363
214370
214414
214462
214513
214596
214647
214697
214735
214740
214908
214922
214938
214957
215025
215072
215177
215480
215483
215493
215502
215553
215607
215638
215692
215699
215857
215871
215875
215885
215966
215984
215987
216030
216184
216312
216362
216381
216438
216454
216667
216711
216715
216760
216868
216967
217019
217060
217241
217319
217452
217577
217582
217590
217700
217709
218367
218457
218521
218615
218699
218704
218717
218727
218783
218866
218899
218909
218955
219027
219031
219165
219166
219170
219173
219211
219272
219561
219740
219936
220009
220406
220422
220431
220598
220657
220699
220736
220737
220800
220808
220809
220820
220892
220898
220904
221114
221157
221297
221320
221438
221445
221446
221722
221762
221765
222090
222099
222112
222132
222195
222327
222845
223005
223244
223372
223386
223421
223441
223714
223730
223839
223910
223920
223921
223930
223945
223968
223975
224240
224267
224412
224568
224666
224690
224755
224780
224922
224974
224988
224993
225012
225020
225072
225285
225290
225379
225399
225437
225480
225630
226121
226452
226629
226631
226641
226647
226666
226843
226863
227031
227204
227291
227305
227311
227397
227515
227521
227556
227602
227636
227672
227781
227858
227878
227934
228062
228143
228160
228469
228778
228859
228919
228921
229234
229298
229322
229352
229389
229410
229411
229443
229496
229654
229676
229703
229783
229831
229967
230159
230271
230566
230628
230679
230735
230797
230818
231184
231235
231418
231448
231471
231565
231796
231883
231884
231998
232007
232015
232152
232154
232176
232178
232202
232282
232289
232413
232414
232430
232468
232481
232573
232793
232846
233030
233047
233095
233129
233130
233139
233303
233374
233502
233521
233527
233542
233681
233977
234012
234126
234227
234263
234382
234385
234418
234443
234482
234484
234671
234807
235032
235080
235270
235327
235328
235372
235602
235701
235706
235902
236170
236216
236247
236463
236732
236781
236861
236894
236931
237159
237288
237366
237369
237370
237397
237464
237587
237619
237636
237664
237832
237896
238077
238237
238278
238446
238448
238494
238561
238719
238924
239043
239193
239263
239296
239331
239389
239398
239548
239552
239602
239604
239639
239658
239959
240029
240043
240160
240399
240407
240551
240572
240949
241115
241120
241143
241257
241430
241457
241522
241537
241926
241959
241987
242034
242040
242063
242288
242566
242570
242671
242674
242677
242689
242695
243064
243165
243221
243404
243420
243445
243850
243879
243979
244113
244180
244308
244350
244463
244471
244519
244531
244662
244966
245123
245345
245537
245541
245581
245599
245671
245737
245809
246062
246113
246488
246597
246648
246687
246789
246875
246958
246964
247035
247199
247201
247248
247419
247513
247814
248020
248062
248312
248356
248402
248417
248723
248847
248860
249047
249104
249122
249179
249200
249229
249350
249370
249415
249467
249572
249573
249574
249691
249857
249863
250138
250146
250148
250150
250167
250168
250509
250606
250607
250700
250720
250751
250774
250799
250811
250829
250839
250849
250864
250907
250914
251010
251041
251107
251274
251295
251297
251402
251446
251477
251486
251497
251534
251602
251605
251657
251658
251660
251662
251663
251664
251779
251791
251848
252319
252362
252363
252379
252381
252406
252441
252462
252504
252783
252865
252869
252956
253006
253354
253638
253662
253977
254113
254293
254388
254475
254498
254631
254742
254743
254762
254790
254795
254808
254823
254873
254907
254974
254983
254990
254999
255024
255028
255033
255137
255175
255180
255301
255328
255329
255415
255429
255486
255657
255684
255745
255764
255814
255838
255881
255897
255902
256307
256329
256403
256430
256473
256479
256538
256673
256694
256747
256795
256825
256846
256879
256913
256916
256928
256941
256962
256981
257000
257009
257032
257068
257274
257469
257471
257472
257545
257560
257562
257628
257850
258135
258255
258267
258268
258550
258784
258922
258995
259199
259213
259258
259289
259314
259330
259402
259734
259949
260107
260137
260243
260361
260426
260514
260567
260630
260736
260769
260786
260801
260825
260830
260980
260994
261011
261028
261035
261038
261043
261088
261091
261243
261244
261362
261519
261558
261633
261655
261690
261768
261856
262072
262187
262200
262278
262301
262463
262554
262733
262869
262993
263005
263102
263134
263153
263225
263239
263258
263291
263587
263619
263692
263696
263706
263866
263869
263876
264237
264263
264817
264838
264846
265033
265419
265455
265478
265695
265893
265919
266335
266385
266409
266492
266834
266843
266868
266967
266972
266994
267018
267526
267552
267581
267851
268202
268572
268581
268662
268739
268801
269229
269322
269565
269633
269890
270040
270546
270744
270822
270858
270878
271173
271384
271774
271790
271817
271965
271987
272026
272041
272042
272093
272300
272341
272508
272630
272864
272924
273043
273169
273407
273778
273839
273903
273910
273971
274231
274317
275258
275268
275326
275341
275368
275391
275783
275907
276103
276227
276557
276739
276944
277048
277233
277237
277340
278057
278476
278519
278520
278537
278864
278955
279396
279497
279522
279533
279652
279670
279887
279930
279955
280466
280513
280784
280796
280836
280873
280937
280997
281136
281180
281431
281539
281763
281909
281994
282060
282474
282476
282640
282644
282656
282715
282862
282922
283185
283208
283291
283301
283309
283320
283321
283426
283487
283731
283961
284230
284705
284804
284911
285021
285037
285094
285096
285097
285100
285101
285173
285187
285210
285364
285384
285416
285447
285504
285549
285740
285769
285816
285853
285920
285972
286028
286063
286074
286128
286145
286180
286242
286264
286374
286411
286539
286693
286855
286878
286930
286973
286974
287042
287095
287135
287472
287506
287507
287530
287560
287578
287579
287603
287824
287939
288024
288094
288154
288315
288362
288366
288439
288618
288665
288683
288733
288744
288763
288879
289010
289108
289122
289144
289258
289294
289374
289393
289421
289459
289521
289526
289566
289575
289602
289706
289911
289958
290030
290073
290075
290080
290091
290092
290108
290123
290132
290176
290183
290212
290242
290252
290298
290318
290325
290343
290365
290424
290448
290479
290508
290522
290544
290623
290656
290663
290667
290678
290693
290740
290797
290845
290892
290903
290924
290972
290973
291039
291081
291230
291275
291276
291317
291331
291556
291695
292167
292238
292250
292313
292384
292427
292638
292642
292841
292856
292877
292921
292922
292964
293014
293093
293127
293149
293164
293221
293240
293301
293334
293418
293450
293470
293513
293627
293647
293809
293825
293888
293944
293958
294011
294033
294072
294130
294141
294233
294297
294314
294409
294438
294449
294457
294529
294669
294748
294771
294838
294842
294854
294892
294907
294980
295027
295079
295098
295101
295123
295124
295136
295166
295180
295204
295403
295506
295561
295602
295612
295615
295718
295736
295750
295780
295825
295885
295910
295922
295952
295977
295984
296060
296099
296116
296133
296139
296220
296239
296263
296303
296349
296407
296511
296564
296710
296749
296815
296986
297198
297238
297242
297245
297246
297247
297272
297451
297478
298276
298678
298767
298802
298805
298816
298986
298996
298997
299040
299155
299224
299324
299361
299523
299700
299792
300150
300241
300248
300265
300291
300392
300410
300433
300448
300507
300545
300551
300553
300631
300678
300696
300760
300768
300811
300929
301009
301045
301067
301069
301140
301233
301235
301264
301306
301307
301317
301491
301498
301619
301661
301682
301849
301850
301852
301883
301893
302055
302078
302081
302126
302477
302489
302534
302567
302569
302581
302624
302648
302654
303062
303129
303228
303233
303237
303240
303291
303439
303541
303596
303651
303724
303812
303813
303822
303823
303828
303836
303840
303862
303883
303896
303918
303977
304006
304099
304106
304302
304396
304761
304858
304955
304956
304981
304996
305060
305121
305175
305193
305196
305355
305408
305456
305478
305551
305642
305658
305723
305765
305771
305780
305816
305837
305868
305964
306245
306286
306384
306387
306390
306391
307122
307130
307193
307284
307293
307300
307303
307366
307426
307597
307615
307634
307754
307843
307850
307853
307997
308001
308038
308148
308164
308173
308285
308404
308415
308449
308511
308817
308956
308985
309181
309226
309254
309303
309311
309334
309366
309380
309424
309446
309469
309516
309531
309559
309591
309617
309736
309780
309785
309800
309801
309834
309877
309978
310084
310094
310102
310149
310241
310253
310287
310292
310349
310380
310381
310518
310731
310758
310908
310960
310977
311059
311136
311251
311305
311419
311639
311653
311657
311671
311701
311745
312030
312075
312089
312135
312230
312414
312521
312732
312747
312933
312934
312940
313126
313430
313486
313561
313613
313841
313895
314013
314101
314132
314308
314309
314367
314585
314662
314742
314992
315285
315300
315316
315355
315491
315534
315548
315581
315585
315714
315852
316093
316151
316317
316371
316436
316518
316532
316555
316585
316638
316645
316663
316792
316821
316847
316929
317090
317121
317172
317193
317241
317320
317397
317424
317475
317498
317556
317639
317660
317832
317855
317875
317928
317934
317938
317957
318190
318480
318492
318514
318523
318627
318668
318717
318812
318908
318941
318959
319044
319101
319102
319143
319147
319213
319352
319393
319515
319572
319859
319942
319944
319952
320057
320145
320224
320232
320270
320273
320389
320736
320742
320779
320823
320846
320853
321171
321175
321189
321205
321208
321215
321226
321357
321369
321441
321527
321531
321545
321547
321637
321712
321768
321851
321872
321974
321979
322024
322029
322103
322156
322168
322169
322193
322212
322225
322370
322427
322458
322485
322521
322801
323168
323510
323520
323538
323599
323678
323807
324092
324166
324580
324643
324704
325035
325286
325301
325314
325584
325747
325865
325921
326006
326033
326152
326175
326238
326250
326628
327042
327054
327237
327284
327372
327432
327516
327577
327870
327910
327932
328594
328642
328674
328778
329014
329036
329110
329166
329418
329495
329514
329710
329803
330173
330203
330633
331121
331201
331320
331326
331338
331347
331366
331379
331400
331603
333031
333053
333122
333137
333146
333180
333916
334013
334082
334185
334683
334846
334977
335375
335415
335425
335441
336472
336633
337014
337016
337043
337139
337370
337410
337433
337683
337972
337990
337998
338219
338299
338611
338731
338778
338854
338912
338928
338941
339146
339250
339734
339936
339937
339950
339970
340047
340119
340134
340146
340411
340530
340716
340954
341320
342000
342306
342449
342520
342617
343358
343385
343386
343491
343695
343732
343901
343941
344023
344868
345364
346052
346068
346083
346172
346314
346614
346623
346753
347076
347331
347441
347472
347485
347598
347613
347642
347772
348081
348255
348509
348569
348769
348885
349431
349464
349478
349567
349573
349639
349670
349719
350004
350102
350104
350373
350407
350439
350444
350750
350928
350932
351115
351273
351487
351516
351524
351531
351714
351785
351805
352259
352494
352656
352705
352829
353530
353636
353690
353769
353807
354003
354071
354263
354579
354634
354987
354989
355356
355360
355422
355436
355464
355519
355542
355602
355670
355767
355932
356004
356105
356278
356372
356397
356414
356455
356799
356801
356917
356922
356924
357379
357510
357684
357740
357765
357803
357886
357972
358090
358123
358171
358453
358641
358814
358905
359048
359050
359126
359224
359231
359562
359572
359654
359747
359816
359903
360098
360176
360469
360485
360503
360535
360545
360693
360763
360768
360770
360771
361036
361070
361089
361095
361104
361160
361221
361250
361807
361830
361994
362060
362123
362130
362191
362199
362353
362607
362618
362637
362752
362765
363358
363380
363422
363586
364484
364676
364846
364895
364931
365138
365155
365230
365401
365564
365600
365642
365662
365729
365734
365759
365895
365925
365927
365960
365982
365990
366047
367255
367331
367465
367561
367852
367928
367952
367960
368352
368642
368645
368657
368666
368986
369136
369614
369905
369960
369962
370416
370747
370853
370864
371069
371343
371658
372695
372997
373083
373170
373575
376685
377632
379546
379679
380015
380476
381112
381134
381765
382393
382398
382743
383047
383053
383551
383902
384355
384358
384371
384584
384647
384687
385515
385692
385693
385703
385719
385731
385795
386456
386548
386681
386701
386953
387060
387143
387489
387614
387824
388011
388406
388417
388433
388502
388581
388822
388873
389179
389214
389386
389526
389533
389612
389630
389705
389750
389965
390038
390227
390231
390313
390366
390422
390493
390515
390586
390635
390963
391006
391044
391210
391468
391529
391567
391827
391831
391868
391872
392079
392328
392545
392561
392820
393116
393432
393435
393448
393473
393559
393873
393874
393934
393967
393974
394023
394123
394165
394186
394226
394415
394450
394473
394516
394519
394534
394555
394593
394690
394734
394752
394918
394991
395236
395268
395402
395422
395619
395713
395785
395903
395981
395999
396075
396098
396151
396271
396272
396374
396424
396433
396542
396795
396832
396922
396973
397065
397190
397252
397508
397611
397775
397917
397929
398126
398161
398176
398209
398324
398425
398507
398736
398764
398926
398985
398996
399018
399135
399143
399302
399309
399310
399311
399447
399466
399467
399609
399628
399655
399863
400006
400019
400028
400049
400233
400286
400335
400336
400369
400614
400642
400909
400917
400973
401011
401074
401194
401198
401268
401325
401338
401396
401412
401416
401461
401592
401755
401762
401812
401813
401814
402015
402032
402049
402118
402222
402336
402462
402569
402727
402761
402849
402867
402909
403133
403345
403383
403505
403716
403750
403833
403836
403887
403909
404044
404048
404089
404144
404203
404249
404295
404338
404371
404394
404445
404451
404500
404515
404631
404649
404667
404721
404835
404962
405031
405160
405445
405455
405524
405530
405769
405974
406201
406281
406362
406448
406717
406757
406892
406969
407273
407276
407366
407377
407433
407504
407573
407616
407619
407631
407676
407695
407749
407851
407919
408060
408140
408151
408283
408296
408384
408693
408711
408736
408740
408865
408866
408970
409197
409315
409381
409410
409502
409506
409807
409848
410284
410322
410381
410779
411009
411046
411123
411293
411449
411478
411493
411523
411561
411616
411635
411672
411699
411708
411792
411815
411821
411859
411898
411980
412033
412034
412380
412421
412467
412580
412613
412775
412908
412910
412957
413233
413246
413403
413436
413464
413483
413551
413631
414027
414121
414151
414154
414547
414757
415078
415132
415236
415421
415438
415559
415571
415588
415629
415634
415679
415682
416647
416720
416960
417274
417577
417812
417825
418534
418638
419198
419233
419327
419328
419883
420100
420113
420346
420378
420436
420594
420665
420716
420778
420823
421007
421056
421518
421764
421818
421854
421924
421927
421931
422127
422129
422188
422200
422243
422304
422495
422506
422605
1994 CJ1
1994 SQ11
2001 FA221
2001 TQ149
2002 EY163
2002 PN72
2002 PR175
2002 QY69
2002 QO81
2002 QV138
2002 QF144
2003 BM33
2003 DW
2003 HL23
2003 SY371
2003 UD111
2003 UC333
2003 WZ192
2004 TG37
2004 TW63
2004 TF71
2004 TX179
2004 TK235
2005 EC26
2005 EC316
2005 GA117
2005 LS3
2005 RA41
2005 SV47
2005 SX84
2005 SP85
2005 SH137
2005 SZ144
2005 SK146
2005 SN147
2005 SW187
2005 SX215
2005 SA240
2005 TD23
2005 TD59
2005 UX27
2005 UW38
2005 UA78
2005 UP139
2005 UQ417
2005 UP262
2005 WU86
2005 XA53
2005 YM192
2005 YD199
2006 BO14
2006 BU67
2006 RC92
2006 SQ392
2006 SA410
2006 UP156
2006 UY208
2006 WK67
2006 WZ135
2007 BX27
2007 CA16
2007 CH28
2007 FP40
2007 HA23
2007 RM112
2007 SV3
2007 SY19
2007 TF137
2007 TK145
2007 UV47
2007 UC135
2007 VB28
2007 VK183
2007 WC27
2008 CW13
2008 CJ127
2008 CM181
2008 DF86
2008 GS22
2008 GR39
2008 SS1
2008 SZ43
2008 SW101
2008 ST127
2008 TB22
2008 TL49
2008 TN188
2008 UB72
2008 UU226
2008 WV126
2008 YS55
2008 YX62
2008 YH136
2008 YC140
2008 YW142
2008 YO150
2009 BB80
2009 BX184
2009 HK52
2009 HD77
2009 HY78
2009 QY58
2009 UQ52
2009 VX54
2009 WG155
2009 WM245
2009 XM17
2009 YO3
2010 AP4
2010 AG21
2010 ED104
2010 FX15
2010 GW101
2010 GU119
2010 GO161
2010 JP45
2010 JQ155
2010 NS102
2010 RE20
2010 TX131
2010 UL31
2010 UK93
2010 VA132
2010 WC4
2010 WW53
2011 AO12
2011 AJ35
2011 AU38
2011 AP77
2011 BC9
2011 BJ83
2011 BO117
2011 CN45
2011 EL66
2011 FP84
2011 JX30
2011 QF27
2011 RX8
2011 SJ33
2011 SM108
2011 SG136
2011 UQ16
2011 UV30
2011 UH40
2011 UD87
2011 UC362
2011 UT103
2011 UJ114
2011 UA376
2011 UK174
2011 UX182
2011 UE248
2011 UV260
2011 UV295
2011 WS39
2011 WU135
2011 XS1
2011 YS11
2012 AA24
2012 BY4
2012 BE28
2012 BJ100
2012 BS116
2012 CN30
2012 CX34
2012 DU22
2012 FZ7
2012 FP36
2012 TX165
2012 UH57
2012 UD73
2012 VA101
2012 XU16
2012 XY23
2012 XX66
2012 YL8
2013 AH68
2013 BJ25
2013 CT18
2013 CE142
2013 CO201
2013 EE83
2013 GW8
2013 GE36
2013 GS49
2013 GP80
2013 GF98
2013 GH110
2013 GO110
2013 HZ24
2013 HV28
2013 HV40
2013 JY11
2013 JD35
2013 RG17
2013 TT61
2013 TZ78
2013 VT8
2013 WS96
2013 YB38
2013 YV39
2013 YS77
2013 YF133
2013 YA148
2014 AA1
2014 CF17
2014 DE34
2014 DU41
2014 DV42
2014 DY47
2014 DA84
2014 DT97
2014 DE103
2014 DR128
2014 DA129
2014 DC129
2014 EG42
2014 FU27
2014 GQ46
2014 HC2
2014 HS16
2014 HL100
2014 HP125
2014 JE47
2014 KU3
2014 KK22
2014 KC72
2014 KR95
2014 KL99
2014 LX15
2014 MF
2014 MX14
2014 MP25
2014 MP30
2014 MV38
2014 MH53
2014 MC57
2014 MM57
2014 NC54
2014 OX2
2014 OD31
2014 OV39
2014 OD73
2014 OU103
2014 ON115
2014 OE389
2014 OS144
2014 OT159
2014 OG181
2014 OB192
2014 OG192
2014 OY308
2014 OH324
2014 OP324
2014 OB336
2014 OE341
2014 QJ38
2014 QA365
2014 QB369
2014 QV394
2014 QD396
2014 QE413
2014 QS419
2014 QZ288
2014 QP338
2014 QB346
2014 RQ20
2014 RO35
2014 SF56
2014 SB102
2014 SZ164
2014 SN192
2014 SB221
2014 SN287
2014 SA328
2014 TC62
2014 UD22
2014 US49
2014 UN54
2014 WC69
2014 WH69
2014 WT385
2014 WJ144
2014 WZ414
2014 WA501
2014 WX259
2014 WS270
2014 WR277
2014 WN313