id
64981
71263
72623
72725
73459
75675
75713
75753
75778
75870
76196
76264
76326
76521
76557
76728
76803
76983
77426
77494
77565
77674
77767
78205
78232
78296
78406
78732
80552
80670
80779
81008
81161
81206
81337
81402
81404
81408
81621
81679
81715
81719
81738
81740
81744
81782
81794
81997
82043
82243
82269
82569
82690
82710
82747
82771
82786
82844
82846
83159
83346
83351
84331
84545
84752
86435
86484
86542
86637
86681
86767
86775
86806
86817
86818
86881
86910
86955
86986
87004
87010
87023
87067
87108
87133
87145
87193
87209
87211
87218
87271
87275
87301
87323
87352
87415
87430
87503
87517
87519
87623
87633
87706
87781
87819
87852
87897
87932
88057
88367
88384
88508
88615
88765
89080
89093
89149
89166
89396
89456
89469
89614
89638
89735
89747
90093
90276
90464
92226
92347
92351
92357
92358
92385
92405
92421
92472
92498
92499
92507
92683
92699
92796
92827
93037
93066
93098
93182
93263
93302
93374
93493
93500
93606
93615
93665
93830
94191
94218
94487
94498
94657
94744
94756
94787
94810
94922
95050
95134
95203
95395
95757
95899
97369
97374
97386
97418
97527
97549
97754
97811
97959
97976
98124
98146
98210
98249
98256
98263
98386
98463
98478
98486
98570
98580
98695
98849
98876
99211
99239
99305
99542
99601
99647
99796
99897
103343
103455
103550
103555
103556
103602
103636
103682
103713
103851
103853
103900
103932
103966
103969
104048
104150
104234
104315
104374
104443
104456
104503
104536
104585
104593
104627
104664
104675
104752
104767
104779
104788
104791
104807
104817
104819
104858
104860
104926
104960
104992
105023
105178
105204
105240
105337
105355
105497
105512
105514
105583
105661
105686
105758
105804
105830
105848
105860
105886
105895
105956
105971
105997
106032
106071
106088
106106
106140
106170
106215
106357
106415
106471
106560
106610
106687
106753
106828
106872
106901
106903
106963
106964
106992
107015
107045
107065
107130
108515
108561
108568
108575
108641
108709
108843
108874
108962
108970
108986
109065
109121
109199
109221
109535
109597
109936
110075
110465
110836
111128
111267
111432
111449
111459
111511
111645
111765
111833
111976
112163
112231
112489
112818
112871
112880
112941
112972
112976
113099
113343
113379
113487
113574
114061
114071
114108
114235
114280
114628
114690
114729
114761
114802
114906
115273
115281
115460
115736
115917
116145
116150
116157
116172
116204
116241
116418
116455
116462
116476
116578
116599
116605
116800
116858
117016
117121
117248
117350
117480
117709
117762
117824
117855
118498
118544
118609
118612
118659
118692
118720
118790
118825
118850
118859
118868
118877
118941
118946
118972
118985
119144
119216
119282
119558
119648
119664
119769
119968
120046
120119
120313
121804
121836
121871
121893
121894
121959
121998
122003
122025
122041
122073
122137
122138
122151
122157
122191
122196
122337
122343
122351
122401
122404
122405
122425
122433
122437
122479
122547
122578
122722
122756
122763
122823
122858
122874
122961
122978
122980
123017
123019
123172
123175
123275
123287
123297
123311
123341
123357
123388
123420
123442
123461
123467
123515
123539
123548
123558
123559
123560
123598
123650
123654
123708
123961
124069
124079
124235
124295
124307
124350
124362
124560
124651
124748
124905
125065
125350
125389
125919
126023
126026
126038
126064
126071
126102
126193
126277
126309
126341
126392
126396
126414
126419
126424
126445
126448
126502
126670
126762
126775
126881
126937
126997
127108
127174
127193
127240
127321
127339
127348
127411
127608
127638
127721
127885
127969
128100
128460
128511
128558
128636
128726
128752
128848
128849
128850
128857
128874
129319
130206
130228
130262
130298
130304
130320
130326
130332
130348
130387
130412
130414
130425
130454
130521
130552
130630
130660
130716
130749
130768
130777
130794
130795
130830
130898
130948
130969
131002
131044
131052
131079
131398
131690
131754
131863
131883
131924
131925
131927
131947
132004
132042
132105
132198
132222
132225
132443
132505
132522
132650
132773
132851
132889
132974
132983
133013
133015
133060
133061
133191
133700
133912
133949
133961
134090
134937
134967
135229
135362
135837
136128
136131
137928
137945
137957
137970
137984
137985
137992
137997
138008
138054
138083
138097
138118
138124
138132
138160
138165
138173
138208
138226
138237
138299
138307
138313
138350
138399
138463
138476
138485
138489
138521
138570
138615
138622
138705
138714
138804
139426
139466
139538
139763
139822
139881
139967
140323
140404
140419
140466
140709
140735
141266
141279
141285
141454
141468
141475
141701
141806
141931
141973
142008
142225
142364
142394
142436
142457
142607
142619
142669
142694
142830
143002
143027
143035
143429
143459
143542
143919
144009
144128
144256
144269
144276
144307
144327
144373
144422
144506
144519
144533
144673
144674
144718
144739
144751
144790
144829
144872
145220
145996
146039
146059
146092
146117
146118
146142
146164
146178
146228
146247
146598
146752
146921
147048
147051
147063
147139
147395
147487
147576
147806
147825
147843
148207
148214
148218
148245
148256
148277
148307
148345
148348
148353
148391
148405
148417
148427
148623
148753
148937
149024
149067
149068
149315
149350
149382
149491
149498
149587
149616
149725
149821
149952
150010
150091
150356
150423
150448
150508
150538
150564
150595
151631
151799
151805
151960
152004
152333
152367
152369
152398
152436
152958
152996
153029
153078
153117
153131
153135
153159
153174
153319
153499
153672
153974
154153
154373
154535
154579
154813
154921
154933
154989
155039
155050
155132
155150
155177
155212
155221
155228
155704
155720
155729
155774
155776
155791
155792
155805
155821
155909
156007
156148
156191
156230
156271
156346
156429
156453
156532
156810
156831
156961
157219
157242
157345
157585
157698
157742
157960
157964
157982
158061
158136
158154
158283
158471
158618
158633
158844
158856
159039
159469
159496
159600
159729
159895
159904
160097
160313
160342
160718
160726
160736
160742
160766
160891
160968
161007
161082
161147
161188
161210
161287
161490
161529
161547
161870
161876
162406
162421
162456
162486
162504
162523
162540
162545
162557
162570
162577
162600
162665
162681
162753
162755
162759
163139
163171
163307
163328
163388
163435
163443
163636
163740
163805
164119
164305
164365
164412
164445
164586
165085
165176
165236
165237
165246
165247
165283
165308
165329
165334
165345
165382
165390
165439
165456
165516
165678
165732
165817
165975
166009
166193
166195
166196
166585
166604
166673
166761
166853
167190
167219
167521
167535
167641
167754
167757
167789
167792
167811
167867
167875
168063
168276
168623
168721
168742
168750
168774
168814
168816
168817
168825
168834
168850
168852
168854
168866
168921
168931
168940
168969
168985
169380
169606
169829
169855
170286
170432
170616
170624
170636
170649
170935
170963
170977
170983
171292
171314
171406
171608
171718
171727
171740
171750
171766
171847
172087
172326
172331
172339
172708
172750
172815
172933
172956
172970
173066
173067
173381
173386
173407
173412
173418
173431
173463
173499
173536
173546
173554
173564
173732
173928
173957
174256
174559
174610
174627
174681
174931
174938
175000
175130
175369
175482
175487
175909
175914
175917
175947
175951
175959
176010
176020
176034
176071
176079
176533
176570
176600
176625
176917
177012
177117
177123
177166
177223
177561
177612
177618
177684
177693
177796
177829
178070
178082
178222
178629
178631
178644
178678
178688
178695
178717
178721
178775
179360
179422
179432
179452
179546
180340
180392
180522
180584
180975
181077
181084
181138
181336
181447
182027
182050
182068
182175
182176
182183
182188
182195
182208
182212
182387
182483
182830
182883
182915
183531
183673
183872
184020
184067
184271
184507
184931
184948
185360
185583
185842
185866
185896
185902
185926
185981
186248
186291
186352
186608
186766
186773
186820
186833
186958
187087
187095
187276
187287
187452
187858
187869
187909
187986
188419
188776
188779
188942
188965
189052
189101
189332
189369
189681
189819
189854
190064
190456
190466
190482
190530
190549
190666
191019
191168
191241
191410
191663
191677
191691
191817
191896
191905
191940
191999
192228
192262
192973
192977
193013
193024
193037
193040
193071
193130
193132
193145
193151
193159
193161
193202
193209
193252
193411
193486
193499
193531
193551
193564
193911
194138
194179
194205
194230
194277
194356
194447
194474
194490
194909
194912
195080
195159
195304
195407
195460
195563
195633
195834
195851
196022
196257
196413
196451
197033
197099
197214
197270
197281
197341
197451
197493
197499
197947
198002
198019
198102
198108
198200
198261
198329
198331
198371
198412
198494
198579
198590
198721
198757
198870
198904
199105
199121
199186
199398
199425
199581
199666
199686
199687
199704
199763
199774
199798
199811
199921
200021
200333
200380
200416
200484
200494
200507
200629
200922
200953
201013
201050
202014
202099
202152
202185
202320
202556
202567
203080
203082
203090
203092
203094
203115
203133
203138
203169
203174
203546
203564
203569
203592
203653
203728
203888
204412
204544
204580
204594
204743
204791
205207
205253
205262
205366
205513
205776
205823
205845
205891
205986
206045
206060
206064
207259
207351
207500
207540
207619
207738
208149
208165
208169
208231
208273
208277
208503
208600
208607
208877
208915
209326
209575
209620
209963
209969
209979
209981
209994
210010
210113
210172
210228
210229
210238
210376
210611
210617
210638
210653
210675
210717
210730
210893
211090
211402
211408
211434
211477
211777
211819
211865
211938
211982
211988
212024
212118
212210
212281
212357
212406
212407
212601
212877
212966
213566
213599
213816
213864
214178
214184
214438
214463
214664
214861
214969
214971
215212
215220
215228
215479
215700
215703
215740
215964
216013
216165
216198
216285
216441
216499
216511
216569
216631
216744
216747
216992
217393
217476
217481
217533
217538
217561
217595
217621
217799
218292
218350
218623
218693
218805
218808
218962
218977
218994
219005
219270
219309
219347
219388
219438
219444
219798
219831
219906
220436
220596
221067
221245
221356
221413
221473
221760
222173
222192
222197
222206
222226
222229
222233
222242
222299
222302
222356
222768
222850
223058
223160
223188
223405
223602
223617
223656
223709
223741
224233
224595
224718
224866
224877
224899
225126
225420
225447
225451
225471
225494
225499
225577
225610
225806
226277
226410
226723
226758
226767
226768
227370
227470
227546
227568
227728
227736
227784
227815
227827
227953
228328
228355
228365
229170
229518
229531
229631
229657
229705
229719
229996
230001
230076
230327
230347
230365
230602
230620
230723
230859
230895
231190
231277
231391
231597
231600
231829
231861
232800
232961
232963
233268
233269
233376
233525
233765
234159
234294
234368
234463
234631
234686
235197
235332
235580
235591
235661
236102
236109
236168
236259
236377
236651
236755
236984
237470
237471
237473
237488
237771
237854
238239
238566
238590
238629
238709
238842
238982
239110
239290
239386
239469
239788
239861
239876
239893
240018
241033
241132
241270
241363
241693
241694
241701
241703
241720
241785
241884
241940
242160
242301
242339
242393
242404
242530
242537
242783
242921
242939
242988
243029
243042
243715
243741
243760
243772
243784
243839
245113
245497
245722
245757
245759
245784
245925
246009
246087
246115
246135
246230
246520
246663
246707
246779
247042
247065
247071
247085
247134
247136
247259
247372
247560
247695
247709
248228
248250
248338
248383
248397
248459
248508
248526
248625
248685
248741
248769
249069
249092
249106
249202
249246
249344
249388
249446
249726
249737
249749
249791
249875
250025
250296
250299
250580
250677
250699
250725
250793
250838
250974
251122
251202
251399
251530
251967
251997
252031
252062
252096
252099
252142
252635
252691
253308
253408
253948
253955
254059
254120
254435
254436
254617
254877
254884
254904
255000
255004
255061
255068
255248
255346
255448
255832
255931
255973
256022
256592
256639
256666
256974
257745
257768
257779
257810
257812
257848
257872
257881
257897
257904
257905
257953
258896
259287
259570
259741
259863
259922
260003
260051
260416
260455
260490
260812
261006
261139
261200
261299
261364
261521
261554
261761
261804
261816
261889
262115
262479
262481
262646
262650
262755
263077
263145
263825
263835
263855
264009
264142
264455
264532
264677
264773
264815
264844
265123
265306
265347
265391
265593
265777
265916
265930
265964
265970
266005
266020
266034
266239
266337
266472
266526
266659
266703
266765
266916
267144
267163
267205
267211
267217
267541
267580
267874
267875
267975
268002
268846
268899
268969
269356
269441
269443
269458
269568
269831
269837
269865
269893
269904
269915
269933
269972
270004
270115
270198
270236
270512
270855
271324
271873
271887
272040
272199
272233
272422
272437
272772
272789
273147
273164
273227
273816
273993
274204
274325
274744
274913
274936
275024
275142
275198
275381
275435
275453
275621
275688
275813
276133
276219
276357
276615
276881
276903
276908
276959
276963
277056
277153
277723
278115
278117
278145
278194
278270
278498
278756
279143
279568
279688
279813
279849
279917
280216
280549
280565
280771
280843
281122
281133
281286
281294
281770
281973
281975
282075
282077
282079
282103
282112
282114
282175
282630
283520
283689
283920
284364
284849
285046
285500
285535
285545
285658
285713
285722
285724
286037
286140
286277
286457
286495
286545
286734
287091
287459
287491
287539
287628
287721
287915
288334
288462
288563
288726
289020
289044
289106
289153
289219
289266
289268
289280
289439
289484
289485
289557
289821
289896
289917
289938
290027
290038
290134
290161
290167
290206
290237
290258
290537
290625
290814
291700
292003
292325
292476
292493
292593
292725
292787
292906
292966
292970
293234
293373
293509
293597
293668
293708
294052
294250
294397
294403
294485
294505
294571
295016
295623
295726
296084
296105
296191
296410
296478
296614
296723
296868
296891
296996
297015
297025
297357
297377
297443
297472
297602
297819
297905
297930
298027
298249
298618
298645
298753
299004
299030
299373
299448
299487
299604
299765
299805
299869
300038
300062
300111
300193
300280
300313
300578
300695
300908
301196
301200
301534
301662
301765
301834
301967
301978
301992
302003
302007
302034
302322
302448
302467
302486
302748
303136
303164
303409
303414
303716
303819
303824
303991
303995
304174
304238
304445
304468
304586
304636
304731
304897
304925
305520
305585
305700
305736
305773
305841
306064
306085
306149
306557
306573
306639
306650
306663
306719
307567
307681
307958
307968
307981
308010
308385
308428
308447
308476
308478
308677
308725
308745
308821
309107
309137
309304
309756
309761
309967
310018
310029
310053
310214
310334
310478
311017
311123
311167
311181
311203
311215
311233
311246
311368
311373
311486
311591
311984
312025
312312
312784
313029
313055
313080
313118
313433
314405
314421
314437
314451
314949
315010
315059
315352
315533
315561
315707
316038
316842
316871
317066
317762
317975
318045
318233
318321
318358
318418
318548
318954
319229
319248
319313
319695
319951
320338
320659
320972
321016
321238
321253
321290
321433
321583
321650
321741
322157
322399
322704
322711
322737
322743
323029
323437
323611
323743
323762
324294
324566
324710
324829
325586
325657
325711
325803
326137
326191
326328
326945
327052
327193
327491
327962
328536
328596
328609
328861
328925
329287
329388
329696
329813
330000
330004
330213
330340
330351
330645
330895
331025
331046
331112
331514
332115
332122
332161
332325
332363
332366
332849
333108
333214
333264
334032
334444
335280
335514
335722
335888
336046
336174
336208
336502
336634
336660
336685
336801
336822
336869
337249
337266
337292
337457
337546
337628
338833
339037
339264
339340
339933
340195
340299
340648
340782
340812
340998
341007
341552
341869
341877
342283
342312
342363
342408
342450
342529
342823
343407
343627
344157
344167
344808
344982
345122
345309
345315
345379
345651
346610
346755
346978
347006
347035
347560
347574
349056
349429
349435
349615
349947
349953
350097
350556
350569
351175
351598
351827
352156
352385
352396
352431
352570
352827
353005
353198
353272
353391
353765
353979
354155
354497
355252
355946
356308
356400
356433
356442
356519
356749
356900
357033
357044
357051
357436
357846
357855
357964
358025
358163
358802
358913
358972
359200
359645
360035
360235
360253
360260
360266
360900
360908
361094
361269
361554
361600
361898
362040
362239
362679
362710
362718
362723
363008
363161
364061
364233
364416
364642
364906
365724
366635
366649
366789
367064
367460
368793
369184
369334
369399
370191
370768
371131
371553
371589
371613
371739
372245
372381
372403
372419
372589
372654
372977
373454
373499
374037
374379
374496
374890
374952
375030
375133
375216
375911
375935
376076
376255
376519
377317
377356
377478
378895
379368
379534
379698
379704
379735
379959
380286
380858
381093
381139
381335
381620
382033
382034
382041
382087
382118
382139
382251
382451
382482
382900
383962
384543
384608
385144
385225
385572
385812
385856
385997
386010
386013
386896
386903
386954
387527
388282
388370
388821
389147
389322
389462
389783
390015
390237
390429
390438
390511
390609
390961
392296
392645
392922
393273
393693
393988
394084
394706
394810
395389
395528
395683
396097
396489
396582
396969
397531
397586
398352
398824
398990
399339
399532
399847
399898
400631
400640
401014
401121
401127
401299
401437
402312
402368
402565
402847
403771
404147
404148
404229
404242
404258
404533
404630
404811
404852
404985
405384
405385
405548
405995
406343
406397
407598
407883
407946
408083
408148
408430
408816
408966
409103
409765
410213
410306
410568
411799
412206
412666
413020
413142
413146
413657
413994
414042
414143
414177
414464
414919
415057
415086
415763
416602
416709
416792
417044
417075
417339
417377
417423
417776
418829
418969
419096
419176
419322
420370
420413
420548
420843
421159
422010
422299
422799
423174
423232
423328
423472
423694
423992
424113
424253
424345
424349
424631
424640
425177
425274
425280
425369
425386
425531
425539
425835
426322
426415
426446
426517
426519
427244
427303
427745
429162
429199
429659
429747
430235
430325
430377
430436
430457
430903
431064
431844
431888
432760
433108
433171
433304
433673
433925
434000
434095
434459
434699
434737
435080
435435
435974
436308
436550
436706
436862
437501
437540
438638
438984
439390
2000 BH33
2000 BJ38
2000 EA23
2000 EP51
2000 EA203
2000 GM137
2000 HG17
2000 QN251
2000 YZ1
2001 AD44
2001 BJ21
2001 HY65
2001 QC298
2002 QG92
2003 HR15
2003 UQ140
2003 UN334
2004 LX20
2004 RV133
2004 XP103
2005 QN121
2005 SP189
2005 UP87
2005 UZ97
2005 UP529
2005 VS23
2005 YJ114
2006 EG22
2006 FT29
2006 RA78
2006 RY103
2006 RR114
2006 SP147
2006 TH111
2006 UB136
2006 UE152
2006 VQ33
2006 WN105
2006 WG182
2006 XX72
2007 CH39
2007 CY43
2007 ED16
2007 EQ37
2007 ES100
2007 EV157
2007 FP1
2007 LP22
2007 PJ1
2007 VY120
2008 AG75
2008 BY6
2008 CQ90
2008 CR191
2008 CV215
2008 DD13
2008 ET123
2008 FS33
2008 GA130
2008 RE128
2008 TM21
2008 TP186
2008 UW31
2008 UX41
2008 UB149
2008 UZ213
2008 WA16
2008 XJ31
2008 YY116
2008 YB123
2009 AR25
2009 BE159
2009 CU14
2009 DJ52
2009 DG73
2009 EL18
2009 EX19
2009 EF30
2009 FE58
2009 HA64
2009 QW8
2009 SU38
2009 SH134
2009 SR215
2009 UA62
2009 VR29
2010 BF48
2010 CZ29
2010 CJ31
2010 CU58
2010 CQ106
2010 DB3
2010 GL101
2010 PY79
2010 RJ165
2010 UL40
2010 VG202
2011 AL16
2011 BN33
2011 BY36
2011 BU38
2011 BZ71
2011 BP154
2011 DZ2
2011 DW28
2011 DR40
2011 DM47
2011 DQ49
2011 EH11
2011 EC22
2011 EC69
2011 EO83
2011 FM120
2011 HE11
2011 LH4
2011 OO1
2011 PN11
2011 QE35
2011 QS60
2011 SQ42
2011 SC166
2011 SP181
2011 SB260
2011 UG1
2011 UV61
2011 UO88
2011 UA129
2011 UF105
2011 UA129
2011 UW133
2011 UT397
2011 UQ305
2011 UV308
2011 UK349
2011 WX73
2011 WB150
2011 YT56
2012 AR14
2012 CE44
2012 DC39
2012 DD46
2012 FC29
2012 GN13
2012 GP25
2012 PP1
2012 PD13
2012 PP38
2012 TL15
2012 TC280
2012 WQ12
2012 XU22
2012 XN32
2013 AP12
2013 AR57
2013 BV36
2013 BE51
2013 CN51
2013 CN107
2013 CJ114
2013 CP135
2013 CK180
2013 EY36
2013 EY109
2013 FY22
2013 GG93
2013 GT124
2013 MV4
2013 QU41
2013 TA85
2013 TU113
2013 TH124
2013 WS10
2013 XK8
2013 YA4
2013 YA21
2013 YG80
2014 CM17
2014 DJ34
2014 DG39
2014 DH88
2014 DO121
2014 EJ5
2014 HY47
2014 HV73
2014 HL190
2014 JG36
2014 KA1
2014 KV7
2014 KX14
2014 NU30
2014 OE38
2014 OJ48
2014 OJ111
2014 QN20
2014 QD26
2014 QR420
2014 QY421
2014 QD168
2014 QK432
2014 TR72
2014 WC52
2014 WD202
2014 YD28
2015 AV52
2015 BD60
2015 BV76
2015 BV218
2015 DO100
2015 FB72
2015 FJ72
2015 FV101
2015 FT205
2015 KT3
2015 KP31
2015 KO125
2015 LS8
2015 MM42