id
117108
119942
119945
126228
126283
126335
126590
126729
127129
127373
131878
132015
132079
132139
132314
132684
132984
133211
133248
133494
133842
133848
133926
134121
134142
135613
135742
135823
141394
141457
141541
141549
141622
141632
141658
141693
141735
141999
142012
142091
142165
142314
142505
142517
142586
142729
142732
142822
142871
142916
142956
143046
143048
143074
143763
143771
143974
144047
144116
144169
144224
144385
145106
145166
145223
145612
146954
147038
147069
147429
147725
149062
149122
149269
149383
149617
149771
150080
151246
151477
151500
151594
152037
152130
152415
154095
154111
154228
154236
154320
154366
154601
154806
154823
156521
157442
157734
158462
158482
158531
159639
160497
161072
161083
161134
161367
161633
161678
161714
161891
163130
163428
163440
163556
163614
163618
164306
166087
166284
166337
166378
166389
166481
166631
166694
166708
166771
166830
166979
167001
167069
167398
167487
167562
167567
167591
167715
167915
167985
168178
168192
168285
169451
169807
169977
170077
170190
170205
170237
171033
172068
172114
172126
172127
172198
172231
172240
172248
172260
172359
172435
172669
172684
172926
172942
174069
174209
174241
174324
174340
174350
174353
174814
174819
174820
174987
175012
175041
175047
176608
176626
176663
176693
176778
176877
176895
177150
177207
177343
177386
177399
177421
177422
177527
177559
177567
177971
178006
179427
179535
179557
179670
179689
179772
179810
179817
179825
179872
179906
179925
179947
179951
180402
180451
180511
180535
180582
180583
180609
180679
180694
180753
180824
180865
181226
181426
181548
182826
182856
182860
182864
182963
183086
183109
183127
183149
183197
183297
183384
183839
183931
184033
184244
184377
184427
185326
186285
186318
186531
186578
186754
186757
186805
186875
187070
187395
187438
187496
187699
187721
187729
188134
188161
188173
188233
188241
188274
188880
189174
189816
189895
189958
190217
190219
191046
191147
191243
191341
191504
191538
191549
192039
194918
194923
195054
195101
195172
195294
195322
195376
195429
195535
195602
195727
195750
195785
195802
195824
195871
195897
195945
195954
195955
195979
196051
196076
196104
196140
196643
196755
197039
197056
197095
197221
197252
197277
197364
197540
198168
198271
198288
198382
198465
198701
198986
199404
199462
199464
199563
199848
199861
200894
200908
200915
200917
200935
200936
200939
200965
200998
201010
201028
201047
201067
201071
201143
201199
201212
201315
201336
201342
201727
201865
201881
202391
202582
202635
202679
203514
203551
203554
203559
203565
203597
203600
203659
203703
203713
203800
203803
203804
203837
203859
204083
204144
204226
204373
204606
204688
204759
204823
205721
205723
205788
205811
205819
205835
205895
206012
206217
206248
206285
206322
206328
206666
206868
207059
207501
207527
207923
208566
208595
208635
208647
208741
208780
208786
208817
208845
208889
208922
208945
208986
209215
209732
209821
211075
211118
211131
211145
211150
211180
211227
211243
211446
211521
211566
211633
211683
211778
211941
212111
212180
212202
212243
212270
212335
212737
212845
213538
213627
213652
213679
213820
213844
214035
214251
214304
214570
214614
215400
215429
215506
215582
216054
216097
216148
216855
216879
217152
217169
217177
217190
217261
217281
217407
217493
217560
218086
218142
218174
218203
218333
218555
218816
218877
218908
219967
220103
220114
220144
220153
220190
220719
220803
220933
221345
221349
221441
221546
221570
222770
222894
222904
222995
223008
223030
223043
223052
223063
223079
223087
223093
223099
223417
223534
223682
223794
224539
224833
225140
225973
226030
226207
226296
226893
227208
227248
227569
227780
227817
227842
227972
228592
228717
228759
228764
228831
229099
229185
229328
229482
229561
229669
229756
229844
229875
230318
230372
230391
230409
230430
230470
230479
230526
230765
230779
231085
231254
231338
231398
232195
232204
232212
232274
232321
232326
232383
232538
232714
232809
232919
233102
233337
233371
233580
233783
233802
233857
233917
234614
234634
234637
234641
234658
234717
234733
234746
234803
234812
234858
234871
234884
234894
234935
234976
235362
235366
235458
235508
235519
235525
235716
235971
235982
235998
236030
236295
236371
236388
236391
236441
236442
236516
236625
236786
236840
237181
237220
237783
237791
237798
237811
237819
237820
237828
237836
237839
237935
238000
238022
238305
238423
238682
238697
238836
239265
239501
239520
239644
239758
239782
240078
240087
240108
240163
240224
240244
240833
240883
240937
241228
241382
241936
242042
242056
242100
242103
242105
242115
242253
242455
242582
242588
242968
243080
243115
243341
243485
244232
244255
244267
244297
244418
244496
244529
244896
244930
245404
245431
245518
245683
245716
246155
246553
246624
247407
247464
247465
247544
247610
247614
247654
247754
247773
247978
247995
248026
248207
248264
248669
248771
249075
249216
249508
250056
250057
250064
250095
250129
250152
250250
250341
250673
250897
250929
251076
251128
251320
251348
251411
251572
251578
251589
252758
252811
252832
252842
252905
252915
252917
252938
252951
252974
252987
253033
253052
253059
253171
253221
253251
253271
253306
253424
253492
253671
253847
253914
254348
254380
254549
254560
254576
254662
254679
255133
255186
255190
255194
255438
255557
255656
255714
255818
255850
255909
256052
256487
256685
256796
257067
257155
257258
257313
257316
257377
258521
258542
258547
258566
258592
258602
258674
258810
258825
258861
258897
258910
258945
259067
259150
259152
259154
259183
259370
259411
259762
259954
260096
260115
260144
260248
260381
260550
260598
260723
260745
261046
261115
261475
261522
261523
261525
261529
261669
262068
262247
262251
262262
262347
262471
262819
262843
262886
263071
263420
263544
263593
263672
263791
263848
263992
264042
264187
264226
264722
264784
264831
264848
264849
264906
264941
265310
265357
265459
265704
266036
266139
266176
266483
266518
266541
266632
266650
266739
266771
267445
267484
267529
267531
267540
267563
267672
267677
267701
267873
268170
268435
268465
268832
268858
269252
269314
269536
269540
270456
270545
270552
270558
270568
270569
270571
270580
270611
270673
270726
270762
270795
270838
270886
270904
270933
270950
270957
270971
271006
271128
271263
271354
271392
271443
271451
271972
272006
272064
272742
272803
272829
272935
272967
273077
273127
273352
273438
273447
273473
273486
273535
273605
274180
274452
274514
274555
274596
274716
274763
274862
274898
274934
275308
275448
276042
276058
276088
276118
276127
276197
276330
276359
276368
276868
277551
277743
278147
278202
278245
278665
278817
278876
279007
279025
279069
279189
279223
279224
279308
279485
279555
280059
280108
280128
280160
280162
280175
280182
280222
280238
280249
280460
280468
280631
280715
280753
280779
280931
281058
281189
281256
281299
281557
281815
281920
282252
282265
282267
282309
282337
282338
282392
282709
282782
283297
283621
283654
283775
284164
284193
284224
284431
284577
284584
284593
284719
284888
284948
286499
286542
286549
286638
286639
286654
286655
286688
286718
286741
286825
286841
286872
286913
286931
286970
286985
286988
287140
287277
287331
287346
287395
287397
287462
287541
287813
287899
287909
288205
288216
288233
288373
288548
288671
288727
289400
289476
289669
289676
289828
289955
289977
290096
290469
290513
290804
290877
291003
291502
291647
291657
291698
292243
292248
292279
292396
292635
292641
293088
293109
293151
293266
293350
293477
293596
293709
293774
293816
293933
294020
294023
294048
294154
294390
294549
294627
295192
295229
295549
295611
295791
295846
296056
296122
296388
296765
296796
296813
296843
297026
297037
297820
297822
297850
297854
297872
297885
297886
297896
297911
297946
297959
298007
298016
298089
298097
298119
298149
298170
298189
298235
298248
298395
298593
298608
298748
298900
298958
298975
299154
299219
299440
299527
299541
299569
299623
299641
300279
300521
300900
301219
301775
302312
302428
302432
302470
302509
302519
302580
302639
302655
302680
302689
302711
302743
302762
302773
303470
303522
303573
304065
304194
304239
304764
304905
304947
305105
305190
305522
305563
305584
305596
305655
305779
305843
305846
305974
306126
306163
306176
307127
307172
307175
307274
307372
307397
307411
307483
307485
307491
307504
308244
308279
308335
308352
308455
308714
308818
308886
309116
309119
309128
309344
309684
309745
309789
309812
309817
309966
310164
310626
310677
310706
310926
311014
311184
311223
311230
311420
311633
311854
311889
311948
312254
312264
312268
312295
312298
312430
312613
312670
313280
313289
313317
313380
313508
313532
313907
314522
314673
314692
314719
314756
314758
314802
314861
315099
315118
315315
315470
315629
315642
315888
316018
316067
316284
316451
317466
318043
318382
318497
319219
319233
319941
320147
320248
320320
320375
320532
320745
321010
321043
321147
321195
321517
321610
321666
321698
322064
322927
322928
322930
322933
322941
323041
324389
324406
324464
324547
324813
324852
325119
325153
325373
325825
325891
326049
326473
326494
326568
326572
326582
326614
326630
326631
326664
326685
326845
326947
327009
327035
327157
327273
327696
327782
327955
327990
328001
328063
328064
328068
328074
328169
328229
328302
328490
328720
328782
328787
329439
329457
329490
329505
329593
329850
329883
329914
330183
330276
330355
330379
330668
330730
330733
330902
331357
331629
331632
331724
331727
331916
332012
332190
332211
332281
332286
332506
332642
332648
332674
332699
333036
333238
333374
333390
333407
333408
333584
333677
334377
334394
334426
334434
334447
334504
334539
334919
335322
335820
335889
335923
336009
336383
336608
336782
336911
337963
337974
338034
338036
338148
338158
338179
338244
338261
338262
338282
338296
338369
338500
339042
339560
340247
340264
340338
340456
341213
341263
341637
341855
342086
342307
342354
342548
342581
342605
342689
343147
343236
343251
343257
343308
343893
344400
344411
344441
344499
344560
344650
345094
345130
345185
345400
345424
345469
345500
345525
345660
345995
346984
347037
347126
347328
347743
347758
347770
347824
347829
348132
348260
348671
348694
348705
348724
349151
349347
349699
349858
350761
350787
350791
350807
350840
350850
350852
350934
351291
351577
351602
351612
351771
352154
352238
352347
352501
352804
352903
353060
353425
353510
354125
354129
354148
354157
354173
354190
354191
354197
354207
354388
354709
354801
354985
355014
355210
355243
355593
355617
355735
355960
356198
356202
356363
356413
356625
357176
357190
357222
357224
357249
357253
357281
357292
357294
357445
357796
358059
358087
358129
358130
358155
358413
358445
358941
359064
359113
359135
359680
359752
359824
359925
360064
360126
360190
360384
360434
360603
360746
360959
361200
361344
361458
361777
362042
362073
362087
362094
362102
362105
362216
362240
362542
362608
362643
362709
362796
363258
363265
363273
363289
363295
363348
363356
363543
363767
364179
364242
364588
364672
364720
364749
364785
364808
365080
365099
365106
365110
365121
365159
365193
365355
365369
365413
365672
365971
366164
366293
366466
366473
366487
366552
366561
366568
366691
366717
366914
367267
367355
367446
367823
367826
367834
367919
367969
368012
368274
368380
368389
368557
368979
369189
369431
369432
369438
369443
369465
369473
370179
370234
370245
370272
370282
370290
370306
370313
370356
370360
370413
370414
370417
370599
371272
371334
371559
371711
371829
371939
372213
372222
372229
372246
372326
372838
372852
372882
372986
372993
373144
373384
373592
373734
373780
373783
374644
374772
374800
375041
375653
375661
375713
375729
375847
375859
375943
376039
376118
376224
376957
376981
377011
377034
377096
377257
377421
377538
377797
377936
378087
378243
378452
378459
378582
378805
378932
379059
379490
379601
379681
379856
379946
380323
380356
380488
380586
380620
380842
380971
381376
381400
381723
381855
382186
382266
382578
382595
382597
382628
382634
382638
382645
382924
383216
383224
383228
383288
383605
383775
384138
384146
384207
384293
384310
384325
384440
384445
384450
384530
384737
384831
385176
385320
385341
385385
385394
385604
385792
385809
386018
386629
386719
386733
386916
387063
387134
387606
387610
387621
387626
387633
387659
387956
388174
388405
388617
388685
388753
388780
389590
389704
390224
390658
390664
391732
392283
392670
392909
393534
394090
394114
394302
394583
394766
394864
394974
394992
395442
395458
395466
395486
395551
395602
395641
396089
396105
396678
396716
396721
396913
397217
397664
397739
397763
397863
397949
397996
398099
398193
398702
398907
399480
400022
400611
400742
400978
401163
401352
401383
401469
401541
401560
401614
401951
402402
402782
403586
403810
404137
404270
404306
404343
404570
404892
404921
405113
405889
405902
405961
406020
406076
406088
406863
406882
406901
406914
408191
408211
408557
409236
409802
410292
410773
411407
412221
412354
412665
413167
413172
413835
414514
416021
416027
416040
416041
416048
416081
416116
416148
416165
416168
416799
417233
417341
417380
417927
418012
418168
418335
418379
418449
418642
419071
419206
419955
419987
420007
420136
420371
420525
420947
421133
421207
421679
422501
422617
422839
422871
422874
422883
422910
422916
422955
423128
423172
423289
423701
423920
423968
424159
424183
424194
424245
424433
425200
425208
425546
425699
425743
425774
426438
426585
426596
427117
427139
427502
427515
427555
427978
428013
428211
428730
428733
428940
429501
429513
429639
430215
430307
430309
430372
430525
430532
430538
430546
430568
430577
430606
430735
431092
431296
431408
431585
431847
431916
432313
432575
432850
432959
433008
433444
433503
433560
433736
433748
434093
434146
434158
434172
434365
434377
434655
434667
434690
435050
435436
435613
435639
435667
436051
436103
436123
436188
436211
436506
436576
436755
437404
437435
437451
437461
437510
437712
437933
438307
439376
439602
439770
2002 AO142
2002 AQ172
2002 AP190
2002 CY
2002 CH19
2002 CD66
2002 EK4
2002 EW6
2002 ET25
2002 EG163
2002 FF28
2002 FB31
2002 GL32
2002 GZ82
2002 GL191
2002 HE8
2002 OL36
2002 PD1
2002 PX167
2002 PZ167
2002 PB175
2002 PP185
2002 PR185
2002 PW189
2002 PE190
2002 PL194
2002 PS196
2002 PA197
2002 PZ197
2002 QP15
2002 QJ78
2002 QG90
2002 QP98
2002 QA113
2002 QH115
2002 QJ124
2002 QN130
2002 QF137
2002 QZ139
2002 QA144
2002 QX148
2002 QT149
2002 QE150
2002 QZ150
2002 QL152
2002 RZ137
2002 RY151
2002 RL152
2002 RL153
2002 RK219
2002 RO239
2002 RU243
2002 RR257
2002 RT267
2002 RF279
2002 RF282
2002 RA292
2002 RC293
2002 RE293
2002 RM293
2002 SV68
2002 TC2
2002 TT364
2002 TG149
2002 TX150
2002 TS304
2002 TX305
2002 TX306
2002 TX307
2002 TZ312
2002 TV330
2002 TK358
2002 UQ58
2002 UO77
2002 VL2
2002 VG14
2002 VT146
2002 VP147
2002 WV22
2002 XZ35
2002 YQ5
2003 AC3
2003 SK395
2004 VZ2
2005 SN87
2005 UP335
2005 UH517
2005 UP335
2005 XO11
2005 YK199
2006 AW34
2006 DC5
2006 DE53
2006 DT97
2006 DU206
2006 FP15
2006 HT21
2006 HC56
2006 KA12
2006 KR82
2006 KO107
2006 KN120
2006 RB80
2006 ST19
2006 SU138
2006 UD360
2006 UP110
2006 US254
2006 UU328
2006 VJ51
2006 VG82
2006 WE105
2006 WY147
2007 AH6
2007 BB4
2007 BT10
2007 CD37
2007 CV38
2007 CC45
2007 EK71
2007 EX135
2007 EE186
2007 GE36
2007 GJ73
2007 MB19
2007 MN27
2007 RT53
2007 RE219
2007 RT286
2007 TO446
2007 TO451
2007 TP195
2007 UA53
2007 UN91
2007 VU20
2007 VH34
2007 VF54
2007 VF57
2007 VF67
2007 VN156
2007 VX156
2007 VY320
2008 AW81
2008 CJ210
2008 DW79
2008 FL66
2008 GG101
2008 RR1
2008 RA46
2008 RM121
2008 SV34
2008 SO196
2008 SB234
2008 TN33
2008 TZ56
2008 TG82
2008 TL182
2008 UB117
2008 UE162
2008 UH272
2008 UF292
2008 UF354
2008 VY61
2008 VS77
2008 WZ133
2008 XG52
2008 YK82
2008 YR83
2008 YL106
2008 YF157
2009 AY14
2009 BR34
2009 BY50
2009 BL87
2009 BD180
2009 CG64
2009 DC59
2009 FH54
2009 FP54
2009 SD33
2009 SG363
2009 TQ2
2009 TJ31
2009 VE26
2009 WJ175
2009 WV212
2010 AR21
2010 BN62
2010 GD24
2010 GC106
2010 JK83
2010 JX111
2010 LS112
2010 OJ20
2010 SA5
2010 TH161
2010 US81
2010 UM93
2011 AV31
2011 BE11
2011 BO23
2011 BL96
2011 BC119
2011 BV127
2011 ET1
2011 ER19
2011 ET41
2011 ED65
2011 EX67
2011 EE78
2011 FH8
2011 GR41
2011 OS13
2011 QX
2011 QF11
2011 SU3
2011 SX6
2011 SY25
2011 SA80
2011 SP130
2011 SX168
2011 SQ191
2011 ST241
2011 SC254
2011 ST261
2011 UQ8
2011 US30
2011 UC186
2011 UC261
2011 UK305
2011 UT360
2011 UP394
2011 UC186
2011 UF204
2011 UC261
2011 UO280
2011 UN283
2011 UA286
2011 WH6
2011 WZ147
2011 YT
2011 YW61
2012 AC6
2012 BE23
2012 ET3
2012 EB7
2012 GX32
2012 JY
2012 JG22
2012 PB8
2012 SJ13
2012 TL28
2012 TF143
2012 UO164
2012 VC67
2012 XE22
2012 XR45
2012 XD121
2012 YG1
2012 YX4
2013 AA6
2013 AK22
2013 AX30
2013 AA84
2013 AQ95
2013 AQ96
2013 AJ104
2013 AN120
2013 AZ122
2013 AY129
2013 BG10
2013 BA49
2013 BR49
2013 BC55
2013 CZ65
2013 CQ87
2013 CZ112
2013 CP153
2013 CH167
2013 CY207
2013 CE212
2013 EO5
2013 ES27
2013 EM48
2013 ET119
2013 FL1
2013 FZ24
2013 FF26
2013 GY32
2013 GD38
2013 GN49
2013 GG101
2013 GN125
2013 HC2
2013 HC7
2013 HW52
2013 HZ144
2013 JX21
2013 JB25
2013 JQ27
2013 JB49
2013 PQ33
2013 QP36
2013 QA76
2013 RH44
2013 RU80
2013 RM84
2013 SP21
2013 SL52
2013 SK53
2013 SS64
2013 SO84
2013 TO95
2013 WJ46
2013 WC55
2013 WO57
2013 WE85
2013 YX11
2013 YF27
2013 YZ141
2014 CK14
2014 FR3
2014 FG53
2014 GS35
2014 HP110
2014 JM34
2014 JO58
2014 MP32
2014 OX38
2014 OQ107
2014 OW209
2014 OG298
2014 PL45
2014 RH45
2014 SP173
2014 TD24
2014 TO55
2014 UO105
2014 UC116
2014 UK170
2014 VB25
2014 WF87
2014 WP412
2014 WJ301
2014 WK325
2014 WM356
2014 XL31
2014 XA38
2014 YR21
2015 BW82
2015 BT314
2015 BO356
2015 DJ105
2015 DL114
2015 DM120
2015 FT178
2015 FU211
2015 FT337
2015 GU12
2015 KZ15
2015 KZ71
2015 KE138
2015 MH85
2015 MC100