id
373
461
663
928
946
996
1032
1041
1081
1113
1599
2009
2058
2361
2458
2919
3046
3157
3369
3696
4176
4242
4462
5057
5148
5204
5336
5400
5461
5469
5826
5837
6169
6416
6724
7064
7082
7115
7149
7571
7581
7895
7906
8363
8375
8389
8580
8598
8712
8747
8971
8976
8996
9026
9112
9270
9478
9540
10049
10223
10343
10417
10623
10638
10660
10816
10918
11020
11115
11140
11147
11204
11255
11306
11394
11517
11774
11793
11946
12112
12554
12618
12620
12652
12944
13178
13215
13363
13369
13425
13456
13776
13804
14197
14541
14638
14717
14740
15153
15210
15222
15245
15485
15966
16231
16294
16348
16573
16575
16892
17087
17117
17533
17577
17673
17754
17848
17855
18305
18364
18645
18670
18720
18894
19148
19196
19220
19277
19363
19783
19955
20135
20755
20799
20916
21212
21579
21586
21835
21898
22187
22707
22716
22726
23065
23117
23275
23442
23487
24124
24174
24237
24627
24651
24752
24880
24973
25128
25504
25826
25863
26321
26525
26668
26806
26924
27220
27370
27379
27436
28279
28310
28388
28420
28628
28685
28764
29112
29182
29255
29354
29576
29585
29596
29839
29918
29929
30146
30757
30837
30892
30981
30992
30996
31226
31247
31272
31313
31653
31703
31720
32159
32190
32382
32389
32753
33196
33779
34059
34091
34142
34393
34550
34673
34736
34796
34974
35008
35047
35175
36127
36483
36670
37052
37212
37326
37762
38313
38397
38398
38413
38503
38541
38563
39068
39126
39329
39384
39423
39459
40010
40132
40254
40661
40734
40833
40988
41058
41185
41281
41376
41670
41904
41991
42134
42240
42380
42406
42717
42747
42771
43037
43564
43610
43877
44003
44545
45010
45317
45483
45552
45642
45644
45706
45723
46017
46054
46342
46715
47108
47117
47791
47811
47899
47905
47920
48202
48493
48722
48792
48820
48826
49474
49581
49585
49650
50422
50809
50959
51115
51147
51210
51963
52235
52292
53268
53291
53402
53413
53414
54798
54854
54951
55008
55037
55123
55277
55386
55516
55559
55912
55952
55957
56286
56960
57029
57295
57456
57534
57646
58297
58300
58318
58319
58403
58519
58523
58821
58893
59218
59847
59895
59911
59912
59916
59938
59964
59993
60109
60153
60162
60227
60440
60539
60559
60732
60838
60864
61582
61595
61616
61774
61950
62017
62076
62380
62466
62620
63214
63566
63713
63887
64259
64290
64535
64545
64642
64654
64722
64855
64873
64941
65063
65195
65528
65585
65634
66016
66094
66115
66170
66215
66772
66822
67048
67064
67242
67379
67382
68197
68304
68457
68544
68915
68945
68985
68995
69158
69164
69398
69431
69436
69841
69859
69869
69932
69979
69992
71193
71284
71424
71471
71594
71650
71692
71707
72540
72664
72740
72747
72845
73707
73954
74401
74418
74446
74525
75986
76338
76592
76606
76638
76666
76714
76733
77497
77524
77742
77889
78064
78121
78317
78389
78437
78514
78584
78646
78703
78811
78986
79027
79125
79160
79293
79497
79505
80025
80072
80083
81954
81968
81969
81970
82049
82514
82643
82764
82971
83004
83150
83321
83475
83541
83621
83655
83681
83823
83858
83876
83891
83911
83948
83972
83976
84334
84765
84898
84906
85061
85276
85637
85722
85784
85796
85969
86023
86053
86107
86187
86220
86316
86323
86398
86569
87809
87880
87941
88046
88252
88456
88731
89012
89621
89679
89892
90459
90747
91165
91169
91542
91563
91665
91806
91825
91851
91884
91925
91938
91945
92023
92043
92051
92069
92080
92084
92104
92140
92211
92213
92218
93563
94146
94274
95337
95526
96053
96062
96534
96554
96604
97222
97283
97339
97461
97483
97520
97535
97585
97596
97600
97610
97621
97642
97668
97716
99147
99684
99810
99928
99944
100175
100239
100358
100880
100895
101264
101399
101538
101600
101891
101911
103573
103922
104132
104263
104346
104507
104566
104618
104780
104878
105151
105188
105227
105232
105251
105352
105484
105517
105518
105597
105747
105772
105782
105842
105867
105932
105960
106010
106161
106217
106223
106282
106333
106405
106416
106435
106449
106508
107011
108466
108695
109401
109480
109508
109631
109727
109940
110845
111606
111850
112473
112491
112726
112728
113059
113178
113281
113300
113428
113673
113677
113741
114277
114355
114395
114413
114568
114599
114626
114658
114660
114791
114938
114939
114969
115047
115138
115176
115468
115471
115483
115548
115565
115676
115849
115858
115899
116090
116550
116568
116638
116850
116864
116995
117000
117052
117791
117875
117931
117987
118018
118020
118059
118079
118239
118402
118405
118440
118457
118907
118944
118986
119036
119817
119876
119908
120631
121311
121354
121451
121651
121668
121784
123133
123222
123824
123847
123959
123973
123986
124042
124067
124075
124084
126469
126769
127016
127080
127305
127359
127397
127434
127445
127920
128028
128053
128290
128566
128572
128934
128938
128963
128975
129017
129096
129104
129173
129315
129351
129586
129724
129727
130199
130248
130281
130294
130305
130331
131344
131381
131426
131449
132725
132758
132819
132841
132853
132860
132862
132937
133000
133473
133543
133765
133795
133800
133838
134178
134280
135065
135094
135138
135188
135197
135211
135221
135249
135258
135272
135286
135293
135316
135325
136075
136076
136127
136361
136371
136387
136405
136488
136491
136704
136915
138563
138572
138583
138610
138624
138644
138657
138659
138688
138700
138720
138731
138837
139452
139478
139669
139720
140002
140089
140150
140282
140394
140433
140477
140494
140511
140514
140523
140596
140678
140705
140997
141038
141105
141191
141209
141238
141260
141320
141344
141402
143468
143543
143553
143557
143560
143572
143635
143723
144176
144242
144778
145441
145457
145465
145499
146165
146196
146241
146744
146826
146856
146866
146923
146934
147924
148005
148097
148132
148355
148420
148443
148458
149103
149150
149156
149157
149179
149744
149775
149957
149964
149969
150003
150282
150301
150302
151267
151303
151324
151369
151441
151488
152121
152386
152419
152812
152856
153564
154231
154594
154604
154818
154973
155199
155243
155472
155551
155843
155852
155869
155883
156678
157049
157231
157387
157414
157420
157552
157707
157933
158113
158366
158818
159709
159827
160063
160200
160223
160247
160248
160950
161138
161162
161186
161196
161718
161723
161753
161856
161911
161927
162404
162455
163467
163526
163530
163632
164138
164183
165082
165089
165756
165778
165785
165798
165815
165851
165872
166687
166720
166756
166768
166773
166779
166793
166813
166815
167529
167629
167842
167872
168042
168239
168399
168675
169112
169188
169263
169370
169407
169428
169850
169863
169983
170020
170114
170782
170863
171068
171135
171238
171379
171906
171922
171993
172798
172924
173480
173898
173914
173919
173967
173970
174009
174023
174368
174473
174520
174533
174565
175356
175616
175659
175738
176007
176356
176412
176492
176548
177061
177086
177112
177865
177906
177912
177944
178067
178116
178241
178312
178768
179291
179377
179455
179515
179531
179555
179556
180111
180136
180139
180140
180144
180174
180780
180785
181169
181277
181535
181590
182749
182798
182812
182890
182917
184207
184255
184260
184490
184623
184639
184922
185067
185131
185137
185194
185229
185244
185317
185379
185521
186283
186319
186351
186373
186974
186996
187179
187465
187563
187612
188157
189073
189153
189244
189382
189804
189817
189897
189923
191169
191177
191186
191196
191209
191351
191419
191455
191466
191490
191502
191507
191524
191563
192253
192576
192976
193059
193153
193671
195667
195689
195718
195723
195744
195746
195809
195827
195830
195839
195847
195853
195880
195915
195936
195942
195950
195957
196062
196157
196172
196723
196805
196815
196839
196849
196965
197028
197050
197152
197250
197320
197321
197384
197402
197525
198458
198672
198751
198781
198794
198811
199323
199364
199432
199502
199537
199652
199672
199696
199705
200001
200346
201213
201223
201249
201269
201270
201365
201384
201407
201729
201811
201840
201855
201890
202336
202397
202530
202644
202664
202670
202833
202841
203262
203790
203817
203841
203847
204168
204191
204784
204882
205441
205455
205486
205544
206119
206165
206272
206296
206689
206781
206795
206813
206838
206870
206878
206905
207341
207583
207596
207599
207617
207621
207744
207772
207778
207783
207909
207937
207980
208330
208394
208399
208415
208426
208446
208463
209368
209375
209421
209473
209486
209912
210180
210345
210709
210858
210874
210926
210973
211452
211453
211870
211873
212303
212507
212569
212627
213014
213334
213372
213385
213390
213418
213776
213924
214091
214426
214454
214474
214475
214650
214721
215030
215210
215556
215812
216000
216001
216003
216244
216886
216934
217259
217571
217615
217672
218056
218394
218467
218475
218529
219207
219217
219478
219944
219950
220357
220396
220411
220420
220662
220702
220753
220789
220801
220815
220847
220850
221456
221480
221505
221717
221719
221725
221763
221899
222037
222188
222902
223313
223325
223339
223391
223408
223414
223849
223898
224604
224632
224709
224753
224971
225436
225466
225636
226437
226466
226468
226469
226478
226491
226951
227002
227029
227061
227632
227649
227675
227695
228074
228076
228177
228304
228680
228898
228903
228912
228927
228964
228966
229239
229277
229610
229759
229819
229858
230447
230652
230707
230718
230719
230720
230735
230749
231025
231030
231047
231058
231390
231467
231503
231736
231807
232006
232257
232614
232662
232697
233385
233568
233598
233643
233653
233682
233720
233759
233838
234226
234790
234875
234952
235208
235414
235429
235482
235539
235896
235924
235929
235994
236025
236031
236049
236591
236632
236661
236864
236993
237098
237229
237304
237621
237657
237694
237705
237900
237917
238334
238336
238351
238355
238378
238400
238729
238762
238789
239225
239240
239339
239653
239657
239663
239668
239919
240031
240055
240230
240231
240484
240494
240522
240540
240764
240776
241063
241071
241311
241446
241459
241510
241517
241657
242136
242355
242402
242610
242628
242666
242934
243004
243232
243355
243390
243421
243649
243842
244018
244096
244185
244253
244314
244362
244372
244549
244720
244999
245012
245024
245051
245061
245065
245070
245152
245478
245588
245590
245593
245598
245608
245612
245733
245797
245946
246048
246363
246821
246927
247310
247558
247724
247914
247954
248067
248099
248192
248193
248363
248401
248406
248437
248443
248456
248482
248518
248546
249080
249108
249220
249295
249410
249489
249511
249573
249605
249639
250012
250077
250561
250711
250727
250771
250789
250800
250847
250924
250938
250948
251455
251505
251857
251877
251937
252137
252745
252784
252794
252827
252831
252852
252869
252903
253338
253390
253398
253999
254112
254144
254184
254194
254202
254237
254245
254306
254311
254316
254353
254357
254378
254418
254959
255181
255245
255324
255328
255382
255407
257052
257091
257097
257187
257368
257556
257720
257766
257947
258001
258020
258418
258760
258781
258790
259314
259508
260114
260282
260291
260358
260408
260409
260957
261039
261054
261082
261084
261225
261257
261373
261435
261472
261497
261568
261630
261697
261731
261773
261824
262983
263022
263750
263775
263867
264040
264274
264294
264371
264807
264833
265047
265067
265143
265436
265438
265486
265809
265912
265929
266675
266710
267053
267123
267557
267597
268695
268722
269495
269564
269823
269877
269894
269903
269913
270419
270794
270797
271154
271217
271255
271492
271849
271985
272011
273104
273208
274009
274384
274625
274797
274987
275191
275377
275422
275551
275784
275855
276245
276294
276336
276452
276568
276576
277032
277063
277093
277121
277273
277758
277906
278394
278399
278456
278540
278898
279046
279102
279246
279378
279428
279647
279910
280254
280260
280443
280626
280674
280698
280909
281280
281309
281320
281527
281850
281968
282832
282982
283207
283216
283217
283261
283517
283563
283590
284308
284316
284324
284373
284811
284884
285009
285119
285218
285424
285459
285462
285491
285614
285860
286206
286244
286339
286424
286430
286436
287005
287054
287264
287480
287552
287683
287759
287842
288525
288549
288554
288600
288662
288890
288994
289054
289077
289111
289275
289294
290080
290100
290461
290485
290636
290639
290699
290790
290954
290998
291593
291977
292076
292089
292286
292348
292441
292457
292565
292758
292794
293042
294292
294583
294632
294863
295029
295216
295283
295330
295937
296676
296775
296806
296923
297028
297082
297170
297255
297382
297413
297414
297423
297949
298721
298734
298739
299249
299267
299280
299290
299306
299878
299892
299914
299934
299975
300020
300042
300043
300144
300166
300187
300214
300219
300899
300906
300916
300918
300950
300960
300975
300992
301167
301555
301626
301703
302038
302045
302308
302337
302371
303194
303675
303734
303826
303855
303879
303881
303905
304598
304613
304635
304651
304685
304686
304687
304742
304743
305297
305452
305472
305492
305494
305510
305531
305541
305838
305884
306354
306827
307085
307089
307101
307305
307395
307532
308342
308373
308381
308448
308466
308511
308529
309216
309624
309678
309718
310088
310202
310247
310505
310536
310544
311354
311425
311457
311514
311917
311928
311983
311995
312289
312408
312575
312664
312695
312721
312968
313344
313358
313401
313917
313934
313939
314452
314474
314542
315101
315130
315167
315184
315834
315857
316103
316470
316733
316817
317046
317301
317302
317705
317792
317894
318151
318265
318336
318404
318716
318871
319018
319218
319266
319420
319983
320020
320080
320106
320164
320227
320272
320399
321266
321388
321465
321576
321696
321713
321912
321946
322044
322084
322213
322342
322414
322448
322465
322767
322770
322771
322984
322991
323239
323242
323255
323275
323576
323600
324209
324214
324232
324283
324302
324761
324842
324848
324851
325467
325617
325757
326121
326261
326542
326552
326587
326784
326868
327523
327538
327580
327621
328017
328408
328448
328475
328778
328813
329256
329286
329424
329430
329488
329500
329639
329660
329691
329720
330181
330205
330208
330725
330784
330786
331075
331330
331448
331642
331716
331861
331863
331965
331979
332225
332629
333185
333402
333403
333409
333574
333595
333693
333753
334085
334128
334209
334623
334952
334959
334973
335002
335875
335881
335891
335908
335953
335954
336004
336038
336411
336523
336839
336849
336986
337452
337481
337556
337646
337648
337669
337835
338338
338430
338454
338970
339032
339472
339502
339551
339555
340602
340640
340719
340764
341382
341393
341427
341437
341459
341468
341513
341519
341594
341595
341610
341629
341666
341712
341713
341785
341792
341823
343083
343100
343114
343137
343141
343611
344304
344385
345030
345064
345544
345620
345624
345629
345982
346074
346081
346084
346106
346135
346168
346192
346202
346205
346213
346215
346231
346719
346850
346851
347032
347054
347443
347721
347751
347793
348146
348423
348823
348857
348869
348871
348887
348892
348896
349015
349025
349065
349220
349451
350127
350461
350732
350770
350992
351466
351477
351491
351876
351913
351972
351998
352040
352063
352077
352590
353496
353556
353557
353601
353866
353893
353953
354689
354693
354749
355146
355148
355152
355599
355616
355741
356340
356384
356557
356715
356725
356881
357213
357223
357225
357329
357495
357550
357747
357755
357786
357819
358312
358347
358385
358460
358810
358906
358908
358923
358938
358949
359468
359597
359758
359764
359822
359862
359893
359917
359927
360682
360910
360923
361010
361023
361059
361076
361490
362263
362338
362383
362857
363315
363341
363654
363694
363721
363976
363981
364431
364472
364507
364972
364992
365006
365025
365030
365298
365322
365373
365397
365637
365744
365799
366118
366280
366498
366702
366809
367223
367247
367435
367440
367598
367663
367829
367866
368025
368292
368334
368339
369009
369119
369153
369405
369419
369429
369433
369801
369831
369832
369947
370247
370254
370293
370315
370324
370385
370619
370640
370869
370871
370874
371285
371293
371352
372043
372106
372152
372155
372175
372214
372232
372253
372260
372738
372780
373040
373319
373686
373704
373746
373782
373967
374003
374012
374209
374259
374634
374639
374888
375060
375110
375363
375468
375572
375586
375592
375601
375614
375616
375632
375650
376030
376250
376597
376686
377051
377235
377255
377930
378407
378442
378470
378519
379787
380496
380657
380679
380709
380934
380945
381212
381268
381274
381276
381277
381290
381602
381660
381674
381679
381694
381699
382097
382114
382358
382513
382703
382748
383004
383379
383717
383727
383780
384129
384186
384198
384240
384248
384798
384859
384893
384895
384922
385288
385421
385432
385517
385870
385905
385908
385944
386148
386207
386215
386524
386934
386956
386961
387184
387339
387346
387577
387823
387992
388021
388084
388330
388381
388696
388762
389269
389273
389555
389708
389711
390027
390053
390264
390388
390440
390962
390986
391355
391373
391535
391698
391703
391717
391743
391763
392108
392425
392602
392617
392635
392849
392990
393464
393670
393846
393870
393873
393877
393961
393995
394017
394612
394650
394655
394724
394731
394750
394764
395526
395565
395600
396068
396123
396806
396828
396994
397034
397118
397141
397414
397656
397688
397775
397781
398092
398238
398284
398455
398554
398683
398750
398917
398998
399078
399208
399264
399670
399673
399914
399969
400220
400459
400500
400743
401038
401267
401580
401641
401660
401661
401747
402091
402465
402827
403193
403468
403485
403666
403999
404002
404013
404039
404076
404085
404219
404420
404566
404592
404593
404672
404860
404868
404872
404937
404983
405286
405348
405704
405755
405805
405851
405892
406277
406759
406793
406798
406989
406991
407018
407020
407042
407049
407070
407103
407104
407109
407149
407222
407232
407248
407625
407651
407937
408073
408297
408322
409173
409750
409793
409797
409819
410646
410880
410962
411006
411034
411053
411060
411076
411486
411513
411936
411941
411961
411987
412146
412459
412697
412834
413276
413304
413784
413802
414327
414647
414663
414683
414706
414732
414991
415399
416129
416205
416342
416378
416397
416485
416499
416532
416571
416578
416720
416732
417985
418455
418482
418517
418530
418533
418588
418687
418714
418743
418777
418822
419075
419233
419404
419447
419453
420130
420134
420181
420186
420190
420661
421313
421330
421336
421527
421541
421797
421815
421861
422028
422067
422106
422337
422342
422387
422460
423144
423147
423373
424361
424371
424719
424784
424841
424848
424894
425322
425417
425455
425486
425508
425534
425946
426021
426586
426646
427691
427827
428353
428401
428976
428979
428997
429040
429271
429303
429329
429337
429351
429361
429893
430035
430322
430365
430500
430726
431160
431524
431584
431596
431619
432068
432102
432115
432130
432136
432137
432160
432477
432543
432546
432911
433760
434048
434193
434330
434334
434816
435197
435247
435284
435412
435425
435828
435946
435979
436003
436249
436336
436379
436618
436662
436666
436669
436676
436697
436700
436737
436739
437095
437097
437284
437531
437564
437582
437701
438174
438219
438224
438235
438465
438635
438940
438956
438965
439167
439634
439674
439812
439829
1995 FX10
1995 UL23
1995 UV55
1997 TH
1999 TN296
2000 CG130
2000 DR115
2001 FL83
2001 SK166
2001 WX80
2002 CD70
2002 EH25
2002 JL134
2002 QS52
2002 QH62
2002 QO134
2002 QD139
2002 QJ147
2002 TC145
2002 TA263
2002 TY309
2002 VY147
2002 WF26
2002 WZ30
2003 DH
2003 KO28
2003 SS395
2003 SZ408
2003 SC432
2003 SC178
2003 SY323
2003 SH326
2003 SE341
2003 UE93
2003 UG403
2003 UB232
2003 UA285
2003 UG334
2003 UW346
2004 CX
2004 CZ31
2004 HD25
2004 PK65
2004 RF2
2004 RR64
2004 RO160
2004 RD251
2004 RR316
2004 RV335
2004 TZ51
2004 TK91
2004 TR243
2004 TW118
2004 TO146
2004 TR243
2004 VT5
2004 VN34
2005 CA71
2005 EK268
2005 NM8
2005 QR30
2005 QJ134
2005 QX139
2005 SF21
2005 SN39
2005 SO139
2005 SR140
2005 SU142
2005 TE137
2005 TN157
2005 UX24
2005 UX31
2005 UD129
2005 UA147
2005 UD129
2005 UF136
2005 UA147
2005 UL434
2005 UG436
2005 UC450
2005 UT270
2005 UA299
2005 VS20
2005 VA24
2005 VA50
2005 VE94
2005 WX19
2005 WX46
2005 WJ80
2005 WA86
2005 WL88
2005 WM138
2005 WV191
2005 YN22
2005 YL37
2005 YE88
2005 YW186
2005 YD222
2006 AN15
2006 AO34
2006 AA44
2006 BP13
2006 BX20
2006 BU67
2006 BK76
2006 BH146
2006 BW163
2006 BE212
2006 BV246
2006 DY127
2006 EK38
2006 FX40
2006 HQ11
2006 HA43
2006 HG70
2006 KU14
2006 KV21
2006 OZ3
2006 RD102
2006 RP121
2006 SU31
2006 SG39
2006 SB58
2006 SK378
2006 SM390
2006 SZ156
2006 SQ166
2006 SZ229
2006 SF236
2006 SU325
2006 TK91
2006 TF119
2006 UD53
2006 UV80
2006 UE94
2006 UR180
2006 UJ205
2006 UC258
2006 VT48
2006 VA55
2006 VK117
2006 VQ138
2006 WX58
2006 WU139
2006 WO156
2006 WE171
2006 WA203
2006 WE205
2006 XW38
2006 XJ40
2007 BG14
2007 BL16
2007 BD60
2007 BR101
2007 CV22
2007 CR35
2007 DB9
2007 DE88
2007 DM89
2007 DC94
2007 DH116
2007 DD117
2007 DG117
2007 EN68
2007 EN89
2007 EM202
2007 GG8
2007 HL80
2007 HL81
2007 RA86
2007 RM117
2007 RK170
2007 RR227
2007 RR293
2007 RZ296
2007 SM21
2007 SN23
2007 TA28
2007 TC361
2007 TX369
2007 TJ372
2007 TF385
2007 TP177
2007 UU27
2007 UT30
2007 US33
2007 US134
2007 VK4
2007 VT104
2007 VG133
2007 VQ225
2007 VD261
2007 VK272
2007 VB330
2007 VH332
2007 WN1
2007 WG2
2007 WC25
2007 WP58
2007 YR26
2008 AO11
2008 AH114
2008 BZ7
2008 CO13
2008 CQ46
2008 CC66
2008 CU78
2008 EL43
2008 EZ49
2008 EC65
2008 ER112
2008 EM138
2008 FN20
2008 FD35
2008 FP72
2008 FP83
2008 FY87
2008 FX121
2008 GZ82
2008 GX102
2008 GW132
2008 HF7
2008 HE41
2008 JJ27
2008 JM37
2008 QM38
2008 RN29
2008 RM112
2008 RZ124
2008 RJ127
2008 SC172
2008 SD215
2008 SM224
2008 SA265
2008 SL266
2008 TV18
2008 TQ50
2008 TA87
2008 TM93
2008 TT103
2008 TU113
2008 TY147
2008 TL149
2008 UR17
2008 UQ369
2008 UH136
2008 UY150
2008 UV165
2008 UR167
2008 UU167
2008 UA182
2008 UN227
2008 UM285
2008 UT339
2008 UO345
2008 UN349
2008 VC70
2008 WW35
2008 WV37
2008 WX78
2008 XK14
2008 XS34
2008 YB12
2008 YL59
2008 YS64
2008 YX172
2009 AD5
2009 BF50
2009 BF54
2009 BV137
2009 BR188
2009 CY51
2009 CV60
2009 CB65
2009 DF49
2009 DA58
2009 DT88
2009 DY122
2009 EM28
2009 FG40
2009 GD4
2009 HC22
2009 JJ16
2009 KK6
2009 QD
2009 QK41
2009 QR56
2009 QR62
2009 RL11
2009 RH15
2009 RD58
2009 SK27
2009 SX69
2009 SZ76
2009 SR91
2009 SK123
2009 SS126
2009 SH128
2009 SD201
2009 SJ344
2009 TJ19
2009 TJ22
2009 UD45
2009 UG69
2009 VN
2009 VB33
2009 VB41
2009 WB8
2009 WN88
2009 WE99
2009 WQ99
2009 WN167
2009 WH168
2009 WX175
2009 YP9
2010 AM76
2010 AQ91
2010 AT91
2010 AB101
2010 BT4
2010 BR58
2010 BT105
2010 CL42
2010 CX175
2010 CL203
2010 CA241
2010 DA4
2010 DR10
2010 ES88
2010 EP127
2010 FT89
2010 GG45
2010 GY117
2010 HK45
2010 LX38
2010 LL62
2010 LF68
2010 LA116
2010 LE129
2010 ND104
2010 ON63
2010 OD124
2010 PV27
2010 PA57
2010 RG5
2010 RQ26
2010 RS81
2010 RF113
2010 RM151
2010 TL1
2010 TU69
2010 TW98
2010 TX99
2010 TG168
2010 TU176
2010 TR177
2010 UG21
2010 UV21
2010 UA31
2010 UG45
2010 UM53
2010 UT66
2010 VJ28
2010 VG84
2010 VO85
2010 VR111
2010 VM112
2010 VQ116
2010 VQ162
2010 VJ210
2010 VE213
2010 WL13
2010 WG56
2010 WY62
2010 XO2
2010 XT22
2010 XP32
2010 XA54
2010 XP83
2010 YV3
2011 AJ43
2011 AA54
2011 BZ5
2011 BG18
2011 BH44
2011 BJ121
2011 BG153
2011 BQ154
2011 CB16
2011 CG46
2011 CG86
2011 CV102
2011 DL36
2011 ES42
2011 ER51
2011 EJ80
2011 FA1
2011 GX62
2011 HX7
2011 HH32
2011 HD55
2011 HG57
2011 HZ71
2011 HW102
2011 JH8
2011 QZ23
2011 QS65
2011 SF11
2011 SQ169
2011 SK174
2011 SA178
2011 SD226
2011 SQ267
2011 TE7
2011 TB12
2011 UZ25
2011 UL74
2011 UF82
2011 UY90
2011 UJ141
2011 UC100
2011 UY101
2011 UT114
2011 UW117
2011 UB400
2011 UJ141
2011 UV143
2011 UW172
2011 UY244
2011 UP265
2011 UK299
2011 UB320
2011 UH327
2011 VC19
2011 WP14
2011 WU63
2011 WX78
2011 WE94
2011 WF109
2011 WE136
2011 WZ136
2012 AD7
2012 AD14
2012 BE19
2012 BX54
2012 BA83
2012 BE87
2012 BY95
2012 CC37
2012 CJ38
2012 CN44
2012 CS53
2012 DE35
2012 DR55
2012 DY55
2012 DO76
2012 EL2
2012 EG6
2012 FN4
2012 FL16
2012 FS26
2012 FB32
2012 FU34
2012 FO38
2012 FA55
2012 FQ63
2012 GZ35
2012 HP46
2012 HK78
2012 JH1
2012 KX3
2012 KA11
2012 KE44
2012 KS46
2012 LE2
2012 LH13
2012 LV26
2012 PY34
2012 QK12
2012 QY27
2012 RY34
2012 SE24
2012 SP37
2012 TY1
2012 TM37
2012 TT98
2012 TX154
2012 TL160
2012 TV167
2012 TP171
2012 TY270
2012 TG285
2012 TU286
2012 TE298
2012 TT299
2012 TB308
2012 TO309
2012 UE43
2012 UG87
2012 UK104
2012 UC105
2012 UA141
2012 UF142
2012 UM153
2012 UY155
2012 UX158
2012 VD4
2012 VD12
2012 VO15
2012 VL18
2012 VV58
2012 VO85
2012 WS28
2012 XZ77
2012 XH124
2012 XM133
2012 XJ140
2012 XF144
2013 AX17
2013 AY28
2013 AB56
2013 AH58
2013 AT58
2013 AY73
2013 AD168
2013 BM9
2013 BJ21
2013 BT48
2013 BZ71
2013 CL69
2013 CY82
2013 CX94
2013 CN103
2013 CX146
2013 CX177
2013 CC203
2013 EM16
2013 EX16
2013 EA32
2013 EN56
2013 FW6
2013 GR135
2013 GF136
2013 HP22
2013 HF30
2013 HQ30
2013 HQ61
2013 HO85
2013 HL107
2013 JK5
2013 JU60
2013 KV
2013 KO9
2013 LS2
2013 LE8
2013 LJ10
2013 NH9
2013 NW22
2013 PJ60
2013 QR38
2013 QC61
2013 RQ34
2013 RT85
2013 RL87
2013 RT90
2013 RH92
2013 RE96
2013 SE50
2013 SJ52
2013 SK85
2013 TV44
2013 TH48
2013 TY72
2013 TB75
2013 TD76
2013 TC90
2013 TB142
2013 US6
2013 VK18
2013 WZ14
2013 WL23
2013 WS59
2013 WV59
2013 WN107
2013 YK11
2013 YO25
2013 YG38
2013 YQ40
2013 YU44
2013 YC47
2013 YC70
2013 YP146
2014 BQ31
2014 CL12
2014 DA27
2014 DO47
2014 ET50
2014 FW35
2014 FV39
2014 GA14
2014 GV15
2014 GP28
2014 HK26
2014 HP45
2014 HH80
2014 HO175
2014 JJ27
2014 JV28
2014 KL10
2014 KU32
2014 KE71
2014 KZ85
2014 KQ92
2014 LO22
2014 MJ17
2014 MC51
2014 MH63
2014 NF58
2014 OU38
2014 OZ41
2014 OP77
2014 OJ93
2014 ON350
2014 OF106
2014 OX375
2014 OG382
2014 OC384
2014 OX386
2014 OZ212
2014 OA233
2014 OQ236
2014 OE290
2014 OV301
2014 ON350
2014 PE6
2014 PY9
2014 PX41
2014 QX25
2014 QU31
2014 QX46
2014 QH74
2014 QW367
2014 QC134
2014 QU139
2014 QW413
2014 QL173
2014 QA192
2014 QD207
2014 QC240
2014 QF310
2014 QS337
2014 QA349
2014 QT349
2014 RX33
2014 RN41
2014 RK45
2014 RM47
2014 SL36
2014 SL125
2014 SA155
2014 SK162
2014 SP163
2014 SO206
2014 SJ223
2014 SR281
2014 SV281
2014 SD301
2014 SM312
2014 TD13
2014 TV42
2014 TQ53
2014 TY59
2014 TX65
2014 TF82
2014 TN84
2014 UL1
2014 UQ13
2014 UW21
2014 UF60
2014 UW103
2014 UG124
2014 UP157
2014 UV162
2014 UA168
2014 UP169
2014 UE172
2014 UT173
2014 UR200
2014 US200
2014 VP15
2014 VX19
2014 WT22
2014 WD23
2014 WH29
2014 WL93
2014 WY112
2014 WF358
2014 WO100
2014 WF123
2014 WU136
2014 WQ137
2014 WU398
2014 WF405
2014 WT406
2014 WY410
2014 WM158
2014 WL216
2014 WA481
2014 WC494
2014 XB38
2014 YT3
2014 YC5
2014 YP7
2015 AN3
2015 AL12
2015 AX27
2015 AE238
2015 AY256
2015 AE258
2015 BX
2015 BO2
2015 BD19
2015 BG25
2015 BN37
2015 BW59
2015 BM62
2015 BO77
2015 BB88
2015 BM208
2015 BG119
2015 BH140
2015 BX157
2015 BC431
2015 BT254
2015 BC257
2015 BW328
2015 CF15
2015 CE20
2015 CJ22
2015 CK56
2015 DU68
2015 DT138
2015 DJ143
2015 DD204
2015 DE212
2015 EN12
2015 ER12
2015 ER18
2015 FM38
2015 FY38
2015 FR42
2015 FG116
2015 FW289
2015 FQ292
2015 FP317
2015 GR2
2015 HR69
2015 HX95
2015 JO6
2015 LK23
2015 LP30
2015 LX34
2015 MB26
2015 MY35
2015 MB40
2015 MD63
2015 MM63
2015 MD70
2015 MM75
2015 MV97
2015 NG9
2015 NR22
2015 OP44
2015 OP67
1995 SE7
1995 SA65
1999 TJ15
1999 TC48
1999 TU73
2000 BV48
2001 FR201
2001 FN205
2001 FN227
2001 FC231
2001 XM229
2002 CW292
2002 EQ4
2002 QC26
2002 QD120
2002 QW146
2002 RY206
2002 RM274
2002 RN275
2002 RZ288
2002 TP360
2002 TO348
2002 UM62
2003 GG31
2003 SH348
2003 UA362
2003 US390
2003 UL341
2004 DY53
2004 RJ126
2004 TB186
2004 TR219
2004 WZ4
2005 ER23
2005 JD19
2005 MZ27
2005 NJ24
2005 SC18
2005 SV18
2005 SX60
2005 ST146
2005 SA178
2005 SS226
2005 SH235
2005 ST238
2005 SE243
2005 TN37
2005 TV67
2005 TY110
2005 TJ114
2005 TW163
2005 UG23
2005 UE58
2005 UU59
2005 UF368
2005 UD374
2005 UJ164
2005 UW167
2005 UM176
2005 UV457
2005 UT258
2005 UL519
2005 UN523
2005 UN268
2005 UD288
2005 UF359
2005 VC14
2005 VJ66
2005 VK88
2005 VP100
2005 WW53
2005 YA6
2005 YM16
2005 YC64
2005 YE69
2005 YJ82
2005 YF101
2005 YG117
2005 YE138
2005 YE139
2005 YP174
2005 YO234
2005 YS291
2006 AA104
2006 BE14
2006 BD53
2006 BT140
2006 BW167
2006 BN179
2006 BR232
2006 BX242
2006 BL283
2006 CJ3
2006 EK49
2006 GF14
2006 HG41
2006 KD7
2006 KD93
2006 QF74
2006 QZ83
2006 QJ182
2006 QL185
2006 RC15
2006 RT110
2006 RC111
2006 ST66
2006 SX403
2006 SW161
2006 SD257
2006 TN44
2006 TF105
2006 TR120
2006 TN127
2006 UO48
2006 UG360
2006 UQ120
2006 UB190
2006 UE211
2006 UZ249
2006 UK330
2006 UW358
2006 VS74
2006 WJ43
2006 WP99
2006 WP106
2006 WP129
2006 WF157
2006 WB192
2006 YA6
2006 YJ44
2007 BT24
2007 BT85
2007 DA73
2007 DU115
2007 EZ76
2007 ER93
2007 EX171
2007 EO188
2007 FN21
2007 HS26
2007 HM97
2007 RK48
2007 RX58
2007 RC68
2007 RV110
2007 RH195
2007 RA198
2007 RT255
2007 RA303
2007 RV320
2007 TD37
2007 TW46
2007 TA380
2007 TD389
2007 TM407
2007 TN429
2007 TQ184
2007 TN207
2007 TK212
2007 TE308
2007 UT16
2007 UX68
2007 UQ70
2007 UT91
2007 VQ20
2007 VK47
2007 VL81
2007 VF169
2007 VS213
2007 YT28
2007 YJ57
2008 AR137
2008 CM22
2008 CB126
2008 DQ75
2008 EJ162
2008 FZ36
2008 FA63
2008 FP120
2008 GW42
2008 GN102
2008 GY129
2008 GG141
2008 HS23
2008 HK35
2008 JJ40
2008 RP9
2008 RQ83
2008 RV143
2008 SA53
2008 SG113
2008 SJ161
2008 SD280
2008 TL11
2008 TQ74
2008 TU78
2008 TB89
2008 TD102
2008 TA145
2008 TS182
2008 UJ17
2008 UG31
2008 UJ143
2008 UY178
2008 UY268
2008 UP305
2008 UV358
2008 VX49
2008 WS5
2008 WY15
2008 WK103
2008 XS38
2008 YZ66
2008 YF129
2009 AU29
2009 BG125
2009 BJ132
2009 DR21
2009 DW27
2009 DH29
2009 DR58
2009 DU86
2009 DK92
2009 EJ7
2009 GJ5
2009 HE27
2009 HL106
2009 JQ14
2009 QH54
2009 QU63
2009 RE20
2009 RR21
2009 RA67
2009 SJ69
2009 SQ250
2009 SZ257
2009 SW294
2009 SR353
2009 TL2
2009 VK74
2009 WP127
2009 WJ140
2009 YA19
2010 BU4
2010 BO69
2010 BJ77
2010 CB93
2010 CQ108
2010 CQ190
2010 DV25
2010 DH81
2010 EL27
2010 EO31
2010 EX67
2010 EO169
2010 HT51
2010 HW84
2010 HK92
2010 JG108
2010 KE34
2010 KV68
2010 KC79
2010 KW90
2010 LX41
2010 LR90
2010 LA93
2010 MW66
2010 MU85
2010 NZ61
2010 NX64
2010 OF9
2010 OL31
2010 OZ85
2010 PL30
2010 PC37
2010 RN40
2010 RQ148
2010 RB158
2010 SW31
2010 TC32
2010 UK67
2010 UO98
2010 UE103
2010 UQ103
2010 VE53
2010 VV94
2010 VP114
2010 VM130
2010 VY167
2010 VO168
2010 VE183
2010 VL219
2010 VA220
2010 WC13
2010 WU32
2010 WP47
2010 WM70
2010 XD61
2011 AX61
2011 AQ70
2011 BN4
2011 BK44
2011 BR53
2011 BT70
2011 BZ76
2011 BN110
2011 CS30
2011 CN62
2011 CL84
2011 CZ84
2011 CT93
2011 CY100
2011 EX19
2011 EF57
2011 FL12
2011 GF52
2011 HW26
2011 JB6
2011 OH34
2011 PZ9
2011 QV2
2011 QU81
2011 QC85
2011 QM85
2011 RQ6
2011 SP45
2011 SY134
2011 SN142
2011 SW174
2011 SH193
2011 SY217
2011 SP230
2011 SX253
2011 SM257
2011 SU265
2011 UY15
2011 UN64
2011 UH92
2011 UH93
2011 UM144
2011 UJ176
2011 UK188
2011 UN195
2011 UK215
2011 UR218
2011 US232
2011 UG259
2011 UT292
2011 UY308
2011 UO312
2011 UL323
2011 VR15
2011 WX42
2011 WL53
2011 WD138
2011 YE36
2012 AD4
2012 BX6
2012 BR25
2012 BX52
2012 BW137
2012 BA138
2012 BN138
2012 BH142
2012 BX151
2012 DA19
2012 DV42
2012 DZ69
2012 FH3
2012 FF21
2012 FE34
2012 FC42
2012 FB45
2012 GW6
2012 GS19
2012 HE23
2012 HS38
2012 HD47
2012 HE63
2012 HA81
2012 JG8
2012 JW51
2012 KC15
2012 KV18
2012 KF28
2012 QW1
2012 QU13
2012 TK11
2012 TS35
2012 TZ95
2012 TC98
2012 TL113
2012 TK162
2012 TM183
2012 TR190
2012 TT217
2012 TK221
2012 TC225
2012 TG247
2012 TQ265
2012 TT284
2012 TC285
2012 UM1
2012 UW6
2012 UJ57
2012 UJ75
2012 UZ103
2012 UR119
2012 VR15
2012 VX50
2012 VL53
2012 VB64
2012 VH76
2012 VZ101
2012 WK16
2012 XF86
2012 XX97
2012 XN155
2013 AX16
2013 AN139
2013 AV145
2013 AS158
2013 AG169
2013 AG176
2013 AU178
2013 AC179
2013 BS48
2013 CE56
2013 CO76
2013 CM97
2013 CE99
2013 CT112
2013 CC115
2013 CJ147
2013 CJ150
2013 DH1
2013 DS8
2013 EU25
2013 EH37
2013 ED70
2013 EB111
2013 EJ149
2013 GL26
2013 GC44
2013 GN134
2013 HD2
2013 HZ31
2013 HO59
2013 HG60
2013 HK67
2013 HZ70
2013 HC91
2013 HJ96
2013 HX102
2013 HO104
2013 HN113
2013 HQ115
2013 HU123
2013 HR137
2013 HA149
2013 JQ2
2013 JD14
2013 JU25
2013 JW59
2013 ND2
2013 PP23
2013 QS81
2013 SQ8
2013 SK70
2013 TE1
2013 TH16
2013 TW20
2013 TM27
2013 TR44
2013 TZ83
2013 TT147
2013 WC1
2013 WV5
2013 WN19
2013 WQ29
2013 WJ108
2013 XT1
2013 YQ34
2013 YB46
2013 YF61
2013 YP64
2013 YT101
2013 YH129
2013 YB143
2014 CX5
2014 DS17
2014 DP33
2014 DY34
2014 DB43
2014 DS72
2014 DO100
2014 DY132
2014 EU14
2014 EC16
2014 EJ28
2014 EH44
2014 HC34
2014 HP34
2014 HG41
2014 HQ52
2014 HM110
2014 HD122
2014 HX124
2014 HO131
2014 JS3
2014 JF19
2014 JL56
2014 KO34
2014 KH41
2014 KC54
2014 LC2
2014 MG32
2014 ME50
2014 NK14
2014 NQ23
2014 OC13
2014 ON19
2014 OB25
2014 OG34
2014 OF51
2014 OR58
2014 OB113
2014 OT114
2014 OL118
2014 OD119
2014 OG134
2014 OQ139
2014 OS143
2014 OO153
2014 OS160
2014 OF213
2014 OB216
2014 OR238
2014 OU239
2014 OB250
2014 OE343
2014 PB10
2014 PR48
2014 QM116
2014 QD119
2014 QN122
2014 QZ393
2014 QP136
2014 QJ399
2014 QC218
2014 QW218
2014 QM242
2014 QO250
2014 QW281
2014 QD339
2014 RV55
2014 SR98
2014 SK101
2014 SG102
2014 SC118
2014 SP225
2014 SK256
2014 ST347
2014 TL3
2014 UT142
2014 VH9
2014 WX40
2014 WU57
2014 WT64
2014 WF91
2014 WD194
2014 WY112
2014 WA137
2014 WY148
2014 WS413
2014 WU199
2014 WR232
2014 WH271
2014 WN326
2015 AM14
2015 AU84
2015 AL104
2015 AQ113
2015 AE169
2015 AB171
2015 AH197
2015 AH278
2015 BB19
2015 BS39
2015 BU54
2015 BZ70
2015 BV73
2015 BF96
2015 BD103
2015 BX108
2015 BJ130
2015 BM142
2015 BO144
2015 BB417
2015 BU434
2015 BT182
2015 BK192
2015 BL193
2015 BA197
2015 BN202
2015 BR477
2015 BU217
2015 BN229
2015 BU497
2015 BJ258
2015 BL258
2015 BQ345
2015 CB19
2015 CL22
2015 CL26
2015 DW52
2015 DX81
2015 DQ101
2015 DW140
2015 DN161
2015 EK3
2015 FM58
2015 FN180
2015 FD252
2015 FA294
2015 FJ297
2015 FQ314
2015 FX325
2015 GX24
2015 GV34
2015 HV19
2015 HQ50
2015 HV73
2015 HG74
2015 HK74
2015 HX77
2015 HV80
2015 HT87
2015 HM134
2015 HV135
2015 HY136
2015 HJ158
2015 HH176
2015 KD8
2015 KF38
2015 KY68
2015 LA3
2015 MF47
2015 MU72
2015 MS89
2015 MP93
2015 MR94
2015 MG118
2015 NH6
2015 OD1
2015 OK7
2015 ON7
2015 OH14
2015 OF16
2015 OK21
2015 OW76
