id
58
412
1020
1128
1228
1517
1726
2169
2369
2603
3311
4292
5194
5589
5628
6604
6704
6987
7817
7864
7880
8268
8808
9056
9326
9376
9719
9920
10657
11092
11299
11342
11418
11983
11985
12315
12382
12668
13032
13113
13277
13420
14396
14403
15168
15743
15804
15955
16027
16107
16333
16860
16884
17208
18192
18973
19076
19463
19486
20204
20573
20742
21207
21214
21660
21869
22430
22676
22932
23082
23085
23371
23849
23897
24526
25029
25224
25690
25772
26455
26491
27363
27866
28053
28063
28073
28688
28697
28881
29109
29498
31488
31688
31802
32202
32994
33149
33177
33210
33470
34415
34452
34936
35456
35943
36613
36666
36815
36835
36952
37082
37197
37500
37614
37751
37989
38990
39012
39039
39113
39535
39588
39751
40501
40519
40808
40858
40860
41099
41148
41681
41845
41865
41885
41940
42049
42281
42965
42966
43044
43097
43153
43258
44229
44366
44385
44410
44418
44921
45387
45420
45549
46103
46399
46941
46963
47033
47524
47567
47607
47622
47674
47752
48185
48775
49240
49432
49453
50302
50543
50572
50600
50603
50735
50781
50799
50938
52093
52245
52309
52413
53171
54069
54967
54982
55662
55819
55911
55992
56310
56847
56912
57139
57371
57575
57625
57728
58633
58749
58997
59513
59600
60040
60082
60240
60428
60819
61381
61519
61570
61620
61647
61912
61963
61978
62086
62203
62259
62260
62452
62501
62530
62547
62582
62664
62704
62867
62874
63054
63752
63971
64098
64291
64407
64541
64639
65084
65247
65313
65570
66727
66809
66838
67097
67341
67631
68077
68167
68470
68592
68830
69035
69522
69797
69820
69838
70479
70729
70850
71005
71085
72291
72420
72434
72445
72465
72492
72821
72832
73453
73791
74379
75549
75719
75760
75855
76111
76174
76211
76417
77157
77198
77301
77449
78284
78415
78695
78911
79000
79104
79105
81258
81287
81334
81367
81581
81604
81727
82153
82485
82716
82834
82911
82992
83057
83106
83249
83336
83341
83380
83523
83637
83814
84471
84679
84688
84691
84820
85567
85979
87744
88559
88635
88866
89007
89147
89286
89356
89537
89647
89706
89760
89849
89853
90364
91115
91116
91432
91460
91490
91868
93269
93617
93653
95291
95306
95341
95370
95401
95504
95584
95680
96133
96896
96901
96986
97275
97414
97446
98751
98846
99186
99288
99752
100097
100317
100422
101251
103666
103673
103791
103863
103903
103906
103925
104014
104229
104238
104327
104383
104438
104642
105447
105602
105662
107395
107781
107962
108331
108399
108419
108689
108823
108896
109237
110094
110178
110243
110407
110426
110479
110548
110599
110620
110650
110783
110796
110888
110897
110898
110951
110980
111210
111439
111554
111752
111876
112503
112514
112530
112850
112862
113005
113063
113114
113311
113339
113643
113652
113824
113973
114095
114454
114484
114535
114625
114631
115482
115540
115579
115615
115651
115862
115958
115995
116030
116265
116389
116545
116650
117107
117860
118729
119301
119355
119702
119708
119741
119793
119842
119882
120849
121123
121359
121391
121403
121519
122335
122582
122745
122948
122991
123134
123205
123440
123647
123897
126121
126207
126246
126261
126324
126348
126423
126563
126884
126918
127175
127180
128005
128584
128588
128802
128924
128945
129167
129239
129526
130213
131286
131293
132439
132577
133235
133266
133459
133484
133489
133493
133628
133728
133990
134129
134163
134184
134206
134236
134270
134822
135369
135426
135499
135890
135898
135999
136037
136176
136414
136650
136772
138394
139553
139693
139697
139741
139831
139931
140045
140076
140154
140301
140305
140317
140369
140726
140731
140738
141360
142845
142922
143139
143318
143453
144048
144137
144217
144394
144460
144535
144566
144705
144733
144745
145371
146479
146635
146642
146799
147610
147800
147908
148320
148326
148383
148876
148881
148945
148988
149851
151173
151253
151271
151325
151809
151811
152284
152384
152477
153182
153992
153993
154042
154076
154124
154511
154543
155165
155195
155236
155274
155804
155812
156426
156470
156515
156516
157293
157373
157687
157688
157763
157766
157808
158342
158503
158522
158534
158950
159669
159899
160187
160860
161560
161712
162869
163369
163876
163968
163993
164045
164057
164136
164300
164584
164749
164763
164966
165005
166428
166431
166441
166449
166575
166651
167135
167257
167349
167557
167787
167851
168190
168432
168446
168620
168640
168646
168650
168667
168668
168686
169753
169816
169833
169835
169895
169987
169992
170061
170073
170503
170834
170918
171001
171073
171119
171145
171404
171408
171654
172225
172256
172288
172321
172579
172934
172952
172964
173126
173234
173435
173687
174365
174422
174882
174945
174977
174992
175014
175311
175426
175494
175552
175630
176258
176280
176299
176305
176965
177449
177456
177508
177524
177532
177540
177597
177862
177930
178031
178101
178163
178166
178186
178355
178356
179041
179112
179117
179141
179183
179236
179246
179259
180069
180070
180680
180950
181139
181397
181420
181476
181521
181551
181582
181608
181612
181758
182463
182542
182559
182561
182660
182727
182729
183487
183597
183822
184158
184322
184550
184596
184610
184617
184707
184729
184778
184845
185094
185209
185302
185353
185416
185619
185685
185900
186154
186253
187200
187289
187334
187391
187445
188071
188073
188080
188685
188971
188999
189289
189610
190052
190269
190388
190390
191085
191120
191142
191149
192025
192053
192085
192105
192207
192696
192740
192787
192793
192839
192840
192846
192918
192920
195330
195336
195408
195452
195477
195523
195549
195589
195594
195606
196556
196619
196720
196757
196787
196841
197166
198026
198456
198519
199317
199337
199450
199520
199521
199680
199754
200123
200239
200283
201114
201604
201682
201948
202230
202301
202579
202659
202660
202844
202867
202870
202912
202990
203025
204038
204091
204107
204520
204545
204576
204689
204751
204752
204758
204874
205045
206050
206056
206061
206074
206614
207075
207229
207286
207433
207571
207577
207694
207847
207850
207881
208151
208861
208905
208927
209152
209325
209738
209781
209854
209863
210072
210335
210374
210377
211319
211365
211375
211382
211393
211424
211721
211748
211767
211773
211800
211810
212262
212282
212478
212515
212803
213009
213054
213274
213345
214018
214024
214028
214381
214616
214677
214678
214811
214863
214949
214956
214974
215067
215389
215518
215707
215758
215770
215976
216095
216127
216132
216239
216363
216371
216375
216426
216522
216683
218021
218277
218284
218896
219382
219843
219871
219873
220763
221192
221218
221233
221251
221651
221659
221681
221692
221696
221713
221721
221970
222728
222810
222858
222867
223664
223670
223700
223718
223746
223754
223771
223793
224447
224449
224582
224612
225021
225263
225564
226740
226818
226918
227328
227454
227496
227545
227559
227884
228191
228262
228681
228888
229511
229570
229573
229589
229793
229803
230098
230105
230920
230930
230941
230974
231233
231234
231320
231339
231914
232577
232579
233226
233306
233312
233319
233344
233527
233845
233944
234020
234809
235875
235887
235954
236336
236364
236452
236515
236576
236579
236588
236659
236741
236778
237075
237099
237172
237290
237851
238006
238236
238292
238294
239177
239374
239544
239566
239582
239727
240159
240182
240189
240207
240424
240690
240922
241081
241163
241197
241278
241383
241393
241405
241425
241435
241935
242296
242452
242882
243007
243432
243917
244292
244435
244448
244528
244865
245324
245354
245403
245764
245817
245843
245909
245949
246354
246399
246669
246775
246896
246929
247209
247525
247716
247979
247994
248551
248568
248782
248925
249277
249363
249915
249934
250496
251098
251138
251143
251164
251240
251253
251285
251292
251433
251457
251471
251490
251497
251507
251610
251707
252310
252520
252580
252619
252637
252729
253361
254744
254882
254887
254921
254941
254944
255020
255254
255800
256017
256063
256097
256265
256298
256316
256323
256800
256835
256930
256959
257009
257031
257048
257075
257090
257847
258286
258445
258470
258614
259306
260024
260870
260874
261047
261057
261089
261119
261121
261171
261185
261205
261228
261246
261422
261423
261528
261531
262254
262290
262457
262462
262463
262745
262830
262959
262978
263049
263285
263504
263548
263557
263706
263914
263931
264708
264721
264733
265617
265772
265783
265838
265839
265865
266297
266345
266348
266407
266685
266792
266978
267457
268117
268123
268157
268166
268239
268421
268512
268553
268555
269044
269449
269484
269513
269535
269562
269574
269577
269579
269582
269672
269793
270274
270409
271728
271738
271796
271827
271872
271892
272820
272830
272881
272896
272946
272963
272969
272986
273034
273047
273058
273090
273118
273733
273906
273931
273942
273962
274318
274429
274572
274573
274705
274814
275069
275189
275358
275394
275510
276070
276581
276844
276860
276986
276993
277510
277526
277613
277625
277626
277663
277680
277715
277725
277732
277738
277769
278180
278230
278546
278626
278672
278677
278799
278814
278869
278966
278995
279270
279350
279364
279534
279636
279787
280134
280353
280362
280363
280988
280989
281009
281019
281037
281042
281048
281458
281468
281564
281565
281594
281596
281612
281682
281775
281790
281833
281877
281881
281951
282248
282291
282755
283086
284059
284604
284626
284805
285005
285115
285182
285201
285792
286240
286605
286672
287169
287186
287214
287429
287526
287607
287704
287892
287937
287945
288319
288419
288483
289606
289674
289880
290083
290123
290189
290296
290346
290395
290454
290458
290468
290474
290616
290627
290671
290764
290778
290911
291000
291034
291046
291047
291067
291535
291590
291702
292030
292233
292252
292284
292336
292342
292512
292549
292661
292897
293250
293252
293269
293323
293365
293412
293417
293613
293889
293917
294037
294341
294572
294663
294746
294766
294874
294875
294917
294961
295100
295168
295225
295262
295263
295588
295819
295991
296040
296161
296215
296268
296371
296418
296425
296451
296728
296791
297126
297365
298130
298152
298194
298212
298229
298690
299081
299167
299211
300462
300591
300594
300618
300648
300668
300697
300755
300764
300787
300790
301413
301459
301478
301496
301713
302672
303096
303183
303621
304266
304280
304290
304299
304309
304310
304324
304350
304399
304493
305095
305163
305194
305210
305258
305268
305598
305763
305812
305859
305885
305925
306084
306246
306344
306862
307898
308029
308838
308846
308848
308857
308894
308903
309019
309068
309603
309620
309845
309939
309963
309987
309996
310008
310143
310266
311319
311658
311681
311756
311825
311843
311848
311861
312367
312740
313212
313237
314309
314721
314874
315003
315046
315531
315602
315622
315654
315824
315825
315831
316248
316318
316331
316349
316402
316419
316427
316513
316544
316545
316686
316811
316851
316989
317055
317105
317354
317439
317453
317876
317941
318947
318957
318960
319452
319919
319924
319955
319956
319979
320090
320742
320798
320882
320906
321020
321141
321184
321197
321660
321685
321691
321702
321712
322004
322026
322152
322295
322346
322452
322511
322905
323930
323934
324059
324065
324730
325212
325215
325332
325497
326098
326214
326215
327238
327300
327349
327362
327415
327432
327443
327891
327908
327925
327930
327942
327943
327977
328526
328611
328617
328663
328666
328701
328774
328996
329035
329047
329118
329407
330017
330133
330135
330463
330475
330476
330889
331199
331238
331617
331623
331627
331791
332916
332930
333848
334807
334886
335563
335606
336218
336277
336308
336317
336380
336396
336708
336897
336926
336936
336955
338046
338061
338191
338542
338704
338714
340379
340440
340442
340502
340523
340540
340542
340547
340557
340560
341168
341237
341241
341268
341498
342415
342418
342501
342518
342649
342829
342832
342837
342896
343402
343447
343476
343570
343614
343870
344692
344762
344769
345020
345460
345521
345890
345943
345964
346004
346320
346452
346673
346750
346767
346999
347004
347084
347091
347840
347850
347857
348106
348355
348381
349207
349251
349330
349360
349720
349739
349748
349782
350004
350236
350267
350321
350870
351165
351184
351432
351444
351451
353055
353082
353101
353562
353637
353726
353878
354494
354652
356126
356148
356164
356580
356695
356757
357461
358205
358207
358256
358257
358279
358349
358702
358734
358754
359310
359776
359782
359789
360043
360085
360087
360146
361219
361318
361319
361321
361327
361328
361789
361808
361823
361852
362405
362444
362462
362512
362971
363003
363851
364307
364361
364838
364860
364922
364929
364947
364948
365570
365573
365711
365788
365941
365991
366028
366052
366172
366315
366904
367212
367214
367222
367382
367522
367536
367567
367994
368019
368029
368031
368048
368771
368800
368815
368977
368998
369301
369338
369541
369855
369863
369873
369936
370062
370192
371130
371186
371219
371695
371704
371746
371760
371775
371777
371781
372056
372438
372513
372563
372578
372599
372636
372648
372677
372687
372689
372702
372904
372914
372974
373285
373320
373409
374126
374487
374506
374516
374535
374550
374556
374567
375029
375049
375327
375964
376151
376231
376251
376252
376507
376584
376757
377157
377443
377778
377820
377880
377899
378026
378330
378799
378840
379311
379384
379685
379724
379763
379768
379788
380067
380910
380912
381513
381521
381550
381556
381584
381586
381927
382239
382249
382356
382793
383177
383293
383633
383898
383944
383972
383991
384007
384037
384062
384079
384087
384473
384710
384905
384935
384970
384977
385015
385158
385366
385612
386486
387054
387056
387089
387107
387136
387217
387287
387313
387335
387662
387789
387910
387940
387967
387972
388595
388653
388692
388738
389162
389178
389803
390031
390038
390043
390152
390153
390160
390188
390248
390274
390431
390441
390490
390791
391580
391592
391620
392010
392045
392359
392478
392797
392942
393016
393786
393790
394172
394470
394572
394590
395037
395051
395413
395463
395562
395592
395888
395918
395920
395982
395990
396001
396023
396034
396059
396092
396174
396214
396370
396937
396952
397282
397605
397618
397662
398376
398480
398497
398557
398572
398739
399023
399272
399300
400398
400413
400433
400608
400893
401366
401409
401430
401550
401583
402323
402578
402709
402716
402719
402729
402746
402770
403090
403136
403138
403871
403987
403989
404063
404123
404315
404473
404542
404711
404848
405603
405611
405705
406293
406570
406671
406676
406688
407412
407519
407839
407915
408455
408482
408490
408493
408578
409454
409555
410067
410089
410561
410589
410596
411349
411395
411809
411857
411872
411887
411971
413525
413580
413599
413608
413617
413625
413635
413670
413710
413966
413985
414219
414255
414482
414524
414920
415157
415158
415231
416049
416987
416990
417061
417072
417150
417199
417213
417727
417775
419122
419342
419356
419805
419926
419971
420690
421027
421081
421237
421272
421306
421326
421364
421489
421493
421510
421543
421711
421901
421943
422058
423556
423717
423720
423788
424127
424657
424728
424815
425265
425343
425798
425886
426113
426388
426406
426426
426551
426703
426880
426893
427055
427304
428033
428039
428047
428048
428738
428786
428848
428857
428888
429211
429234
429614
430252
430302
430339
430356
431097
431857
431865
431911
431922
431979
431990
431993
432015
432422
432888
433325
433481
433497
433639
433640
433739
433744
433779
433879
434745
434767
435563
435754
435785
436312
436826
436841
437062
437069
437140
437170
437180
437465
437514
437528
437530
437563
437581
438320
438332
438544
438548
438586
438588
438847
438945
439307
439520
439545
439592
2002 QT133
2002 VW140
2003 UV334
2003 WT180
2004 BM8
2004 DH54
2004 RP129
2005 CN56
2005 GN129
2005 QK46
2005 SQ148
2005 TL158
2005 UZ91
2005 UY143
2005 UL164
2005 UH428
2005 UU196
2005 UY225
2005 UO286
2005 UO326
2005 WK127
2005 YE13
2005 YG14
2005 YX86
2005 YF147
2005 YM178
2005 YK179
2005 YZ250
2006 AU78
2006 BE119
2006 BF213
2006 DS4
2006 DM136
2006 DO171
2006 JT14
2006 QA184
2006 RM45
2006 RQ70
2006 RC77
2006 RO80
2006 RZ82
2006 RN115
2006 SV80
2006 SH125
2006 SH125
2006 ST405
2006 SQ262
2006 SY299
2006 TA24
2006 TQ31
2006 TC117
2006 UX127
2006 UO132
2006 UJ263
2006 UJ359
2006 WX57
2006 WO87
2007 DG33
2007 EO75
2007 EF218
2007 FE45
2007 GV30
2007 GU72
2007 RZ13
2007 RA272
2007 SP22
2007 TK52
2007 TU387
2007 TD453
2007 TO212
2007 TO332
2007 TX343
2007 VO142
2007 VY287
2007 VJ323
2008 AP29
2008 AO128
2008 CR8
2008 CV97
2008 CG161
2008 CS172
2008 CH208
2008 DX80
2008 EJ107
2008 FT2
2008 GR39
2008 GG63
2008 SC127
2008 SF187
2008 SF305
2008 TT49
2008 TF50
2008 TC101
2008 TF127
2008 TE132
2008 UZ68
2008 UZ79
2008 UQ106
2008 UW164
2008 UG264
2008 UE343
2008 UG348
2008 VK45
2008 YJ98
2009 BB5
2009 BX27
2009 BP28
2009 BE53
2009 BC89
2009 BC155
2009 BM164
2009 DR26
2009 DG132
2009 HM6
2009 RK10
2009 SY183
2009 SF343
2009 TP41
2009 VN61
2009 VC82
2009 WZ135
2010 CL100
2010 CE164
2010 CB230
2010 DG11
2010 RM69
2010 RQ100
2010 RC175
2010 RS177
2010 SN34
2010 TE33
2010 TO40
2010 VY177
2010 WZ23
2011 CC46
2011 CN89
2011 CZ101
2011 CQ110
2011 DL14
2011 DH19
2011 EH29
2011 FS11
2011 FM90
2011 FZ138
2011 GG27
2011 GG32
2011 JL30
2011 PL3
2011 SG59
2011 SL73
2011 SJ199
2011 SQ217
2011 SC230
2011 TV7
2011 UZ78
2011 UT95
2011 UX133
2011 UA265
2011 UK385
2011 UF126
2011 UX133
2011 UK134
2011 UP137
2011 UD147
2011 UE244
2011 UA265
2011 UV277
2011 UY293
2011 UK338
2011 WS24
2011 WW36
2011 WF73
2011 WJ134
2012 BQ11
2012 BD50
2012 BN79
2012 DC24
2012 DZ41
2012 DW74
2012 FR8
2012 FJ25
2012 FB55
2012 FZ60
2012 RQ39
2012 TK33
2012 TX58
2012 TQ105
2012 UW15
2012 UG43
2012 UZ95
2012 UY125
2012 UB141
2012 VG4
2012 VA28
2012 VQ39
2012 XT62
2013 AZ19
2013 AJ28
2013 AB38
2013 AX69
2013 AJ89
2013 AX168
2013 BB49
2013 BR54
2013 CQ64
2013 CX69
2013 CM103
2013 CA115
2013 CO155
2013 CZ185
2013 EV22
2013 EF59
2013 EO68
2013 EY111
2013 EG113
2013 FT5
2013 FL14
2013 GQ8
2013 GL28
2013 GD41
2013 HZ88
2013 HJ92
2013 HL119
2013 HZ130
2013 PV30
2013 QJ51
2013 RE5
2013 RG8
2013 RS14
2013 RA25
2013 RU48
2013 RO67
2013 RN76
2013 SA81
2013 TJ21
2013 TX54
2013 TB133
2013 WA8
2013 WY17
2013 YK88
2013 YH120
2013 YL125
2014 AU6
2014 AU7
2014 AF22
2014 AM45
2014 BM38
2014 DO78
2014 DA118
2014 DP129
2014 EM2
2014 EU19
2014 EP32
2014 EH46
2014 FW8
2014 GE36
2014 HD2
2014 HK10
2014 HL24
2014 HB30
2014 HU38
2014 HL47
2014 HK49
2014 HG149
2014 HH176
2014 HY184
2014 JJ40
2014 JD47
2014 JG48
2014 JL67
2014 JD72
2014 KU7
2014 LW3
2014 LC20
2014 MY47
2014 NQ26
2014 OJ50
2014 OM85
2014 OM119
2014 OW122
2014 OH128
2014 ON134
2014 OG155
2014 OL201
2014 OB254
2014 OY308
2014 OJ327
2014 OE353
2014 PF35
2014 PN41
2014 QA380
2014 QN125
2014 QJ147
2014 QR162
2014 QF168
2014 QP233
2014 QG244
2014 QS303
2014 QT337
2014 QF349
2014 RW9
2014 SL62
2014 SN146
2014 SS157
2014 TD6
2014 TJ7
2014 UR16
2014 UF30
2014 UU42
2014 UO46
2014 UC53
2014 UF113
2014 UR145
2014 UA203
2014 VH
2014 VJ8
2014 VP22
2014 WD2
2014 WG58
2014 WX67
2014 WC124
2014 WC123
2014 WR137
2014 WE429
2014 WE181
2014 WX451
2014 WE210
2014 WK228
2014 XR25
2014 XT26
2014 YR18
2015 AA16
2015 AL74
2015 AW198
2015 AH248
2015 BD25
2015 BJ41
2015 BP59
2015 BO62
2015 BG65
2015 BR136
2015 BA408
2015 BC435
2015 BA441
2015 BD196
2015 BH241
2015 BJ244
2015 CY18
2015 CF19
2015 CM30
2015 DV44
2015 DY63
2015 DQ99
2015 DE107
2015 DE178
2015 EZ27
2015 FS78
2015 FD163
2015 FG293
2015 FA342
2015 GM25
2015 GS37
2015 HG102
2015 KW27
2015 KB34
2015 KF35
2015 KY91
2015 KL150
2015 KX160
2015 LF32
2015 MT23
2015 MR26
2015 MN76
2015 NR4
2015 NW11
2015 OJ13
1997 NT2
1998 SA177
2000 CV108
2000 CJ130
2001 FJ198
2001 FC200
2001 FP202
2001 FG207
2001 FW209
2001 FV214
2001 FE221
2001 TF157
2002 CW197
2002 RN208
2002 RO210
2003 BG10
2003 SA368
2003 SQ378
2003 SU429
2003 SZ355
2003 UT72
2004 TD77
2005 CC29
2005 EH123
2005 EE129
2005 SY99
2005 SG142
2005 TS80
2005 UG383
2005 UZ123
2005 UM126
2005 UW387
2005 UH389
2005 UX390
2005 UH135
2005 UA415
2005 UW284
2005 UY314
2005 VS45
2005 VA117
2005 WV16
2005 YQ200
2006 BJ52
2006 BO207
2006 BS282
2006 CD16
2006 KH5
2006 KB53
2006 KP54
2006 PL
2006 QM177
2006 RK67
2006 RJ90
2006 RO107
2006 RH119
2006 SF375
2006 SG379
2006 SL231
2006 TH82
2006 TX87
2006 TQ110
2006 UE29
2006 UM60
2006 UO141
2006 VU11
2006 WL76
2006 YE41
2007 BY8
2007 CZ30
2007 EE53
2007 ES205
2007 GA26
2007 GV26
2007 PW4
2007 RV164
2007 TW15
2007 TY29
2007 TL311
2007 TX323
2007 TM327
2007 UT78
2007 UU110
2007 VE83
2007 VS200
2007 VO212
2007 VC238
2007 VT247
2007 VM258
2007 VL260
2007 YK20
2008 AO15
2008 AE58
2008 CT31
2008 CC207
2008 EP50
2008 FO22
2008 FD99
2008 FR133
2008 GL59
2008 GQ85
2008 GK125
2008 RG123
2008 SZ12
2008 SN44
2008 SO297
2008 TQ30
2008 TK107
2008 UR162
2008 UF196
2008 UR234
2008 UB237
2008 UR250
2008 UK288
2008 UG295
2008 VT6
2008 WL52
2008 YK55
2008 YU88
2009 CF17
2009 DJ132
2009 GK
2009 RC72
2009 SY75
2009 SB91
2009 TL31
2009 UV6
2009 UK55
2009 VT5
2009 WJ14
2009 WU15
2009 WY44
2009 WR56
2009 WE92
2009 WK92
2010 CU74
2010 CZ139
2010 CP181
2010 CE190
2010 EF119
2010 EJ141
2010 FV106
2010 FQ110
2010 GA4
2010 GM41
2010 GM55
2010 GT149
2010 GY153
2010 GS162
2010 HB82
2010 JW29
2010 JG100
2010 JP133
2010 JQ134
2010 KN12
2010 KO55
2010 LT24
2010 LF37
2010 MY6
2010 MM14
2010 MF29
2010 MA36
2010 MO60
2010 MT64
2010 ME106
2010 NB114
2010 OR2
2010 OR57
2010 OO62
2010 OQ104
2010 OC119
2010 PU50
2010 RP99
2010 TX56
2010 TX152
2010 UV15
2010 VZ31
2010 VK111
2010 VL123
2010 VM124
2010 VS189
2010 VR207
2010 XH15
2011 AC62
2011 BK29
2011 BJ37
2011 BP47
2011 BV47
2011 BO57
2011 BF104
2011 BG104
2011 BG105
2011 CD12
2011 CR32
2011 CD54
2011 CV79
2011 CW90
2011 CR102
2011 CC117
2011 DQ35
2011 DC45
2011 DQ45
2011 EG1
2011 OM9
2011 SM41
2011 SW58
2011 SL124
2011 TK15
2011 UL175
2011 UG310
2011 WA12
2011 WO63
2011 WF86
2011 WH97
2011 WK98
2012 BB85
2012 CK35
2012 DO3
2012 KY4
2012 KH28
2012 QX2
2012 QV11
2012 TZ38
2012 TV104
2012 TE114
2012 TL118
2012 TT160
2012 TT224
2012 UH16
2012 UL75
2012 UD86
2012 UL96
2012 VO60
2012 VM67
2012 VQ78
2012 VT87
2013 AM147
2013 AJ154
2013 AP170
2013 BF10
2013 CD47
2013 CJ116
2013 CD150
2013 CS166
2013 CF172
2013 CL204
2013 EL7
2013 EC38
2013 EA39
2013 EY50
2013 GV124
2013 HY45
2013 HC58
2013 HM61
2013 HQ93
2013 HE95
2013 HX96
2013 HJ122
2013 HB125
2013 HW145
2013 PD55
2013 QZ49
2013 QL90
2013 RS63
2013 TT26
2013 TX27
2013 TX35
2013 WP8
2013 YV12
2013 YZ105
2013 YN119
2013 YF131
2014 DV40
2014 DO93
2014 EV4
2014 HN10
2014 HC35
2014 HU36
2014 HJ119
2014 HN133
2014 HM188
2014 HF194
2014 JR13
2014 JK49
2014 KD53
2014 MQ19
2014 MV25
2014 MO50
2014 OP14
2014 OK43
2014 OR51
2014 OF66
2014 OA121
2014 OM121
2014 OY122
2014 OC125
2014 OG135
2014 OB136
2014 ON148
2014 OZ149
2014 OA151
2014 OM153
2014 OE163
2014 OS171
2014 OU176
2014 OX205
2014 OC214
2014 OQ214
2014 OG245
2014 OW300
2014 OF305
2014 OV307
2014 OX309
2014 OW319
2014 OR323
2014 PN9
2014 QO134
2014 QB262
2014 SN14
2014 SB85
2014 SV95
2014 ST96
2014 SC100
2014 SN119
2014 SM123
2014 SS131
2014 SU172
2014 SU189
2014 SP205
2014 ST236
2014 SF259
2014 SU278
2014 SF341
2014 TR13
2014 UL120
2014 UX201
2014 WG72
2014 WQ78
2014 WC124
2014 WA138
2014 WJ411
2014 WR259
2014 WP284
2014 WR331
2015 AC34
2015 AQ37
2015 AX164
2015 AK166
2015 AJ176
2015 BT18
2015 BF33
2015 BB34
2015 BL74
2015 BL84
2015 BE88
2015 BC103
2015 BY133
2015 BK148
2015 BW155
2015 BF159
2015 BA434
2015 BX178
2015 BV179
2015 BO441
2015 BE447
2015 BK451
2015 BK452
2015 BV217
2015 BX480
2015 BZ223
2015 BU484
2015 BW227
2015 BP228
2015 BY493
2015 BQ240
2015 BV250
2015 BR275
2015 BZ277
2015 BL310
2015 BX341
2015 BH347
2015 CS5
2015 CA7
2015 DF20
2015 DF52
2015 DF87
2015 DM119
2015 DR159
2015 ER4
2015 EH20
2015 FU131
2015 FB169
2015 FQ181
2015 GT3
2015 GC35
2015 HB85
2015 HR140
2015 KP44
2015 KK125
2015 MY26
2015 MW98
2015 MD110
2015 MU112
2015 PN46
