id
5119
18971
24451
32513
38257
47962
51365
55474
57013
61610
62426
73677
76836
105694
105746
109549
111231
116238
116567
125045
125048
130592
131581
134269
134419
150872
153757
155326
155327
155415
156123
156125
156294
156730
157468
157471
157730
157741
159162
160465
178268
181751
182522
182625
182666
184280
184976
184981
184982
184983
185486
185487
185492
185906
187470
187471
187657
187692
187755
188006
188053
188247
188835
188837
188841
189377
211992
213351
216291
216292
216293
216847
216877
216891
217548
218804
229998
231610
241099
243494
246108
246147
246523
246530
246534
247315
248603
248976
248978
248986
251534
261791
264076
274905
275319
275681
282711
283173
283532
284047
284192
284219
284433
284663
285223
288316
291276
291390
291429
291485
293418
293516
293557
295024
295199
295323
295481
295621
296853
297221
299061
299479
299511
299523
299547
300991
300999
301009
301013
301753
310005
312788
312962
315921
315932
315958
316141
316164
316166
316693
317142
319282
319342
320093
320556
321676
325374
328883
334257
335178
335490
335537
335558
335567
335730
336118
336993
337420
338858
340236
340323
340327
340360
340396
340948
341015
341017
341867
341909
341925
343628
344003
344004
344005
345434
346264
347098
347299
347314
347330
353801
355769
355836
356218
356236
356243
356432
356437
356439
356895
358971
359360
359604
359610
360093
360160
362314
371203
371743
371911
373813
374183
374213
375241
375244
375266
376531
376532
376542
376867
376873
377844
377851
377903
378332
378355
378641
378668
378681
378691
379835
379836
379839
379978
381148
382151
382259
382291
388876
388879
389356
389564
389566
389889
390326
392200
392206
392238
392703
395110
395115
404683
408609
409718
413195
415265
415454
416713
417354
417830
418341
418343
418373
418979
418986
419517
420276
420281
420285
420715
420726
420743
421168
421338
421393
422575
2006 BC253
2006 DA81
2007 DM28
2007 GB9
2007 TJ359
2008 FM87
2008 FJ125
2008 FT130
2008 FU135
2008 GT61
2008 GT66
2008 GY133
2008 HU11
2008 HD31
2008 HN42
2008 KZ8
2008 KJ34
2008 OW22
2008 PE20
2008 TE174
2009 FD32
2009 HP64
2009 JG4
2009 RA43
2009 RK72
2009 SH160
2009 SK193
2009 UV49
2009 UG57
2009 UO89
2009 UC112
2010 BB16
2010 KB
2010 UO81
2010 UF101
2010 VN89
2010 VE171
2011 LA20
2011 OX1
2011 QD90
2011 YT33
2012 BL15
2012 BO26
2012 BO64
2012 BP97
2012 BD141
2012 KH47
2012 QH10
2012 QK22
2012 QF40
2012 SE44
2012 TR
2012 TN5
2012 TG78
2012 TQ81
2012 VH2
2013 AO29
2013 AT70
2013 AJ92
2013 AS106
2013 CC41
2013 CK59
2013 CY69
2013 CM105
2013 CX152
2013 CM170
2013 EZ136
2013 RQ53
2013 RR53
2013 RG64
2013 SZ75
2013 TU41
2013 TA45
2013 TR74
2013 TH137
2013 WP28
2014 DM53
2014 EN5
2014 EF19
2014 FC63
2014 UM13
2014 UP41
2014 UW85
2014 UL133
2014 UL160
2014 VQ12
2014 WV364
2014 WB367
2014 WY378