id
3680
4147
4794
5112
5506
6064
7044
7148
8607
9491
9622
9740
9821
10082
10623
11431
12071
12228
12417
12544
12871
12947
12948
13070
13887
13950
14096
14143
14769
15183
15191
15664
17087
17267
18950
19127
19315
19422
19879
19881
20341
20960
23362
23585
23729
24073
25481
26036
27982
29525
29602
30571
30652
30662
31492
31588
32689
34778
34942
36136
36912
37477
37480
37487
37488
38737
39114
39117
40879
41627
42409
43311
46475
47762
50931
52154
52157
52160
52161
58004
58959
60355
65270
65548
68022
69187
69193
71661
79987
80785
90620
95275
97698
104174
115489
117753
117982
133200
161595
163032
171467
185604