id
296
1536
1706
1851
1879
1909
2087
2169
2238
2286
2313
2316
2380
2411
2418
2619
2628
2671
2738
2751
2852
2969
3047
3077
3228
3274
3377
3485
3515
3738
3746
3765
3778
3832
3930
3973
4050
4081
4178
4187
4234
4244
4305
4306
4316
4365
4406
4616
4619
4622
4623
4633
4658
4814
4821
4850
4876
4926
4941
5043
5161
5221
5228
5442
5494
5532
5566
5578
5609
5613
5677
5680
5698
5706
5733
5941
5963
5974
6006
6075
6143
6187
6221
6287
6300
6375
6653
6718
6883
6953
6960
7077
7314
7396
7429
7446
7501
7502
7528
7732
7754
7896
7913
7924
7943
7991
8049
8095
8182
8189
8205
8227
8346
8390
8431
8586
8700
8735
8762
8906
8913
8932
9042
9166
9293
9306
9381
9859
9952
10025
10045
10929
11103
11295
11505
11717
12129
12563
13348
13649
14263
14997
15085
15123
15222
16541
18148
18852
21586
22864
26763
27217
29582
38052
39288
41426
47907
51888
58153
63279
65134
65243
89924
110832
163245
199796