id
8881
11568
12432
12906
13349
14008
14092
14484
14914
15773
15862
16876
17525
17830
17832
18131
19271
19724
20069
20594
21155
22040
22083
22540
22929
22997
23277
24350
24480
24790
25115
25214
25252
25539
25748
25920
27381
27456
27460
28139
28413
30889
31185
31290
31561
32183
33691
34531
34680
35155
36268
37637
39024
39575
39576
39731
40902
41196
41665
41733
41776
42084
42148
42247
42504
42505
42507
42592
42945
43055
45089
45630
46602
46615
48508
48562
49270
49342
50298
50612
50633
53793
54235
55773
55974
56363
56505
60489
61047
61548
61879
62196
62441
62655
63294
63867
64243
64332
65421
68401
68518
68948
69854
71115
72676
72785
75331
75976
76335
76872
78201
78308
78673
78748
80045
83292
83413
83487
84625
85018
85453
86596
90157
90458
90744
93826
93873
94506
94632
95406
95524
97131
98300
99048
100420
102727
102925
103678
103936
104253
104508
111382
113679
115393
116360
117034
117369
118804
120498
121337
123303
123676
123819
124009
126566
126614
126909
129034
130906
131227
133475
134488
134997
136601
136725
137109
137934
140933
141067
143123
144379
144560
144605
145721
146496
146515
147426
149013
149631
151317
151421
152528
152570
153358
153615
154851
154975
155512
156234
156530
156617
157464
158445
159070
159071
159372
163912
164158
167329
168024
169432
170791
171921
172002
173425
173696
175331
175551
175673
178192
178259
178602
179438
182421
182866
183890
185659
186561
186752
187384
187709
188109
189368
190306
191150
192069
192082
192241
194142
196064
199334
200694
202281
202678
207330
207795
207862
208526
210164
211764
212922
212949
214601
214775
215032
219456
219877
220816
224924
226009
227578
232130
233670
233717
237943
240772
241335
241516
242764
243247
243492
243556
244211
244428
244824
246404
246700
246761
248585
250860
254681
256496
260351
261213
262979
263410
264194
265885
266319
268120
269274
271794
272930
273791
274070
277700
280407
285017
285087
286678
288057
288331
288369
288377
289278
290830
292605
294356
294934
298471
299061
304457
305831
306379
311589
316380
316653
316659
317296
320235
320704
321258
321754
322482
322515
330487
331883
332735
333001
340015
340728
341759
342976
342986
343088
343575
343603
350327
350884
351846
353003
362926
364954
366248
366314
369601
376333
377452
384456
390916
393735
396191
398548
408089
420446
421393
425731
428717
438651
2005 XW109
2009 DK58
2009 KJ1
2010 RN107
2010 TS184
2012 JR41
2014 WA423
2015 DZ209