id
9232
10162
10181
10845
11570
11987
12357
13101
13129
13656
13673
14470
14500
14979
15118
15132
15364
15456
15877
16113
16618
17147
18014
18559
18679
18962
19775
20048
20116
20409
20484
20546
20812
21133
21137
21141
21236
21338
21424
21442
21492
21641
21681
21938
22140
22432
22700
22708
23315
23528
23544
23777
24975
25145
25499
25608
25733
25766
25975
26137
26138
26352
26871
27048
27052
27116
27494
27547
27806
28354
28476
28504
28618
28661
29254
29860
30053
30061
30083
30126
30265
30907
30908
31654
31874
31904
31969
32864
32869
32961
33013
33198
33319
33328
33399
33600
33786
34231
34363
34394
34831
34881
35153
35268
36193
36266
36376
36467
36557
36606
36621
36837
36913
37132
37640
38312
38342
38389
38510
38715
38995
39004
39015
39085
39606
39611
40024
40451
40690
40828
40891
41057
41137
41249
41649
41712
41783
41844
42207
42511
42535
42990
43048
43297
43516
43526
43647
43828
43830
43834
43996
45016
45035
45048
45360
45478
45863
46273
46312
46388
46718
47337
47533
47540
47549
47590
47673
47718
48289
48546
48547
48554
49329
50208
50440
50917
51287
52072
52365
52400
52674
53617
53680
54034
54910
54926
55059
55376
55422
55433
55921
56122
56337
57339
57410
57984
58009
58236
58244
58258
58260
58298
58931
59090
59206
59413
60430
61203
61265
61793
61794
62264
62363
62407
62869
62882
63037
63380
63403
64138
64419
65324
65343
65720
65735
66107
66220
66817
67492
67584
67622
68354
68433
68478
68722
69077
69316
69895
70088
70617
70642
70690
71116
71268
71381
71777
71786
72111
72330
72483
73048
73139
73730
73736
75975
76547
77261
77293
78033
79156
79175
79180
79181
79342
79922
80080
80945
80948
81159
81173
81527
81992
82036
82416
82559
82583
82633
83000
83289
83395
83524
84223
84466
84763
85227
85680
86199
86269
86310
86449
86496
86547
86564
86733
86776
86803
87935
88535
89095
89391
90962
91779
92034
92811
93329
93642
93794
94031
94846
94861
95231
95249
95453
95497
95672
95921
96230
96279
96754
98555
98969
99200
99317
99727
99905
100142
100146
100148
100172
101180
101314
101337
101612
102593
102819
104863
104988
105439
105640
107237
107564
109128
109465
109841
111730
111809
112210
112895
112951
113407
113439
115262
115329
115446
115841
116413
116499
116741
117283
117490
117728
118182
118577
118843
119813
120024
120485
120509
120888
121654
122734
123406
123880
124122
124929
125268
126784
126802
127017
128095
128131
128250
128586
128649
128701
128774
129468
129469
129861
132936
133270
133310
133357
134094
134169
134242
134781
134981
135262
135334
135587
136370
136614
138800
139396
139743
140371
141364
141667
142795
143713
144635
146309
146877
147563
149207
149670
150399
150422
150789
150864
150922
150954
151392
152572
154379
154671
155179
155253
155379
155811
156666
157033
157233
157252
158530
158557
158808
160430
161146
161767
161861
163854
163991
164541
164795
165878
167307
168327
168948
169040
169337
169378
169511
169536
169656
169849
169893
170687
171030
171063
171311
172273
172711
174364
174836
175666
177446
177696
177863
177905
178094
178299
179293
179356
181621
182854
183463
184268
184276
184384
185039
185139
185197
185211
185241
185517
185544
185737
186951
187702
187766
188230
188519
188537
188894
188950
188997
189218
189670
190087
190485
191959
192506
192558
192571
193273
196189
196359
196583
197762
198044
199316
199920
200089
201435
203560
204531
206185
206891
207615
208521
209145
209238
209524
209837
210139
210321
210457
210458
211057
211071
211297
211809
212165
212377
212651
213265
214914
215005
215750
215781
216181
217802
218532
218729
220674
221285
222387
222505
222517
228876
229280
229297
230673
231615
231669
231703
232943
233858
234248
235229
235380
235450
235666
235814
236562
236701
237257
237326
237716
239087
239115
241379
242552
242779
243370
243434
244413
245161
245281
246647
248014
248059
249490
250080
250937
252829
256091
256134
256262
256488
257165
260888
262203
263157
263631
265141
267318
267814
268071
268368
268628
270057
270451
270940
271097
273652
273845
273978
274406
275977
276116
276686
278796
279468
280980
281837
282211
283696
284380
285032
285969
287612
288573
288968
289091
290854
292181
293061
293062
294025
296165
296293
297857
298132
299463
299948
300705
301763
302097
303513
305366
305599
305634
305711
307542
307579
307737
311562
311577
311627
312216
312538
313966
314490
314504
315114
315578
316602
317061
318652
319788
319842
321169
321439
321558
322055
322217
322369
324699
326469
328197
328257
328797
329687
333182
333847
335481
335582
335663
336465
338134
339883
342848
345894
345976
347246
349091
350433
353049
353492
353683
355100
355363
355510
356079
357266
359743
360916
366230
369872
369933
370184
370533
373323
375159
375204
381991
382535
383987
384197
384243
384980
388200
388350
390235
393141
393181
396429
398521
399092
399746
400062
401468
401499
402603
404456
407442
408481
409688
409931
411793
411929
414879
421129
421271
422834
426299
435619
438522
438942
2004 TG226
2004 TG226
2005 VF133
2007 BO46
2007 HM78
2007 RP234
2008 DK86
2008 EV109
2009 BS31
2009 EL23
2009 SH35
2009 WQ219
2010 RA38
2010 UN101
2010 VR70
2011 JE9
2012 TG37
2013 AS7
2013 BA81
2013 EH127
2013 QG89
2013 TY107
2013 YT68
2013 YS94
2013 YV95
2013 YM129
2014 DS15
2014 EA48
2014 FQ39
2014 FT63
2015 FJ309