id
27814
45164
62047
87169
90386
100433
101487
103072
105674
107673
109058
123412
124165
125072
126338
127217
135910
142785
143081
151872
155329
168414
169688
170405
172284
173200
178833
179289
181687
182103
187829
188258
189022
189500
190580
191233
192194
192609
197710
216529
219357
223145
223877
231947
232489
232917
234123
242356
244904
246469
247612
247785
253366
253898
254172
265029
267355
270850
271107
274052
274536
275751
283360
283378
284895
288471
289022
306776
307009
307471
308283
311498
319124
328460
331777
333966
348062
354130
354230
380322
382191
387545
415941
424826
427493
2000 DW98
2001 YG81
2002 QE46
2004 VC54
2005 EP280
2005 GF141
2005 XG92
2006 RT3
2006 SU367
2009 OX19
2010 LD33
2010 NH98
2011 CY29
2011 UF47
2012 TC2
2012 VB77
2013 PU52
2013 TB4
2014 KR59
2014 RP
2014 SK141
2015 MM78
2003 UX43
2007 RH239
2010 DY5
2010 HV22
2010 KE12
2010 TQ153
2011 WZ6
2013 CB10
2015 HC71