id
10149
10379
10574
16014
16222
16909
19280
20091
22389
22485
23006
23569
24162
25040
25173
25456
27171
27985
28526
28775
29507
30407
31238
31375
34299
35211
35213
37357
37947
38258
38269
43459
44560
44845
46162
46167
46723
50832
50898
51578
51844
54508
55279
55447
57572
57732
57805
58021
60000
60126
61476
61656
61867
61901
62157
63200
64900
65905
68444
68475
69370
72510
72619
72799
73226
73433
74685
76416
76586
77768
78433
78650
82782
83319
83532
83560
83620
84464
84721
84858
88119
89154
89197
91771
91993
93150
93211
94502
94590
95221
95367
95502
95506
97010
98919
100264
100405
104602
110286
111235
111362
114592
114606
115292
115732
115843
117451
117458
117749
119361
121121
125606
125982
129087
131321
131980
133569
134761
136171
136198
136950
137071
139900
145729
150312
150509
151384
151440
151938
152036
152137
152380
152403
153903
154613
155059
156611
159188
162885
162892
164078
164371
165583
167603
169169
170775
175343
178178
179146
179240
179314
181720
183490
184209
184270
184856
185078
187189
187234
188003
188844
192061
192407
198381
198561
204501
206592
207210
207978
211077
211300
212854
214439
214992
216868
219211
219256
221114
221765
226182
227411
227521
227932
228707
231372
231884
232958
233361
234807
235268
238795
239331
239465
239538
242671
242997
243221
243537
244559
246380
247823
249229
249377
251534
254907
255897
256913
256962
257032
257134
259330
260980
261527
266076
267526
270792
273040
275391
276291
278172
278693
288315
288640
290259
290462
291686
291779
292128
294669
295641
295920
297247
299366
300394
301317
303836
303883
305155
309978
311701
316821
318941
320779
322458
325747
327237
328261
329014
329166
333255
334609
334615
341790
346844
349478
355519
359471
366195
368349
368986
373396
379943
380115
381542
383616
383750
386493
387235
388873
399302
402336
404295
404445
407676
411821
415253
417077
423058
430265
433872
435075
2006 WZ135
2013 EY26
2013 GW8
2013 GT69
2014 MM57
2014 WS160
2015 BH443