id
106
176
199
325
545
942
1687
1691
1765
2046
2250
2296
2461
2517
2549
2550
2655
2721
2749
3010
3213
3292
3543
3717
3785
3899
3981
4013
4071
4073
4178
4192
4234
4244
4266
4405
4463
4474
4571
4592
4633
4741
4746
4751
4758
4759
4941
5071
5223
5375
5696
5715
5733
5770
5883
6062
6288
6362
6378
6613
6890
7038
7077
7131
7217
7226
7270
7461
7511
7522
7892
7909
7969
8027
8076
8161
8319
8337
8339
8374
8410
8415
8463
8585
8795
8803
8814
8998
9057
9166
9195
9309
9457
9558
9991
10121
10122
10264
10377
10625
10663
11004
11205
11247
11340
11352
11479
11588
11825
11844
11973
12114
13039
13534
13622
13647
13796
13838
13964
14099
14107
14206
14360
14389
14716
14887
15064
15125
15258
15572
15593
15601
15655
15657
15811
15878
15931
16134
16156
16316
16449
16515
16711
16715
16717
16794
16842
16923
16945
17150
17308
17573
17625
17968
18011
18214
18309
18880
18895
19482
19601
19622
19690
20327
20661
21256
21349
21896
22129
22435
22500
22938
23078
23105
23115
23441
23579
23933
24194
24346
24429
24715
24749
24818
24958
25292
25443
25582
25681
25823
25824
25932
26633
26740
26831
26921
26998
27114
27223
27499
27598
27743
27803
27989
27996
28373
28393
28619
28757
28835
28915
29190
29356
29405
29414
29588
29843
30247
30456
30491
30494
30545
30659
30670
30672
30866
30955
30989
31084
31322
31539
31713
32123
32238
32447
32524
32741
32930
32949
32950
33255
33743
33766
34125
34260
34265
34500
34727
34730
34783
34914
34929
34938
34957
35177
35183
35216
35252
35325
35614
36065
36086
36187
36200
36215
36338
36542
36726
36818
36878
36939
37027
37060
37699
38033
38262
38364
38378
38409
38456
38512
38551
38560
38583
38872
39094
39444
39449
39450
40136
40147
40219
40233
40718
41174
41286
41408
42250
42297
42519
42727
43231
43252
43488
43592
43722
44625
45255
45523
45673
46149
46246
46299
46671
46675
46742
47040
47095
47103
47131
47613
47644
47732
47827
47904
48206
48410
48445
48480
48524
48711
48716
49644
49648
50462
50584
50628
51140
51329
51729
51786
52003
52167
52262
52326
52692
52721
54349
54478
54750
54806
54843
54872
55071
55205
55622
55690
55949
56871
56939
56992
57536
57708
57716
57763
57821
57847
57933
58105
58226
58248
58267
58418
58543
58547
58552
58912
59160
59275
59809
59939
60038
60136
60137
60186
60202
60314
60682
61567
61634
62053
62193
62359
62717
62925
63141
63334
63542
63594
63721
63807
63810
64438
64977
65161
65280
65311
65701
65795
66116
66128
66138
66157
67177
67190
67199
67214
67216
67231
68285
68696
68802
68953
69190
69197
70033
71229
71449
71466
71552
71574
71577
71681
71691
71726
71766
72507
72513
72606
72651
72830
72887
73289
73361
73442
73483
73492
73506
73947
74439
76601
77652
77682
77724
77750
77855
77956
78150
78250
78301
78346
78363
78562
78632
78707
78797
78802
78818
78912
78965
79346
79491
79508
81575
81949
81973
82010
82019
82057
82554
82590
82608
82624
82949
83007
83122
83195
83232
83297
83425
83676
83677
83716
83826
83879
84420
84685
85283
85361
85654
86155
86166
86235
86236
86248
86286
86290
86305
86328
86341
86348
87419
88233
88238
89742
89931
90192
90263
90366
90544
90563
90661
90664
91185
91721
91892
91915
91944
92090
92117
92124
92188
92236
92279
94107
94187
95277
95298
95563
95602
95930
95946
95955
95966
96597
97345
97489
97617
97729
99272
99289
99295
99848
99879
99969
100048
100122
100340
100874
101784
101846
101908
101927
101929
102082
102094
102323
102748
103480
103640
104473
104921
104950
104979
104996
105043
105182
105395
105504
105698
105725
105789
105799
105995
106182
106499
106506
106703
106718
106818
106831
106874
106909
107030
108570
109502
109641
109876
109996
110194
110220
110310
110416
110672
111307
111593
111701
113037
113047
113117
113144
113182
113231
113276
113398
113761
113809
113817
114016
114173
114278
114387
114466
114572
114681
114825
114881
114891
114895
114980
115023
115087
115416
115673
116087
116098
116324
116566
116612
116881
116916
117027
117112
117203
117338
117572
117620
117653
117790
118093
118410
118430
118450
118915
119002
119015
120143
120151
120173
120908
121068
121419
121598
121716
121738
121744
121765
121769
121786
123603
123699
123955
123964
124072
124093
124095
124103
124106
126741
127209
127323
127337
128097
128140
128189
128223
128425
128448
128604
128794
128906
128961
129146
130175
130316
130374
130384
130393
131366
131424
132808
132832
132941
133184
133417
133858
134854
134871
134885
135317
135336
135381
135410
135418
135444
135450
135523
136502
136747
138523
138551
138575
138629
138640
138718
138777
138831
138832
138839
138904
139385
140270
140760
140800
140926
140966
141000
141048
141058
141095
141149
141180
141240
141379
141419
141467
141789
143461
143546
143578
143592
144161
144213
144273
144355
144613
144648
144730
144803
144855
144878
145181
145354
145631
145652
145696
145875
146199
146207
146219
146266
146760
146915
146948
147817
148108
148142
148167
148183
148396
148418
148425
148441
148451
148806
149668
150294
150310
150328
150624
150630
150643
151452
151474
151491
152050
152232
152428
152483
152616
152692
152709
152804
152805
152831
152876
153259
153296
153299
154248
154611
154618
154623
154832
154967
155272
155296
155387
156679
156692
156704
157066
157067
157068
157187
157432
157736
158133
158137
158592
158744
158768
158816
158820
158995
159082
159097
159305
159689
159703
160280
160308
160883
161217
161221
161680
162915
162917
162953
162983
162997
162999
163006
163626
164205
164481
164529
164559
164577
164648
165122
165676
165754
165764
165796
165805
165858
165936
165940
166780
166802
166857
166909
166912
168370
168466
168724
169150
169195
169274
169323
169325
169368
169375
169403
169976
170799
171116
171987
172074
172409
172412
172418
173023
173131
173464
173468
173992
174021
174027
174058
174483
174500
175328
175496
175529
175609
175621
175807
176011
176033
176041
176495
176519
176520
176565
176581
176583
176602
177000
177624
178032
178115
178204
178519
178528
178748
178760
178764
179467
179477
179483
179533
179575
180143
180176
180182
180728
180765
180787
180790
181572
181637
181697
182201
182619
182851
183514
183533
183561
184182
184233
184677
184788
185224
185235
185496
185653
185660
185689
185767
185778
186382
186383
186979
187847
187915
188156
188183
188557
189147
189885
189893
189917
190093
190245
191185
191200
191228
191418
191562
192982
193110
194010
195716
195881
195902
195927
196027
196030
196033
196042
196046
196056
196121
196138
196144
196761
196768
196938
196986
197064
197078
197255
197261
197294
197308
197367
197481
197511
198598
198840
199567
199935
200585
200613
201361
201415
201421
201637
201868
201901
202645
202719
202764
203296
203789
203822
203829
203857
203874
203886
204210
204804
204876
205492
205497
205542
206258
206267
206287
206681
206842
206892
207701
207962
207993
208216
209019
209499
209501
210119
210489
210507
210666
210952
210976
211010
211461
212319
212691
212885
212903
212931
212999
213191
213427
213794
213802
213809
214402
214492
214566
214646
214846
214887
215088
215565
215968
215994
216002
216195
216396
216698
217379
217382
217588
218084
218293
218516
218538
218614
218903
219130
220846
220868
220888
220890
221362
221479
221483
222066
222223
223340
223347
223380
223399
223462
223464
223469
223940
223968
223975
225204
226436
226455
226473
226487
226499
226513
226529
226542
226545
226549
226567
226569
226576
226854
227046
228965
228980
229024
229634
229661
230678
230710
230752
230783
230800
230894
231721
231735
231828
231988
232002
232316
232317
232663
232701
232717
232751
233002
233060
233071
233880
234357
234384
234958
235461
235500
235523
235572
236694
236787
236957
237235
237294
237297
237532
237620
237670
238415
239233
239377
239514
239720
239742
239965
239978
240064
240462
240696
241062
241079
241082
241439
241648
241783
241864
241988
242174
242297
242381
242440
243066
243067
243149
243186
243279
243350
243469
243471
243669
243755
243812
244184
244481
244596
244654
245339
245340
246001
246010
246049
246389
246597
246844
246906
246908
247031
247048
247331
248095
248315
248442
248492
248535
249217
249232
249339
249434
249438
249469
249544
249668
250079
250533
250814
250852
250877
250913
250916
251333
251636
251640
251896
251957
251958
252168
253910
254133
254136
254163
254177
254187
254287
254305
254335
254340
254381
254387
254412
255010
255452
255469
255502
256534
256561
257739
258485
258528
258548
259394
259417
260204
260219
260284
260294
260350
261164
261375
261492
261533
261790
262885
263682
263798
263993
264006
264023
264352
264790
264862
265079
265104
265131
265149
265475
265799
265915
265999
266004
266708
266924
267549
267817
267869
267946
268183
268728
268739
269284
269343
269766
269901
270131
270567
270654
270672
270712
270716
270737
270769
270801
270961
271330
271340
272038
272050
272058
272645
273105
273890
274063
274225
274249
274253
274296
274313
274706
274717
274845
275393
275428
275829
275832
275893
276180
276312
276346
276613
276693
277087
278413
278955
279360
279456
279494
280177
280710
281059
281331
281360
281746
282183
282838
283022
283144
283282
283744
284270
284367
284382
284902
284926
285021
285260
285261
285402
286417
287269
287394
287432
287495
287556
288081
288371
288450
288595
288808
288981
289145
289159
289245
289645
289875
289922
290082
290102
290302
290388
290632
290902
290928
291061
291152
291381
291414
291484
291773
291803
292532
292533
292575
292596
292667
292811
292814
292955
293027
293300
293444
293473
293514
293629
294207
294594
294658
294813
295114
295136
295302
295577
295732
296502
296515
296532
296623
296896
297088
297140
297509
297743
297940
298316
298317
298738
299297
299302
299305
299329
299330
299334
299336
299359
299834
300074
300090
300120
300150
300157
300232
300882
300989
301290
301338
301519
301542
302417
302482
302838
303754
303797
303838
303901
303929
304754
306198
306204
308411
308421
309163
309174
309190
309982
311155
311377
311482
311496
311540
311966
312429
312659
312720
313149
313373
313979
314001
314036
314594
315110
315150
315165
315181
315929
316097
316208
316230
316555
316741
316809
316828
316948
316980
317390
317405
317687
318249
318288
318332
319077
319279
319341
319675
319831
320470
321090
321428
321551
321626
321684
321775
321776
321859
321930
321945
322035
322404
322513
322703
322706
323637
324226
324274
324312
324808
325446
325519
325583
325680
325990
326192
326643
326754
326780
326797
326815
326841
326908
327607
328395
328413
328436
328438
328669
328870
329117
329462
329548
330224
330225
330812
330817
330821
331068
331233
331747
331748
332415
332765
332825
332829
333202
333711
333787
333815
334070
334101
334171
334235
334281
334299
334339
334425
335189
335216
335654
335860
335862
335904
335930
335952
336032
336041
336543
336751
337036
337042
337776
337862
337899
337928
338896
339533
340578
340619
340639
340654
340690
340713
340758
340779
340803
340805
341282
341821
342615
344314
344404
345070
345080
345584
345593
345613
345631
345642
345669
346121
346232
346256
346872
347144
347335
347484
347748
347790
348418
348458
348878
348948
348977
349042
349045
349169
349349
349966
350011
350112
350539
350764
350773
350826
350841
351224
351230
351481
351488
351534
352108
352410
352421
352485
352602
352643
353449
353542
353881
354199
354359
354717
354761
354807
355220
355614
356230
356830
356942
357200
357221
357582
357829
357919
358371
358421
358422
358437
359936
359992
360000
360233
360370
360519
360741
360934
360971
360999
361031
361452
361488
361531
362285
362293
362809
362954
363057
363425
363461
363462
363463
363480
363540
363641
364050
365027
365262
365641
365666
365732
365895
365912
365980
366123
366365
366490
366532
366718
366845
367405
367441
367442
367671
367792
368003
368112
368382
368395
368555
369012
369160
369166
369191
369243
369477
369834
369940
370076
370450
371805
372197
372280
372287
372289
372320
373511
373521
373805
373817
374649
375056
375067
375086
375090
375091
375093
375098
375100
375568
376063
376216
376500
376555
376708
376841
376843
376854
376860
377278
377280
377286
377484
378387
378401
378428
378473
378484
378521
379115
379477
379739
380222
380227
380695
381222
381253
381267
381279
381656
381665
381700
382105
382106
382389
382729
382736
383002
383394
383400
383403
383688
383690
383752
383809
384218
384817
384825
384929
384948
384950
385498
385518
385962
386248
386544
386586
386608
386972
387185
387198
387213
387604
388020
388303
388309
388377
388398
388796
388834
389782
390051
390558
390841
390857
391028
391368
391654
392157
392444
392640
392646
392885
393068
393136
393198
393650
393664
393972
394062
394761
394790
395220
395276
395431
395988
396045
396166
396179
396322
396490
396840
397489
397747
397750
397771
397800
398105
398106
398213
398302
398449
398458
398627
398872
398927
398997
399020
399025
399029
399049
399085
399463
399578
399720
399912
400205
400502
400708
400710
401642
401961
402035
402038
402051
402054
402061
402201
402444
402797
403399
403514
403743
404538
405135
405261
405306
405332
405804
405841
406314
406786
407061
407182
407239
407250
407618
407639
407645
407881
408085
408091
408444
408541
408745
408975
408978
409046
409182
409221
410164
410625
410669
411141
411158
411495
411853
412005
412760
412813
412839
412854
413330
413341
414341
414735
416203
416219
416505
417980
418005
418548
418554
418564
418601
418667
418753
418794
418803
418816
418907
419257
420624
420659
420698
421599
421844
422401
422519
422939
423092
423833
424219
424231
424255
424359
424811
424840
424899
424933
424948
424958
425488
425521
426029
426750
426791
426851
426925
426938
427288
428100
428101
428388
428788
428902
428936
428960
429018
429039
429067
429259
429315
429742
429843
430163
430244
430360
430412
430492
430619
431192
431211
431230
431530
431531
431566
431601
431622
432078
432097
432099
432125
432127
432128
432513
432523
432548
433067
433140
433251
433812
434433
434516
434571
434872
434994
435983
436025
436254
436338
436699
436733
437043
437210
437264
437679
437911
438055
438259
438268
438290
438419
438878
438980
438985
439423
439475
439718
439730
1995 TJ3
1997 MQ
2001 SW93
2001 SZ304
2001 YN138
2002 AN44
2002 EQ53
2002 ED90
2002 PG51
2002 PN191
2002 PU194
2002 QO70
2002 QP87
2002 QR127
2002 RR103
2002 RZ245
2002 ST73
2002 TL80
2002 TE230
2002 TU324
2002 UG16
2002 XN15
2003 BM33
2003 BJ36
2003 HA53
2003 RF6
2003 SL379
2003 SJ239
2003 SE340
2003 SR352
2003 UW91
2003 UK391
2003 UP190
2003 US318
2003 WX17
2003 YE172
2004 BY141
2004 EL27
2004 JH56
2004 KK10
2004 PE84
2004 RW212
2004 RE260
2004 RY271
2004 TU24
2004 TM95
2004 TZ193
2004 TN213
2004 TC298
2004 TO337
2004 TH370
2004 TJ370
2004 TZ193
2004 TB202
2004 TN213
2004 TJ293
2004 TC298
2004 TK339
2004 VE15
2004 VL56
2005 CK9
2005 CG32
2005 EY67
2005 HR7
2005 JV45
2005 JP99
2005 NO9
2005 QS189
2005 SK43
2005 SX78
2005 SR131
2005 SJ169
2005 SO239
2005 TS126
2005 TO160
2005 TK161
2005 UT86
2005 UC170
2005 UV123
2005 UA152
2005 UY155
2005 UC170
2005 UM187
2005 UN461
2005 UY202
2005 UD203
2005 UJ299
2005 VM34
2005 VN89
2005 WL30
2005 WM68
2005 WV77
2005 WM135
2005 WD140
2005 WO151
2005 WM153
2005 XG34
2005 XB78
2005 YJ62
2005 YG190
2005 YU190
2005 YC218
2005 YK219
2006 AG17
2006 AO18
2006 BZ209
2006 DN172
2006 ES48
2006 HZ27
2006 HG48
2006 HL54
2006 HK75
2006 KR96
2006 QS6
2006 QN40
2006 QO87
2006 QQ131
2006 QZ184
2006 SD65
2006 SB70
2006 SB412
2006 SJ204
2006 SZ238
2006 SO328
2006 SV341
2006 TU16
2006 TW32
2006 TC67
2006 TG105
2006 TL124
2006 UX36
2006 UZ99
2006 UR119
2006 UY130
2006 UY132
2006 US197
2006 UC198
2006 UC278
2006 US283
2006 UC290
2006 UY322
2006 US330
2006 UV337
2006 VA66
2006 VJ98
2006 VH173
2006 WV35
2006 WB42
2006 WX59
2006 WT200
2006 XP51
2006 XP71
2006 YU18
2006 YN20
2007 AX6
2007 AV30
2007 BX69
2007 CT53
2007 EL80
2007 ER218
2007 FG32
2007 LK32
2007 RP57
2007 RT160
2007 RB302
2007 RU318
2007 TY63
2007 TG81
2007 TY101
2007 TM427
2007 TN178
2007 TE204
2007 TF292
2007 TT292
2007 UE17
2007 UF92
2007 UX119
2007 VL158
2007 VC204
2007 VA328
2007 XL27
2007 YL5
2007 YR45
2007 YX73
2008 AJ49
2008 AN117
2008 BC47
2008 CL17
2008 CN72
2008 CU194
2008 EK83
2008 EM122
2008 EX123
2008 FA27
2008 FS85
2008 FD97
2008 FV137
2008 GQ30
2008 HK51
2008 JD3
2008 JJ24
2008 JS28
2008 KB5
2008 KV32
2008 RZ83
2008 RM110
2008 RJ122
2008 SO181
2008 SL183
2008 SU206
2008 SE257
2008 SC301
2008 SY307
2008 TN48
2008 TM54
2008 TN101
2008 TR112
2008 TB137
2008 TZ156
2008 TM164
2008 TU177
2008 UP73
2008 UQ102
2008 UX113
2008 UN292
2008 UP306
2008 UE357
2008 VQ24
2008 VE78
2008 WS16
2008 WT64
2008 WE122
2008 XH44
2008 XP48
2008 YE66
2008 YF68
2008 YU121
2008 YD127
2008 YD148
2009 AN8
2009 AE32
2009 BR57
2009 BW66
2009 CE33
2009 CX51
2009 DR13
2009 DN73
2009 EY24
2009 FN57
2009 HS18
2009 OM5
2009 ON22
2009 PD9
2009 RK5
2009 SF47
2009 SH101
2009 SJ208
2009 SK269
2009 SD286
2009 SX291
2009 TB10
2009 UY25
2009 UA38
2009 UX54
2009 UT106
2009 UR112
2009 UT119
2009 UB135
2009 VT77
2009 WX59
2009 WF133
2009 XH23
2009 YF19
2010 AP96
2010 AL128
2010 BN25
2010 BY70
2010 BY87
2010 BF123
2010 BZ127
2010 CE
2010 CG128
2010 CK131
2010 CW145
2010 CO166
2010 DQ1
2010 DT41
2010 DD70
2010 EN12
2010 EQ121
2010 EM137
2010 FU30
2010 FU57
2010 FG90
2010 GM33
2010 HD57
2010 JU3
2010 JZ22
2010 KU13
2010 KL115
2010 KP128
2010 LP86
2010 LA109
2010 MX36
2010 MK92
2010 NH45
2010 NE86
2010 NV102
2010 OE2
2010 OH15
2010 OG40
2010 OJ91
2010 OM107
2010 OT109
2010 PG59
2010 RD47
2010 RV110
2010 RG112
2010 RL132
2010 RA141
2010 SN25
2010 SN26
2010 SK33
2010 TB47
2010 TR138
2010 UR65
2010 UQ82
2010 UR86
2010 UJ88
2010 VF204
2010 WY61
2010 XJ30
2011 AN11
2011 AR14
2011 AF62
2011 BE19
2011 BA25
2011 BF44
2011 BS50
2011 DY50
2011 EK19
2011 EM78
2011 EW83
2011 FB84
2011 GJ11
2011 GF23
2011 GO78
2011 JP14
2011 OR41
2011 OL55
2011 QT8
2011 QN35
2011 QU74
2011 QE97
2011 RK7
2011 RM10
2011 RM18
2011 SN84
2011 SS173
2011 SC224
2011 SV225
2011 SB274
2011 TC6
2011 UX1
2011 UB108
2011 UO407
2011 UM183
2011 UO191
2011 UB193
2011 WH7
2011 WV39
2011 WP49
2011 WF83
2011 YJ3
2011 YR7
2011 YW64
2012 BS68
2012 BU72
2012 BK76
2012 BX86
2012 BF89
2012 BZ89
2012 BO104
2012 BA106
2012 BH106
2012 BW151
2012 CS14
2012 CT24
2012 CK29
2012 CS42
2012 CZ42
2012 DK5
2012 DA45
2012 DW63
2012 DG73
2012 DQ78
2012 EO15
2012 FF74
2012 GG19
2012 GB21
2012 GN28
2012 HG9
2012 HO28
2012 HS41
2012 HX81
2012 PH18
2012 PA43
2012 SH22
2012 SV26
2012 SB63
2012 TL81
2012 TB115
2012 TC158
2012 TQ189
2012 TT212
2012 TU273
2012 TG282
2012 TD305
2012 UB36
2012 UY49
2012 UN78
2012 UW119
2012 UE154
2012 VC51
2012 VQ109
2012 WX33
2012 XL30
2012 XL46
2012 XK72
2012 XU83
2012 XO84
2012 XV94
2012 XA111
2012 XJ153
2013 AF9
2013 AH17
2013 BN22
2013 BF32
2013 BL62
2013 CG
2013 CX20
2013 CT41
2013 CJ51
2013 CA102
2013 CT129
2013 CX179
2013 CH217
2013 DO8
2013 EQ13
2013 GS13
2013 GE17
2013 GM90
2013 GH99
2013 GV112
2013 HE5
2013 HF10
2013 HE21
2013 HE35
2013 JR21
2013 JN23
2013 JD33
2013 JQ36
2013 JO48
2013 JW50
2013 JJ51
2013 JD58
2013 LK17
2013 MH1
2013 PE1
2013 PS22
2013 PN35
2013 PM47
2013 QV34
2013 QO35
2013 QX54
2013 RQ29
2013 RU46
2013 RG68
2013 RP81
2013 SL21
2013 SH23
2013 SG65
2013 SZ83
2013 TL39
2013 TK123
2013 UW13
2013 WL86
2013 WB108
2013 YS95
2014 AR47
2014 BZ17
2014 DV35
2014 DD43
2014 DE100
2014 EY34
2014 FQ2
2014 FN46
2014 GH53
2014 HT11
2014 HB38
2014 HP95
2014 HS134
2014 HX150
2014 HM154
2014 HQ188
2014 JH12
2014 JB29
2014 JE79
2014 KY1
2014 KV71
2014 LD23
2014 ME13
2014 MZ13
2014 MG21
2014 MG26
2014 MM28
2014 MV37
2014 MD44
2014 NC2
2014 NY27
2014 NO60
2014 OH20
2014 OB23
2014 OM39
2014 OV100
2014 OC101
2014 OK104
2014 OR367
2014 OZ172
2014 OM226
2014 OX228
2014 OR229
2014 OH301
2014 PS14
2014 PV24
2014 PD50
2014 PU55
2014 QM26
2014 QL117
2014 QB393
2014 QL410
2014 QZ417
2014 QJ230
2014 QH238
2014 QF253
2014 QN262
2014 QT285
2014 QH349
2014 SW88
2014 SA207
2014 SY235
2014 SG285
2014 SO305
2014 SH348
2014 TA7
2014 TC62
2014 TZ79
2014 UY18
2014 UT46
2014 UA48
2014 UE54
2014 UQ176
2014 UM179
2014 UM190
2014 US209
2014 VW10
2014 VU12
2014 WV35
2014 WV53
2014 WG65
2014 WW65
2014 WH127
2014 WS390
2014 WK397
2014 WQ407
2014 WD326
2014 YC32
2015 AT30
2015 AG179
2015 BZ31
2015 BZ446
2015 BO271
2015 CN20
2015 CE28
2015 CY39
2015 CH58
2015 DY5
2015 DC130
2015 DV193
2015 DN207
2015 EC19
2015 EL30
2015 FA68
2015 FZ174
2015 FO220
2015 FR322
2015 HE56
2015 HL63
2015 HS154
2015 HD156
2015 HV165
2015 HT176
2015 KA36
2015 KK96
2015 LA20
2015 LO23
2015 LG31
2015 MX9
2015 MY60
2015 MG93
2015 NX3
1995 GV1
1995 SY10
1995 SO88
1995 TW4
1996 RS6
1997 UR14
1999 TR298
1999 YH2
2000 HV60
2001 FJ201
2001 FK209
2001 FF228
2001 KU72
2001 SD306
2001 SU306
2001 WD77
2001 XN253
2001 YH147
2002 PL34
2002 PY185
2002 QA28
2002 QV100
2002 RA131
2002 TJ315
2003 BZ90
2003 SP53
2003 SN401
2003 SA410
2003 SJ416
2003 SU340
2003 UC344
2003 WQ175
2004 HG37
2004 RQ239
2004 TC164
2004 TO337
2004 VN15
2004 VV43
2004 XF14
2004 XU100
2004 XK112
2005 CT46
2005 GN66
2005 NT40
2005 QO12
2005 QP67
2005 SC116
2005 SP240
2005 SC245
2005 SB282
2005 UE76
2005 UJ125
2005 UL399
2005 UN168
2005 US176
2005 UA188
2005 UC248
2005 UA276
2005 UC301
2005 UU339
2005 VJ70
2005 VQ91
2005 WJ170
2005 YP28
2005 YR67
2006 AF36
2006 BV48
2006 BJ279
2006 CO4
2006 CV15
2006 DE68
2006 DB75
2006 DZ89
2006 EZ7
2006 EP47
2006 FP9
2006 GJ54
2006 HP123
2006 JJ41
2006 JD51
2006 KU15
2006 KG17
2006 KX33
2006 RX53
2006 SO105
2006 SO186
2006 SJ344
2006 TP23
2006 TC122
2006 UT47
2006 US56
2006 UG152
2006 US168
2006 UA197
2006 UV268
2006 VP5
2006 VX75
2006 WG9
2006 XQ32
2006 XC50
2007 EU123
2007 EY204
2007 FA34
2007 GQ66
2007 GM77
2007 MA5
2007 RQ25
2007 RL54
2007 RQ261
2007 TS423
2007 TF168
2007 TW432
2007 TG246
2007 TS311
2007 UW27
2007 UD55
2007 UU69
2007 UC89
2007 UU138
2007 VU153
2007 VX260
2007 VZ308
2007 XD25
2008 BE28
2008 BB50
2008 BU51
2008 DP2
2008 DQ35
2008 GU77
2008 GE83
2008 HM7
2008 HN11
2008 HK15
2008 JS12
2008 KO24
2008 OU15
2008 RJ57
2008 SL49
2008 SR51
2008 SQ94
2008 SP115
2008 SE217
2008 SR305
2008 TW30
2008 TW126
2008 TR131
2008 TG154
2008 UM32
2008 VC25
2008 WV40
2008 WY51
2008 WF78
2008 WP104
2008 WK141
2008 XZ20
2008 YW78
2009 BD55
2009 BZ66
2009 BN180
2009 CY60
2009 DX30
2009 FL4
2009 FQ74
2009 HD88
2009 HS104
2009 JT4
2009 PN1
2009 QR31
2009 RR4
2009 RJ40
2009 RB53
2009 SM128
2009 SJ188
2009 SN250
2009 SN254
2009 TA10
2009 UZ58
2009 US125
2009 UR150
2009 VW4
2009 VD17
2009 VK63
2009 VH70
2009 WP179
2010 AJ19
2010 AB82
2010 AK83
2010 AZ123
2010 BM51
2010 BW69
2010 BD79
2010 BF94
2010 CC23
2010 CZ25
2010 CU138
2010 CT237
2010 DK14
2010 DR57
2010 HM8
2010 HH44
2010 HV53
2010 HC55
2010 HZ111
2010 JF107
2010 JG117
2010 KT14
2010 KG44
2010 KW84
2010 KY84
2010 KS112
2010 LG9
2010 LY37
2010 LU51
2010 LY78
2010 MC31
2010 MX40
2010 MB45
2010 MR77
2010 MA87
2010 NX74
2010 NK77
2010 OX31
2010 OZ31
2010 ON104
2010 TC39
2010 TK74
2010 TE109
2010 TQ189
2010 UR97
2010 UM98
2010 VP1
2010 VY3
2010 VA141
2010 WO5
2010 WB68
2010 YY
2011 AG30
2011 AR61
2011 AK66
2011 BT1
2011 BC4
2011 BR6
2011 BL8
2011 BH31
2011 BH33
2011 BP46
2011 BH62
2011 BX65
2011 BS118
2011 CG51
2011 CB83
2011 DZ39
2011 DE48
2011 FZ21
2011 FC64
2011 FC71
2011 FB75
2011 FD88
2011 FP133
2011 FQ155
2011 GJ36
2011 HZ54
2011 HB72
2011 JQ1
2011 KJ26
2011 KJ36
2011 NS2
2011 RN18
2011 SA99
2011 SV136
2011 SC148
2011 SL229
2011 UW15
2011 US33
2011 UP43
2011 UO368
2011 UL124
2011 UT145
2011 UU242
2011 WV31
2011 WD50
2011 WJ104
2011 WP111
2011 XM3
2012 BR53
2012 BE133
2012 CW29
2012 CN33
2012 CZ35
2012 FD17
2012 FX29
2012 FO31
2012 FV58
2012 FN65
2012 GC15
2012 GP18
2012 HA6
2012 HR29
2012 HG50
2012 HT68
2012 KR19
2012 LJ21
2012 MT4
2012 QJ43
2012 SC14
2012 TO1
2012 TD22
2012 TZ167
2012 TU174
2012 TP192
2012 TO218
2012 TO262
2012 TW281
2012 TO287
2012 UC37
2012 UC41
2012 UX48
2012 UC49
2012 UB50
2012 UR79
2012 UT175
2012 VK8
2012 VQ104
2012 XN51
2012 XW60
2012 XJ84
2012 XJ92
2012 XH137
2012 XX139
2013 AY6
2013 AQ42
2013 AY74
2013 AS87
2013 AT90
2013 AD143
2013 AZ143
2013 AF145
2013 AG148
2013 AM148
2013 AR153
2013 AV153
2013 AK162
2013 AM163
2013 AO164
2013 AV175
2013 AK177
2013 AL181
2013 BB24
2013 BY35
2013 BF61
2013 CM64
2013 CC175
2013 CG197
2013 EJ69
2013 EX79
2013 EM114
2013 EP118
2013 FO7
2013 GL1
2013 GD14
2013 GF58
2013 HQ19
2013 HQ32
2013 HO33
2013 HX44
2013 HJ51
2013 HR110
2013 HA145
2013 JD52
2013 LL17
2013 PR7
2013 PC41
2013 QS44
2013 QK50
2013 QU66
2013 RH48
2013 RC69
2013 SX34
2013 SX42
2013 SV73
2013 TK16
2013 TY76
2013 TG88
2013 TJ103
2013 UO13
2013 WX15
2013 WO73
2013 WT87
2013 YJ82
2013 YC105
2014 AD51
2014 BM26
2014 BR38
2014 DL24
2014 DR88
2014 DP128
2014 EY5
2014 EG23
2014 GJ16
2014 HU60
2014 HA108
2014 HP172
2014 JB61
2014 KY12
2014 KT55
2014 KE89
2014 OX47
2014 OL55
2014 OP360
2014 OW107
2014 OZ373
2014 OE119
2014 OH134
2014 OH150
2014 OS150
2014 OH200
2014 OE301
2014 OV306
2014 OQ309
2014 QZ40
2014 QU102
2014 QC124
2014 QK409
2014 QM424
2014 QW231
2014 QU232
2014 QL320
2014 QL348
2014 RG2
2014 RF59
2014 RG60
2014 SX58
2014 SO89
2014 SF92
2014 SP94
2014 SX112
2014 SB124
2014 SQ146
2014 SL159
2014 SR300
2014 TO49
2014 UN10
2014 UU38
2014 UO55
2014 UB104
2014 UO175
2014 UO212
2014 WF27
2014 WU52
2014 WO85
2014 WH121
2014 WL103
2014 WP108
2014 WH121
2014 WB347
2014 XX34
2014 YN33
2015 AY6
2015 AX38
2015 AN126
2015 AL237
2015 AB248
2015 AX269
2015 BA34
2015 BH61
2015 BR71
2015 BH77
2015 BB84
2015 BQ159
2015 BT167
2015 BM185
2015 BQ194
2015 BX454
2015 BJ464
2015 BO464
2015 BZ217
2015 BC220
2015 BR220
2015 BJ230
2015 BZ245
2015 BA343
2015 CK5
2015 CW10
2015 CF50
2015 DC27
2015 DF34
2015 DU65
2015 DL116
2015 DN169
2015 DG171
2015 DO173
2015 DY188
2015 EX23
2015 FK277
2015 FE302
2015 FJ303
2015 FK328
2015 GC17
2015 GA36
2015 GX41
2015 GH43
2015 HB22
2015 HZ34
2015 HW84
2015 HZ86
2015 HA107
2015 HE113
2015 KR9
2015 KY13
2015 KA18
2015 KB18
2015 KA50
2015 KA85
2015 KC112
2015 LA23
2015 ME28
2015 MP53
2015 NB3
2015 OC15
2015 OV25
2015 OC27
2015 PU36
2015 PV50
