id
9082
20468
21203
21792
33165
34064
35527
37156
41262
41576
42521
45685
45796
73956
74428
76813
79962
81964
81998
87375
100195
108740
113191
114884
117503
119028
121699
121939
128442
129233
133463
135239
147965
149613
157028
159007
168039
182927
188667
195618
195715
195741
197350
213162
218457
220736
236875
238431
240238
243014
246141
246874
248356
250703
257473
264235
265033
267141
267270
275647
277016
282060
297243
306389
308402
308404
309181
329036
331857
351588
356697
373944
401239
402015
403750
418534
422127
422129
434589
437833
2009 QY58
2009 SD111
2010 XT79
2011 CR66
2011 SQ157
2011 UD142
2012 KZ11