id
8
72
336
376
525
540
553
574
749
864
905
915
956
967
1026
1037
1047
1056
1060
1110
1185
1270
1293
1314
1344
1365
1374
1387
1419
1446
1451
1523
1527
1549
1663
1790
1831
1842
1885
1944
1991
2088
2094
2130
2156
2285
2287
2314
2350
2399
2402
2467
2472
2473
2510
2545
2558
2579
2609
2682
2689
2750
2754
2815
2843
2854
2871
2873
2880
2896
2897
3072
3073
3116
3144
3166
3180
3193
3257
3260
3299
3301
3340
3359
3411
3413
3454
3459
3481
3493
3527
3602
3680
3690
3749
3825
3841
3850
3982
4001
4033
4065
4066
4148
4263
4278
4287
4289
4299
4329
4331
4338
4375
4472
4654
4670
4689
4691
4703
4710
4720
4787
4794
4795
4806
4811
4819
4875
4919
4936
4977
5008
5044
5051
5052
5069
5077
5080
5200
5220
5237
5238
5246
5533
5537
5538
5560
5580
5593
5665
5684
5702
5723
5735
5752
5754
5782
5783
5829
5830
5887
5895
5908
5910
5943
5985
6020
6027
6064
6083
6095
6099
6176
6177
6218
6225
6232
6266
6290
6311
6314
6317
6369
6380
6407
6438
6502
6526
6562
6563
6589
6599
6640
6657
6801
6844
6853
6887
6919
6921
6999
7011
7031
7043
7057
7080
7130
7148
7234
7248
7255
7283
7332
7360
7395
7462
7475
7479
7527
7534
7542
7550
7587
7589
7685
7687
7726
7738
7747
7832
7842
7851
7867
7930
7947
8051
8105
8116
8237
8259
8265
8328
8367
8413
8417
8471
8474
8553
8572
8596
8631
8639
8649
8663
8783
8794
8815
8837
8853
8855
8874
8918
9027
9032
9061
9120
9183
9242
9260
9329
9342
9437
9474
9491
9531
9541
9546
9622
9683
9843
9867
9902
9941
9945
9956
9959
10054
10083
10128
10133
10175
10176
10181
10256
10292
10300
10362
10419
10452
10525
10541
10559
10666
10678
10687
10710
10723
10845
10846
10851
10869
10891
10895
10953
11086
11127
11145
11155
11167
11190
11211
11253
11442
11457
11460
11461
11466
11474
11520
11539
11564
11802
11871
11897
11913
11954
11958
12068
12071
12081
12103
12188
12189
12202
12227
12228
12261
12264
12322
12326
12330
12334
12375
12402
12417
12451
12457
12459
12469
12479
12512
12537
12670
12717
12727
12824
12837
12871
12947
12979
12999
13022
13037
13154
13158
13236
13294
13299
13403
13426
13471
13480
13513
13627
13664
13710
13727
13864
13967
14046
14085
14086
14122
14123
14191
14250
14257
14335
14364
14381
14413
14454
14501
14502
14510
14582
14599
14607
14694
14735
14798
14832
14833
14888
14922
15041
15070
15229
15230
15254
15283
15291
15346
15362
15363
15431
15446
15455
15464
15491
15548
15632
15648
15673
15776
15805
15852
15853
15854
15895
15902
15907
15910
15919
15971
15988
15994
16020
16118
16147
16173
16174
16180
16280
16336
16423
16444
16448
16475
16504
16519
16530
16538
16574
16629
16740
16814
16829
16831
16871
16984
16996
16998
17000
17037
17101
17130
17176
17236
17260
17273
17303
17304
17332
17405
17453
17495
17552
17583
17717
17723
17731
17858
17875
17882
17933
17962
17964
17970
18027
18101
18104
18116
18127
18128
18249
18312
18386
18417
18458
18498
18531
18577
18604
18609
18618
18628
18630
18679
18741
18796
18954
18957
18960
18991
19007
19098
19115
19116
19125
19161
19163
19202
19209
19228
19444
19447
19452
19518
19531
19545
19563
19577
19616
19789
19816
19866
19929
19946
19977
20137
20152
20253
20258
20415
20441
20585
20626
20794
20834
20862
20883
20945
20988
20998
20999
21091
21102
21103
21112
21166
21170
21171
21188
21199
21227
21267
21278
21279
21293
21297
21301
21313
21316
21376
21386
21399
21409
21420
21432
21445
21464
21483
21505
21509
21577
21619
21622
21626
21639
21640
21683
21775
21856
21864
21945
22022
22028
22038
22113
22142
22229
22251
22269
22314
22316
22448
22530
22545
22546
22551
22625
22639
22755
22781
22834
22872
22874
22877
22923
22957
23096
23110
23153
23293
23296
23297
23313
23362
23418
23423
23429
23431
23465
23484
23510
23550
23584
23636
23729
23737
23748
23751
24010
24025
24062
24073
24074
24113
24139
24165
24252
24273
24286
24293
24473
24504
24538
24541
24642
24680
24758
24760
24829
24893
24902
24917
24922
25004
25015
25050
25137
25354
25378
25417
25436
25464
25481
25513
25530
25550
25563
25632
25655
25951
26036
26097
26098
26111
26169
26200
26240
26252
26258
26259
26271
26282
26287
26307
26313
26328
26345
26386
26400
26423
26437
26457
26526
26549
26554
26617
26691
26721
26737
26748
26809
26930
27017
27022
27033
27037
27047
27054
27082
27101
27113
27239
27268
27303
27329
27336
27347
27352
27367
27627
27757
27766
27781
27805
27836
27844
27849
27944
27946
28039
28042
28077
28091
28117
28142
28148
28153
28205
28390
28429
28437
28474
28499
28519
28570
28633
28644
28676
28807
28818
28821
28961
29069
29124
29134
29175
29207
29259
29264
29270
29321
29327
29366
29439
29440
29525
29602
29618
29619
29628
29638
29653
29669
29684
29708
29717
29995
30025
30056
30118
30123
30192
30193
30199
30205
30218
30249
30301
30308
30321
30347
30383
30431
30459
30524
30599
30607
30635
30696
30709
30711
30729
30785
30823
30824
30859
30911
30922
31015
31039
31102
31104
31105
31136
31151
31166
31353
31356
31377
31405
31414
31443
31451
31454
31492
31507
31510
31581
31619
31836
31844
31935
31952
31957
31975
32302
32341
32608
32628
32636
32717
32730
32731
32785
32834
32836
32862
32898
32914
32951
32955
32957
33028
33042
33084
33329
33361
33378
33389
33416
33450
33453
33456
33516
33525
33555
33599
33621
33701
33825
33845
33853
33920
33966
34002
34025
34044
34090
34136
34160
34224
34227
34259
34284
34330
34391
34491
34780
34798
34806
34837
34882
34889
34911
35077
35086
35088
35089
35116
35166
35173
35259
35274
35356
35365
35379
35380
35393
35435
35668
35695
35697
35706
35720
35727
35738
35751
35754
35795
35807
35846
35856
35874
35880
35883
36000
36176
36285
36344
36359
36371
36423
36435
36444
36447
36563
36700
36715
36800
36865
37104
37422
37488
37492
37556
37582
37598
37631
37637
37677
37707
37852
38064
38078
38090
38100
38127
38128
38137
38142
38149
38152
38154
38155
38157
38166
38171
38180
38635
38680
38707
38797
38802
38882
38940
39027
39058
39067
39156
39434
39438
39452
39495
39501
39519
39536
39557
39604
39613
39639
39640
39705
39806
39809
39812
39815
39829
39845
39850
40278
40285
40296
40305
40306
40347
40399
41474
41481
41492
41495
41536
41547
41555
41561
41569
41575
41610
41615
41625
41646
41661
41712
41725
41783
41794
41801
41900
41903
41916
41917
41922
41999
42023
42055
42409
42469
42473
42499
42602
42612
42651
42657
42680
42825
42857
42876
42880
42881
42891
42956
43066
43273
43282
43360
43374
43378
43432
43444
43464
43533
43663
43779
43781
43785
43821
43833
43932
43963
44008
44043
44053
44063
44066
44073
44083
44087
44091
44094
44095
44097
44101
44108
44109
44135
44141
44151
44175
44429
44539
44597
44601
44610
44618
44623
44638
44642
44644
44677
44680
44681
44692
44711
44720
44725
44741
44754
44760
44765
44768
44770
44782
44787
44808
44818
44838
44893
44905
44917
44927
44963
44969
45004
45056
45071
45074
45086
45100
45101
45158
45166
45198
45215
45238
45399
45790
45821
45836
45843
45848
45879
45943
45999
46009
46090
46118
46180
46182
46371
46378
46433
46492
46586
46592
46621
46647
46649
46679
46681
46686
46700
46740
46760
46773
46801
47156
47169
47187
47189
47194
47198
47201
47212
47242
47269
47272
47279
47286
47315
47317
47324
47389
47392
47405
47416
47449
47470
47568
47576
47973
48014
48021
48190
48341
48383
48396
48407
48437
48441
48495
48622
48623
48625
48635
48658
48664
48849
48873
48887
48890
48896
48902
48936
48957
48996
49033
49226
49288
49685
49689
49691
49718
49721
49763
49769
49809
49820
49824
49825
49864
49869
49885
49891
49905
49924
49944
49959
49994
50066
50071
50072
50085
50128
50141
50152
50154
50218
50290
50347
50354
50386
50398
50520
51379
51393
51411
51428
51435
51446
51477
51481
51519
51543
51676
51693
51711
51731
52378
52437
52487
52554
52752
52769
52781
52784
52795
52803
52807
52836
52856
52858
52868
52869
52874
52884
52898
52899
52918
52934
52946
52965
52988
53005
53009
53023
53041
53071
53465
53518
53523
53525
53538
53555
53557
53576
53579
53595
53616
53634
53666
53684
53693
53695
53760
53826
53839
53864
53945
53977
53978
53980
54011
54013
54018
54020
54061
54079
54136
54314
54315
54696
54701
54715
54732
54743
54764
54772
54886
54948
55065
55262
55561
55612
55626
55659
55661
55666
55700
55709
55717
55746
55772
55775
55780
55805
55995
56001
56023
56033
56043
56354
56369
56379
56381
56383
56390
56405
56416
56426
56436
56517
56520
56550
56563
56580
56620
56624
56643
56651
56657
56679
57066
57171
57206
57215
57313
57365
57377
57535
57932
57962
57966
57980
57997
58004
58113
58141
58175
58185
58232
58262
58423
58425
58555
58669
58780
58932
58959
58980
59081
59087
59169
59171
59236
59285
59330
59356
59360
59537
59641
59753
59951
60090
60151
60193
60269
60304
60332
60355
60366
60392
60409
60450
60482
60505
60506
60593
60663
60724
60727
60785
60837
60839
60851
60888
60916
60933
60936
60945
60974
60983
60994
61060
61064
61079
61085
61101
61107
61145
61153
61174
61190
61193
61198
61208
61212
61219
61281
61661
61816
61818
61942
62572
62685
62785
62885
62891
63011
63014
63026
63217
63282
63333
63353
63519
63535
63592
63642
63648
63673
63689
63714
63760
63781
63863
63896
63897
63907
63939
63958
64003
64013
64017
64065
64074
64154
64180
64192
64193
64212
64235
64310
64312
64342
64346
64380
64433
64472
64551
64557
64571
64573
64612
64645
64794
64806
64808
64875
64887
64998
65012
65048
65186
65270
65277
65318
65480
65507
65576
65598
65636
65689
65742
65743
65749
65940
65950
65983
66208
66224
66226
66233
66243
66249
66266
66296
66329
66345
66377
66386
67323
67383
67386
67411
67436
67457
67474
67491
67496
67516
67538
67542
67546
67549
67561
67562
67568
67580
67591
67592
67596
67600
67602
67639
67650
67654
67656
67668
67676
67683
67688
67699
67711
67718
67724
67746
67748
67749
67757
67759
67778
67787
67820
67827
67832
67836
67885
67945
67966
67986
68010
68093
68110
68142
68309
68356
68365
68373
68430
68536
68566
68771
68795
68825
69023
69078
69098
69104
69116
69193
69206
69250
69251
69252
69287
69439
69442
69455
69460
69491
69563
69570
69586
69590
69618
69624
69643
69649
69690
70061
70076
70078
70086
70098
70099
70100
70101
70108
70112
70120
70156
70175
71657
71777
71786
71792
71811
71839
71840
71841
71842
71851
71854
71858
71859
71868
71876
71885
71887
71888
71891
71899
71906
71913
71931
71937
71960
71981
71990
72024
72073
72091
72099
72131
72142
72189
72190
72197
72220
72225
72255
72261
72297
72375
72382
72480
72960
73033
73056
73086
73089
73095
73107
73160
73207
73208
73268
73271
73279
73323
73377
73384
73591
73608
73656
73663
73672
73754
73803
73849
73854
73858
73978
73984
73986
73992
74048
74179
74563
74572
74582
74641
74675
74682
74691
74702
74706
74737
74750
74776
74784
74838
74859
74863
74886
74901
74905
74937
74956
74959
74967
74971
74989
74994
75004
75060
75149
75153
75213
75214
75218
75227
75242
75278
75410
75411
75417
75478
75631
76860
76881
76903
76921
76924
77029
77048
77052
77060
77135
77147
77159
77162
77203
77206
77219
77248
77262
77292
77296
77322
77440
77668
77921
77931
77935
77950
77953
77959
77976
77985
77991
78019
78022
78041
78078
78240
78647
78672
78849
78856
78925
78949
78975
79004
79137
79210
79271
79272
79351
79362
79382
79527
79541
79542
79575
79580
79595
79598
79623
79803
80104
80118
80128
80143
80162
80176
80206
80226
80227
80245
80252
80254
80270
80295
80306
80320
80355
80370
80410
80413
80437
80451
80463
80479
80516
80534
80543
80550
80560
80605
80608
80613
80641
80650
80672
80744
80745
80819
80857
80939
82073
82114
82134
82146
82174
82198
82199
82200
82215
82220
82224
82233
82237
82268
82304
82312
82313
82346
82451
83012
83998
84022
84040
84082
84177
84180
84191
84224
84244
84257
84372
84386
84450
84485
84491
84498
84539
84614
84616
84729
84792
84799
85140
85199
85221
85308
85557
85646
85678
85682
85687
85696
85740
85746
85828
85837
85856
85908
86350
86351
86369
86395
86396
86399
86400
86416
86423
86434
86449
86451
86452
86462
86480
86505
86517
86523
86537
86539
86552
86570
86580
86607
86619
86650
86690
86698
86702
86726
86745
86755
86758
86770
86788
86797
86845
86870
86894
86952
86992
87046
88276
88287
88324
88325
88354
88394
88403
88449
88450
88463
88481
88487
88493
88527
88535
88592
88608
88645
88657
88745
88782
88786
88800
88857
88953
89013
89043
89054
89096
89157
89174
89187
89195
89262
89404
89467
89480
89660
89712
89766
89973
90018
90031
90072
90082
90132
90265
90320
90545
90624
90651
90656
90726
90730
90799
90851
90856
90917
90925
90927
91211
91221
91235
91240
91259
91296
92304
92319
92324
92329
92330
92340
92346
92357
92379
92394
92398
92399
92403
92405
92406
92408
92420
92435
92440
92454
92458
92472
92527
92581
92590
94348
94350
94356
94369
94382
94385
94390
94415
94420
94428
94440
94451
94458
94471
94474
94476
94507
94518
94539
94541
94544
94554
94555
94564
94585
94589
94591
94596
94603
94611
94626
94639
94649
94670
94702
94731
94735
94736
94750
94765
94844
94857
94861
94878
94896
94900
94932
94933
95001
95023
95078
95081
95096
95737
95818
95854
96096
96156
96186
96195
96235
96253
96288
96341
96346
96353
96370
96378
96381
96627
96644
96679
97782
97789
97801
97805
97813
97814
97816
97818
97823
97833
97838
97859
97860
97872
97915
97931
97942
97967
97977
98019
98022
98027
98051
98059
98065
98083
98100
98124
98132
98134
98136
98198
98200
98201
98212
98213
98238
98249
98266
98269
98273
98275
98322
98403
98414
98448
98469
98500
98543
98607
98672
98683
99282
99346
99356
99366
99375
99382
99396
99412
99424
99425
99439
99440
99448
99472
99478
99484
99486
99497
99500
99537
99542
99584
99711
99727
99769
99772
99919
99922
99934
100005
100054
100142
100324
100342
100345
100365
100373
100468
100477
100540
100576
100679
100758
100770
100801
100837
100839
100889
100906
100945
101007
101012
101026
101045
101052
101081
101084
101091
101134
101221
101241
101501
101591
101780
101872
101874
101898
101900
101915
101922
101933
101941
102016
102036
102055
102066
102068
102125
102129
102151
102163
102183
102185
102226
102289
102310
102330
102372
102454
102505
102544
102562
102567
102572
102660
102682
102700
102816
102910
102986
102993
103101
103125
103129
103164
103180
103204
103252
103339
103350
103372
103378
103382
103387
103411
103525
103584
103644
103686
103709
103755
103828
103841
103972
103992
103996
104003
104009
104038
104080
104162
104256
104284
104298
104587
105200
105242
105387
105625
105631
105640
105676
105684
105721
105769
105787
105878
105943
105975
106002
106027
106050
106106
106142
106204
106243
106257
106321
106329
106335
106431
106469
106488
106503
106507
106544
106566
106591
106610
106612
106647
106651
106686
106690
106788
106854
106872
106936
106976
106994
107054
107124
107167
107262
107304
107318
107324
107404
107406
107489
107492
107789
107798
107842
107892
107984
107998
108002
108003
108021
108032
108042
108184
108246
108259
108288
110020
111387
111473
111477
111596
111655
111688
111710
111730
111750
111786
111788
111838
111848
111871
111880
111893
111912
111929
111939
111973
111985
111992
112019
112041
112083
112093
112095
112105
112108
112126
112140
112168
112171
112213
112229
112237
112241
112249
112250
112251
112252
112257
112311
112322
112333
112371
112451
112761
112803
113032
113159
113186
113211
113309
113458
113472
113513
113574
113604
113697
113717
113867
113897
113915
114002
114053
114057
114070
114090
114130
114137
114219
114224
114267
114327
114362
114364
114485
114644
114750
114764
114832
114846
114855
114860
114904
114935
114963
114993
115079
115082
115280
115308
115362
115539
115556
115820
115888
115975
116107
116147
116242
116531
116621
116652
116747
116749
116764
116851
116892
116938
117195
117355
117399
117421
117644
117746
117772
117797
117853
117869
117898
117965
118023
118127
118185
118285
118286
118301
118308
118322
118487
118512
118514
118544
118554
118560
118577
118598
118603
119059
119071
119074
119123
119131
119204
119241
119455
119572
119957
119971
119973
119996
119999
120025
120057
120249
120262
120430
120475
120619
120625
120865
120891
120930
120959
120974
120985
120990
120998
121010
121898
121915
121927
121929
121949
121996
122043
122046
122054
122066
122177
122193
122202
122274
122313
122448
122621
123153
124115
124120
124136
124149
124167
124179
124181
124184
124186
124210
124212
124217
124248
124282
124301
124361
124374
124412
124420
124422
124429
124439
124443
124451
124457
124467
124494
124518
124522
124531
124553
124595
124621
124623
124624
124631
124633
124638
124647
124648
124654
124655
124680
124681
124686
124703
124732
124744
124816
124829
124837
124845
124867
124869
124891
124905
124949
124981
124990
125032
125050
125053
125101
125119
125128
125171
125189
125249
125278
125281
125338
125341
125374
125409
125417
125447
125462
125591
125625
125675
125682
125691
125704
125747
125749
125775
125807
125891
125959
125969
126131
126135
126145
127476
127494
127548
127605
127630
127638
127666
127677
127681
127706
127748
127751
127790
127802
127808
127818
127819
127827
127832
127878
127887
127890
127912
128037
128040
128316
128329
128364
128379
128426
128555
128667
128697
128699
128702
128712
128756
128822
128825
128883
128955
129193
129238
129249
129302
129335
129388
129409
129588
129745
129748
129753
129760
129763
129765
129784
129786
129795
129803
129811
130396
130408
130414
130416
130424
130426
130442
130461
130472
130479
130481
130494
130510
130519
130538
130545
130547
130550
130551
130554
130556
130558
130576
130612
130752
130767
130810
130842
130848
131002
131496
131503
131508
131516
131521
131550
131560
131612
131626
131646
131684
131688
131689
131729
131735
131741
131745
131770
131771
131779
131810
131826
131873
131874
131915
131920
131942
131951
131952
132117
132118
132154
132159
132326
132361
132427
133065
133069
133086
133141
133145
133297
133300
133340
133521
133583
133864
133883
133897
133984
134027
134167
134240
134314
134316
134323
134325
134338
134343
134388
134509
134516
134535
134608
134944
134945
135209
135524
135530
135546
135559
135564
135567
135577
135581
135592
135595
135614
135627
135969
136145
136152
136174
136177
136196
136207
136369
136413
136481
136530
136531
136782
136786
136854
136869
136883
136892
136894
137229
137234
137245
137250
137262
137267
137273
137285
137288
137291
137296
137298
137302
137303
137308
137310
137318
137383
137410
137429
137453
137488
137493
137495
137503
137585
137619
137630
137636
137726
137750
137756
137767
137808
137810
137853
138857
138861
138894
138907
138917
138926
138927
138934
138952
138954
138956
138959
138960
138967
138976
138985
138991
139049
139051
139057
139128
139140
139189
139191
139244
139293
141554
141581
141624
141644
141646
141647
141677
141687
141712
141735
141756
141759
141836
141852
141861
141870
141964
142078
142101
142602
142669
142755
142885
143716
143735
143758
143759
143760
143765
143777
143805
143807
143817
143820
143834
143836
143841
143860
143865
143885
143912
143928
143935
143976
144001
144037
144073
144171
144330
144534
144925
144952
144976
144992
144996
145054
145065
145067
145072
145185
145291
145359
145553
145598
145625
145763
145871
145895
145898
145899
145906
145907
145914
145916
145919
145921
145925
145927
145935
145941
145950
145957
145977
145984
146273
146290
146974
146980
146992
147002
147010
147065
147087
147124
147125
147130
147145
147192
147461
147467
147542
147555
147585
147657
147694
147700
147963
147985
148121
148126
148128
148166
148175
148190
148206
148486
148488
148492
149187
149194
149199
149203
149219
149255
149268
149277
149287
149296
149311
149313
149328
149339
149341
149354
149568
149614
149642
149657
149690
149718
149821
149855
149938
150085
150156
150284
150319
150341
150342
150343
150348
150356
150358
150367
150377
150382
150389
150400
150664
150666
150681
150786
151519
151549
151553
151581
151603
151607
151613
151618
151623
151633
151638
151889
151893
151915
151951
151959
151981
152008
152015
152250
152313
152326
152416
152533
152591
152602
152696
152701
152710
152887
152896
152908
152910
152911
152920
152927
152930
152936
152946
153312
153328
153337
153370
153371
153384
153385
153387
153434
153444
153469
153514
153520
154280
154289
154295
154315
154342
154647
154665
154680
154693
154697
154792
154999
155018
155069
155101
155258
155345
155362
155380
155473
155595
155602
155605
155608
155610
155611
155619
155622
155640
155642
155651
155921
155988
155990
156070
156106
156117
156193
156734
156749
156768
156775
156832
157093
157100
157110
157112
157500
157540
157613
157864
157962
157981
158166
158175
158195
158208
158247
158260
158300
158331
158604
158643
158858
158860
158958
158985
159166
159170
159182
159192
159404
159549
159551
159574
159727
159864
159867
159870
159871
160105
160204
160371
160388
160398
160399
160402
160409
160626
160670
160695
160708
160737
160776
160867
160919
160947
160951
160952
160955
161071
161223
161266
161267
161269
161295
161516
161538
161543
161549
161640
161643
161645
161662
161710
161727
161802
161851
162017
162073
162078
162160
162210
162452
162473
162481
162497
162499
162502
162503
162544
162556
162572
162580
162582
163032
163038
163040
163055
163065
163077
163078
163091
163108
163124
163129
163134
163139
163172
163195
163703
163729
163730
164230
164234
164246
164253
164261
164265
164409
164453
164461
164468
164469
164487
164531
164597
164603
164655
164690
164790
165117
165147
165164
165171
165184
165192
165195
165196
165198
165223
165225
165242
165267
165291
165292
165959
165973
165982
165989
166030
166032
166039
166041
166052
166098
166117
166122
166167
166168
166281
166922
166925
166940
166945
166947
167721
167759
167806
168075
168123
168127
168140
168302
168314
168323
168339
168390
168460
168462
168736
168743
168746
168747
168754
168756
168774
168775
168783
168785
168791
168809
168812
168820
168821
168825
168831
168832
168835
168840
168894
168906
168933
169412
169438
169455
169458
169459
169474
169490
169536
169549
169553
169562
169656
169661
169664
170181
170186
170279
170358
170363
170391
170398
170570
170893
170901
170909
170910
170919
170955
170972
171085
171261
171275
171395
171684
171685
171709
171711
171717
171720
171733
171739
172078
172098
172113
172117
172125
172129
172456
172473
172479
172547
172588
173030
173095
173109
173138
173179
173293
173459
173490
173518
173520
173536
174078
174083
174096
174104
174129
174246
174266
174593
174597
174616
174619
174622
174630
174631
174696
174697
174705
174717
174736
174745
174764
174772
174781
174799
175114
175118
175123
175142
175153
175159
175212
175213
175248
175665
175714
175715
175736
175813
176039
176044
176062
176068
176076
176086
176088
176091
176092
176101
176105
176121
176614
176632
176639
176715
176812
177146
177158
177191
177204
177213
177226
177242
177247
177257
177283
177301
177674
177676
177698
177699
177706
177721
177767
177785
177791
177950
178029
178058
178277
178330
178361
178395
178396
178463
178466
178470
178758
178773
178788
178789
178794
178806
178820
179589
179591
179595
179596
179600
179609
179624
179658
179742
180187
180197
180198
180212
180225
180231
180246
180249
180255
180257
180259
180276
180284
180290
180293
180294
180311
180312
180326
180354
180360
180369
180371
180372
180374
180805
180806
180807
180810
180827
180839
180850
180859
180866
180896
180904
180916
180934
180935
181283
181318
181377
181522
181581
181672
181875
181885
181887
181891
181932
181942
181945
181965
181974
181979
181985
182187
182230
182233
182236
182242
182249
182250
182254
182258
182259
182983
182988
182991
183003
183004
183063
183076
183098
183127
183146
183178
183184
183187
183188
183212
183545
183621
183637
183640
183646
183659
183733
183737
183750
183762
184333
184336
184357
184360
184399
184449
184502
185015
185035
185045
185069
185087
185104
185133
185243
185262
185344
185411
185597
185634
185811
185826
185949
185965
186398
186400
186420
186441
186459
186474
186652
186657
186663
186675
186694
186718
187059
187068
187082
187507
187565
187602
187663
187680
187776
187809
187827
187932
187949
188197
188200
188217
188218
188224
188360
188361
188440
188578
188581
188607
188710
188859
188898
188998
189012
189015
189030
189180
189287
189320
189323
189348
189433
189510
189837
189840
189981
189984
189992
190153
190163
190170
190298
190330
190334
190338
190339
190345
190461
190484
190490
190734
190742
190747
190818
190828
190852
191247
191250
191253
191265
191594
191603
191605
191943
191969
191977
191978
191982
191994
192414
192507
192508
192531
192541
192546
192547
192578
192952
193021
193024
193038
193045
193053
193064
193070
193078
193090
193115
193123
193135
193138
193146
193151
193766
193790
193793
193795
193796
193814
193818
193820
193831
193832
193853
193855
193858
193859
193860
193868
193894
193896
193925
193941
193949
193955
193961
193963
193965
193967
193982
193987
193988
193989
194007
194051
194057
194061
194070
194073
194074
194075
194088
194144
194148
194163
194221
194223
194227
194235
194245
194262
194269
194277
194282
194296
194304
194366
194367
194443
194676
194837
196190
196193
196205
196209
196227
196234
196239
196241
196282
196283
196335
196350
196422
197559
197566
197591
197617
197625
197634
197659
197769
197778
197784
197967
198869
198873
198889
198896
198931
198945
198947
198950
198956
198993
199029
199038
199055
199058
199061
199078
199080
199101
199106
199133
199149
199176
199203
199208
199227
199230
199347
199802
199867
199883
200161
200164
200318
200326
200566
200575
200589
200591
200614
200617
200630
200634
200641
200642
200653
200665
200672
200673
200675
200690
200693
200695
200699
200714
200729
200734
200758
200779
200793
200813
200842
200857
200871
200883
201478
201962
201986
202041
202048
202095
202426
202466
202469
202470
202688
202711
202717
202864
203269
203272
203290
203298
203300
203311
203319
203323
203353
203356
203358
203369
203370
203382
203407
203418
203423
203461
203467
203479
203906
203909
204324
204377
204404
204629
204659
204660
204661
204706
204829
204962
205231
205236
205237
205267
205271
205309
205470
205588
205592
205638
205641
205651
205652
205655
205657
205658
205662
205669
205672
205673
205679
205682
205685
205690
205695
205697
205703
205705
205716
205829
206301
206311
206312
206914
206924
206927
206932
206935
206941
206953
206961
206962
206963
206981
206991
206998
207004
207005
207025
207036
207083
207394
207402
207407
207441
207471
207500
207695
207787
207936
207957
207971
207986
207987
208003
208026
208027
208166
208184
208509
208535
208543
208550
208559
208563
208566
208575
208576
208579
208580
208590
208608
208611
208616
209033
209046
209053
209539
209570
209922
209936
209975
209988
210014
210531
210537
210693
210701
210703
210712
210744
210745
211007
211014
211015
211025
211027
211029
211032
211034
211044
211054
211062
211067
211069
211076
211082
211085
211086
211115
211134
211142
211175
211498
211502
211523
211524
211530
211546
211633
211663
211935
211937
211946
212379
212385
212387
212697
212713
212727
212880
212886
212970
212977
213174
213185
213203
213218
213428
213455
213468
213472
213499
213505
213532
213816
213850
214109
214117
214125
214421
214524
214535
214877
214926
214939
215117
215238
215322
215396
215408
215416
215421
215596
215597
215615
215619
215631
215641
215799
215843
216048
216056
216078
216101
216259
216265
216356
216372
216422
216471
216479
216489
216514
216516
216575
216585
216587
216654
216754
216779
216923
216936
216937
216955
217143
217144
217145
217152
217159
217163
217392
217395
217397
217490
217525
217683
217691
217698
217713
217725
217911
218065
218120
218125
218147
218322
218324
218332
218337
218556
218812
218819
218821
218827
218829
218830
218839
218840
218842
218934
218943
219058
219156
219179
219190
219199
219205
219226
219231
219252
219275
219488
219504
219986
219989
219994
219999
220007
220025
220034
220037
220040
220042
220043
220058
220079
220082
220086
220102
220448
220454
220917
220929
220947
220950
220953
220965
220991
221517
221529
221530
221550
221575
221582
221592
221608
221624
221802
221884
221905
221940
221991
222084
222093
222098
222101
222124
222131
222153
222394
222944
222948
222949
222952
222955
222959
222961
222966
222981
222986
223019
223067
223080
223097
223140
223192
223498
223514
223517
223545
224013
224035
224050
224790
224806
224807
224830
224848
224854
224858
225097
225109
225199
225256
225329
225384
225406
225414
225417
225425
225431
225655
225659
226092
226103
226104
226119
226150
226160
226162
226170
226173
226174
226178
226180
226189
226205
226209
226213
226215
226219
226255
226592
226599
226605
226619
226638
226640
227089
227102
227118
227317
227786
227787
227801
227804
228220
228283
228444
228736
228737
228740
228749
228751
228752
228759
228774
228792
228793
228808
229033
229052
229070
229085
229328
229333
229340
229427
229675
229676
229681
229766
229871
229941
229993
230144
230452
230478
230490
230502
230519
230529
230532
230535
230538
230545
230792
230797
230801
230812
230814
230817
231073
231085
231092
231117
231138
231144
231217
231406
231410
231413
231422
231433
231660
231678
231825
232011
232020
232366
232372
232389
232399
232822
233096
233097
233102
233113
233122
233137
233148
233163
233204
233508
233512
233965
234143
234242
234385
234393
234399
234421
234449
234556
234977
234998
235000
235005
235010
235022
235035
235057
235577
235626
236142
236157
236158
236175
236180
236183
237034
237043
237089
237344
237353
237392
237474
237478
237490
237515
237626
237641
237681
238041
238047
238053
238064
238066
238074
238100
238433
238435
238437
238454
238466
238482
238488
238821
238851
238858
238861
239533
239537
239550
239592
239611
239813
239868
239870
239872
239884
240034
240284
240308
240309
240317
240548
240578
240579
240786
240799
240846
240855
241392
241406
241557
241905
242110
242167
242168
242172
242448
242502
242798
243292
243439
243608
243712
243713
243725
243726
243730
243744
243750
243816
244005
244048
244127
244162
244236
244605
244643
244662
244723
244742
245088
245123
245129
245130
245138
245212
245265
245613
245630
245654
245658
245677
245681
245731
245742
245744
246139
246154
246156
246159
246182
246206
246298
246320
246625
246732
247066
247068
247072
247088
247100
247411
247418
247757
247815
248034
248091
248171
248600
248607
248616
248642
248687
249022
249031
249064
249121
249367
249403
249714
249716
249724
249728
249731
249737
249740
249750
249753
249758
249777
249781
250020
250027
250040
250066
250287
250290
250297
250305
250321
250339
250569
250580
250587
250594
250595
250953
250980
250981
250989
251354
251363
251383
251542
251547
251643
251768
251781
252046
252051
252053
252058
252074
252075
252094
252095
252128
252677
252756
252769
252774
252778
252836
252867
252872
252880
253393
253394
253397
253408
253424
253447
253462
253472
253474
253480
253482
253489
253492
253496
253506
253516
253517
253525
253530
253534
253536
253559
253616
253623
253657
253700
253706
253727
253809
254434
254452
254461
254491
254492
254556
255521
255539
255546
255556
255558
255576
255589
255730
256575
256593
256594
256605
256607
256639
256654
256675
256719
256758
256772
256774
257242
257258
257273
257345
257450
257451
257461
257584
257647
257874
257905
257915
257933
257999
258006
258570
258598
258637
258680
258712
258798
258799
259408
259437
259465
259501
259502
259521
259534
259552
259573
259590
259598
259600
259646
259650
259655
259704
259714
259718
260484
260496
260513
260518
260528
260532
260533
260536
260560
260617
260680
260683
260685
261872
261878
261885
261906
261907
261953
261969
262052
262053
262114
262125
262246
263081
263106
263132
263138
263145
263150
263157
263171
263189
263234
263245
263273
263284
263340
263394
263847
263997
264078
264252
264254
264259
264781
264792
264816
264850
265112
265125
265135
265144
265156
265176
265191
265239
265267
265499
265549
266091
266114
266119
266136
266213
266486
266495
266510
266702
266916
267074
267086
267231
267523
267532
267533
267534
267554
267598
267603
267632
267661
267870
267887
267890
267892
267893
267895
267898
267899
267911
267912
267917
267919
267923
267924
268260
268261
268268
268301
268317
268756
268763
268797
268798
268827
268919
269147
269154
269170
269180
269187
269197
269203
269213
269445
269463
269466
269534
269681
269721
270020
270024
270066
270577
270595
270603
270642
270692
270715
270804
270824
270827
270832
270857
270970
270974
271314
271368
271373
271380
271383
271385
271387
271393
271397
271413
271415
271425
271450
271454
271467
271469
271501
271502
271510
271515
271520
272029
272113
272120
272122
272127
272130
272136
272146
272185
272209
272248
272298
272299
272381
272391
272499
272547
272564
272589
273286
273314
273323
273361
273370
273383
273431
273455
273613
273671
274074
274153
274170
274196
274228
274231
274422
274430
274824
274853
274872
274897
274910
274966
274974
274980
275076
275308
275504
275600
275736
275738
275744
275778
276024
276130
276174
276212
276236
276238
276250
276278
276299
276377
276389
276398
276406
276689
276721
276735
276772
277042
277140
277175
277176
277190
277200
277205
277225
277246
277310
277340
277349
277376
277393
277433
278006
278009
278013
278062
278082
278088
278112
278498
278526
278573
278594
278605
279127
279133
279150
279156
279213
279219
279223
279230
279262
279501
279592
279603
279688
279718
279725
279874
279903
279955
280056
280212
280232
280457
280461
280467
280468
280470
280471
280476
280478
280480
280513
280531
280752
280756
280770
280777
280785
280787
280793
280794
280816
280818
280840
280865
280895
280898
281127
281132
281135
281142
281143
281192
281377
281386
281395
281430
281789
281993
282043
282135
282136
282150
282151
282157
282176
282343
282385
282470
282471
282472
282515
282523
282672
282673
282683
282863
282881
282892
283043
283077
283078
283148
283234
283304
283321
283372
283457
283458
283460
283467
283490
283503
283522
283528
283539
283566
283922
284143
284167
284431
284435
284457
284474
284679
284685
284686
284710
284725
284742
284754
285302
285494
285545
285587
285598
285600
285616
285645
285692
285893
285967
285994
286000
286012
286025
286033
286056
286092
286105
286109
286220
286243
286263
286379
286454
286523
286534
286569
286655
286715
286729
286750
286796
286847
287032
287139
287298
287321
287395
287517
287557
287633
287677
287690
287747
287751
287765
287790
287797
287823
287911
287994
288003
288051
288123
288144
288167
288195
288570
288617
288640
288659
288668
288672
288674
288714
288720
288821
288968
288987
289103
289259
289300
289360
289368
289406
289489
289557
290107
290248
290505
290700
290956
290966
290994
291074
291101
291112
291113
291148
291399
291446
291448
291551
291556
291613
291657
291680
291721
291727
291742
291795
291805
291871
291875
292014
292171
292196
292207
292225
292299
292453
292546
292705
292815
293377
293472
293564
293586
293591
293646
293656
293669
293693
293707
293711
293851
293852
293854
293982
294020
294040
294139
294254
294406
294430
294474
294475
294491
294516
294789
294856
294914
295049
295078
295127
295237
295276
295430
295548
295606
295684
295726
295796
296142
296271
296283
296287
296313
296331
296437
296519
296609
296614
296930
297131
297180
297286
297538
297542
297561
297564
297578
297586
297612
297628
297637
297655
297663
297684
297700
297709
297757
297770
297773
298311
298331
298774
298778
298779
298780
298785
298802
298822
298827
298855
298871
298874
298881
298884
298916
298924
299388
299389
299397
299414
299426
299429
299431
299471
299516
299529
300252
300266
301033
301036
301038
301039
301042
301048
301074
301130
301591
301603
301622
301645
301649
302139
302140
302154
302186
302224
302226
302233
302240
302256
302263
302265
302268
302288
302291
302298
302305
302306
302309
302325
302326
302821
302834
302861
302862
303253
303269
303271
303272
303277
303286
303299
303300
303305
303330
303333
303408
303935
303943
303957
303988
304002
304041
304054
304815
304823
305555
305559
305590
305595
305608
306034
306036
306048
306082
306627
306647
306823
306834
307024
307052
307078
307079
307084
307130
307135
307485
307579
307985
307997
308008
308014
308039
308076
308087
308096
308099
308571
308648
308651
308665
308677
308681
308702
309171
309233
309245
309307
309432
309771
309793
309804
309858
309867
309878
310044
310149
310165
310333
310377
310460
310462
310468
310477
310607
310631
310637
310644
310737
310985
311176
311177
311179
311182
311184
311197
311203
311204
311208
311213
311572
311577
311581
311583
312002
312020
312190
312214
312491
312497
312522
312529
312541
312558
313049
313062
313073
313080
313262
313279
313307
313309
313321
313605
313914
314022
314043
314046
314048
314058
314066
314088
314624
314640
315190
315191
315193
315196
315222
315234
315278
315322
315327
315346
315358
315441
316011
316259
316337
316429
316665
316714
316746
316870
316901
316904
316905
317146
317220
317231
317324
317686
317696
317697
317706
317714
317719
317748
317794
317814
317947
318360
318427
318429
318445
318446
318452
318462
318465
318493
318590
318653
318753
318868
319103
319425
319432
319441
319494
319501
319591
319670
319713
319744
319863
320269
320293
320299
320320
320330
320347
320369
320392
320416
320459
320479
320482
320487
320492
320499
320507
320579
320686
321069
321292
321296
321317
321330
321340
321758
321826
321875
321896
322299
322370
322517
322583
322737
322914
322915
322936
322944
322963
322965
322997
323048
323194
323196
323200
323234
323240
323269
323292
323325
323330
323341
323350
323647
323648
323657
323667
323702
324351
324354
324357
324358
324863
324868
324873
324878
324879
324895
324915
324916
324919
324928
324930
325403
325408
325419
325797
325931
325968
326010
326013
326144
326281
326351
326485
326491
326494
326501
326739
326768
326792
326840
327106
327115
327121
327131
327135
327137
327141
327149
327639
327642
327668
327684
327685
327692
327697
327700
327702
327703
327732
327772
327789
327831
328067
328078
328094
328097
328141
328144
328916
328932
328949
328951
328979
329163
329248
329267
329413
329417
329444
329656
329675
329708
329722
329754
329894
330242
330265
330272
330275
330283
330299
330330
330348
330539
330550
330555
330556
330559
330569
330574
330579
330596
330602
330617
330694
330842
331055
331133
331164
331179
331293
331391
331469
331556
331645
331657
331660
331696
331744
331822
331840
331871
332003
332259
332273
332287
332307
332317
332445
332518
332686
332689
332713
332856
332860
332886
332906
332974
333089
333094
333145
333242
333274
333276
333377
333401
333516
333585
333723
333724
334456
334457
334463
334465
334469
334473
334503
334510
334511
334515
334530
334537
334541
334546
334554
334570
334599
334709
334945
335247
335271
335273
335276
335277
335281
335306
335333
335673
335676
335691
335701
335702
336049
336050
336059
336065
336082
336087
336584
336591
336596
336598
336606
336640
336641
336797
337057
337069
337081
337206
337211
337219
338082
338085
338101
338124
338141
338162
338169
338177
338178
338184
338192
338195
338208
338209
338215
338219
338222
338224
338238
338250
338275
338309
338342
338344
338352
338361
338369
338370
338392
338882
338883
338927
338939
338956
338996
339597
339598
339599
339603
339610
339636
339640
339646
339653
339667
339682
339696
339700
339712
339739
339745
339816
339823
339908
339945
339954
339965
339987
339990
340003
340011
340040
340869
340876
340887
340906
340910
340950
340957
340978
340995
341019
341852
341924
342063
343184
343197
343212
343218
343220
343245
343385
343699
343708
343709
343753
343766
343778
343785
343795
343875
343941
344069
344077
344079
344085
344494
344520
344539
344553
344816
344847
344870
345105
345113
345115
345119
345124
345147
345150
345152
345159
345168
345169
345174
345178
345180
345181
345199
345215
345232
345237
345238
345260
345275
345724
345725
345729
345734
345735
345757
345780
345781
345814
345815
346284
346464
346892
346909
346919
346922
346963
346976
347006
347184
347205
347206
347254
347281
347377
347379
347382
347598
347631
347863
347868
347916
347968
348441
348450
348462
348473
348476
348481
348514
348520
348522
348529
348536
348539
348540
348549
348557
348565
348577
348585
349073
349085
349103
349104
349105
349106
349135
349163
349525
349539
349564
349804
349935
349948
350064
350071
350102
350210
350220
350224
350328
350584
350596
350598
350611
350624
350663
350671
350943
350947
350986
351207
351215
351246
351273
351506
351550
351562
351572
351573
351581
351584
351593
351594
351603
351607
351616
351627
351630
352118
352138
352654
352679
352705
352712
352716
352728
352767
352820
353225
353242
353244
353260
353272
353299
353390
353394
353435
353469
353605
354022
354043
354078
354335
354344
354345
354509
354511
354522
354759
354767
354794
354821
354826
354830
354832
354843
354847
354850
354857
354869
354887
354889
355799
355802
355817
355824
355832
355833
355847
355880
355898
355910
356281
356289
356307
356309
356334
356783
357040
357042
357062
357070
357111
357316
357322
357502
357527
357569
357937
357938
357945
357951
357954
357960
357961
357973
357974
357979
357983
358026
358466
358468
358494
358522
358990
358991
359012
359018
359399
359404
359622
359634
359636
359642
359714
359733
359766
359815
359897
360063
360152
360186
360271
360274
360711
360725
361050
361065
361075
361077
361099
361108
361115
361117
361153
361543
361560
361564
361568
361575
361587
361643
362017
362031
362107
362408
362628
362644
362671
362693
362746
362758
363078
363219
363220
363235
363406
363452
363467
363665
363700
363737
363745
364567
364572
364575
364576
364593
364605
364619
364625
364634
364641
364657
364670
364688
364690
364692
364701
364712
365069
365076
365077
365091
365111
365128
365207
365471
365489
365531
365859
365900
365907
366214
366340
366368
366457
366617
366620
366664
366780
367050
367054
367057
367115
367254
367266
367297
367305
367308
367315
367475
367476
367492
367678
367694
367697
367698
367720
367724
367736
367897
367919
367959
368190
368191
368459
368473
368502
368514
368517
368532
368647
368858
368873
368876
369026
369027
369029
369038
369042
369044
369061
369255
369462
369467
369473
369488
369500
369504
369521
369703
369744
369782
369994
369999
370484
370491
370505
370515
370527
370548
370550
370599
370625
370637
370867
370891
370900
371359
371363
371364
371375
371379
371385
371825
371845
371846
371851
371859
371885
372332
372354
372792
372795
372809
372826
372832
372833
372853
372860
372866
372868
372872
373176
373189
373197
373240
373432
373434
373446
373870
373904
373912
373923
373934
373956
373958
373964
373969
373978
374224
374234
374690
374692
374699
374715
374722
374745
374747
374749
374756
374768
374775
374845
374877
375134
375145
375150
375152
375159
375186
375196
375198
375204
375218
375676
375680
376078
376080
376101
376105
376112
376113
376383
376388
376398
376414
376435
376439
376554
376626
376744
376784
376794
376819
376965
377150
377172
377177
377182
377186
377207
377261
377517
377529
377553
377574
377976
377980
377983
378005
378011
378012
378015
378016
378018
378052
378055
378077
378093
378095
378103
378109
378114
378157
378188
378535
378538
378554
378555
378561
378583
378585
378639
380039
380045
380138
380340
380471
380479
380511
380961
380973
380977
380987
381020
381040
381042
381343
381366
381379
381383
381385
381705
382013
382036
382173
382341
382367
382629
382639
382646
382666
382668
382671
382805
382833
383361
383369
383371
383381
383395
383401
383405
383419
383423
383440
383443
383451
383467
383475
383481
383488
383501
383818
383825
383836
384273
384280
384294
384296
384335
384336
384388
384608
384631
384637
384641
384651
384653
384662
384676
384679
384687
384689
384765
385364
385369
385379
385619
385876
385911
385912
385934
385949
385964
385968
385972
385973
385976
386262
386264
386614
386634
386662
386868
386869
386871
386876
386879
386894
386912
387395
387491
387564
387660
387680
387813
387820
388039
388050
388051
388068
388119
388394
388417
388423
388424
388428
388441
388443
388462
388496
388510
388857
388862
389315
389333
389343
389365
389389
389585
389595
389624
389840
389975
389985
390432
390500
390581
390655
390657
390814
390982
391007
391043
391053
391060
391083
391308
391404
391430
391455
391467
391786
391808
391810
391812
391821
392241
392254
392264
392272
392498
392746
392839
392868
392888
393112
393290
393441
393455
393842
393858
393865
393886
393887
393922
393997
394032
394061
394368
394381
394385
394388
394398
394399
394407
394797
394802
394803
394809
394822
394823
394824
394837
394862
394873
395133
395300
395304
395309
395352
395365
395402
395407
395789
395820
395827
395850
396073
396205
396213
396271
396283
396458
396524
396615
396765
396789
396826
397024
397059
397119
397126
397135
397442
397452
397455
397456
397462
397463
397466
397804
397812
397817
397819
397823
397828
397858
397885
397925
397928
398103
398119
398337
398347
399128
399169
399223
399342
399405
399411
399412
399528
399624
399897
399931
400242
400251
400540
400557
400759
400792
400793
401029
401036
401066
401090
401190
401335
401348
401359
401373
401491
401786
401808
401814
401915
401941
402141
402144
402152
402377
402483
402810
402846
402892
403204
403217
403225
403228
403229
403236
403245
403525
403538
403541
403817
403845
403892
403907
404156
404171
404174
404213
404222
404238
404264
404361
404489
404525
404602
404704
404782
404811
404835
404885
404898
404967
405036
405044
405054
405088
405107
405398
405399
405408
405409
405416
405421
405424
405445
405486
405759
406300
406325
406329
406330
406378
406802
406804
406809
406843
406894
407261
407284
407293
407294
407659
407665
407669
407674
407677
407693
407698
407710
407714
407725
407732
407746
407796
407805
407807
408133
408136
408141
408201
408350
408355
408367
408391
408656
408657
408658
408667
408709
408733
408858
408955
409261
409263
409264
409281
409296
409340
409491
409688
409742
409749
409771
409776
410171
410172
410176
410180
410203
410211
410215
410229
410258
410265
410267
410398
410417
410691
410717
410721
410722
410725
410726
410742
411183
411640
411649
411669
411676
412039
412045
412079
412133
412156
412159
412162
412192
412256
412321
412442
412492
412521
412534
412554
412566
412625
412852
412924
413019
413080
413406
413429
413439
413744
414031
414037
414043
414045
414053
414067
414099
414387
414391
414406
414410
414411
414414
414431
414442
414447
414454
414459
414761
415033
415044
415054
415072
415116
415275
415276
415289
415328
415343
415358
415416
415465
415513
415542
415655
415696
415718
415768
415776
415785
415787
416016
416036
416281
416436
416445
416635
416659
416686
416690
416717
416725
416786
417381
417393
417437
417549
417881
417884
417908
417913
417926
417932
417935
417937
417939
417947
417965
417973
418019
418031
418039
418041
418057
418100
418101
418912
418915
418917
418931
419565
419596
420310
420322
420327
420345
420370
420375
420383
420385
420410
420480
420533
420636
420778
420789
420833
420847
420852
420854
420862
421157
421180
421446
421464
421466
421507
421512
421576
421607
421742
421769
421781
421899
422138
422182
422194
422198
422240
422370
422385
422430
422607
422631
422705
422714
422812
422978
422990
423015
423038
423069
423254
423279
423365
424287
424315
424321
424329
424337
424345
424364
424386
424390
424397
424409
424415
424420
424422
424423
424427
424435
424441
425006
425022
425033
425540
425541
425543
425551
425563
425567
425572
425595
425650
426055
426066
426078
426097
426341
426364
426371
426421
426450
426588
426626
426702
426705
427040
427056
427216
427327
427426
427593
427598
427607
427619
427652
427784
427785
427791
428104
428156
428177
428374
428398
428506
428517
428535
428536
428538
428541
428553
428557
428571
428573
428595
429378
429399
429446
429450
429536
429775
429985
429988
430005
430032
430033
430093
430099
430119
430125
430559
430627
430630
430644
430680
430687
430841
430845
430858
431148
431168
431221
431307
431637
431648
431658
431679
431706
431721
431739
431745
432243
432298
432343
432590
432593
432601
432604
432627
432649
432701
432942
432960
432966
432973
432976
433382
433413
433428
433786
434136
434137
434145
434150
434152
434160
434248
434406
434408
434412
434420
434867
434875
434967
435022
435419
435428
435440
435444
435445
435446
435449
435454
435461
435475
435476
435482
435486
435492
436040
436098
436104
436141
436385
436407
436456
436464
436812
437342
437345
437416
437927
437929
437957
438127
438208
438442
438453
438642
438657
438679
438686
438689
438881
438885
438895
439012
439015
439058
439205
439233
439451
439471
439500
439573
439612
439629
439790
1983 QB1
1991 XA
1994 TE2
1995 WY40
1996 TL34
1998 UF23
1998 WP25
1998 WG35
1999 TU82
1999 TE114
1999 VC106
1999 VE199
2000 LM22
2000 PV5
2000 QO130
2000 QR216
2000 SO83
2000 SH215
2000 TY33
2000 VR23
2001 EJ8
2001 ML31
2001 OT77
2001 OK78
2001 PU58
2001 PH67
2001 QB34
2001 QD172
2001 QL196
2001 RE41
2001 RM114
2001 RP124
2001 SU14
2001 SK34
2001 SX125
2001 SJ165
2001 SV201
2001 SR263
2001 SV355
2001 TQ149
2001 TD161
2001 UR15
2001 US135
2001 UG163
2001 UC191
2001 UA227
2001 UW228
2001 VS4
2002 CC26
2002 CM262
2002 EC163
2002 GM50
2002 MA7
2002 NT73
2002 NG76
2002 NT80
2002 OZ8
2002 PN6
2002 PM170
2002 PS186
2002 PL190
2002 PH197
2002 PC200
2002 QR3
2002 QA7
2002 QC12
2002 QE44
2002 QN66
2002 QY86
2002 QA106
2002 QF106
2002 QP126
2002 QG132
2002 QS135
2002 RV59
2002 RO85
2002 RL152
2002 RY220
2002 RW236
2002 RY240
2002 RS246
2002 RD260
2002 RM262
2002 RZ273
2002 RZ278
2002 RH289
2002 RH291
2002 RK294
2002 SR59
2002 SS72
2002 TC22
2002 TR310
2002 TC364
2002 TE377
2002 TC378
2002 TQ153
2002 TT182
2002 TU304
2002 TN310
2002 TR310
2002 TZ325
2002 TX346
2002 UD27
2002 UQ63
2002 VB58
2002 VU98
2002 XS34
2002 XT72
2002 XJ121
2002 XK121
2003 EC50
2003 FF32
2003 MF1
2003 ND
2003 NB13
2003 PB
2003 QH23
2003 QQ68
2003 RZ23
2003 ST27
2003 SN47
2003 SQ374
2003 SD119
2003 SO382
2003 SU427
2003 SU190
2003 SB232
2003 SH233
2003 SX261
2003 SO277
2003 SH323
2003 SJ340
2003 TK55
2003 UM
2003 UT3
2003 UV30
2003 UP106
2003 UO177
2003 UE214
2003 UW247
2003 UA316
2003 UD344
2003 WU194
2004 DS13
2004 ET67
2004 EF82
2004 FK5
2004 HQ8
2004 JE5
2004 PJ
2004 PP111
2004 PE114
2004 RF8
2004 RU53
2004 RO95
2004 RP108
2004 RM184
2004 RU196
2004 RW225
2004 RH299
2004 RN321
2004 RU336
2004 RM346
2004 SB44
2004 SJ53
2004 TZ2
2004 TW70
2004 TS90
2004 TB367
2004 TX179
2004 TN197
2004 TN276
2004 TA295
2004 TH336
2004 WA5
2005 AV27
2005 ET2
2005 EE47
2005 EZ144
2005 EN253
2005 GQ38
2005 GW93
2005 GW100
2005 GQ206
2005 HQ2
2005 JP117
2005 LT14
2005 LE53
2005 MC12
2005 MQ41
2005 NQ19
2005 NT79
2005 OF2
2005 OO28
2005 PQ18
2005 PF24
2005 QQ6
2005 QC9
2005 QC64
2005 QL76
2005 QS80
2005 QD81
2005 QA99
2005 QA166
2005 QB180
2005 RG33
2005 SO33
2005 SD34
2005 SG38
2005 SR41
2005 SR55
2005 ST64
2005 SD75
2005 SH76
2005 SU90
2005 SO93
2005 SQ112
2005 SS113
2005 SG150
2005 SA169
2005 SV178
2005 SN182
2005 SB202
2005 SO207
2005 SP237
2005 SE252
2005 SW277
2005 SE280
2005 SZ282
2005 TA10
2005 TX13
2005 TA26
2005 TF56
2005 TP57
2005 TG82
2005 TC91
2005 TQ105
2005 TJ106
2005 TJ137
2005 TW158
2005 TP166
2005 TX166
2005 UC
2005 UC4
2005 US56
2005 UW64
2005 UH71
2005 UB139
2005 UL152
2005 UL168
2005 UQ213
2005 UE366
2005 UX395
2005 UN397
2005 UB139
2005 UZ142
2005 UL152
2005 UY414
2005 UN427
2005 UL168
2005 UY442
2005 UN472
2005 UQ213
2005 UT222
2005 UF236
2005 UA238
2005 UQ522
2005 UY324
2005 VO45
2005 VG51
2005 VH101
2005 WS9
2005 WP14
2005 WR40
2005 WE69
2005 WE82
2005 WV91
2005 WF109
2005 WR142
2005 WT168
2005 XM28
2005 XY32
2005 YA11
2005 YA22
2005 YA47
2005 YL118
2005 YV130
2005 YA179
2005 YC238
2005 YE272
2006 AW2
2006 AG30
2006 BC11
2006 BB58
2006 BN102
2006 BO108
2006 BM114
2006 BQ118
2006 BN129
2006 BH199
2006 CN18
2006 DQ24
2006 DE28
2006 DS134
2006 DD189
2006 ES44
2006 GA19
2006 HQ14
2006 HE32
2006 HK109
2006 KN8
2006 KH45
2006 KZ60
2006 KJ62
2006 KO142
2006 OZ
2006 OB1
2006 QJ17
2006 QF30
2006 QV126
2006 QL129
2006 QC135
2006 RW
2006 RA21
2006 RD51
2006 RE62
2006 RM91
2006 SN24
2006 SW26
2006 SB36
2006 SF62
2006 ST92
2006 SC97
2006 SG361
2006 SL376
2006 SV387
2006 SL132
2006 SA135
2006 SG397
2006 SA399
2006 SW151
2006 SZ152
2006 SR165
2006 SG209
2006 SX228
2006 SE262
2006 SQ273
2006 SY294
2006 SA296
2006 SM310
2006 SY337
2006 TK96
2006 TS127
2006 UJ
2006 UC10
2006 UQ16
2006 UX23
2006 UX45
2006 UF51
2006 UN51
2006 UF72
2006 UJ360
2006 UG114
2006 UP180
2006 UF212
2006 UP213
2006 UP219
2006 UY226
2006 UY269
2006 UF290
2006 UR320
2006 VM4
2006 VM18
2006 VX72
2006 VL80
2006 VM82
2006 VF105
2006 VP107
2006 VF170
2006 WJ67
2006 WX88
2006 WS205
2006 XS5
2007 BR43
2007 CC8
2007 CD42
2007 DR58
2007 DT98
2007 DT103
2007 EP5
2007 EQ37
2007 ED79
2007 ES92
2007 EX114
2007 EC147
2007 EE147
2007 EB200
2007 EL220
2007 GW75
2007 HX94
2007 JA33
2007 KZ3
2007 PV31
2007 RR15
2007 RC24
2007 RN38
2007 RH51
2007 RD53
2007 RC97
2007 RU104
2007 RE141
2007 RS205
2007 RY215
2007 RO250
2007 RZ290
2007 RG297
2007 SO1
2007 SD9
2007 SG10
2007 SD23
2007 TR21
2007 TC25
2007 TT44
2007 TS61
2007 TS68
2007 TS112
2007 TE379
2007 TR127
2007 TL389
2007 TN151
2007 TS169
2007 TY180
2007 TK444
2007 TC446
2007 TK206
2007 TO220
2007 TZ241
2007 TN255
2007 TJ310
2007 TN331
2007 TP335
2007 UH113
2007 VD30
2007 VH38
2007 VA44
2007 VF49
2007 VY57
2007 VD67
2007 VY75
2007 VP98
2007 VW137
2007 VL153
2007 VT202
2007 VT205
2007 VW236
2007 VP243
2007 VH275
2007 VK277
2007 XL1
2007 XC12
2007 XD16
2007 XW42
2007 XO58
2007 YE74
2008 AO10
2008 AN21
2008 AE67
2008 AG81
2008 AX113
2008 AU131
2008 BS51
2008 CB11
2008 CX69
2008 CF87
2008 CR138
2008 CN159
2008 DR3
2008 DG23
2008 DQ64
2008 DR67
2008 EQ13
2008 EA14
2008 EZ36
2008 EV70
2008 EO95
2008 EA132
2008 FE23
2008 FB24
2008 FY39
2008 FA56
2008 FL101
2008 FP107
2008 FD130
2008 GD1
2008 GK24
2008 GP31
2008 GW32
2008 GE63
2008 GX103
2008 GR106
2008 GB141
2008 HZ5
2008 HR27
2008 HB54
2008 JS32
2008 KG27
2008 MR1
2008 NF5
2008 OX3
2008 OD6
2008 OP8
2008 ON13
2008 OA20
2008 OQ21
2008 OA25
2008 PN2
2008 PL3
2008 PU3
2008 PO7
2008 PR7
2008 QP13
2008 QQ23
2008 QA26
2008 QA32
2008 RE1
2008 RT30
2008 RM43
2008 RU73
2008 RG77
2008 RK78
2008 RT103
2008 RL143
2008 SB9
2008 SR16
2008 SA18
2008 SA45
2008 SQ57
2008 SF82
2008 SC91
2008 SC93
2008 SG97
2008 SP98
2008 SB115
2008 SE119
2008 SD136
2008 SL164
2008 SQ164
2008 SG172
2008 SC184
2008 SL193
2008 SC195
2008 SJ205
2008 SA206
2008 SX241
2008 SR242
2008 SF251
2008 SU260
2008 SU289
2008 SO303
2008 SB305
2008 SD309
2008 TS51
2008 TH65
2008 TE83
2008 TA89
2008 TA97
2008 TH115
2008 TX163
2008 TW180
2008 UT7
2008 UK17
2008 UA28
2008 UW39
2008 UP105
2008 UW367
2008 UB110
2008 UU126
2008 UG136
2008 UQ220
2008 UX240
2008 UB247
2008 UP247
2008 UD336
2008 UO341
2008 VV22
2008 VH30
2008 VU37
2008 VR43
2008 VK76
2008 WP8
2008 WD14
2008 WC18
2008 WB19
2008 WY40
2008 WC62
2008 WR75
2008 WH87
2008 WV93
2008 WL100
2008 WX102
2008 XN20
2008 YS15
2008 YO57
2008 YW62
2008 YL64
2008 YX79
2008 YC89
2008 YL94
2008 YZ95
2008 YZ153
2008 YF160
2009 AS
2009 AD44
2009 BO10
2009 BB33
2009 BC91
2009 BX100
2009 BS118
2009 BT133
2009 BA167
2009 BB175
2009 DP15
2009 DS24
2009 DN50
2009 DW69
2009 DA123
2009 DE134
2009 EJ29
2009 FN8
2009 FQ42
2009 FH48
2009 FF77
2009 HK22
2009 HP42
2009 HM65
2009 HX78
2009 HG95
2009 HU100
2009 JF8
2009 JC12
2009 KE23
2009 PN
2009 PS11
2009 QD12
2009 QB35
2009 QX60
2009 RH7
2009 RE12
2009 RM13
2009 RW13
2009 RW26
2009 RV27
2009 RT28
2009 RA42
2009 RH47
2009 RK53
2009 RD62
2009 RY75
2009 SB
2009 SM19
2009 SL36
2009 SQ39
2009 SX43
2009 SD51
2009 SX53
2009 SY344
2009 SD108
2009 SV116
2009 SF130
2009 SO143
2009 SO149
2009 SH150
2009 SR158
2009 SG171
2009 SD192
2009 SK196
2009 SU213
2009 SC225
2009 SJ242
2009 SL267
2009 SH280
2009 SY344
2009 TF12
2009 TG21
2009 TJ34
2009 UJ16
2009 UW68
2009 UC82
2009 UV91
2009 UR98
2009 UP129
2009 VS45
2009 VK53
2009 VU86
2009 VQ114
2009 WT25
2009 WC42
2009 WW124
2009 WG173
2009 WP245
2009 XG
2009 XB18
2009 YS5
2009 YJ12
2010 AT24
2010 AZ32
2010 AC60
2010 CC42
2010 CL165
2010 CN194
2010 DJ1
2010 DZ19
2010 DU74
2010 DX75
2010 EC135
2010 GE35
2010 GC100
2010 GP117
2010 JR71
2010 JO75
2010 JV153
2010 OW36
2010 PK
2010 PG23
2010 PV74
2010 PC76
2010 RC12
2010 RO16
2010 RZ54
2010 RC60
2010 RO62
2010 RF76
2010 RX102
2010 RG127
2010 RG145
2010 RM165
2010 RV171
2010 SA4
2010 SQ15
2010 ST21
2010 SX30
2010 TV10
2010 TB20
2010 TF86
2010 TH90
2010 TA93
2010 TL93
2010 TK112
2010 TB124
2010 TM126
2010 TR126
2010 TZ127
2010 TE155
2010 TY163
2010 TO172
2010 TQ176
2010 TK184
2010 TH187
2010 UZ7
2010 UP26
2010 VW13
2010 VC31
2010 VR97
2010 VC173
2010 VN178
2010 VJ203
2010 VG205
2010 VX205
2010 VN206
2010 VS206
2010 VU210
2010 VC213
2010 WR6
2010 WO29
2010 XO25
2010 XH73
2010 XR84
2011 AZ46
2011 AY50
2011 AE57
2011 AU60
2011 BF
2011 BF7
2011 BR17
2011 BS33
2011 BN56
2011 BU89
2011 BZ91
2011 BA92
2011 CQ3
2011 CB36
2011 CV44
2011 CH77
2011 CK87
2011 DR12
2011 DB51
2011 EQ3
2011 EX6
2011 ED23
2011 EC36
2011 EB37
2011 EK37
2011 EW37
2011 EQ51
2011 EA52
2011 FZ71
2011 FA95
2011 GJ66
2011 HS11
2011 HP34
2011 JF26
2011 KE
2011 KV2
2011 KN17
2011 KO27
2011 KM29
2011 KP33
2011 KF45
2011 LL15
2011 ND
2011 OA13
2011 OY39
2011 OC52
2011 PX
2011 PZ7
2011 QN26
2011 QB27
2011 QE27
2011 QT29
2011 QM34
2011 QF42
2011 QV88
2011 QQ91
2011 SN13
2011 SM63
2011 SJ65
2011 SM75
2011 SD80
2011 SH80
2011 SS84
2011 SA103
2011 SH111
2011 SO111
2011 SD179
2011 SV192
2011 SB215
2011 SU219
2011 SF274
2011 TY12
2011 TF14
2011 UH2
2011 UT2
2011 UC28
2011 UX63
2011 UN67
2011 UX74
2011 UM117
2011 UP119
2011 UB124
2011 UT384
2011 UW391
2011 UA138
2011 UK138
2011 UW400
2011 UE145
2011 UA152
2011 UN153
2011 UG180
2011 UU183
2011 UF186
2011 UQ204
2011 UG211
2011 UF245
2011 UY248
2011 UV282
2011 UH296
2011 US313
2011 UX336
2011 UP342
2011 UO352
2011 VB2
2011 VM6
2011 WK5
2011 WO6
2011 WR56
2011 WF71
2011 WZ88
2011 WB98
2011 WL104
2011 WU109
2011 WY144
2011 YA41
2012 AJ13
2012 BT20
2012 BY28
2012 BW72
2012 BJ100
2012 BU100
2012 BM119
2012 CM11
2012 CE44
2012 DG51
2012 DN58
2012 DB59
2012 DW69
2012 DK81
2012 EH
2012 FS37
2012 FF39
2012 FU49
2012 FA66
2012 FP67
2012 GQ25
2012 GX26
2012 HS5
2012 HQ33
2012 HW53
2012 HY66
2012 JQ
2012 JD1
2012 JE59
2012 JA61
2012 JZ63
2012 JV65
2012 KE15
2012 KQ43
2012 LD6
2012 LQ8
2012 MG3
2012 NW
2012 PC5
2012 PA31
2012 PT31
2012 PY31
2012 PM34
2012 QU38
2012 QX44
2012 RX4
2012 RC9
2012 RJ9
2012 RM11
2012 RY18
2012 RB31
2012 RL34
2012 RA35
2012 RE38
2012 RD40
2012 RL43
2012 SV14
2012 SP20
2012 SV42
2012 SQ44
2012 SD51
2012 SK53
2012 SU54
2012 SQ60
2012 TZ6
2012 TX30
2012 TM31
2012 TQ31
2012 TP35
2012 TT44
2012 TX53
2012 TO54
2012 TD65
2012 TR73
2012 TH101
2012 TC103
2012 TT104
2012 TX106
2012 TG108
2012 TU125
2012 TR136
2012 TH138
2012 TG147
2012 TE149
2012 TH161
2012 TK163
2012 TD166
2012 TE168
2012 TR168
2012 TO169
2012 TO196
2012 TY219
2012 TU230
2012 TV253
2012 TA264
2012 TK284
2012 TB291
2012 TT291
2012 TY295
2012 TU302
2012 TH309
2012 TP311
2012 UJ25
2012 UP33
2012 UF35
2012 UW43
2012 UJ74
2012 UO78
2012 UG95
2012 UU102
2012 UE103
2012 UV108
2012 UZ115
2012 UD135
2012 UK142
2012 UL167
2012 UD176
2012 VJ10
2012 VH11
2012 VN78
2012 VA87
2012 VP99
2012 VV109
2012 WA3
2012 WF24
2012 XC6
2012 XC7
2012 XJ44
2012 XZ112
2012 XB113
2012 XA152
2012 XM152
2013 AO21
2013 AR35
2013 AY55
2013 AW59
2013 AJ75
2013 AR80
2013 AY82
2013 AT89
2013 AS97
2013 AB115
2013 BS10
2013 BD34
2013 BW50
2013 BM80
2013 CZ3
2013 CT18
2013 CH34
2013 CR46
2013 CP47
2013 CX49
2013 CW53
2013 CN55
2013 CD74
2013 CZ85
2013 CE102
2013 CJ111
2013 CE115
2013 CG131
2013 CJ145
2013 CB207
2013 CU209
2013 CC213
2013 CF215
2013 CC218
2013 DW13
2013 EA1
2013 ED12
2013 EQ17
2013 EN33
2013 EH68
2013 EG76
2013 EQ81
2013 EG123
2013 FC12
2013 FO22
2013 GJ5
2013 GC22
2013 GB24
2013 GJ25
2013 GT39
2013 GX93
2013 GU94
2013 GE97
2013 GF99
2013 GB107
2013 GF130
2013 GG130
2013 GQ133
2013 HU17
2013 HN34
2013 HX38
2013 HP43
2013 HN120
2013 JP1
2013 JG3
2013 JH6
2013 JS6
2013 JH46
2013 JA48
2013 JC49
2013 JE50
2013 KU
2013 LH1
2013 MC5
2013 NC9
2013 NF12
2013 NZ20
2013 OD
2013 OY
2013 PR1
2013 PW11
2013 PF14
2013 PS17
2013 PT26
2013 PH27
2013 PH31
2013 PJ31
2013 PL32
2013 PL34
2013 PV38
2013 PD52
2013 PC53
2013 PT65
2013 PN71
2013 QM5
2013 QV6
2013 QJ12
2013 QK18
2013 QX38
2013 QD46
2013 QN48
2013 QL72
2013 QH89
2013 RD2
2013 RO8
2013 RR22
2013 RZ25
2013 RZ37
2013 RU52
2013 RR60
2013 RD63
2013 RH74
2013 RS81
2013 RY96
2013 SM15
2013 SJ19
2013 ST40
2013 SA49
2013 SB62
2013 SP69
2013 TO32
2013 TQ34
2013 TK68
2013 TB85
2013 TJ85
2013 TM89
2013 TD92
2013 TL103
2013 TF108
2013 TN128
2013 TJ129
2013 TP130
2013 TN131
2013 UO5
2013 UN13
2013 WP6
2013 WT10
2013 WH55
2013 WA68
2013 WH83
2013 XY12
2013 YQ4
2013 YK5
2013 YC17
2013 YL68
2013 YM69
2013 YR93
2013 YG126
2013 YC131
2013 YL132
2013 YF140
2014 AY18
2014 AZ31
2014 BY5
2014 BW20
2014 BO22
2014 BP24
2014 BQ35
2014 CO4
2014 CS7
2014 DQ1
2014 DN9
2014 DN15
2014 DS29
2014 DL38
2014 DB42
2014 DT70
2014 DO76
2014 DH81
2014 DQ82
2014 DF95
2014 DD105
2014 DN115
2014 DR122
2014 DC124
2014 DD128
2014 DM142
2014 ET36
2014 FG22
2014 FZ26
2014 FA65
2014 FC68
2014 GB38
2014 GL39
2014 HX36
2014 HM81
2014 HY120
2014 HP125
2014 HM142
2014 HY151
2014 HC176
2014 HV186
2014 HU189
2014 HF190
2014 JR43
2014 JK44
2014 JZ44
2014 JY47
2014 JQ59
2014 JC68
2014 KF1
2014 KR54
2014 KY56
2014 KJ80
2014 KF95
2014 KR96
2014 KR100
2014 LC3
2014 LP8
2014 LF18
2014 ML5
2014 MD21
2014 MP35
2014 MT39
2014 ME52
2014 MJ61
2014 MO62
2014 NX7
2014 NM37
2014 NQ37
2014 NY38
2014 NN56
2014 NF61
2014 NU62
2014 OJ5
2014 OL14
2014 OL19
2014 OC20
2014 OV25
2014 OP42
2014 OH44
2014 OY46
2014 OA86
2014 OS89
2014 OD93
2014 OH99
2014 OT372
2014 OY372
2014 OM380
2014 OB391
2014 OG145
2014 OR177
2014 OM179
2014 OR180
2014 OO183
2014 OH187
2014 OW191
2014 OZ193
2014 OK194
2014 OK215
2014 OL217
2014 OA220
2014 OG226
2014 OA227
2014 OZ229
2014 OJ260
2014 OX278
2014 OY304
2014 OZ337
2014 OP354
2014 PZ6
2014 PE12
2014 PY23
2014 PD28
2014 PL28
2014 PB37
2014 PC37
2014 PV42
2014 PT46
2014 PY49
2014 PZ50
2014 PL58
2014 QB1
2014 QL2
2014 QD28
2014 QQ72
2014 QH87
2014 QJ93
2014 QS370
2014 QF372
2014 QH131
2014 QU403
2014 QW406
2014 QY162
2014 QT423
2014 QD425
2014 QM433
2014 QC222
2014 QA233
2014 QN242
2014 QZ243
2014 QC281
2014 QC297
2014 QZ320
2014 QX322
2014 QU326
2014 QG330
2014 QD340
2014 QM355
2014 RZ
2014 SP83
2014 SF164
2014 SZ164
2014 SD208
2014 SM214
2014 SZ217
2014 SW220
2014 SW226
2014 SA229
2014 SS232
2014 SN240
2014 SV256
2014 SH263
2014 SO280
2014 SZ288
2014 SG290
2014 SD299
2014 SX307
2014 TM3
2014 TG4
2014 TM4
2014 TO8
2014 TP21
2014 TR47
2014 TZ55
2014 TB63
2014 TD74
2014 TZ74
2014 TX79
2014 UQ6
2014 UX15
2014 UA33
2014 UK35
2014 UN93
2014 UE104
2014 UQ107
2014 UM116
2014 UO116
2014 UJ121
2014 UT149
2014 UN170
2014 UG200
2014 UQ204
2014 UY206
2014 VQ8
2014 VY10
2014 VR18
2014 WB25
2014 WR53
2014 WV61
2014 WM66
2014 WJ94
2014 WJ356
2014 WR158
2014 WR427
2014 WH175
2014 WG190
2014 WY453
2014 WL259
2014 WC299
2014 XK12
2014 YR2
2014 YA9
2014 YT32
2014 YO35
2014 YB42
2015 AO132
2015 AJ159
2015 AT191
2015 AL193
2015 AH210
2015 AK231
2015 AV253
2015 AS261
2015 AM274
2015 BB25
2015 BD104
2015 BO135
2015 BA137
2015 BC139
2015 BV150
2015 BM444
2015 BJ449
2015 BM242
2015 BJ299
2015 BY299
2015 CN4
2015 CZ36
2015 DB31
2015 DK34
2015 DC49
2015 DU141
2015 DL145
2015 DA168
2015 DE181
2015 DC197
2015 DS199
2015 DH204
2015 EP5
2015 EW11
2015 EP12
2015 FP42
2015 FS72
2015 FW107
2015 FS123
2015 FH124
2015 FE173
2015 FC194
2015 FT237
2015 FZ310
2015 FX333
2015 GL13
2015 GP18
2015 GV31
2015 GJ37
2015 GV42
2015 HC9
2015 HN155
2015 HR155
2015 KH32
2015 KT33
2015 KF42
2015 KJ52
2015 KC92
2015 KC128
2015 KR144
2015 LU4
2015 LV13
2015 MD57
2015 MD64
2015 ME80
2015 MG87
2015 NT2
2015 NK6
2015 OM21
2015 OC36
2015 OL66
2015 OK68
2015 PR
1994 RV1
1995 OL9
1996 TF28
1997 NR5
1997 SB12
1998 QO59
1998 SM20
1998 UK2
1999 TQ41
1999 UY30
1999 VC122
1999 VF175
2000 GM39
2000 GD151
2000 KA45
2000 QU34
2000 QC210
2000 SU360
2000 TX13
2000 WE81
2001 FY203
2001 FE206
2001 FV213
2001 FP218
2001 FX219
2001 FE222
2001 HU16
2001 QW121
2001 QW167
2001 RJ10
2001 SV184
2001 SU196
2001 TC254
2001 UF71
2001 UW102
2001 UR142
2001 UA228
2001 YH13
2002 AD74
2002 AR146
2002 GG60
2002 JQ48
2002 JD149
2002 KZ11
2002 NA75
2002 PC177
2002 QH71
2002 QD93
2002 QP95
2002 QD112
2002 QH132
2002 QV141
2002 RX210
2002 RR275
2002 RG276
2002 RT290
2002 SG65
2002 TO94
2002 TC366
2002 TF305
2002 TM306
2002 UL67
2002 WJ24
2002 WM25
2002 XO120
2003 GO24
2003 QA15
2003 QV83
2003 QX102
2003 SB73
2003 SH394
2003 SO135
2003 SE413
2003 SV182
2003 TV4
2003 UV403
2003 US353
2003 VH7
2003 XM34
2004 FY16
2004 GQ61
2004 PY30
2004 RM266
2004 RH283
2004 RL314
2004 SU24
2004 TW358
2004 VA17
2005 AF34
2005 NA10
2005 NB12
2005 NQ101
2005 PW27
2005 QX38
2005 QE121
2005 QT133
2005 QY152
2005 SD128
2005 SB139
2005 SV145
2005 SM157
2005 SX157
2005 TK65
2005 TW69
2005 TZ159
2005 UT6
2005 UV32
2005 UM86
2005 UL87
2005 UZ101
2005 UA367
2005 UU122
2005 UD146
2005 UQ406
2005 UX146
2005 UA182
2005 UK202
2005 UT470
2005 UX477
2005 UA224
2005 UR234
2005 UO237
2005 UF248
2005 UL258
2005 UV290
2005 UX306
2005 UP307
2005 VM10
2005 VA36
2005 VJ39
2005 VT86
2005 VY106
2005 WK8
2005 WS30
2005 WR80
2005 WB119
2005 XU42
2005 XF109
2005 YN20
2005 YP132
2005 YU186
2006 AA90
2006 BX34
2006 BL119
2006 BG121
2006 BV134
2006 DY55
2006 DB56
2006 DZ106
2006 DE171
2006 EM27
2006 GN5
2006 GK9
2006 HG51
2006 HJ71
2006 KV54
2006 KH59
2006 KP62
2006 KR76
2006 ML3
2006 PE2
2006 QX16
2006 QZ23
2006 QX52
2006 QZ69
2006 QN70
2006 QS120
2006 QP168
2006 RB20
2006 RW40
2006 RT64
2006 RY116
2006 SY79
2006 SY376
2006 SQ395
2006 ST157
2006 SN244
2006 SQ255
2006 SO266
2006 SZ267
2006 SJ282
2006 SF311
2006 SJ319
2006 SK348
2006 TS39
2006 TE57
2006 TB85
2006 TK89
2006 TU126
2006 TC128
2006 UV43
2006 UE119
2006 UC154
2006 UF263
2006 UU282
2006 UM289
2006 VT14
2006 VQ25
2006 VR28
2006 VO137
2006 VD144
2006 WK26
2006 WV28
2006 WM59
2006 WW115
2006 WJ122
2006 WP203
2006 XC30
2007 BZ1
2007 BB31
2007 CU14
2007 CB67
2007 CO69
2007 ER40
2007 GO1
2007 GS75
2007 HT14
2007 HL74
2007 HT88
2007 JE31
2007 JM41
2007 MS16
2007 RG72
2007 RU84
2007 RD96
2007 RK112
2007 RZ114
2007 RX116
2007 RY128
2007 RX149
2007 RF256
2007 RG300
2007 TB29
2007 TU53
2007 TN56
2007 TY108
2007 TT111
2007 TY373
2007 TF376
2007 TW377
2007 TR135
2007 TB159
2007 TJ429
2007 TH432
2007 TZ179
2007 TM444
2007 TB191
2007 TL200
2007 TB211
2007 TO268
2007 TT275
2007 TE279
2007 TV301
2007 TH338
2007 UD25
2007 UD56
2007 US61
2007 UL67
2007 UW73
2007 UJ138
2007 UJ139
2007 VE14
2007 VZ78
2007 VE114
2007 VA122
2007 VW139
2007 VP189
2007 VT201
2007 VS322
2007 WD18
2007 YY68
2008 CO108
2008 DM19
2008 DJ39
2008 DJ47
2008 EM162
2008 FL12
2008 FB34
2008 FU41
2008 FD75
2008 FP131
2008 GC5
2008 GW7
2008 GK12
2008 GM20
2008 GR77
2008 GO86
2008 GY114
2008 KE21
2008 LE
2008 LT4
2008 LD5
2008 PM4
2008 PW12
2008 PO17
2008 QO5
2008 RC1
2008 RG43
2008 RS63
2008 RJ80
2008 RT83
2008 RZ111
2008 RC134
2008 SL6
2008 SX6
2008 SH24
2008 SS41
2008 SL44
2008 SZ45
2008 SN46
2008 SK51
2008 SO94
2008 SP146
2008 SQ197
2008 SR204
2008 SB287
2008 TV2
2008 TT14
2008 TH15
2008 TP29
2008 TV54
2008 TB71
2008 TD98
2008 TV102
2008 TD107
2008 TC120
2008 US17
2008 UU63
2008 UA81
2008 UD129
2008 UA152
2008 UD184
2008 UN185
2008 UR260
2008 UH264
2008 UC270
2008 UF283
2008 UQ307
2008 UU308
2008 UZ322
2008 VF16
2008 VM39
2008 WY5
2008 WP130
2008 XF4
2008 XT35
2008 YG9
2008 YM12
2008 YX17
2008 YB50
2008 YK98
2008 YC121
2008 YE171
2009 AV43
2009 BJ28
2009 BC52
2009 BM78
2009 BC87
2009 BZ115
2009 BD119
2009 BE141
2009 BE153
2009 BU180
2009 CX16
2009 CJ17
2009 CF19
2009 DE19
2009 DG44
2009 DX66
2009 DK86
2009 DA93
2009 HK84
2009 KA9
2009 PQ10
2009 QJ11
2009 QE29
2009 QD60
2009 RB12
2009 RN67
2009 SQ17
2009 SC28
2009 SG51
2009 SW62
2009 SW175
2009 SU180
2009 SZ201
2009 SC202
2009 SJ251
2009 SA260
2009 ST279
2009 SW309
2009 SJ341
2009 TS25
2009 UF7
2009 UJ70
2009 WS30
2009 WE36
2009 WS42
2009 WK79
2009 WB83
2009 WS96
2009 WY98
2009 WM138
2009 WN138
2009 WP158
2009 WW180
2009 WL182
2009 WO184
2009 WT234
2009 XP10
2009 XB11
2009 XK11
2010 AD11
2010 AO51
2010 AR84
2010 AL125
2010 AM130
2010 BX10
2010 BV33
2010 BS44
2010 BO47
2010 BB75
2010 BT79
2010 CF4
2010 CV46
2010 CY58
2010 CT203
2010 DV43
2010 DQ56
2010 DK79
2010 EN90
2010 EB114
2010 ED148
2010 FL95
2010 FN117
2010 GM12
2010 GJ17
2010 GN46
2010 HS55
2010 HQ99
2010 HY113
2010 JZ16
2010 JB26
2010 JR40
2010 JJ52
2010 JW71
2010 JE143
2010 JS146
2010 KV93
2010 KK109
2010 KK113
2010 LX8
2010 LC53
2010 LQ125
2010 MP25
2010 ML49
2010 MH59
2010 MP81
2010 MK105
2010 NT11
2010 NA42
2010 NR46
2010 NA50
2010 NR64
2010 NZ89
2010 OR14
2010 OL47
2010 OU67
2010 OX67
2010 OD91
2010 OL94
2010 PB8
2010 PV20
2010 PD36
2010 PK68
2010 RC69
2010 RK71
2010 RP82
2010 RQ97
2010 RP121
2010 RO133
2010 RS133
2010 RP134
2010 RJ140
2010 TQ4
2010 TH16
2010 TU26
2010 TD44
2010 TS44
2010 TN93
2010 TF104
2010 TF107
2010 TJ107
2010 TA185
2010 UZ48
2010 UN61
2010 UX107
2010 VS58
2010 VB88
2010 VU190
2010 WS4
2010 YT2
2011 BU7
2011 BA9
2011 BT36
2011 BG51
2011 BW58
2011 BS64
2011 BW93
2011 BA107
2011 BN109
2011 BW109
2011 BD110
2011 BB112
2011 BO113
2011 BF114
2011 BS137
2011 CA19
2011 CY50
2011 CO77
2011 CB79
2011 CA91
2011 DH2
2011 DW5
2011 DQ33
2011 EV6
2011 EP25
2011 EE48
2011 EP81
2011 FB55
2011 FR62
2011 FX142
2011 GR10
2011 GA49
2011 GV51
2011 GG81
2011 HC23
2011 HQ89
2011 HF101
2011 KO18
2011 KV23
2011 LO21
2011 ND2
2011 OC8
2011 OP42
2011 OQ59
2011 PK
2011 PJ2
2011 PW10
2011 QX18
2011 QP28
2011 QU43
2011 QP57
2011 QU71
2011 RX6
2011 RW9
2011 RB16
2011 SQ9
2011 SV31
2011 SR39
2011 SK62
2011 ST64
2011 SS65
2011 SY74
2011 SR110
2011 SP136
2011 SK153
2011 ST163
2011 SG170
2011 SV207
2011 SF210
2011 SJ210
2011 ST250
2011 SU274
2011 UJ5
2011 UC41
2011 UT97
2011 UO361
2011 UF104
2011 UX399
2011 UX159
2011 UU191
2011 UT205
2011 UP217
2011 UD266
2011 UK266
2011 UR301
2011 UP315
2011 UO324
2011 VS11
2011 WQ11
2011 WN40
2011 WG54
2011 WN64
2011 WM82
2011 WL144
2011 WJ148
2012 BH148
2012 CX1
2012 CE16
2012 DL2
2012 DB3
2012 DU4
2012 DD41
2012 DH41
2012 DO50
2012 FY7
2012 FQ11
2012 FV57
2012 HM50
2012 JZ9
2012 JT45
2012 KW20
2012 KR36
2012 PX9
2012 PR12
2012 PQ15
2012 PS24
2012 PV26
2012 PL29
2012 RY3
2012 RC20
2012 RQ21
2012 RV29
2012 RX31
2012 SG39
2012 SQ48
2012 TV24
2012 TN34
2012 TX41
2012 TT43
2012 TH54
2012 TT54
2012 TW87
2012 TZ127
2012 TV149
2012 TD169
2012 TZ197
2012 TB198
2012 TD199
2012 TP207
2012 TQ237
2012 TP245
2012 TE253
2012 TU255
2012 TR280
2012 TN290
2012 TM309
2012 TK311
2012 UM5
2012 UK12
2012 UG59
2012 UZ72
2012 UU105
2012 UD111
2012 UB114
2012 UE147
2012 UB148
2012 VJ9
2012 VJ13
2012 VN49
2012 VH58
2012 VV66
2012 VC69
2012 WK33
2012 XA9
2012 XD15
2012 XP19
2012 XA29
2012 XY47
2012 XL50
2012 XV56
2012 XK61
2012 XE126
2013 AJ14
2013 AL38
2013 AK71
2013 AL78
2013 AR82
2013 AT113
2013 AA181
2013 BE12
2013 BA29
2013 CF111
2013 CT150
2013 CP174
2013 EW16
2013 ED19
2013 EQ64
2013 EP83
2013 EE106
2013 FH13
2013 GY72
2013 GQ101
2013 GH102
2013 HR13
2013 HF29
2013 HT33
2013 HO35
2013 HB36
2013 HC36
2013 HW36
2013 HG39
2013 HO40
2013 HK43
2013 HU44
2013 HL48
2013 HQ62
2013 HT62
2013 HY65
2013 HP71
2013 HV85
2013 HW92
2013 HB93
2013 HF94
2013 HB97
2013 HC106
2013 HG108
2013 HZ120
2013 HG121
2013 HD122
2013 HH129
2013 JJ2
2013 JF30
2013 JQ54
2013 JM58
2013 KG5
2013 LG10
2013 LV10
2013 MH8
2013 MK10
2013 MU10
2013 NF10
2013 NZ21
2013 NA23
2013 NB24
2013 PD9
2013 PY13
2013 PB15
2013 PW17
2013 PJ18
2013 PL21
2013 PF22
2013 PU29
2013 PO34
2013 PQ35
2013 PA48
2013 PT68
2013 QB8
2013 QS13
2013 QD19
2013 QU34
2013 QF38
2013 QP46
2013 QZ48
2013 QV70
2013 RD3
2013 RM50
2013 SL11
2013 SS15
2013 SW23
2013 SK24
2013 SA31
2013 SM31
2013 TB70
2013 TW85
2013 TY91
2013 TN98
2013 TK115
2013 TO140
2013 WA1
2013 WB8
2013 WG20
2013 WN21
2013 WC37
2013 WS90
2013 WC92
2013 XF3
2013 XE10
2013 XC15
2013 XS24
2013 YS9
2013 YU17
2013 YX66
2013 YQ101
2013 YP110
2013 YL113
2013 YB127
2014 AS15
2014 BR62
2014 CG1
2014 CQ8
2014 DS18
2014 DG20
2014 DB28
2014 DV55
2014 DR83
2014 DG87
2014 DJ115
2014 DC137
2014 EY47
2014 FC42
2014 FX62
2014 GT6
2014 GA15
2014 GN29
2014 HD
2014 HV5
2014 HE14
2014 HC25
2014 HE30
2014 HH34
2014 HC41
2014 HC42
2014 HR42
2014 HE64
2014 HR79
2014 HF85
2014 HV89
2014 HE98
2014 HL125
2014 HH129
2014 HJ152
2014 HE159
2014 JX18
2014 JB20
2014 JG21
2014 JA32
2014 JX32
2014 JM50
2014 JR65
2014 JB68
2014 JY75
2014 KS2
2014 KW13
2014 KP25
2014 KS32
2014 KP52
2014 KQ70
2014 KV93
2014 KN96
2014 LE6
2014 LK7
2014 LU19
2014 MK40
2014 MC59
2014 NG8
2014 NC33
2014 NJ45
2014 NS62
2014 OK10
2014 OG12
2014 OO18
2014 OK33
2014 OW35
2014 OR36
2014 OU36
2014 OK42
2014 OB43
2014 OS50
2014 OC84
2014 OZ96
2014 OM106
2014 OM112
2014 OP377
2014 OJ126
2014 OF132
2014 OH136
2014 OV158
2014 OB159
2014 OP160
2014 OT163
2014 OD170
2014 OD171
2014 OH171
2014 OF174
2014 OE202
2014 OE206
2014 OO214
2014 OJ215
2014 OJ219
2014 OW225
2014 OT242
2014 OP246
2014 OJ312
2014 OP325
2014 OL343
2014 PD8
2014 PN12
2014 PR15
2014 PX57
2014 PG65
2014 QZ21
2014 QT34
2014 QE39
2014 QZ58
2014 QK64
2014 QO77
2014 QL364
2014 QD374
2014 QL375
2014 QY117
2014 QO379
2014 QQ387
2014 QA389
2014 QC417
2014 QQ173
2014 QB177
2014 QA178
2014 QW208
2014 QU226
2014 QD232
2014 QE242
2014 QV299
2014 QD302
2014 QX308
2014 QD314
2014 QJ354
2014 RU2
2014 RR5
2014 RR35
2014 SK1
2014 SP89
2014 SM96
2014 ST129
2014 SP160
2014 SE162
2014 SF251
2014 SF291
2014 SH291
2014 SG318
2014 SB323
2014 SD332
2014 ST332
2014 SQ334
2014 SL347
2014 TK13
2014 TE60
2014 UX5
2014 UM8
2014 UV16
2014 UZ162
2014 UN167
2014 UJ196
2014 WF13
2014 WQ20
2014 WL21
2014 WC47
2014 WF88
2014 WF112
2014 WG388
2014 WZ138
2014 WX143
2014 WM179
2014 WG445
2014 WR445
2014 WO239
2014 WH263
2014 WD266
2014 WP268
2014 WB271
2014 WZ271
2014 WJ356
2014 YN19
2015 AP3
2015 AK18
2015 AQ36
2015 AQ53
2015 AT79
2015 AN89
2015 AK174
2015 AA196
2015 AV205
2015 AD210
2015 AM247
2015 AM252
2015 AU258
2015 BD7
2015 BZ38
2015 BG54
2015 BJ62
2015 BP70
2015 BR73
2015 BL85
2015 BT103
2015 BN368
2015 BL110
2015 BE112
2015 BR378
2015 BE120
2015 BA141
2015 BG145
2015 BN147
2015 BX177
2015 BT438
2015 BX179
2015 BG184
2015 BG452
2015 BO456
2015 BL205
2015 BG480
2015 BB224
2015 BO484
2015 BE232
2015 BV233
2015 BG237
2015 BO237
2015 BZ237
2015 BZ498
2015 BZ243
2015 BY245
2015 BL246
2015 BH247
2015 BE251
2015 BH254
2015 BX257
2015 BP258
2015 BB260
2015 BD261
2015 BT345
2015 CM7
2015 CN23
2015 CC43
2015 CF49
2015 CV55
2015 DY94
2015 DL119
2015 DG204
2015 EC4
2015 ER5
2015 EU6
2015 ET63
2015 FG90
2015 FU140
2015 FZ158
2015 FL293
2015 FL306
2015 GP3
2015 GN35
2015 GH37
2015 GA38
2015 GL40
2015 GM40
2015 HV15
2015 HY27
2015 HO78
2015 HY85
2015 HP86
2015 HF90
2015 HE92
2015 HJ93
2015 HS93
2015 HG94
2015 HE117
2015 HG120
2015 HZ146
2015 HO163
2015 JH9
2015 KE3
2015 KQ25
2015 KA30
2015 KH31
2015 KS38
2015 KN52
2015 KY73
2015 KG103
2015 KX116
2015 KM125
2015 LZ33
2015 LM35
2015 MZ25
2015 MZ46
2015 MJ56
2015 MU62
2015 MN84
2015 MB86
2015 MR87
2015 MK88
2015 OD14
2015 OB28
2015 OQ29
2015 OQ44
2015 OA74
2015 OS75
2015 PZ40
2015 PA45
2015 PQ45
2015 PQ47
2015 PL50
4198 P-L
6013 P-L
