id
19
435
644
1782
1932
2153
2418
2489
2597
2628
2718
2886
2921
2973
3179
3241
3466
3952
4515
4637
4642
4821
5009
5228
5305
5439
5539
5566
5609
5680
5733
5974
6332
6387
6656
6805
7314
7420
7537
7714
7746
7865
7978
8011
8172
8189
8491
8522
8662
8700
8762
8766
8786
9025
9126
9422
9443
9578
9724
9811
9849
10241
10338
10434
10598
10904
10910
11085
11091
11300
11347
11519
11624
11717
12014
12129
12825
13389
13540
13549
13666
13791
13829
13965
14346
14755
14760
14771
14782
15313
15399
15588
15620
15714
15769
15823
15896
16124
16177
16306
16692
17052
17186
17471
17477
17547
18320
18371
18546
18608
18852
19798
19988
20071
20172
20288
20548
21159
21507
21737
21826
22534
22592
22773
22988
23245
23256
23332
23516
23578
23671
23683
24055
24129
24565
24876
24905
24937
25189
26045
26409
26415
26614
26681
26862
26880
27319
27471
27869
28115
28161
28427
28438
28652
28675
28684
28745
28874
29287
29371
29375
29456
29500
29644
29880
30036
30038
30761
31196
31419
31861
31919
32217
32833
32920
33083
33431
33696
33783
33965
34181
34965
34968
35163
35397
35694
35757
35822
35843
36089
36615
36909
37376
37528
37738
38252
38297
38644
39104
39727
39800
39930
40180
41540
41695
41834
42054
42136
42137
42622
42736
43858
44356
44658
44669
44908
44941
45918
46228
46627
46691
46991
47639
47731
48406
48513
48517
48766
49134
49501
49608
49613
49708
49881
49886
50466
50471
50524
50709
50869
51105
51117
51451
51606
51972
51975
52014
52040
52145
52358
52683
52772
52961
53586
53638
53677
54918
55026
55027
55160
55255
55412
55467
55628
56275
56809
57420
57757
58225
58302
58311
58348
58352
58369
58377
58540
58587
58662
58881
58983
59082
59168
59211
59242
59255
59271
59297
60001
60209
60515
60713
61188
61323
61485
61505
61552
61554
61771
61900
62206
62402
63309
63316
63328
63560
64032
64188
64435
64512
64812
64986
65115
65214
65268
65405
65515
66259
66428
67571
67638
67892
68229
68438
68483
68543
68561
68618
68628
69481
69528
69686
69923
70272
70359
71006
71527
71571
71591
71789
72076
72112
72179
72201
72265
72295
72575
72910
72936
73214
73311
73402
73584
73664
73739
73848
73851
73906
74593
75039
75118
75389
75439
75877
76012
76051
76637
77103
77104
77393
77423
78423
78625
78993
79023
79033
79332
79367
79619
79678
80314
80538
80653
80696
80781
80790
80848
81188
81332
81707
82096
83035
83521
83950
84406
85059
85601
85776
86222
86312
86424
86481
86562
86712
86754
86893
88056
88374
88455
89175
90151
90248
90865
91401
91916
91978
93118
93349
94494
94598
95029
95189
95731
95885
96035
96422
96522
96564
96646
96673
96706
96900
97349
97491
97511
97626
97681
97703
97706
97895
97918
98179
98271
98307
98425
98511
99443
100826
100843
101526
102333
102725
103751
104071
104145
105902
106099
106162
106663
106921
107001
107191
107233
107272
107276
107401
107411
107421
107487
107676
107700
107705
107770
108092
108449
109520
110248
110830
111296
111494
111650
111782
111998
112056
113788
113882
114546
116027
116320
116575
116591
116732
117037
117599
117680
117883
118041
118049
118137
118183
118364
118388
118422
118528
118534
118555
118587
118590
119328
120005
120048
120284
120756
121015
121168
121171
121591
121900
122018
122129
122397
122835
123166
123658
124021
124102
124305
124534
124550
124564
125161
125165
125213
125453
125609
125618
125750
125831
125992
126076
126466
126474
126493
126781
126879
127046
127304
127380
127416
127670
127943
128045
128127
128906
128994
129157
129396
129599
129604
129735
130052
130614
130635
130712
130986
131290
131374
131796
131802
131805
131829
131837
131845
131864
131869
131907
131931
131970
131974
132011
132033
132040
132067
132144
132166
132169
132223
132250
132268
132319
133939
134079
134416
134773
135302
135544
135824
136227
136421
136628
136641
136880
137027
137198
137647
137648
137696
137784
137869
137874
137920
138019
138050
138737
139083
139237
139277
139311
140142
140786
140879
141409
141452
141660
141824
141863
142006
142474
142478
142666
142852
142892
143025
143284
143628
143956
144916
145394
145471
145762
146003
146019
147276
147460
147476
147496
147557
147616
147784
147828
148119
148144
148223
148276
148685
148723
149133
149218
149356
149366
149629
149699
149751
150204
150859
151028
151030
151046
151222
151559
151673
151697
151720
151910
152467
152514
152753
152900
152953
154050
154437
154474
154743
154758
154770
154799
155074
155429
156811
156851
157174
157278
157434
157546
157580
157855
158295
158315
158387
158666
158667
158706
158794
158915
158965
159194
159202
159353
159453
159593
159749
159768
160219
160796
160976
161263
161624
161937
161941
162019
162682
162701
163142
163180
163438
163637
164131
164345
164425
164701
165235
165263
165310
165364
165691
166008
166023
166057
166133
166166
166199
166243
166693
166911
166939
167538
167835
167860
168373
168406
168512
168687
168829
168963
169011
169483
169533
169597
170292
170428
170964
170971
171082
171279
171337
171561
171570
172144
172274
172712
172825
172928
173219
173606
173641
173662
174183
174903
175150
175375
175432
175523
175859
175863
176610
176853
177133
177197
177670
177672
177840
179680
179912
180248
180337
180544
180770
180782
181449
181817
181972
182422
182672
182897
183123
183150
183600
183633
183634
183705
183829
183866
183879
183899
183958
184290
184305
184324
184577
185068
185191
185336
185406
185568
185955
186518
186729
186838
187177
187322
187548
187977
188002
188374
188582
188869
189692
190176
190611
190658
190813
190902
191069
191336
191362
191953
191989
192138
192189
192717
193081
193874
194351
194632
194637
194764
194802
194806
194894
195039
195414
195511
195679
195845
196187
196201
196232
196398
197089
197511
197757
197877
198045
198092
198148
198702
198966
199294
199309
199526
199849
199916
199969
200809
200866
200929
200974
200984
201058
201264
202073
202088
202125
202407
202448
202480
202499
202622
202899
202941
203274
203286
203361
203458
203552
203617
203872
204175
204371
204428
204498
204857
204996
205214
205508
205516
205534
205540
205542
205734
205999
207006
207013
207122
207186
207522
207630
207720
208145
208615
208795
209031
209077
209081
209184
209195
209248
209377
209656
209679
209996
210287
210333
210859
211003
211058
211739
211957
211960
211995
212134
212349
212817
212840
212871
212968
213494
213544
213653
213771
214168
214232
214549
214568
214646
214857
215231
216430
216452
216735
216784
217018
217276
217280
217577
217723
217976
218517
218599
218885
218933
218948
219603
220355
220529
220588
221021
221044
221045
221237
222070
222211
222257
222636
222852
223129
223451
223551
223570
223979
224063
224104
224819
225038
225174
225223
225267
225396
226629
227192
227266
227320
227417
227464
227738
227811
227889
227900
228305
228761
228821
228830
228914
229190
229323
229449
229456
229460
229468
229727
229976
230216
230285
230628
231394
231480
231827
232010
232054
232082
232385
232834
233205
233355
234072
234161
234260
234586
234591
235679
235757
236097
236287
236299
236340
236961
237217
237524
237742
237825
238175
238199
238333
238925
239013
239221
239445
239528
239748
239789
240629
240725
240849
240906
242375
242816
242829
242950
243438
243548
244259
244264
244657
244858
245037
245208
245301
245486
245512
245685
245813
245943
246277
247453
248490
248613
249581
250087
250889
251109
251386
251404
252194
252213
252719
252770
253747
253891
254292
254472
254502
254541
254612
254627
255175
255878
255883
256597
256632
256703
256991
257163
257218
257248
257308
257667
257763
258186
258276
258784
259730
259949
260031
260474
260492
260506
260679
261209
261239
261326
261768
261904
261956
262095
262950
263076
263230
263267
263308
263522
263621
264067
264410
264798
264936
264959
265268
265276
265279
265804
266008
266090
266238
266462
266674
266755
268016
268218
268401
268499
268529
268804
268888
269009
269088
269131
269225
269557
269834
269921
270125
270730
270890
270930
271335
271386
271516
272140
272236
272273
272709
272883
273066
273358
273388
273441
273446
273602
273604
273658
273675
273723
273745
274908
275098
275176
275397
276211
277399
278107
278124
278193
278437
278507
279304
279811
280797
280811
281311
281543
282853
284358
284452
285007
285407
285515
286156
286374
286434
286470
287455
287569
288728
289096
289119
289461
289464
289510
289601
289646
290356
290457
290656
290979
291053
291137
291138
291144
291565
291568
291819
292024
292126
292130
292898
293068
293118
293588
293773
293782
294100
294506
294577
294712
294822
294923
294931
294987
295400
295482
295556
295809
295832
296053
296116
296214
296303
296360
296879
296940
297878
298804
299045
299406
299430
299442
299519
299607
299692
300153
301128
301176
301182
301358
301735
302345
302446
303239
303426
303443
303451
303671
304046
304660
304811
305171
305730
305750
305774
305822
305837
306076
306559
306998
307876
308044
308203
308687
309422
309460
309764
310675
310696
311001
311265
311277
311288
311747
312101
312504
312524
312947
312996
312999
313686
313797
314100
314135
314140
314141
314178
315268
315403
315417
315460
315560
315799
316052
317266
317416
318316
318470
318532
318657
318681
319258
319658
320079
320445
320544
320721
320773
321260
321299
321315
322334
322362
322481
323030
323354
323628
324959
324966
324995
325077
325844
325845
326102
326484
327204
327453
327547
327775
328107
328134
328167
328187
328771
329052
329926
330535
330776
331366
331821
332334
332448
332662
332876
333088
333120
333195
334697
334985
335347
335426
335698
336096
336750
336767
337225
337690
337810
337816
338048
338181
338403
338475
339170
339311
339594
339596
339814
339874
339947
339998
340146
340203
340888
340947
340981
341002
341812
341833
341987
342717
342913
343340
343796
344427
344428
344525
345218
345358
345425
345446
345608
345804
346160
346517
346524
346573
346849
348528
348706
348730
349002
349110
349680
349853
350474
350706
350785
350823
351309
351734
351965
352028
352508
352771
352788
352807
352825
353315
353983
355074
355110
355421
355829
355975
355977
356006
356007
356140
356505
357227
357301
357959
358166
358596
359055
359154
359159
359233
359504
359629
360150
360790
361460
361544
361601
361772
362095
362118
362298
362443
362636
362743
363240
363739
363754
364951
365648
367289
367904
368106
368174
369033
369912
371056
371480
371500
371583
371590
371602
371960
372187
372312
372988
373231
373994
374019
374423
374631
374912
375163
375179
375350
375561
375737
375819
376092
376259
376324
376428
377082
378120
378244
378412
379118
379202
379541
380501
381126
381635
382664
383090
383157
383158
383344
383377
383421
383486
383545
383556
383679
384620
385754
385996
386039
386067
386069
386132
386320
386402
386682
386695
388110
388118
388140
389009
389386
389403
389743
390180
390520
390595
391130
391167
391434
391442
392755
392972
393184
393328
394030
394031
394103
394122
394801
394888
394978
395183
395734
395747
396154
396521
396727
396974
397191
397510
397841
397888
397931
397968
398345
398704
398859
398985
399088
399112
399420
399688
399978
399996
400510
400770
400815
400817
401628
401906
402755
402998
403272
403293
403831
404322
404432
405203
405341
405684
405823
405913
406582
406840
406869
406998
407694
408170
408283
408736
409087
409383
409389
409732
409816
410016
410129
410217
410263
410311
410406
410433
410752
410836
411696
412327
412802
412979
413311
413403
413411
413465
413893
414091
414105
414181
414353
414528
414733
415269
415355
415477
415500
415625
415838
415875
416957
417712
418125
418128
418254
418972
419530
421221
421481
421846
421852
422053
422534
422908
423158
423159
423502
423972
424569
425126
425522
425707
426112
426414
426681
426717
427546
427702
427858
428121
428235
428291
428590
428980
429159
429485
429491
429805
431016
431675
431735
432671
432672
432685
432953
434485
434807
435092
435500
435930
436468
437889
438406
439510
1993 TL6
1995 SO44
1999 HG12
1999 TB72
2001 FA126
2001 RQ97
2002 EM24
2002 EA48
2002 QZ72
2002 QY78
2002 QD147
2003 FH39
2003 GJ37
2003 UU335
2004 EX28
2004 GP34
2004 RA167
2004 ST7
2004 TP44
2004 TA191
2005 AB44
2005 CN17
2005 ES197
2005 EZ296
2005 GM15
2005 GC45
2005 GW55
2005 GD177
2005 GN203
2005 JN32
2005 NC115
2005 QP119
2005 SU43
2005 ST85
2005 SZ139
2005 SB186
2005 TP130
2005 UK85
2005 UW402
2005 UD461
2005 UF211
2005 UC521
2005 UL529
2005 UD306
2005 WD27
2005 WX49
2005 XZ39
2005 XC61
2005 XV61
2005 YU45
2005 YW100
2005 YT187
2005 YA216
2006 AC29
2006 AR35
2006 AN50
2006 AL76
2006 BE140
2006 BU153
2006 BA182
2006 CR26
2006 CU38
2006 DY24
2006 DQ26
2006 DM93
2006 DX98
2006 DZ211
2006 EK6
2006 HE2
2006 HF79
2006 HP112
2006 RQ75
2006 RS119
2006 SN114
2006 SG116
2006 ST182
2006 TS29
2006 UT34
2006 UC268
2006 UR322
2006 VO46
2006 WU95
2006 WM106
2006 WX110
2006 WL180
2007 DA75
2007 EO2
2007 EJ17
2007 EQ19
2007 EM49
2007 EO131
2007 EG179
2007 ET192
2007 FT33
2007 GG59
2007 HJ94
2007 JA8
2007 JY44
2007 RK156
2007 RR258
2007 RK260
2007 RL301
2007 RN308
2007 TF33
2007 TO59
2007 TV422
2007 TV353
2007 UA72
2007 UN87
2007 UO89
2007 VU84
2007 VC131
2007 VR164
2007 VM230
2008 AZ73
2008 AT87
2008 AV101
2008 CE34
2008 CU162
2008 CJ198
2008 EH21
2008 EB119
2008 EL158
2008 FB80
2008 GN29
2008 GX34
2008 GL52
2008 HK9
2008 HV16
2008 SX20
2008 SJ35
2008 SZ52
2008 SM96
2008 SV106
2008 TE16
2008 TO20
2008 TM25
2008 TH30
2008 TM76
2008 TW168
2008 UR24
2008 UL26
2008 UF130
2008 UN135
2008 UV174
2008 UZ177
2008 UC284
2008 UF345
2008 UO354
2008 WH19
2008 WT33
2008 WY39
2008 WG115
2008 WG130
2008 YH31
2008 YC140
2008 YO142
2008 YB146
2008 YL153
2008 YU153
2008 YP165
2009 BP15
2009 BY49
2009 BP103
2009 BB123
2009 BW147
2009 BM183
2009 CJ25
2009 CN28
2009 DO2
2009 DQ18
2009 DW50
2009 EB23
2009 FO14
2009 FL58
2009 KH33
2009 RY51
2009 SW34
2009 SE130
2009 SE130
2009 SY211
2009 UN52
2009 UY86
2009 WB36
2009 WY78
2009 WG127
2009 WP168
2009 WU260
2009 XK1
2009 YU5
2010 CG100
2010 CW148
2010 DE74
2010 ET120
2010 GH98
2010 RY60
2010 RT172
2010 TU29
2010 TE39
2010 TW81
2010 TG124
2010 VT171
2010 WW2
2010 WS24
2010 WH52
2010 XF51
2011 AR56
2011 AZ68
2011 BC2
2011 BQ23
2011 BA89
2011 BM111
2011 BM115
2011 CF54
2011 CX63
2011 CH86
2011 DX44
2011 EK5
2011 EG7
2011 EH35
2011 EX39
2011 EQ66
2011 EJ67
2011 EN67
2011 FJ11
2011 FX82
2011 GC45
2011 OD8
2011 QO71
2011 SW170
2011 SP172
2011 SZ252
2011 UX6
2011 UX273
2011 UL299
2011 WX13
2011 WG128
2011 YM23
2011 YV59
2012 BA71
2012 CH9
2012 CU28
2012 CZ39
2012 DE50
2012 DC66
2012 DW66
2012 DJ88
2012 EY6
2012 FP46
2012 GB26
2012 GE32
2012 HR62
2012 JL3
2012 JH37
2012 QT10
2012 TR68
2012 TW83
2012 TQ104
2012 TJ137
2012 TD154
2012 TR203
2012 VE9
2012 VO44
2012 VS44
2012 VM71
2012 WV16
2012 WH30
2012 XK38
2012 XW39
2012 XF57
2012 XD145
2013 AJ32
2013 AA58
2013 BE35
2013 BX37
2013 CL108
2013 CO130
2013 CO147
2013 EU28
2013 EM45
2013 GK22
2013 GR33
2013 GR70
2013 GZ113
2013 GE123
2013 HM73
2013 HM96
2013 JV60
2013 KS8
2013 PJ56
2013 QY12
2013 QT53
2013 QL68
2013 QY89
2013 SZ84
2013 TG134
2013 WX12
2013 YE90
2013 YP109
2014 BW28
2014 BT42
2014 DX23
2014 DG27
2014 DH40
2014 DT114
2014 EB7
2014 ED8
2014 EJ10
2014 FA9
2014 FN17
2014 FG48
2014 GW39
2014 HW24
2014 HY41
2014 HF142
2014 JW53
2014 JL70
2014 KV82
2014 LP22
2014 OY13
2014 OW29
2014 ON43
2014 OH387
2014 PO13
2014 PH36
2014 PG55
2014 QG119
2014 QL380
2014 QU135
2014 QQ406
2014 QD214
2014 QG322
2014 RE47
2014 SF18
2014 SH85
2014 SA113
2014 SY317
2014 TN44
2014 UK77
2014 UM84
2014 UN94
2014 UB105
2014 UZ120
2014 VX36
2014 WO104
2014 WW138
2015 AP126
2015 BE16
2015 BS17
2015 BC18
2015 BS34
2015 BX40
2015 BQ77
2015 BW122
2015 BN244
2015 CZ11
2015 DP74
2015 EA63
2015 FJ143
2015 GT28
2015 HF15
2015 HX62
2015 HO89
2015 HG173
2015 KA24
2015 KL142
2015 ME85
2015 ON22
1992 SZ10
1999 TL80
2001 FW206
2001 FJ208
2001 FV212
2001 FM216
2001 FW221
2001 UD170
2001 UE214
2002 JT107
2002 QT118
2002 QT119
2002 VF5
2003 SZ382
2003 SU239
2004 BN123
2004 EN92
2004 FE57
2004 RT351
2004 TP95
2004 TA166
2004 TN239
2004 TX257
2005 CH61
2005 GJ40
2005 GV88
2005 JJ15
2005 JL39
2005 JB71
2005 SF212
2005 TX19
2005 TE122
2005 TH122
2005 TJ163
2005 UK78
2005 US116
2005 UA118
2005 UR151
2005 UV248
2005 VV91
2005 WS12
2005 WY14
2005 WC88
2005 YS63
2005 YJ235
2006 AK105
2006 BR221
2006 DU179
2006 EN8
2006 EC27
2006 JH9
2006 JV66
2006 KS66
2006 MM13
2006 OX3
2006 ON25
2006 QN23
2006 RM32
2006 RV68
2006 RU111
2006 SB162
2006 SW170
2006 SV211
2006 UA76
2006 UP244
2006 VQ47
2006 VB138
2006 XL10
2006 XB45
2007 BC36
2007 BF98
2007 DJ45
2007 DN69
2007 GW3
2007 GR66
2007 HU44
2007 HB45
2007 RH12
2007 RL165
2007 RO295
2007 TQ3
2007 TR98
2007 TY423
2007 TR267
2007 TJ302
2007 TE310
2007 UM102
2007 VT73
2007 VN217
2007 VV232
2007 VG284
2008 AG36
2008 BO49
2008 CE197
2008 DX34
2008 GL5
2008 GR8
2008 GL56
2008 GC67
2008 JB33
2008 RR121
2008 SX25
2008 SD263
2008 SP276
2008 TC55
2008 UW78
2008 US349
2008 WP5
2008 WC17
2008 WQ19
2008 WR118
2008 XU35
2008 YO151
2009 BD28
2009 BW94
2009 BC140
2009 DJ76
2009 DF105
2009 JY5
2009 KO32
2009 SJ25
2009 UH113
2009 UH119
2009 VV43
2009 VZ84
2009 WT120
2009 WQ133
2010 DT44
2010 FO95
2010 GF61
2010 LY127
2010 NB41
2010 NT90
2010 OD33
2010 TG48
2010 UM66
2011 BC4
2011 CL12
2011 CL21
2011 CY95
2011 DO27
2011 DP33
2011 EP77
2011 FB20
2011 FB44
2011 FB136
2011 GV84
2011 HU77
2011 HU93
2011 KP2
2011 LN6
2011 OX7
2011 SD5
2011 SY61
2011 SA125
2011 SG143
2011 SL156
2011 SY167
2011 ST230
2011 SF232
2011 UN95
2011 UE231
2011 WX
2012 BT107
2012 DK1
2012 DM75
2012 DY92
2012 FO16
2012 HP37
2012 SJ37
2012 TQ12
2012 TX142
2012 TQ152
2012 US72
2012 UP118
2012 VL20
2012 VB24
2012 VK57
2012 VC62
2013 AY13
2013 AG27
2013 CU20
2013 CP28
2013 CE86
2013 CJ106
2013 CX162
2013 CX171
2013 DN3
2013 EE29
2013 EX65
2013 ER70
2013 EZ121
2013 ET134
2013 GU34
2013 GP44
2013 GS116
2013 HB71
2013 HS75
2013 HL79
2013 HR88
2013 HV88
2013 HD89
2013 HU92
2013 HS93
2013 HH104
2013 HG109
2013 HR131
2013 JQ50
2013 LK
2013 QC15
2013 SS53
2013 ST62
2013 TE140
2013 WH8
2013 YU1
2013 YG71
2014 DV86
2014 EV15
2014 GL13
2014 GN27
2014 GU28
2014 GH30
2014 GX41
2014 HB24
2014 HA27
2014 HU134
2014 JD44
2014 JO53
2014 KQ11
2014 KQ47
2014 KJ55
2014 KG83
2014 OY5
2014 OM12
2014 OH15
2014 OA26
2014 OS30
2014 OG36
2014 OW52
2014 OW123
2014 OE143
2014 OZ306
2014 OA332
2014 PV4
2014 QH122
2014 QK399
2014 QK223
2014 RM29
2014 SM98
2014 SY102
2014 SR103
2014 SJ109
2014 SU111
2014 SW113
2014 SP157
2014 SK226
2014 TU60
2014 WA30
2014 WM133
2014 WR458
2015 AY33
2015 AN34
2015 AG181
2015 BZ16
2015 BM59
2015 BG89
2015 BQ166
2015 BF168
2015 BV435
2015 BR452
2015 BH242
2015 BK242
2015 BW250
2015 BJ251
2015 BZ319
2015 BE347
2015 BN354
2015 CD3
2015 CG6
2015 CV8
2015 CM27
2015 CX29
2015 CF30
2015 CM41
2015 CX57
2015 DC4
2015 DN59
2015 DF71
2015 DB87
2015 EA22
2015 ER22
2015 EC29
2015 GG28
2015 HZ64
2015 HS77
2015 HE81
2015 HM97
2015 KL8
2015 KR41
2015 KN44
2015 KB55
2015 KN137
2015 MM68
2015 OR11
2015 ON14
2015 OK76
