id
151
292
362
535
628
714
797
1233
1292
1368
1447
1722
1907
1995
2898
2962
3383
3594
4122
4184
4355
4673
5065
5655
6048
8127
8437
8841
9796
9993
10298
11237
11481
11689
11720
11769
11936
12100
12703
12705
12740
12998
13041
13216
13546
13581
13639
14219
14437
14940
14958
15244
15288
15332
15862
16018
16059
16078
16225
16296
16327
16343
16815
16890
16902
17049
17448
17986
18216
18548
18647
18808
19175
19317
19338
19427
19445
19472
19548
19567
19595
20324
20534
20765
20772
20815
21190
21317
21552
21802
21832
21977
21998
22091
22299
22363
22410
22683
22836
22842
22929
23182
23299
23845
23885
24066
24692
24733
24851
25063
25346
25514
25572
25654
25945
25966
26122
26170
26173
26797
26908
27055
27230
27341
27381
27540
27549
27551
27610
27783
27881
27930
28220
28231
28648
28662
28759
28785
29044
29048
29070
29162
29199
29305
29478
29681
30306
30578
30617
31548
31571
31613
31655
31702
31891
32218
32252
32275
32490
32594
32665
32688
32962
32965
33136
33488
33563
33572
33603
33635
33955
34084
34117
34272
34502
35458
35484
35492
35499
35562
35980
36063
36523
36562
36570
36628
36655
36676
36836
36866
36949
37040
37077
37177
37228
37881
37891
37905
37947
37959
39127
39313
39496
39731
40031
40067
40299
40479
40493
40637
40668
40805
40971
41348
41811
41861
42331
42536
42702
42704
42888
42906
42945
43077
43644
43712
43745
43835
44223
44706
44824
44994
45061
45089
45243
45246
45365
45373
45469
45811
46144
46152
46331
46344
46373
46389
46576
46873
46910
47022
47426
47464
47625
48180
48195
48258
48260
48282
48285
48326
48380
48816
49019
49063
49206
49243
49322
49883
50097
50174
50323
50326
50497
50642
50679
50792
50846
51034
51066
51077
51321
51670
51692
52163
52166
52169
52171
52319
52582
52619
53116
53144
53196
53240
53277
53535
53859
53935
53982
54039
54049
54148
54188
54235
54312
54338
54341
54365
54407
54416
54832
55151
55213
55259
55358
55545
55711
55884
56079
56205
56218
56485
56615
56740
56786
56814
57298
57417
57491
57833
58465
58698
59119
59418
59470
59481
59506
59524
59556
59709
60074
60526
60649
60662
60817
60861
60893
60919
60957
61160
61287
61408
61498
61520
61683
61701
61780
61894
61922
62041
62182
62198
62627
62821
63243
63314
63424
63820
64106
64304
64376
64396
64445
64836
65924
66182
66488
66581
66783
67116
67262
67317
67318
67438
68079
68450
68479
68580
68753
69049
69305
69321
69407
69415
69423
69513
70278
70357
70398
70402
70443
70484
70558
70567
70623
70638
70639
70643
70704
70710
70820
70861
70891
70900
70979
71372
72208
72222
72224
72267
72303
72338
72479
72533
72674
73150
73320
73391
73646
73826
74239
74330
74869
75124
75132
75256
75331
75335
75338
75383
75461
75728
75808
75848
75900
75946
75962
76028
76079
76316
76487
76964
77009
77200
77348
77516
77530
77532
77579
78228
78456
78462
78565
78578
78786
78843
78897
79253
79256
79627
79725
79866
80869
80922
80923
80927
80952
80980
81050
81051
81143
81144
81164
81187
81189
81190
81232
81241
81262
81268
81318
81322
81343
81384
81415
81529
81545
81562
81582
81590
81672
81717
81785
82218
82332
82410
82418
82577
82659
82670
83237
83352
83638
84542
84635
84761
85018
85111
85641
85757
85868
86763
86924
87137
87351
87360
87413
87445
87496
87647
87754
88270
88417
88557
88638
88670
88690
88803
88832
89102
89144
89277
89285
89296
89323
89394
89472
89721
89739
89797
89818
90023
90055
90308
90539
90634
90708
91051
91109
92705
92708
92739
92973
93028
93085
93114
93130
93150
93292
93346
93358
93430
93450
93477
93517
93806
93950
94435
94747
94816
94935
95051
95121
95154
95353
96265
96453
96762
96883
96933
96995
97123
97183
97252
97442
98081
98733
98750
98892
98924
99121
99303
99476
99593
99612
99749
99817
99920
100032
100221
100264
100569
101558
101637
101659
101712
102207
102359
102415
102715
102727
102750
102835
102890
102953
103163
103580
103610
104118
104402
104702
104707
104845
104850
105067
106345
106546
106597
106896
107390
107391
107695
107916
107988
108052
108179
108205
108273
108348
108779
109298
109364
109475
109729
109902
109931
109975
110226
110293
110434
110527
110725
110763
110765
110774
111030
111092
111122
111154
111349
111964
112044
112233
112286
112608
112610
112765
112896
112939
113290
113313
113327
113519
114585
115515
115563
115647
115905
116032
116149
116248
116360
116417
116437
116464
116730
116781
116986
117334
117351
117548
117617
118111
118370
118899
119148
119295
119332
119333
119358
119433
119463
119470
119511
119529
119545
119584
119621
119630
120051
120324
120760
122319
122414
122522
122553
122845
122892
122950
123140
123328
123346
123512
123516
124630
124873
125027
125211
125228
125378
125379
125527
125550
125662
125759
125766
125770
125776
125777
125812
125986
125998
126009
126015
126096
126100
126104
126234
126258
126312
126334
126475
126506
126577
126731
126822
126830
127163
127631
127775
127866
127896
127923
127931
128457
129164
129328
129425
129562
129574
129614
129631
129970
130113
130827
130910
130933
130941
131015
131989
132211
132297
132337
132343
132389
132406
132415
132513
132525
132575
132579
132592
132633
132726
133088
133283
133532
134139
134161
134974
134976
135754
135831
136156
136215
136391
136992
137025
137109
137131
137761
137905
137964
138028
138053
138084
138120
138130
138190
138263
138354
139352
139469
139649
139686
140236
140492
140839
141580
142016
142372
142388
142390
142501
142554
142565
142609
142631
142767
142891
142992
143207
143656
143867
143932
144025
144027
144074
144080
144113
144551
144576
144604
144605
144642
144687
145051
145148
145336
145538
145689
145812
146045
146060
146498
146515
146686
146716
147604
147608
147749
147780
147925
147972
147973
148042
148079
148517
148551
148680
148698
148722
148732
148763
148764
148775
149245
149423
149436
149450
149462
149588
149723
149817
149977
150246
150867
150969
150977
150979
150986
151034
151047
151128
151198
151586
151711
151745
151759
151767
151788
152509
153358
153367
153615
153647
153697
153722
153730
153731
153754
153801
153824
153825
153880
153911
153922
153924
154303
154654
154798
155366
155733
156298
156375
156388
156389
156404
156416
156424
157208
157502
157620
158011
158054
158203
158903
158922
158971
159191
159234
159276
159509
159647
159944
160030
160121
160286
160482
160587
160667
160828
161036
161374
161602
161650
161994
162025
162026
162244
162254
162275
162823
162829
163265
163286
163288
163316
163766
163884
163886
163927
163976
164008
164274
164283
164550
164862
165484
165502
165537
165557
165612
165629
166326
166328
167089
167183
167305
167311
167329
167369
167509
167747
167827
167829
168024
168145
168146
168215
168270
168540
169016
169020
169022
169079
169986
170437
170481
170501
170611
170625
170635
170639
170676
170688
170791
170833
171024
171049
171203
171606
171840
172153
172209
172612
172617
172631
172662
172665
172732
172862
172879
172896
172914
172945
173340
173396
174203
174274
174297
174319
174369
174648
174845
174846
174895
174919
174922
174942
174969
175261
175461
175929
176797
177377
177437
177577
177605
177717
178030
178074
178098
178120
178141
178187
178549
178558
178983
179027
180506
180528
180604
180633
180794
180937
181459
181611
181615
181983
182099
182439
182467
182469
182477
182513
183253
183314
183676
184008
184040
184089
184414
185196
185198
185270
185311
185331
185453
185664
186013
186070
186086
186169
186558
186886
187090
187097
187288
187591
187698
187958
188263
188286
188658
188970
189368
189743
189748
189759
189853
190589
191021
191024
191062
191777
191785
191986
192005
192021
192040
192196
192392
192456
192464
192468
192470
192491
193255
193262
193319
193417
193426
193662
195006
195010
195044
195059
195068
195073
195087
195098
195142
195143
195206
195242
195272
195288
195329
195373
195437
195479
195494
195522
196014
196842
198169
198227
198323
198381
198417
198619
199051
199182
199245
199312
199406
199419
199500
199574
199634
200212
200235
200497
201579
201693
202198
202215
202289
202662
202873
202901
203160
203180
203579
203640
203952
204000
204016
204862
204872
204985
204998
205007
205395
205914
205915
205931
206544
206599
207017
207147
207201
207705
208050
208053
208075
208083
208307
209141
209175
209190
209681
209746
209754
209831
210325
210436
211238
211244
211268
211326
211588
212094
212122
212124
212222
212802
212843
212854
212938
213612
213622
213651
213658
213937
214329
214349
214363
214827
215016
215064
215084
215235
215318
215469
215709
215908
216150
216420
216456
216858
217217
217890
217903
217933
218263
218674
218966
219255
219574
219636
219704
220265
220573
221171
221268
221657
221896
223233
223243
224224
224230
224249
224277
224278
224281
224298
224309
224380
224430
225291
225528
225790
225793
225818
225819
225885
226331
226345
226346
226357
227360
227402
227403
227419
227428
227441
227452
227471
227483
227944
228217
228639
229093
229536
229569
230051
230317
230364
230382
230884
231273
231280
231506
231549
232126
232146
232153
232163
232180
232968
233295
233346
233354
233372
233711
234285
234654
234661
234666
234677
234701
234718
235090
235776
236334
236406
236416
236419
236439
236565
236613
236662
236727
236772
237029
237086
237143
237269
237446
237790
237852
237859
237866
238109
238123
239017
239060
239143
239709
240131
240928
240961
241116
241262
241440
241892
242152
242242
242606
242621
243086
243398
243641
244295
244304
244395
244513
244645
244771
244802
244806
244824
244889
245019
245147
245832
246098
246246
246595
247414
247531
248647
249120
249300
249689
250151
250171
250648
251057
251083
251135
251195
251224
251416
252003
252347
253057
253168
253181
253889
253934
253965
254019
254732
255859
255916
255993
256045
256100
256109
256114
256209
256237
256299
256683
256724
256763
256851
256955
257568
257829
257833
258162
258208
258313
258955
258957
258980
259750
259772
259899
259975
260036
260047
260061
260537
260577
260729
261213
261214
262006
262108
262153
262196
262351
262494
262528
262585
262596
262630
262668
262709
262715
262775
262898
262960
263091
263142
263163
263175
263301
263306
263311
263368
263412
263446
263583
263669
263741
263751
263777
263784
264194
264230
264558
264604
264672
264947
265009
265618
265636
265678
265708
266260
266323
266343
266693
266727
267394
267750
268013
268383
268393
268419
269022
269035
269508
270209
270262
270276
270329
270351
270371
271060
271419
271865
272285
272517
272686
272714
272788
273755
273758
273838
273843
273846
273896
273902
274816
274831
275179
275233
275431
275546
275698
275942
275988
276000
276043
276071
276083
276084
276843
276853
276866
276957
277513
277518
277964
278234
278259
278275
278289
278508
278509
278671
279243
279407
279633
279662
279680
279713
279740
279838
280065
280081
280087
280566
280844
280915
280943
281046
281120
281391
281444
281838
281945
282023
282237
282365
282395
282553
282698
282705
282836
283183
283631
283641
283644
284240
284244
284249
284259
284446
284749
284750
284765
284778
284933
285506
285985
286570
286864
286982
287864
288057
288073
288542
288599
288719
289429
289447
289549
289719
289780
289898
289921
289926
290013
290142
290879
290996
291598
291659
291749
291757
291776
291840
291991
292152
292311
292424
292434
293158
293173
293176
293760
294126
294401
294504
294574
294585
294605
294606
294634
294720
294787
294830
294964
294975
295172
295247
295296
295310
295405
295572
295756
295940
295962
296088
296095
296288
296422
296458
296529
296833
297002
297010
297021
297262
297331
297344
297525
298397
298412
298416
298429
298442
298460
298471
298472
298483
299048
299065
299071
299083
299100
299146
299192
300409
300421
300557
300595
300628
301258
301283
301666
301730
301833
301921
301933
302582
302936
302939
303016
303074
303483
303507
303523
303524
303558
303568
303578
303594
303603
303607
305030
305052
305074
305089
305155
305577
305610
305686
305689
305726
305741
305770
306282
306690
306709
306913
306935
306947
306948
306978
306992
307025
307026
307122
307185
307358
307369
307476
307661
307702
307730
307742
307758
307767
307775
307837
307869
307888
307901
307903
307992
308175
308233
308566
308693
308738
308895
308910
309000
309113
309175
309325
309377
309412
309471
309476
309480
309489
309490
309509
309534
309683
309736
309750
309865
309906
309945
309978
310209
310232
310745
310748
310768
310771
310918
311291
311295
311305
311671
311701
312233
312236
312571
312581
313468
313792
314662
314737
314761
314781
314831
314860
315483
315484
315488
315498
315518
315524
315529
315689
315791
316467
316468
316601
316852
316936
317080
317099
317240
317305
317977
318023
318046
318072
318275
318428
318807
319064
319571
319654
319680
319685
319729
319732
319811
319825
319871
320268
320294
320605
320638
320664
320704
320811
320926
321264
321497
321640
321799
321947
322134
322184
322256
322267
322321
322708
322782
322839
323419
323421
323428
323436
323443
323457
323741
324454
325035
325118
325144
325162
325169
325190
325243
325265
325287
325289
325428
325928
326201
326228
326401
326424
327197
327270
327305
327857
327888
328285
328304
328329
328337
328339
328350
328983
328991
329030
329974
329990
329991
330005
330361
330455
330693
331594
332075
332347
332516
332737
332804
332842
332905
333032
333209
333364
333639
333779
333822
334361
334385
334830
335047
335096
335495
335506
335507
335602
336642
336876
336887
337972
337999
338010
338012
338026
338027
338512
339143
339162
339186
339206
339211
339212
339222
339279
339293
340239
340253
340314
340320
340334
340345
340356
340395
340411
341087
342005
342011
342023
342083
342084
342113
342124
342138
342215
342233
342246
342339
342347
342398
342459
342485
342595
342617
342632
342711
342744
342751
342816
343269
343290
343422
343435
343469
343613
343861
344424
344434
344674
344939
344969
345409
345421
345438
345450
345495
346297
346496
346977
346980
347020
347045
347061
347131
347160
347259
347794
348278
348766
349620
349646
349675
349676
350099
350459
350862
351060
351358
351793
352191
352200
352985
353003
353004
353231
353527
353597
353867
354625
354637
354996
355385
355389
355390
355446
356029
356107
356530
356574
356686
356743
357401
357435
357606
357616
357625
357640
358145
358608
358612
358617
358685
358690
359164
359188
359193
359220
359254
359266
359285
360004
360789
360794
360795
360815
362153
362187
362188
362192
362195
362209
362789
362792
362940
363574
363591
363788
363803
364210
364239
364240
364267
364759
364776
364792
364820
365061
365232
365458
366093
366322
367344
367985
367990
368703
368709
369065
369091
369359
369554
369745
369772
369778
369821
369866
369929
369978
370102
370933
370947
370962
370998
371005
371008
371027
371317
371623
371624
371643
371651
371667
371999
372383
372562
372682
372881
373221
373552
373846
374301
374314
374375
374430
374462
374977
375879
375905
376153
376175
376181
376467
376648
376658
376866
377644
377645
377653
377660
377695
377733
377845
378271
378776
379251
379255
379309
379331
379365
379378
379548
379605
379641
379642
379737
379762
380069
380305
380426
380797
380812
380817
381820
381831
381845
381848
381851
382098
382577
383169
383188
383587
383597
383599
383955
383990
384479
384657
384866
384947
385173
385328
385777
385786
385806
386396
386707
386711
386762
386917
387034
387146
387153
387327
387517
388196
388873
388918
388933
388938
388976
388987
389039
389063
389439
389440
389482
389483
389486
389671
389998
390063
390094
390162
390236
390267
390273
390292
390310
390400
390423
390460
390474
390519
391198
391203
391224
391494
391511
391871
391983
392004
392005
392352
392366
392937
392938
392979
393031
393066
393253
393268
393606
393733
394124
394128
394458
394954
395139
395199
395214
395426
395745
395829
395857
395878
395908
395914
395976
395980
396177
396217
396375
397219
397506
397557
397563
398027
398124
398324
398566
398926
399030
399051
399087
399207
399447
400008
400043
400340
400361
400366
400388
400642
401074
401167
401423
401482
401518
401643
401758
402576
402579
402598
403093
403300
403339
403371
403587
403893
403993
404257
404292
404295
404318
404376
404445
404491
404494
404641
404774
404822
405017
405542
405932
405951
406518
406534
406555
406585
406932
407374
407794
408245
408280
408476
408997
409425
409430
409881
409949
410483
410524
411218
411299
411354
411702
411760
411764
412231
412331
412405
412436
412484
412587
412613
412626
412738
412775
413923
413926
414192
414200
414228
414234
414243
414813
414861
414886
414894
415074
415078
415679
415922
416917
417515
417529
417530
417561
417574
417640
417654
417661
418204
418248
418262
418264
418266
418281
418303
418304
418327
418349
418369
418370
418382
418414
419679
419781
419822
419892
420396
420441
420509
420529
420566
420658
420999
421053
421289
421640
421736
421875
421881
421967
422025
422035
422569
422618
423171
423224
423505
423528
423535
423702
424009
424095
424144
424617
424626
425082
425150
425188
425725
425733
425937
426192
426462
426552
426601
426936
426937
427125
427749
427882
428274
428275
428286
428320
428324
429178
429194
429205
429622
430352
430455
430940
430949
431038
431358
431372
431373
432289
432752
432799
433656
433811
433822
433847
434356
434368
434645
435600
435622
435683
435774
436214
436344
436490
436549
436551
438095
438305
438723
439061
439460
439490
439580
1999 TZ70
1999 TW81
2001 SJ236
2001 TK108
2001 UV199
2002 QE124
2002 RD246
2002 RG289
2002 UP54
2003 SE327
2003 SJ408
2003 SE327
2003 SU334
2003 TK54
2003 US170
2003 US170
2004 BF101
2005 EQ247
2005 GF195
2005 TE182
2005 UR11
2005 UV166
2005 UM227
2005 UR233
2005 UV259
2005 YP66
2005 YS161
2005 YE187
2005 YU284
2006 AN75
2006 BF48
2006 BR146
2006 BB161
2006 BH200
2006 CQ5
2006 CU18
2006 CC26
2006 DP216
2006 HS23
2006 KQ69
2006 RC85
2006 RU119
2006 SY374
2006 SJ117
2006 SZ239
2006 SK350
2006 TO10
2006 UL24
2006 UA44
2006 UV122
2006 VJ80
2006 VD96
2006 VP124
2006 WL47
2006 WG163
2007 DF14
2007 DX22
2007 DB48
2007 EV95
2007 FG19
2007 RC220
2007 RX251
2007 TZ29
2007 TG122
2007 TK435
2007 UG94
2007 VZ47
2007 VG191
2007 VT260
2007 VA273
2007 VS273
2008 AW55
2008 AK109
2008 BD27
2008 CQ14
2008 CS36
2008 CV40
2008 DY10
2008 DF17
2008 DG37
2008 DF86
2008 EM90
2008 FC40
2008 GX75
2008 HQ8
2008 RY9
2008 RS69
2008 SN130
2008 UG26
2008 UR39
2008 UD77
2008 UZ109
2008 UW189
2008 XV32
2008 YH36
2008 YG37
2008 YN118
2008 YM161
2009 AK11
2009 BW3
2009 BH27
2009 BB35
2009 BL51
2009 BZ58
2009 BJ68
2009 BL152
2009 BV163
2009 BH177
2009 CR15
2009 CW15
2009 DD2
2009 DT28
2009 DF53
2009 DN54
2009 DK58
2009 DN70
2009 ED19
2009 FN58
2009 HW56
2009 JF2
2009 SD13
2009 SM269
2009 SE293
2009 WA172
2009 WD252
2010 BH76
2010 CC51
2010 CJ81
2010 CK89
2010 CS103
2010 DX57
2010 EU66
2010 EL129
2010 EF132
2010 GO119
2010 JX45
2010 JM128
2010 RS25
2010 VC78
2010 VB93
2011 AT38
2011 BJ9
2011 BA36
2011 BO108
2011 BB129
2011 CC26
2011 CR47
2011 CC86
2011 CX86
2011 CE88
2011 CA92
2011 CE105
2011 ET23
2011 ED60
2011 FT27
2011 FA59
2011 FU102
2011 GX34
2011 HR90
2011 OJ15
2011 QZ46
2011 QS57
2011 SB147
2011 SJ215
2011 SM232
2011 SX242
2011 UA39
2011 UF89
2011 UK113
2011 UQ126
2011 UW396
2011 UZ398
2011 UA248
2011 UU253
2011 WZ20
2011 WE123
2012 BR22
2012 BH139
2012 CU25
2012 CA54
2012 DF23
2012 DH74
2012 DP76
2012 DN81
2012 FU78
2012 GZ27
2012 HY41
2012 HM59
2012 HD78
2012 JR2
2012 JC9
2012 JP54
2012 MC3
2012 MK5
2012 PJ3
2012 TL7
2012 TB33
2012 TU56
2012 TK77
2012 TD137
2012 TW173
2012 TS280
2012 UA29
2012 UH38
2012 UE71
2012 UV87
2012 UJ107
2012 US133
2012 UO140
2012 VN10
2012 WZ6
2012 XD106
2012 XV128
2012 XR137
2013 AN21
2013 AV41
2013 AL66
2013 AR67
2013 AC104
2013 AR154
2013 AG163
2013 AZ166
2013 BG33
2013 BS44
2013 CT10
2013 CX12
2013 CK39
2013 CR114
2013 CU132
2013 CX136
2013 CS147
2013 CV164
2013 CE172
2013 DZ1
2013 EC2
2013 EE19
2013 EV41
2013 EO91
2013 FD12
2013 FG16
2013 GC2
2013 GW8
2013 GN34
2013 GC109
2013 HO13
2013 HR20
2013 HV30
2013 HB31
2013 HX59
2013 HG86
2013 HA98
2013 JS11
2013 JX54
2013 LB24
2013 QE29
2013 QP55
2013 RN79
2013 SN64
2013 SZ71
2013 TL10
2013 TS114
2013 YW6
2013 YQ90
2013 YD139
2014 AQ9
2014 AA31
2014 AJ54
2014 BW21
2014 BY22
2014 BA34
2014 CV9
2014 DT44
2014 DA48
2014 DZ49
2014 DH68
2014 DE97
2014 DH97
2014 DL116
2014 ER20
2014 FQ5
2014 FT51
2014 FB64
2014 GG5
2014 GN36
2014 GK46
2014 HF15
2014 HU25
2014 HU27
2014 HH29
2014 HD36
2014 HW109
2014 HS116
2014 HE137
2014 HA169
2014 JC14
2014 JE26
2014 JY35
2014 JV36
2014 JN58
2014 JP62
2014 JS71
2014 KC28
2014 KP35
2014 MR46
2014 MH60
2014 NF24
2014 NB30
2014 NN42
2014 NB55
2014 NJ58
2014 OX2
2014 OF16
2014 OR40
2014 OD360
2014 OP121
2014 OS125
2014 OX172
2014 OU201
2014 OT218
2014 OS341
2014 PP12
2014 PF36
2014 PK52
2014 QZ29
2014 QS120
2014 QZ135
2014 QK137
2014 QK423
2014 QC170
2014 QV227
2014 QE255
2014 QU255
2014 QS318
2014 UM78
2014 UJ85
2014 UQ98
2014 US103
2014 US108
2014 UT126
2014 UN143
2014 VT24
2014 WR47
2014 WA68
2014 WE81
2014 WO83
2014 WW181
2014 WF125
2014 WP136
2014 WR196
2014 WJ481
2014 WW490
2014 WY262
2014 WH288
2014 YY30
2014 YE31
2014 YR31
2015 AW7
2015 AN14
2015 AB195
2015 AP254
2015 AN256
2015 AA273
2015 BM2
2015 BR17
2015 BR55
2015 BO71
2015 BK88
2015 BL91
2015 BV100
2015 BW121
2015 BF130
2015 BG133
2015 BJ427
2015 BO443
2015 BU445
2015 BE453
2015 BN463
2015 BJ205
2015 BF467
2015 BP222
2015 BL231
2015 BD238
2015 BZ254
2015 BD297
2015 CJ61
2015 DO45
2015 DG93
2015 DU95
2015 DZ125
2015 DB205
2015 DB210
2015 EH2
2015 ED35
2015 EO40
2015 FW77
2015 FP111
2015 FA150
2015 FY159
2015 FT160
2015 FZ206
2015 FZ335
2015 GS7
2015 GZ20
2015 HG105
2015 HY144
2015 KL36
2015 KQ82
2015 KC102
2015 KS129
2015 LM3
2015 LF20
2015 LB35
2015 MG6
2015 MF57
2015 MA59
2015 MZ66
2015 NO4
2015 NW24
1995 SE34
2001 FG210
2001 FQ221
2001 FT223
2001 FX223
2001 UH200
2002 DU6
2002 FE1
2002 GR185
2002 RS238
2002 RA257
2002 RL288
2002 SW64
2002 TX384
2002 TL320
2003 WG188
2004 RV273
2004 TW224
2004 XB14
2005 EJ123
2005 GU30
2005 JF57
2005 QT122
2005 TC120
2005 TO120
2005 TR122
2005 UC41
2005 UF120
2005 UG385
2005 UC452
2005 UX210
2005 UU268
2005 UX290
2005 VP54
2005 WF59
2005 XN58
2005 YH71
2005 YW132
2005 YT135
2005 YH176
2006 AM64
2006 AN76
2006 AL92
2006 BP20
2006 BZ150
2006 EY66
2006 HV67
2006 HM75
2006 KA8
2006 PW27
2006 QD73
2006 RB111
2006 RG119
2006 SU386
2006 TM113
2006 UP222
2006 UK279
2006 VD74
2006 VH144
2006 WN7
2007 CF22
2007 CM32
2007 DO30
2007 DL73
2007 ES4
2007 EV50
2007 EF85
2007 EN90
2007 ES121
2007 EH202
2007 KW4
2007 RO99
2007 RD199
2007 TM382
2007 TA196
2007 TC249
2007 TD279
2007 TU295
2007 TN314
2007 UV132
2007 VK158
2007 VF174
2007 VT176
2007 VH324
2008 AK40
2008 CB98
2008 CW141
2008 FA19
2008 FZ98
2008 GE13
2008 GC44
2008 RD10
2008 RQ138
2008 UY121
2008 UX162
2008 UK177
2008 UV295
2008 UA299
2008 WL54
2008 XC12
2008 YW38
2008 YR89
2008 YX120
2008 YP140
2009 BF1
2009 BQ36
2009 BH78
2009 DF43
2009 DD55
2009 FV49
2009 KM11
2009 SY1
2009 SG146
2009 SW320
2009 WO30
2009 WU169
2010 AL35
2010 AL89
2010 AS102
2010 AW107
2010 AQ118
2010 AZ120
2010 BB10
2010 BL11
2010 BC12
2010 BN22
2010 BU27
2010 BU32
2010 BE45
2010 BJ47
2010 BK52
2010 BV53
2010 BV64
2010 BF65
2010 BD66
2010 BY69
2010 BY75
2010 BF78
2010 BG79
2010 BU87
2010 BX92
2010 BV97
2010 BV101
2010 BC103
2010 BS129
2010 CZ
2010 CV10
2010 CV15
2010 CY46
2010 CV48
2010 CM50
2010 CC54
2010 CE131
2010 CV139
2010 CD166
2010 CR192
2010 CC198
2010 CM198
2010 CU216
2010 CU222
2010 CE229
2010 CB232
2010 CM232
2010 CL234
2010 CQ236
2010 CV242
2010 CR246
2010 DB18
2010 DE51
2010 DO72
2010 DB80
2010 DY81
2010 DH88
2010 DW89
2010 EN1
2010 EW3
2010 EA5
2010 EX8
2010 EE11
2010 EN17
2010 EG18
2010 EP22
2010 EO23
2010 EW75
2010 EC107
2010 EA147
2010 EU154
2010 EB160
2010 ER163
2010 EG164
2010 EN170
2010 FU8
2010 FH37
2010 FX42
2010 FJ52
2010 FY58
2010 FW79
2010 FR116
2010 GX8
2010 GG19
2010 GA44
2010 GE52
2010 GU57
2010 GK58
2010 GR68
2010 GP81
2010 GA82
2010 GL86
2010 GH91
2010 GU94
2010 GK166
2010 GE168
2010 HU18
2010 HG19
2010 HD45
2010 HZ54
2010 HX57
2010 HY64
2010 HB69
2010 HP75
2010 HR83
2010 HN88
2010 HC90
2010 HO96
2010 HN97
2010 HU99
2010 JY9
2010 JN10
2010 JF12
2010 JX12
2010 JJ17
2010 JH25
2010 JA28
2010 JA55
2010 JW57
2010 JY66
2010 JW89
2010 JE94
2010 JX94
2010 JU100
2010 JH101
2010 JC131
2010 JE138
2010 KG7
2010 KC13
2010 KL33
2010 KZ33
2010 KE42
2010 KJ54
2010 KU66
2010 KX71
2010 KO74
2010 KW76
2010 KR80
2010 KQ85
2010 KA87
2010 KR90
2010 KM96
2010 KM99
2010 KC104
2010 KC106
2010 KP111
2010 KP123
2010 KL126
2010 LW4
2010 LN7
2010 LO8
2010 LV12
2010 LM23
2010 LJ25
2010 LK29
2010 LY41
2010 LL44
2010 LM48
2010 LA56
2010 LN56
2010 LH73
2010 LT78
2010 LM81
2010 LE90
2010 LL90
2010 LT91
2010 LZ91
2010 LQ102
2010 LZ122
2010 LA127
2010 MP12
2010 MB26
2010 MU26
2010 MX27
2010 MS37
2010 MS38
2010 MH40
2010 MA41
2010 MP42
2010 MO44
2010 ML45
2010 MM50
2010 MV62
2010 MU63
2010 MY66
2010 MY67
2010 MS73
2010 MW78
2010 MD82
2010 ME86
2010 MV92
2010 MX92
2010 MC94
2010 MD95
2010 MW95
2010 MG98
2010 MB102
2010 MV104
2010 MC107
2010 MC109
2010 MG109
2010 NK11
2010 NM12
2010 NG19
2010 NT19
2010 ND20
2010 NC32
2010 NT34
2010 NC39
2010 NZ48
2010 NM49
2010 NK50
2010 ND57
2010 NG57
2010 NW60
2010 NP67
2010 NO108
2010 NR113
2010 NM116
2010 OA2
2010 OB11
2010 OS20
2010 OJ38
2010 OR43
2010 OZ45
2010 OU54
2010 OH55
2010 OE60
2010 OS65
2010 OK67
2010 OO67
2010 ON91
2010 OE94
2010 OH95
2010 OW99
2010 OY101
2010 OX106
2010 OS107
2010 OX108
2010 PF15
2010 PO34
2010 PB35
2010 PE36
2010 PO53
2010 PH56
2010 TZ38
2010 TC102
2010 UZ39
2010 VL166
2010 VU203
2010 WW47
2010 YV2
2011 AQ45
2011 BW44
2011 BX58
2011 BK156
2011 FH61
2011 FX124
2011 FF139
2011 GZ9
2011 HX64
2011 KK46
2011 OO12
2011 OL27
2011 OT58
2011 SR15
2011 SP59
2011 UD66
2011 UY176
2011 WV21
2011 WF133
2011 WT153
2011 YE61
2012 BW91
2012 DN55
2012 EX5
2012 FG17
2012 FY27
2012 HG26
2012 HM72
2012 JX6
2012 QC34
2012 TK3
2012 TN92
2012 TS105
2012 TL308
2012 UC55
2012 UW101
2012 VB44
2012 XU5
2012 XU32
2012 XR58
2013 AP139
2013 AZ141
2013 AC146
2013 AB147
2013 BN15
2013 CU3
2013 CW55
2013 CF57
2013 CH98
2013 CT102
2013 CG103
2013 CH141
2013 CC172
2013 CT175
2013 EQ22
2013 EE70
2013 FS8
2013 HU39
2013 HX40
2013 HX45
2013 HF49
2013 HE54
2013 HY54
2013 HR70
2013 HP76
2013 HG82
2013 HT83
2013 HV101
2013 HK113
2013 HG131
2013 HE138
2013 HE144
2013 HR148
2013 JG26
2013 JM45
2013 KB8
2013 PH30
2013 QD33
2013 QN90
2013 RZ18
2013 RQ91
2013 RN97
2013 SR27
2013 TQ7
2013 TQ92
2013 UE10
2013 WN14
2013 WU78
2013 YX128
2013 YH131
2014 BV6
2014 BC23
2014 DP10
2014 DP23
2014 DO81
2014 DK107
2014 DQ117
2014 DB134
2014 EO36
2014 FC57
2014 GD30
2014 HA76
2014 HF119
2014 HO120
2014 HG146
2014 HE185
2014 JK75
2014 KR29
2014 LG5
2014 LX7
2014 NT52
2014 OF20
2014 OZ26
2014 OU28
2014 OK29
2014 OD50
2014 OR53
2014 OG360
2014 OK105
2014 OZ113
2014 OQ142
2014 OJ193
2014 OV208
2014 OS214
2014 OZ326
2014 OX359
2014 PG44
2014 QR22
2014 QZ150
2014 QZ211
2014 QD213
2014 SH98
2014 SO104
2014 SA136
2014 SS337
2014 TM50
2014 WM45
2014 WC49
2014 WH91
2014 WH305
2014 WP353
2014 WM385
2014 WP145
2014 WQ160
2014 WW181
2014 WC190
2014 WH305
2014 WP353
2014 YA26
2015 AH34
2015 AW54
2015 AH119
2015 AY132
2015 AO222
2015 BO27
2015 BY39
2015 BJ58
2015 BM61
2015 BJ65
2015 BL73
2015 BJ94
2015 BA98
2015 BY99
2015 BZ100
2015 BV119
2015 BO130
2015 BG408
2015 BD411
2015 BW161
2015 BR431
2015 BA179
2015 BD179
2015 BW441
2015 BV445
2015 BH202
2015 BC244
2015 BV249
2015 BY263
2015 BW326
2015 BQ327
2015 CH30
2015 DO31
2015 DQ31
2015 DG35
2015 DX35
2015 DA56
2015 DJ70
2015 DR81
2015 DN83
2015 DN128
2015 DW134
2015 DC143
2015 DA160
2015 DY161
2015 DM164
2015 DC166
2015 DM173
2015 DH179
2015 FO54
2015 FX69
2015 FK78
2015 FK191
2015 FN248
2015 FJ321
2015 GG22
2015 GF24
2015 HL40
2015 HZ65
2015 HC73
2015 HP78
2015 HA96
2015 HM96
2015 HQ129
2015 HN135
2015 HV144
2015 HQ160
2015 KK6
2015 KD61
2015 KV80
2015 KH87
2015 OQ10
2015 OK16
2015 OL16
2015 OW44
2015 OT45
2015 PX4
2015 PL40
2015 PN41
2015 PD44
2015 PT45
2015 PS51
