id
4946
6090
23123
32430
32471
39288
63231
95569
144840
160465
161646
166351
187607
187656
190458
192966
195415
225296
228290
231666
237338
243484
257193
263840
264051
264147
274401
295413
295675
296654
296711
298614
310432
315928
315931
316835
341919
353188
353209
355808
356251
356261
356438
356897
358513
362976
379978
389310
389569
389572
392192
392198
392451
392461
392718
414275
418334
432428
2006 ER26
2008 GT141
2008 SM275
2009 SV235
2009 UQ64
2009 WP47
2012 TQ13
2014 UQ27
2008 HX31
2008 QF29
2010 WE31
2011 YM75
2012 TR218
2014 DN119