id
15055
15091
17625
18688
19284
20660
21256
21959
22438
22710
22713
22943
23140
24145
24866
25181
26921
27206
27918
28619
32438
35350
36096
36200
37162
37282
38365
38522
38533
38536
38560
38622
40184
40213
40220
40222
40235
40455
40964
41092
41109
41122
41126
42073
42756
43642
43666
45210
46673
46678
47075
47132
48811
48840
49447
49469
49532
49600
49604
49631
49662
50628
51107
51215
53117
53255
54102
54616
57002
57948
58421
58476
58551
59897
60135
60205
60480
60682
62079
63347
64967
65169
65278
65424
65464
65828
66173
68738
74415
77652
78067
78488
78528
79332
79347
82949
83090
83176
83234
83959
84618
85650
86208
86254
86290
86407
88163
91198
91985
92168
95246
95255
95277
95313
95441
95688
97760
97777
99418
99686
99865
99885
101929
102490
102642
104548
105091
106754
108636
109481
109917
111276
112393
112539
113092
113144
113329
113406
113848
113917
116424
117129
119848
119854
120976
121526
121607
121681
121906
126514
127209
127225
127363
127497
130380
132953
134510
135436
138854
138968
141607
142487
143504
145476
152080
154248
155245
157000
157037
157401
159713
160153
160887
161922
163006
163484
164150
164205
164669
166870
168025
168043
168370
171994
175807
176552
176587
176589
178399
179503
179561
179562
180763
181067
181236
181747
182844
182914
182942
184204
184242
184811
186341
186362
187001
188720
191191
192391
192455
195944
196033
197509
201377
203874
206258
212930
215801
216022
216026
216043
216920
218294
221709
226457
226587
229829
230505
231046
231050
232343
232696
236085
237297
238037
240057
241077
246814
247479
248260
249294
249339
250038
250912
251326
257192
258524
258766
258953
260314
260376
261279
263968
267027
267028
267624
268229
269692
272031
272096
277506
277874
279411
280239
280720
280729
281669
282238
283283
287269
288219
288450
288989
289180
290331
290392
290620
293368
294903
294950
295252
295307
295482
295861
296960
297081
302449
302463
302510
303891
305407
305515
309170
309189
310420
312838
314036
314499
319299
320290
322501
322559
328436
332232
332970
344031
350450
352592
352614
354802
355647
355749
358954
358957
361060
362805
366283
367457
367674
367830
368644
369166
370076
370447
371301
372047
372312
372319
373092
373833
375114
375527
376620
376888
377562
382152
390815
393928
394767
396544
397460
398866
399947
400944
404909
407256
411547
418548
418795
420984
421369
424231
426812
1996 VA23
2007 PL9
2007 RS202
2008 FT59
2008 HO60
2008 SW179
2008 UH370
2009 BH144
2010 ME68
2013 AY8
2013 AF76
2013 CG
2013 CM124
2013 CX179
2013 EF30
2013 EZ35
2013 EU101
2013 GU113
2013 QV12
2013 RU46
2013 RP81
2013 SP56
2013 SN61
2014 GH53
2014 JG79
2014 KL51
2014 YQ5