id
175085
187370
188538
188718
206864
210161
210176
214090
217382
218516
220750
232747
235501
236018
236098
238409
238416
238751
239221
239667
240518
241021
241062
241554
242407
242634
242746
243133
243529
245053
245587
246330
246598
246609
246774
248117
248130
248558
249434
250549
250551
250859
250869
250920
250930
254207
254305
254322
254329
254363
254374
254377
254399
255473
255499
255503
256501
256511
260305
260315
260347
260350
260380
260472
261545
263069
263637
265444
266939
269363
272724
274042
275276
276855
279374
279523
281731
281761
282457
282622
282835
284644
284918
288353
288585
288625
288780
289718
290095
290320
292628
296926
298725
298759
300167
300238
303782
305469
305508
306204
306279
308532
309185
309190
309716
309725
309982
311535
311538
311954
311956
313947
313951
313955
313961
313963
313965
313979
313982
313984
314000
314001
314011
314015
314017
314590
314601
315129
315147
315151
316648
318288
318335
318348
319142
319324
319330
321376
321776
322002
322005
322164
323606
323641
324735
325668
325992
326015
327094
332832
332835
334954
335665
336671
336706
336714
336735
336961
336992
338950
338965
340759
340802
341659
342517
343117
343307
343427
343616
343667
345561
345623
345650
345676
347079
347138
347139
348155
348525
350218
350393
351212
352559
352629
353316
354512
354528
356364
357535
357537
357889
358426
358441
358910
359455
359460
359469
359484
359568
359595
360670
361487
361527
362487
362838
362858
363641
363645
363648
363725
364540
365317
365448
365480
365670
365765
366045
368559
369239
369637
369940
372127
372239
372265
372783
375062
375065
376043
376047
376313
377251
377270
378398
378413
378487
379078
379117
379488
379491
379509
379769
380959
381310
381318
382003
382344
382387
383368
384549
385148
385518
385618
386250
387085
389543
389554
390833
390841
391771
392419
393167
394033
394037
394358
394786
395234
396166
396856
396864
398227
398235
398269
398303
398627
398629
398948
399007
399727
400214
400502
400509
401494
401617
401691
401734
403751
404094
404692
405858
407611
410673
411581
411593
412556
412728
413365
416574
417868
417896
418733
418861
419397
419427
419444
419493
419498
420745
420996
421002
421297
421407
423165
424357
424931
424950
424991
425003
425355
425382
425471
425479
425507
425518
426290
426688
426707
426761
427869
428097
428140
428171
428457
428471
428487
429261
429275
429293
429297
429927
429937
429997
430140
430741
431251
431293
431310
432518
432886
433084
433243
436682
438078
438092
439415
439426
2004 BY141
2004 CF23
2004 CV32
2004 CQ65
2004 DU21
2004 DG33
2004 ER70
2004 JH56
2004 PH93
2004 RC61
2004 RR109
2004 RG110
2004 RK246
2004 RQ278
2004 SX49
2004 TU24
2004 TR65
2004 TV112
2004 TL188
2004 TZ193
2004 TN244
2004 TC298
2004 TR298
2004 TJ370
2004 TV112
2004 TL188
2004 TZ193
2004 TN244
2004 TJ293
2004 TC298
2004 TR298
2004 TK339
2004 TE346
2004 UH6
2004 VE15
2004 VN42
2004 VC77
2004 WO8
2004 XZ29
2005 AF31
2005 UC143
2005 UU521
2005 YH160
2005 YK219
2005 YA269
2006 DZ116
2006 UG284
2007 BJ68
2007 CJ30
2007 DK23
2007 TK27
2007 TM42
2007 TY86
2007 VR7
2007 VQ138
2007 VW154
2007 YT61
2008 CE214
2008 TR112
2008 TE149
2008 US124
2008 UV129
2008 VQ24
2008 WS87
2009 BX69
2010 BY11
2010 CB8
2010 CW167
2010 DA44
2010 EF41
2010 FB7
2010 LN78
2010 OZ101
2010 PG59
2010 RV92
2010 RV110
2010 RB150
2010 RY175
2010 SK21
2010 SN25
2010 TB47
2010 TB71
2010 TF141
2010 TX177
2010 UJ36
2010 UJ88
2010 VY42
2010 VO91
2010 VU170
2010 VK195
2010 VU205
2010 WO61
2010 WY61
2010 WM74
2010 XQ22
2010 XV26
2011 AL
2011 AU10
2011 AQ24
2011 HK40
2011 HO95
2011 JR
2011 JH27
2011 LO4
2011 LT19
2011 QF1
2011 WP49
2012 BR2
2012 BW32
2012 BH120
2012 BT137
2012 BW151
2012 CT24
2012 CA44
2012 GU27
2012 HF75
2012 PR38
2012 RG25
2012 TK212
2013 CB165
2013 ED7
2013 ER102
2013 GC12
2013 GP76
2013 HS117
2013 HC134
2013 JM21
2013 JJ54
2013 RE51
2013 RE52
2013 RZ52
2013 SP36
2013 TG15
2013 TR107
2013 TU108
2014 DC103
2014 GU40
2014 HQ36
2014 HG122
2014 HS134
2014 KP66
2014 OR129
2014 OP291
2014 SN88
2014 WG367
2014 WA499
2014 WT501
2015 AE33
2015 AZ36
2015 AJ252
2015 BX99
2015 BR200
2015 BB490
2015 BF256
2015 DC117
2015 DH215
2015 ED17
2015 HS176
2015 HY181
2015 MH54
2015 MY60
2015 MK70
2015 ME89
2015 ML107
2015 OT74