id
126815
127201
128059
128930
129241
132175
132791
132871
133197
133614
133627
135581
135968
141349
143124
143202
145193
145602
146838
147678
151575
154356
156672
158452
159712
160221
161094
161197
166392
166394
166437
166592
166727
167058
169926
170695
172105
172222
172236
172337
174041
174060
174124
174322
174392
174732
175393
175534
176822
176838
176858
176999
177163
179773
180033
180576
181310
182858
182875
183137
183385
183390
184074
184249
184254
185424
186446
186480
186512
187005
187504
189367
189948
191170
191579
195018
195967
196047
196111
196565
197155
197325
197380
197741
198486
199162
199915
201325
201345
201394
201702
201870
201908
202674
203812
203834
203838
204303
204492
205761
205887
206110
206195
206196
206216
206226
206968
208884
208925
208960
209110
209636
211138
211259
211271
211309
211314
211318
211437
211499
211648
213557
213580
213631
213639
213734
213899
213920
214327
214386
214564
215422
215461
215547
215791
216600
216662
217151
217179
218099
218151
218154
218167
218189
218818
219782
219983
220109
220110
220208
220232
220256
220608
222765
222777
222907
222936
222961
223010
223023
223094
223375
224238
225989
226081
226171
226221
226235
226518
226858
228757
228782
229008
229042
229749
230320
230423
230436
230445
230674
231077
232170
232215
232242
232369
232779
233528
234745
234887
234891
234961
235695
235911
237814
237830
237907
237912
238829
238984
239014
239284
240149
240267
240917
240940
241955
242066
242089
242135
242215
242353
242969
243483
244261
244344
244541
244562
244573
244691
244704
244794
245854
247393
247405
247434
247570
247625
247676
247737
247831
247836
247920
248135
249278
250086
250223
250231
250317
250435
251019
251067
251208
252781
252898
252925
252964
253007
253082
253132
253150
253220
253778
254654
255564
255640
255804
255956
256032
256082
258689
258709
258792
258823
258988
259054
259197
259424
260673
260718
261376
261999
262134
262273
262835
263873
263997
264720
264908
265372
266175
266944
267448
267468
267506
267522
268279
269242
269364
270375
270439
270464
270603
270612
270634
270651
270757
270789
270826
270945
271150
271719
273302
273680
274168
274495
274560
276048
276121
276239
276276
276288
276351
276628
276692
276796
277601
277981
278075
280053
280084
280095
280105
280106
280120
280137
280140
280802
281638
282406
282752
283278
283619
283665
283699
283733
286763
286772
286839
286865
287086
287203
287282
287299
287316
287322
287382
287790
288306
288845
288886
288996
289795
291339
291839
291928
293655
293850
293937
296734
297085
297829
297861
297871
298162
298226
298240
298271
298604
298636
298686
298929
299346
299609
300807
301001
302481
302760
302796
303059
303173
303677
304132
304756
304794
305067
305288
306056
306065
307147
307177
307237
307326
307363
307460
307510
308779
309052
309164
309497
310699
310826
310834
310841
311081
311157
311348
311618
311963
312155
312379
312385
313296
313398
313495
313520
313608
314012
314033
315798
316185
317393
317468
317589
317595
317600
317803
319470
319628
319766
319827
320756
321405
322970
322973
322977
323042
323056
323094
323105
323138
323681
323712
325380
325517
326509
326516
326583
326613
326629
326653
326665
326917
327025
327173
327699
328282
328467
329422
329434
329466
329493
329520
329537
329558
329569
329570
329578
330368
330381
330855
331163
331644
331757
331761
331765
331881
333128
333379
333389
333741
334560
334566
334572
334611
334622
334634
335893
336871
338072
338080
338082
338178
338184
338221
338232
338247
338297
338531
338681
338730
338832
339034
342369
342873
344576
344730
345699
345903
345932
346033
347208
347241
347787
347819
347839
347842
347854
348802
348819
349495
349604
350131
350243
350789
350905
350923
350925
350931
351839
352106
352390
354182
354269
354318
354682
355751
355853
356538
357185
357201
357235
357245
357342
358020
358948
359941
360442
360466
360733
361525
361561
361639
361911
362357
362766
363306
363313
363343
363382
363423
363924
364182
364241
365513
365571
365871
366576
366587
366595
367152
367197
367447
368276
368314
368319
368343
368375
368429
368435
368581
368884
368905
368940
369209
369227
369228
369242
369339
369499
369756
370173
370182
370194
370195
370312
370314
370334
370359
370367
370374
370375
370395
370411
370500
370645
370819
371085
371129
371789
372271
373636
373661
373689
373701
373714
373744
373750
373787
373819
373976
373987
374500
374540
375705
376937
376997
377014
377017
377020
377023
377024
377048
377063
377301
378209
378340
379519
380287
380292
380308
380334
380412
380877
380879
381714
381879
382602
382656
382676
382678
382685
383474
383562
384346
384392
385168
385488
385830
386112
387205
387607
387637
387665
387667
388211
388475
391148
391251
392229
393524
393527
393538
395856
395862
396658
396667
396694
396702
396710
397481
399453
399455
399456
399459
399474
399484
399486
399504
399563
400027
400031
401016
401346
401962
401973
402590
402617
402704
403867
403921
404611
405176
405973
405993
406274
406400
406474
407997
408655
408935
408950
408956
408989
409981
411209
412533
412572
413345
413931
416019
416024
416104
416117
416118
416150
416176
416189
416526
416547
417071
417209
418577
418583
419363
420917
420960
421357
421465
422629
422813
422867
422897
422904
422918
424856
425092
426377
427495
427527
427529
427548
427561
427567
428139
428310
429667
430202
430586
430589
431003
432346
432884
432956
434112
434132
434134
434155
434162
434173
434470
435216
435511
435912
435938
436111
436370
436791
437422
437948
437957
438108
438889
2002 AB56
2002 AQ108
2002 AD140
2002 AE176
2002 BG25
2002 CF158
2002 CQ187
2002 CF214
2002 DV18
2002 EP10
2002 EE141
2002 FH8
2002 FJ8
2002 GK65
2002 GW107
2002 GH190
2002 HT10
2002 HA13
2002 HJ18
2002 JU107
2002 JL120
2002 JH151
2002 KT3
2002 KS16
2002 LF36
2002 LS63
2002 MB7
2002 NN16
2002 NA48
2002 NY68
2002 NZ70
2002 NN75
2002 NL80
2002 OM5
2002 OU26
2002 OC32
2002 PH22
2002 PP52
2002 PE74
2002 PL141
2002 PC166
2002 PQ173
2002 PA180
2002 PZ184
2002 PW190
2002 PD195
2002 PN198
2002 PW200
2002 QC51
2002 QF51
2002 QB55
2002 QQ88
2002 QS91
2002 QK92
2002 QM97
2002 QX105
2002 QA106
2002 QT107
2002 QU107
2002 QN110
2002 QE123
2002 QN126
2002 QX134
2002 QE137
2002 QZ138
2002 QF139
2002 QP141
2002 QF146
2002 QH150
2002 QZ151
2002 QJ154
2002 RG19
2002 RS26
2002 RT39
2002 RJ67
2002 RQ80
2002 RS152
2002 RR174
2002 RW194
2002 RO202
2002 RH223
2002 RR240
2002 RJ243
2002 RB245
2002 RY251
2002 RM262
2002 RL264
2002 RL266
2002 RZ278
2002 RX290
2002 SX10
2002 SS28
2002 SH70
2002 TP4
2002 TQ18
2002 TB22
2002 TB64
2002 TV65
2002 TW70
2002 TA93
2002 TM344
2002 TJ120
2002 TT126
2002 TE130
2002 TK140
2002 TJ148
2002 TH163
2002 TD169
2002 TG178
2002 TE218
2002 TF221
2002 TK224
2002 TP233
2002 TZ234
2002 TJ262
2002 TO271
2002 TU275
2002 TE304
2002 TF308
2002 TO309
2002 TM344
2002 TJ356
2002 UN47
2002 UH59
2002 UR78
2002 VD25
2002 VC46
2002 VY70
2002 VH90
2002 VV97
2002 VX116
2002 VN117
2002 VL137
2002 VX137
2002 VT142
2002 WJ23
2002 XB
2002 XW
2002 XF3
2002 XH49
2002 XC57
2002 XA119
2003 SA151
2004 PQ111
2004 RA62
2004 RO272
2005 NZ15
2005 NQ76
2005 OA20
2005 QK109
2005 SB226
2005 YC166
2006 BZ192
2006 DR196
2006 HN142
2006 KP123
2006 MA11
2006 RM74
2006 RT99
2006 SW160
2006 SQ286
2006 SB332
2006 TU54
2006 TK69
2006 TA83
2006 UY28
2006 UZ133
2006 UM151
2006 VU63
2006 VU103
2006 WD6
2006 WD85
2006 WV101
2007 AB13
2007 CZ51
2007 CA66
2007 RX83
2007 TP64
2007 TE70
2007 TL145
2007 TH353
2007 UY34
2007 VF183
2007 VX240
2008 AQ137
2008 BM9
2008 EH10
2008 EA36
2008 HQ70
2008 QS31
2008 TP89
2008 UA74
2008 UV327
2008 VZ45
2008 WM49
2008 WD68
2008 WB71
2008 YU118
2008 YD150
2009 BG97
2009 BZ117
2009 FP55
2009 PQ5
2009 PL11
2009 PL20
2009 QU23
2009 QU31
2009 TM37
2009 UQ13
2009 UR77
2009 UN107
2009 VF59
2009 WQ24
2009 WP162
2009 YK6
2010 CW42
2010 JR93
2010 MJ93
2010 VY45
2011 FY29
2011 FG47
2011 FE151
2011 GA84
2011 HZ49
2011 KY8
2011 ON1
2011 OE10
2011 OK42
2011 QM13
2011 QB20
2011 QM25
2011 QR54
2011 QB63
2011 QQ92
2011 SO92
2011 SG103
2011 SM162
2011 SY215
2011 SJ232
2011 TF1
2011 UJ
2011 UM32
2011 UV53
2011 US55
2011 UQ74
2011 UM306
2011 US293
2011 UM306
2011 WN83
2011 WJ112
2011 YY24
2011 YL35
2012 BQ37
2012 JE28
2012 KD12
2012 TR8
2012 TE69
2012 UP95
2013 AZ100
2013 CN2
2013 CH16
2013 CC37
2013 CC128
2013 DT9
2013 EB20
2013 GR22
2013 GB112
2013 JO20
2013 KZ10
2013 NW13
2013 OL7
2013 PN73
2013 QC39
2013 RP18
2013 RH33
2013 RT66
2013 SQ60
2013 TG17
2013 TL51
2013 TZ73
2013 TL97
2013 TE125
2013 TO134
2013 WU97
2013 WK106
2013 YK15
2013 YY29
2013 YB69
2014 CU19
2014 FC21
2014 GN30
2014 GO37
2014 JA17
2014 JG29
2014 LP17
2014 OT306
2014 QY62
2014 QM124
2014 QJ179
2014 QW236
2014 RO16
2014 SB165
2014 WS495
2014 WE322
2015 AU232
2015 BD249
2015 GV4
2015 ME4
2015 MB83