id
8887
9072
10946
11616
13386
13690
14421
14942
16195
17478
17649
17711
20015
20020
20021
20206
20700
20891
22512
22604
23479
24229
30433
30837
31368
31392
31446
31809
31835
33239
33289
33711
35105
35624
36150
37171
37688
38279
38592
40065
40171
41966
42700
43205
45892
46380
48478
49579
52037
54141
54629
55472
55564
56694
57796
59660
59894
59946
60157
60172
60251
60573
60616
60745
60813
60892
61197
62591
63961
65072
65118
65224
65245
66231
66538
66657
67280
68499
69747
71711
71966
72264
72661
72887
73690
76249
76343
76757
77338
77647
78224
81344
83973
84364
86245
87243
89838
90722
91150
92744
94230
95457
95493
95582
96469
104263
108999
110726
113660
115679
116080
119109
119528
119871
126389
127406
132504
141485
146484
150268
150501
153731
153872
154218
155372
156642
157155
161120
161148
163663
165692
166654
166819
170060
182841
187777
198363
201317
217216
219357
243310
244806
245974
263091
270902
274587
278343
284985
295385
307779
309359
317140
319541
328049
329536
336253
338327
362468
383590
415524
2008 CV61
2008 RQ103
2010 RK164
2013 QB38
2014 JE24