id
11120
12435
12817
13173
13360
14071
14138
14560
14955
14983
15055
15389
15935
16747
16874
17106
17709
17887
17984
18028
18494
18501
18525
18688
18775
18853
19403
20192
20276
20591
21288
21292
21303
21308
21317
21468
21593
21733
21832
22165
22471
22507
22577
22582
22670
22681
22685
23609
23610
23681
23723
23724
23806
24064
24493
24864
24993
25003
25147
25199
25380
25382
25541
25795
26179
26455
26608
26708
26905
26956
27126
27465
27931
28071
28100
28512
28531
28615
28632
28660
28680
28720
28759
29368
29370
29481
29671
29678
29738
29739
30088
30090
30264
31041
31067
31099
31125
31363
31607
31696
31980
32121
32181
32196
32279
32310
32352
33286
33409
33445
33504
33530
33856
33955
33977
34085
34148
34251
34338
34474
34675
34771
35270
35297
35515
35787
35791
35842
36286
36328
36355
36449
36474
36503
36523
36591
36662
36872
36888
36977
37220
37333
37741
37742
37818
37874
38033
38211
38640
38716
38721
38767
38870
38893
39038
39340
39672
39690
39704
39712
39722
39779
40379
40470
40810
41197
41445
41533
41710
41886
41992
42316
42557
42558
42563
42751
43011
43451
43458
43933
44017
44190
44252
44375
44377
44466
44603
44757
44935
45264
45816
46053
46116
46339
46662
46664
46903
46966
47412
47700
47730
47756
48061
48068
48231
48271
48690
48696
48840
48969
49066
49176
49273
49954
50351
50407
50412
50491
50496
50697
50700
50702
50711
50821
51530
52498
52509
52516
52518
52538
52663
52993
53032
53534
53867
53949
54033
54111
54164
54179
54230
54814
54856
54961
54985
55004
55159
55243
55304
55385
56073
56388
56448
56502
56566
56632
56912
56945
57063
57315
57320
57369
57490
57507
57559
57609
57686
57730
57731
57765
57989
58420
58434
58435
58436
58439
58452
58455
58456
58475
58481
58497
58498
58611
58615
58674
58681
58717
58911
59027
59042
59108
59146
59220
59315
59351
59829
59841
59929
60003
60188
60576
60720
60743
60776
60826
60859
61129
61159
61232
61233
61259
61437
61585
61643
61645
61735
61806
61827
61870
61886
62001
62140
62168
62489
62799
63315
63407
63511
63563
63633
63855
63885
63890
63917
64049
64057
64187
64292
64531
64659
64748
64983
65004
65174
65248
65801
65803
65805
65806
65832
65835
65902
66205
66352
66376
66923
67025
67127
67277
67318
67391
67414
67673
67714
67729
68071
68281
68783
69426
69441
69471
69472
69856
69934
70082
70118
70162
70204
70780
71253
71804
72041
72237
72718
72739
72947
73005
73053
73285
73392
73530
73828
73861
73864
74042
74540
74545
74577
74584
74733
75098
75135
75152
75378
75598
75884
76039
76161
76169
76222
76238
76472
76734
76870
76901
77016
77078
77449
77492
77949
77977
78002
78026
78238
78373
78380
78415
78488
78508
78838
78906
78983
79312
79329
79352
79779
80158
80260
80349
81121
81157
81251
81277
81335
81346
81513
82023
82593
82610
82753
83010
83120
83191
83382
83494
83549
83558
83900
84151
84260
84336
84598
84942
85389
85391
85459
85498
85719
86146
86209
86378
86568
86616
86683
86918
86957
86995
87047
87374
87403
87408
87416
87451
87554
88333
88709
88941
89006
89008
89122
89170
89306
89310
89364
89511
89533
89599
89628
90107
90266
90844
90853
90876
91064
91723
92073
92460
92601
92882
93169
93413
93682
94409
94508
94547
94629
94636
94709
94761
94770
94828
95052
95124
95259
95268
95350
95815
95979
96302
96613
97320
97700
97778
97867
97907
98797
99345
99767
99863
100454
100500
100567
100769
100772
100778
101435
101499
101531
101532
101542
101551
102299
102439
102663
103215
103264
103535
103622
103762
103789
103887
104206
104559
104706
104803
104946
105177
106265
106443
106602
106732
106979
107047
107238
107246
107458
107578
108663
109054
109188
109290
109294
109449
110320
110344
110503
110946
110965
111013
111161
111343
111392
111446
111451
111696
111818
111841
112064
112132
112177
112340
112505
112520
112903
112908
112922
113033
113087
113285
113326
113352
113493
113528
113578
113782
114054
114060
114212
114352
114415
114715
114818
114888
114917
114928
114952
115038
115129
115279
115495
116072
116088
116149
116276
116288
116338
116339
116548
116570
116871
117138
117310
117405
117454
117642
117698
117846
118215
118222
118701
118708
118766
118782
119358
119468
119482
119486
120107
120156
120623
120629
120649
120778
120957
121338
121683
121757
121821
122144
122148
122228
122236
122237
122242
122477
122537
122714
122737
122783
122799
122822
122953
123064
123095
123320
123346
123411
123768
123873
123874
123917
123995
124045
124226
124488
124586
124588
124589
124629
124756
124937
124950
125223
125477
125559
126245
126260
126385
126514
126868
126901
126913
127310
127593
127764
127784
127824
127862
127872
128294
128410
128512
128531
128660
128696
129030
129078
129331
129525
129531
129535
129562
129583
129597
129777
130116
130176
130321
130380
130417
130529
130643
130817
130900
130971
131040
131105
131545
131561
131579
131589
131698
131727
132043
132157
132322
132339
132554
132789
132822
133096
133251
133370
133451
133694
133736
134069
134084
134182
134279
134385
134387
134716
134765
134919
134992
135580
135960
136301
137003
137077
137201
137263
137641
137964
137982
138110
138223
138333
138349
138882
138908
138968
139124
139534
139679
139999
140009
140026
140035
140089
140242
140734
140737
140857
140889
141185
141375
141500
142166
142428
142507
142706
142707
142750
142856
142905
143245
143370
143674
143706
143814
143916
143941
144125
144742
144830
145061
145240
145286
145541
145558
145753
145868
146106
146479
146775
147378
147484
147795
148066
148255
148294
148682
148703
148747
148941
148945
149210
149535
149860
149946
150150
150471
150503
150551
150555
151207
151671
152103
152428
152609
152613
153063
153335
153423
153426
153508
154334
154402
154414
154435
154441
154724
154956
155245
155271
155412
155414
155415
155422
155493
155670
155840
155871
155945
156838
156850
156870
156968
157017
157204
157226
157251
157336
157513
157581
157594
157817
157819
157820
157834
158353
158478
158486
158649
158661
158883
158899
158916
158927
159034
159059
159723
159760
160181
160408
160750
161402
161606
161658
161663
161871
162054
162715
162727
162758
162932
163034
163120
163723
163728
163781
163785
163801
164116
164150
164313
164333
164545
164570
164763
165007
165018
165156
165338
165409
165441
165706
165987
166075
166111
166192
166491
166613
166942
166948
166972
167000
167107
167222
167288
167400
167421
168097
168167
168354
168371
168407
168618
168935
168998
169150
169239
169266
169491
169558
169652
169733
169800
170256
170263
170947
171071
171425
171768
172660
172716
173164
173399
173734
174304
174403
174592
174766
174963
175128
175171
175632
176218
176335
176807
177233
177318
177451
177579
177692
178100
178206
178455
178671
178777
178786
178793
178894
179665
179704
179854
179962
180199
180217
180286
180318
180322
180615
180885
180999
181236
181286
181317
181515
181752
181765
181957
182046
182213
182707
182772
182957
183401
183592
183717
183777
184045
184289
184693
184749
184799
184918
185022
185155
185168
185178
185289
185367
185858
186530
186673
187243
187247
187564
187757
188344
188364
188600
188703
188882
189336
189566
190022
190054
190493
190517
190526
191054
191240
191850
192008
192223
192245
192369
192373
192378
192391
192392
192397
192576
193254
193261
193380
193878
193879
193888
194489
194636
194969
195059
195131
195201
195539
195663
195792
196240
196249
196278
196319
196347
196361
196370
196494
196774
196890
197130
197645
197745
197883
197914
197980
198397
198569
198621
198656
198806
199188
199528
199689
199690
199755
199951
200119
200120
200297
200456
200646
200797
201041
201776
201972
201978
201983
202294
202545
203305
203394
203652
203680
203741
203922
203978
204010
204075
204105
204312
204516
204734
204756
204761
204826
204845
205334
205810
205959
206044
206304
206325
206579
206911
206945
207089
207101
207176
207290
207365
207410
207429
207480
207706
207929
208448
208466
208667
208693
208796
208849
209216
209284
209330
209511
209684
210090
210233
210336
210480
211676
211754
211813
211954
212006
212025
212061
212208
212214
212272
212367
212467
212532
212749
212863
212868
213165
213223
213454
213667
213933
213940
214175
214217
214320
214738
215048
215070
215191
215392
215423
215505
215610
215620
215644
215710
215716
216103
216171
217432
217688
218378
218412
218584
218709
218785
218837
218881
218892
219056
219078
219120
219897
220271
220272
220482
220774
220828
221234
221253
221277
221552
221866
221984
222246
222853
223283
223295
223299
223311
223491
223607
223919
224902
225306
225403
225868
226317
226587
226966
227254
227289
227296
227664
227783
227813
227828
227886
228016
228150
228192
228221
228338
228351
228732
228820
228835
228841
229026
229109
229218
229516
229557
229606
229689
229773
230048
230572
230648
230940
231064
231370
231847
231997
232300
232379
232406
232437
232578
232766
233138
233256
233524
233588
233617
233647
234784
234864
235049
235051
235206
235523
235620
235623
235986
236056
236169
236242
236277
236324
236705
236788
237073
237117
237419
237459
237544
237644
238078
238092
238101
238211
238222
238462
238645
238868
239274
239275
239438
239619
239755
239757
240223
240290
240315
240590
240668
240902
241175
241396
241413
241463
241528
242748
242810
242819
242931
243195
243352
243572
243575
243770
243888
243892
244036
244177
244280
244916
245336
245542
245614
245679
246149
246499
247461
247546
247800
247871
248767
249205
249294
249527
249529
249589
249792
249993
250622
251091
251369
251406
251903
251998
252001
252033
252034
252745
253244
253317
253495
253562
253663
253699
253707
253740
254192
254229
254446
254520
254568
254891
255016
255294
255571
255672
255772
255907
256049
256050
256201
256271
257057
257317
257358
257379
257504
257507
257813
257818
258392
258473
258568
259503
259564
259593
259669
260185
260607
260626
261279
261318
261401
261892
262337
262486
262492
262628
262814
263143
263311
263857
263877
264117
264416
264933
265015
265100
265142
265174
265742
265793
266016
266102
266780
266799
266860
266981
267032
267048
267091
267691
267692
267702
268024
268394
268406
268480
268509
268646
268777
268856
268902
269023
269461
269563
269687
269690
269691
269773
269929
270311
271440
271618
272552
272629
273064
273071
273168
273440
273493
273532
273580
274964
274976
275010
275043
275112
275599
275819
275911
276371
276453
276461
276647
276875
276949
277969
277988
278101
278169
278317
278986
279627
279842
280049
280157
280522
280791
280798
281032
281164
281166
281177
281589
281710
281871
282107
282491
282516
283323
283507
283850
284191
284462
285175
285285
285541
285565
285566
285593
285744
285776
285977
286322
286751
287199
287412
287580
287586
287619
287769
288013
288093
288117
288149
288151
288351
288370
288397
288460
288591
289113
289164
289343
289426
289462
289499
289522
289662
289680
290272
290528
290582
290648
290754
290900
290909
290930
291025
291186
291313
292450
292452
292645
292901
293037
293318
293399
293426
293738
293893
293934
294012
294014
294386
294411
294434
294482
295270
295574
295784
296296
296323
297008
297114
297351
297731
298071
298531
298613
298760
298891
298945
299143
299197
299205
299428
299455
299841
299850
299897
300543
300552
300775
301878
302547
302548
302965
303117
303142
303230
304804
305647
306073
306224
306327
306401
306403
307168
307760
307807
307870
308025
309083
309260
309322
309510
309823
310114
311020
311804
312124
312248
312465
312611
312867
312954
313254
313356
313597
313808
314626
315423
316450
316501
316540
316685
316689
316691
316891
317670
317818
317851
318041
318423
318674
318911
319113
319281
319416
319460
319623
320888
320958
321135
321823
321841
322278
322279
322625
323771
324080
324164
325109
326106
326950
328240
328919
330187
330267
330710
331257
332053
332131
332339
332413
333171
333258
333754
334118
334669
335043
335105
336623
338155
338421
338566
339130
339406
339478
339726
340029
340387
340958
341254
341705
342088
342479
343183
343741
343777
343833
344071
344583
344664
344817
344953
345828
346128
347219
347456
347930
347939
348518
349748
350272
350359
351412
352282
353708
353784
353792
354960
355047
355450
355914
355994
356862
357962
357971
357978
358513
358665
358787
359784
360272
360532
360544
360734
360935
361355
361671
362672
362774
362932
363575
363875
363931
364915
365095
365556
365658
365659
366269
366271
366344
366655
366686
366955
367294
367488
367600
367700
367949
369973
371287
371561
371898
372580
372705
374904
375098
375902
376091
376215
376545
376566
377972
378211
378519
379583
379695
380613
380985
381203
381226
381274
381380
381773
382744
382990
383859
383908
384317
384356
385107
385122
385584
385772
385783
387133
387233
387237
387263
387289
387308
387768
387846
388420
388533
388907
389233
390137
390184
390379
392937
394356
395742
396414
396543
397472
397901
398071
398835
398866
399023
399118
399315
399981
400304
401256
401463
401622
401778
402929
402977
403369
404176
404760
404769
406394
406588
408264
408324
408443
409515
409528
410341
410448
412452
412478
414813
416565
417128
417344
418167
418923
418937
419241
420324
420984
422165
422745
423197
423981
424056
424361
424417
426378
426755
430952
431012
431205
431694
432666
433335
433340
433411
433506
433837
434821
435197
436559
437406
437571
438459
439648
1996 BG1
1996 GT4
1996 TK27
1996 TS36
1996 TK66
1996 VM16
1996 XW9
2000 UO70
2003 GD57
2003 SZ197
2003 YV36
2004 AY14
2005 SK136
2005 SO263
2005 UU15
2005 UA47
2005 UN172
2005 UO471
2005 UK221
2005 VG73
2005 WY42
2005 WK124
2006 BU111
2006 BH177
2006 HK153
2006 QW136
2006 TV97
2006 UP264
2006 UH284
2006 UV284
2006 VN115
2007 DP97
2007 GZ45
2007 MU4
2007 QL13
2007 RJ78
2007 TQ333
2007 UH11
2007 VT46
2007 VM158
2008 TJ147
2008 UP146
2008 YB153
2009 BS49
2009 BN139
2009 DQ24
2009 SB289
2009 SH316
2009 UZ73
2009 VC13
2009 XF15
2010 AT32
2010 GU65
2010 RB177
2010 VG92
2011 BD80
2011 BG94
2011 BC109
2011 FM11
2011 FT55
2011 HM69
2011 KQ7
2011 SA
2011 SY211
2011 SD250
2011 UD27
2011 UB55
2011 UK124
2011 UK124
2011 UE283
2011 WR135
2012 FP63
2012 GU31
2012 OV2
2012 TN141
2012 TK198
2012 UN12
2012 UH56
2012 UR71
2012 XY128
2013 GQ98
2013 GZ100
2013 KO4
2013 NY
2013 OZ7
2013 PU30
2013 QV12
2013 RE71
2013 TW36
2013 TQ143
2013 WC4
2014 AQ12
2014 DT20
2014 DN26
2014 HT124
2014 JR22
2014 JC71
2014 MS49
2014 OD240
2014 OD333
2014 QS351
2014 SS117
2014 VV28
2014 WK349
2015 BC162
2015 DO205
2015 MP44