id
68247
76750
77895
77905
78133
78159
82011
82041
82044
83801
83867
83877
86435
87956
90456
92272
103537
104876
105935
109962
113403
114749
116489
141701
145422
146014
150416
152900
158158
158170
158595
171258
171420
173083
174114
175936
176158
177941
181647
181675
182062
182069
182239
184262
184857
184974
185861
187423
189702
193241
193248
193268
193291
193306
193311
193323
193332
193350
193354
193398
193449
194207
194501
194860
195204
197478
198722
199715
200417
203157
203159
204622
204856
210087
215377
216408
216411
217024
217604
222427
225800
226233
227065
227074
227755
228571
229050
230294
230309
230346
231872
231909
232165
232393
232402
233864
235567
236856
237255
237278
238154
242149
242996
249246
249284
249302
253037
253041
258913
262912
263793
269294
269332
269368
269509
270396
274032
274811
289446
294784
295562
295720
295886
296810
298987
300986
311261
315930
318479
319430
325385
328770
328839
330780
330822
340893
341838
341841
345308
358031
358972
361991
374382
377723
378527
378531
378566
381063
393184
393187
400345
400528
401300
404079
406346
414199
415457
416952
418276
438694
439675
2000 XH11
2003 UC194
2007 RX64
2007 RD105
2007 RY238
2008 GK136
2008 RM135
2008 SQ83
2008 SM110
2008 TV55
2008 TD67
2008 TX136
2008 TQ145
2008 UN7
2008 UY99
2008 UO282
2008 WC46
2008 WR138
2008 YS99
2009 WB226
2010 AF80
2010 TT157
2011 BU70
2011 CZ86
2013 EX104
2014 NP55