id
884
1868
3317
3540
4057
4086
4707
5120
5254
5511
5638
9142
9712
12238
13060
13182
13353
13402
13782
13790
16956
19020
20424
21599
22056
24459
24528
24603
32396
32435
32437
34298
34684
36279
38609
38611
41268
42403
42555
46676
51347
53449
54649
54689
55701
58096
63265
63273
63278
63286
76819
83983
85822
88245
98116
99943
100624
116969
125106
155786
158333
160534
162388
166115
178291
182176
185693
186272
188942
188965
190264
190294
192217
200022
200051
216421
219897
220574
222851
222864
225216
225219
226030
226691
228095
228140
228150
228239
231620
237332
247437
248048
248670
248991
249236
249237
249247
251743
252173
253343
256505
257203
257205
257405
263805
263810
263825
264050
264065
264073
264074
264103
264109
264121
264132
266965
269356
274988
275007
275342
275682
283236
283513
284665
285648
295326
295347
295497
295531
295618
295676
296763
296777
296782
297155
297287
297692
305544
310106
310655
312001
312626
312778
313896
315916
315922
315960
316119
316128
316129
316137
316160
316161
316536
320047
320066
321610
321625
321653
322379
322560
326127
336068
337863
341026
341869
341872
343896
344002
350574
353181
353182
353185
353186
353198
353199
353215
353230
353344
353352
353364
354213
356213
356252
356268
356417
356421
356433
356442
356450
356864
356899
356900
358977
359347
359598
359974
360064
360162
365301
365724
375257
379837
379977
379997
381409
381987
382253
387385
389302
389318
389322
389341
389559
389826
389827
390288
390325
390333
390354
391790
393186
393205
394869
395285
395696
398109
424102
428940
430379
432300
433278
433292
433298
436255
436388
436755
437300
437308
2005 AW27
2008 RL122
2008 SE8
2009 JX8
2009 RX62
2009 RJ68
2009 SM190
2009 WM24
2010 UR45
2010 UW83
2010 VP147
2010 VT170
2010 VE177
2011 QL3
2011 QO3
2011 QZ49
2012 TL52
2012 TV79
2012 TJ210
2013 AQ95
2013 AJ104
2013 BJ
2013 BD28
2013 CX28
2013 EG17
2014 FJ4