id
24447
53426
62548
66272
67467
70044
77154
80241
82087
93333
95025
95077
95755
99278
99511
101901
102015
102344
102586
102660
102679
102767
102879
103203
103231
105607
107598
107613
111751
112702
112705
112709
112963
113948
115026
115164
115247
115817
117506
117680
117770
118425
118458
120218
121065
121067
121083
122744
123145
123305
124423
124771
125083
125137
125165
125315
125486
125782
127467
127493
127877
128672
128826
128933
129321
129751
129752
129801
129802
129832
129855
129862
129971
129976
130040
130451
131725
131748
131780
131802
133030
133273
133456
133470
133515
133924
133981
134520
134558
134579
134586
134627
134896
135550
135597
135603
135632
135637
135640
135643
136182
136189
136243
136427
136430
136441
137154
137197
137225
137226
137227
137246
137284
137302
137313
137328
137331
137332
137339
137365
137374
137377
137383
137399
137402
137428
137433
137437
137449
137462
137475
137481
137482
137483
137484
137525
137536
137540
137541
137546
137547
137563
137566
137571
137575
137578
137579
137584
137588
137590
137592
137601
137619
137621
137637
137639
137647
137648
137665
137669
137683
137693
137694
137729
137737
137743
137774
138977
139024
139183
139798
141477
141512
141550
141552
141555
141588
141589
141603
141665
141694
141702
141717
141723
141746
141766
141786
141818
141876
141959
142021
142222
143657
143694
143714
144001
144042
144083
144085
144088
144093
144151
144416
144461
144944
144983
144990
144998
145022
145027
145056
145271
145466
145542
145569
145605
145883
145885
145895
145901
145902
145914
145918
145923
145925
145935
145961
146981
146982
146987
147008
147493
147496
147528
147718
147904
147919
148099
148115
148122
148123
148139
148145
148147
148150
148186
149190
149202
149244
149582
149640
149798
150051
150060
150083
150257
150308
150317
150323
150336
150347
150348
151543
151547
151562
151571
151701
151914
151947
151955
152181
152751
152752
152830
152849
152850
152866
152867
152868
152871
153080
153437
153525
153532
153688
154270
154274
154287
154288
154292
154332
154412
154700
155133
155171
155497
155503
155581
155790
156259
156715
156900
156965
157080
157156
157427
157486
157506
157528
157603
157686
157768
157869
157878
157923
158012
158257
158676
158898
158977
159067
159194
159605
159772
160003
160165
160372
160482
160573
160611
160716
160785
161038
161285
161470
161755
161892
161906
162154
162161
162163
162168
162193
162216
162283
162287
162293
162571
162596
162598
162599
162626
162840
163095
163116
163141
163678
163741
163819
164035
164411
164439
164579
164787
164812
164816
164834
164836
164842
164854
164873
164887
164891
165291
165579
165613
165978
166024
166834
166878
166969
167004
167015
167090
167094
167117
167204
167211
167240
167687
167692
167704
167866
167925
168050
168058
168073
168075
168086
168093
168125
168136
168172
168455
168468
168476
168504
168506
168507
168524
168539
168541
168547
168789
168801
168841
168902
169006
169011
169023
169443
169526
169543
169557
169672
170351
170388
170428
170465
170563
171103
171290
171353
171453
171530
171531
171555
171691
171764
172088
172093
172148
172442
172457
172523
172577
172582
172595
172623
172821
172868
172904
173249
173251
173252
173258
173259
173262
173277
173285
173298
173300
173301
173305
173313
173360
173476
173485
173601
174097
174104
174106
174162
174650
174669
174673
174722
174851
175123
175127
175154
175224
175258
175382
175402
175509
175519
175789
175791
175792
175808
175815
175827
175844
175859
175870
175871
175872
175876
175885
175894
175906
175912
176131
176144
176610
176612
176628
177024
177040
177143
177198
177214
177252
177256
177309
177313
177319
177325
177334
177365
177407
177431
177524
177686
177689
177706
177712
177723
177733
177791
177960
177998
178045
178081
178451
178461
178495
178496
178501
178502
178505
178509
178510
178520
178522
178531
178537
178539
178544
178547
178553
178563
178573
178575
178579
178595
178798
179599
179615
179658
179662
180050
180262
180291
180325
180329
180352
180364
180365
180368
180376
180377
180379
180397
180462
180513
180544
180831
180905
181315
181323
181341
181365
181366
181377
181378
181394
181511
181674
181877
181879
181881
181885
181890
181892
181893
181895
181901
181908
181913
181914
181918
181926
181934
181949
181962
181967
181969
181970
181971
181980
181985
181987
181988
181989
181994
181999
182012
182019
182190
182496
182847
182972
182990
183023
183038
183059
183116
183121
183122
183340
183511
183572
183588
183625
183626
183653
183665
183669
183689
183693
183694
183696
183734
183736
183761
183801
183804
183821
183830
183847
183860
183866
183941
184298
184311
184331
184333
184336
184344
184587
184993
185008
185011
185026
185044
185054
185072
185088
185106
185173
185190
185265
185336
185352
185356
185477
185516
185555
185560
185581
185742
185746
185753
185770
185771
185772
185790
185792
185805
185811
185813
185820
185872
185955
185965
186403
186414
186416
186439
186459
186658
186671
186676
186704
186712
186714
186717
186739
186748
186749
186768
187002
187037
187048
187481
187483
187498
187516
187528
187544
187584
187712
187814
187818
187828
187830
187844
187852
187989
188067
188197
188225
188356
188357
188388
188389
188406
188417
188427
188625
188706
188858
189451
189674
189675
189831
190360
190426
190534
190536
190976
191236
191574
191594
191645
191672
191675
191985
192266
192583
192628
193187
193201
193222
193274
193849
193909
194190
194197
194210
194267
194306
194352
194358
194362
194407
194421
194427
194433
194438
194457
194478
194491
194503
194565
194637
194695
194701
194704
194705
194713
194714
194800
196309
196325
196339
196367
196382
196432
196459
196464
196472
196810
197381
197678
197811
197848
197879
197912
198041
198067
198113
198232
198563
198859
198866
199014
199138
199168
199217
199227
199252
199301
199809
199814
199875
199891
199916
199918
200167
200172
200198
200206
200210
200245
200250
200255
200354
200363
200402
200429
200628
200700
200801
200808
200814
200852
200876
200900
200907
201109
201488
201782
201948
202008
202042
202050
202097
202101
202109
202112
202151
202433
202445
202486
202488
202503
202510
202512
202553
202561
202569
202688
202718
202937
202948
202985
203078
203359
203369
203382
203404
203421
203445
203464
203490
203561
203570
203643
203895
203905
203936
203951
203954
204322
204336
204364
204372
204498
204595
204654
204660
204664
204670
204683
204704
204713
204728
204737
204768
204786
204937
205057
205091
205096
205098
205100
205115
205126
205127
205141
205150
205151
205161
205250
205273
205290
205309
205649
205654
205655
205715
205718
205722
205815
205838
205929
205954
205968
206133
206356
206368
206377
206410
206417
206466
206469
206470
206512
206560
206570
206920
206966
206988
207002
207175
207185
207273
207422
207445
207455
207489
207507
207510
207677
207720
208024
208028
208046
208049
208071
208074
208088
208089
208167
208184
208224
208227
208240
208258
208551
208567
208611
208670
208689
208702
208719
209034
209047
209087
209091
209109
209121
209128
209133
209176
209196
209212
209556
209597
209696
209713
209716
209773
209965
209982
209988
210025
210037
210267
210344
210358
210391
210406
210535
210536
210537
210538
210550
210551
210555
210556
210557
210565
210568
210583
210584
210586
210668
211017
211047
211055
211091
211095
211187
211190
211495
211513
211573
211581
211583
211585
211586
211621
211627
211628
211630
211631
211656
211657
211678
211684
211693
211761
211978
212043
212076
212140
212150
212362
212364
212376
212388
212412
212421
212427
212443
212510
212795
212802
212956
213071
213082
213084
213089
213092
213094
213099
213102
213452
213529
213533
213570
213821
213878
213897
213984
214192
214203
214215
214220
214229
214236
214253
214254
214522
214539
214543
214554
214555
214556
214559
214579
214613
214939
215047
215075
215081
215082
215123
215125
215132
215136
215137
215140
215155
215157
215396
215432
215435
215605
215625
215658
215683
215855
215858
215882
215895
215905
215931
216035
216057
216071
216075
216080
216088
216114
216305
216324
216326
216457
216474
216477
216483
216484
216491
216498
216520
216568
216588
216661
216705
216718
216777
216800
216935
216936
216939
216954
217057
217234
217398
217520
217690
217710
217713
217714
217718
217725
217727
217732
218007
218126
218661
218830
218833
218845
218850
218851
218855
218860
218898
218969
219152
219153
219157
219159
219164
219167
219174
219175
219177
219186
219189
219199
219202
219206
219235
219251
219252
219253
219291
219532
219691
219723
219977
219982
219984
219995
220325
220337
220483
220497
220509
220635
220916
220921
221049
221080
221096
221146
221169
221367
221531
221532
221535
221545
221579
221606
221609
221695
221831
221839
221850
221905
221924
221936
222079
222081
222082
222084
222086
222087
222088
222092
222093
222098
222100
222101
222102
222103
222107
222116
222121
222124
222137
222138
222140
222143
222151
222159
222169
222394
222465
222487
222504
222585
222934
222935
222941
222945
222946
222947
222954
222956
222959
222962
222965
222966
222979
222980
222992
222994
223047
223050
223069
223231
223236
223243
223516
223564
223570
223977
223997
224074
224117
224249
224280
224294
224295
224359
224364
224791
224842
224845
224854
224915
224919
224997
225170
225234
225370
225386
225389
225398
225411
225413
225414
225416
225634
225639
225720
225762
225767
225787
225793
225794
226089
226099
226102
226103
226119
226149
226180
226319
226592
226596
226609
226628
226969
227081
227116
227286
227312
227316
227354
227386
227403
227447
227787
227797
227799
227800
228049
228136
228137
228251
228265
228270
228272
228278
228281
228482
228488
228511
228691
228702
228711
228849
228865
229317
229484
229489
229564
229790
229888
229958
229971
229986
229988
229995
230031
230173
230184
230203
230204
230226
230286
230469
230485
230627
230705
231179
231329
231403
231449
231457
231518
231726
231730
231733
231748
231762
231777
231832
231987
232062
232086
232103
232112
232219
232440
232446
232458
232474
232571
232740
232811
232862
233046
233202
233230
233236
233245
233250
233276
233281
233293
233297
233363
233372
233383
233573
233654
233735
233741
233847
234053
234057
234067
234079
234127
234187
234231
234395
234464
234488
235076
235099
235145
235163
235176
235630
235631
235699
235724
235749
235849
236240
236278
236287
236290
236294
236304
236356
236366
236460
236462
237006
237012
237166
237422
237425
237437
237438
237447
237457
237497
237742
237744
237755
237792
237865
237880
238172
238173
238205
238229
238307
238513
238811
238876
238906
238917
238920
238922
238925
238927
238933
238948
238950
238958
238975
239061
239101
239298
239452
239546
239562
239593
239612
239669
239749
239778
239789
239842
239858
239887
239914
240374
240400
240403
240455
240457
240560
240588
240636
240813
240820
240823
240858
240869
240875
240896
240966
241126
241159
241375
241378
241403
241469
241602
241614
241639
241912
242249
242794
243053
243360
243384
243398
243430
243459
243491
243613
243665
243778
244293
244324
244329
244553
244743
244758
244790
244849
244935
245004
245188
245196
245286
245301
245473
245502
245651
245659
245672
245676
245696
245701
245703
245711
245800
246227
246353
246537
246694
246797
246932
246935
246948
246949
246959
246963
246970
246973
247000
247023
247029
247055
247066
247072
247088
247766
247838
247840
247844
247851
247909
247927
247968
248337
248566
248598
248646
248822
248977
249107
249115
249177
249184
249204
249378
249409
249427
249450
249610
249611
249626
249635
249648
249669
249670
249671
249673
249682
249746
249754
250006
250104
250224
250267
250404
250407
250408
250429
250437
250440
250443
250447
250448
250451
250494
250643
250969
251017
251025
251036
251037
251565
251593
251595
251760
251764
251768
251775
251776
251777
251783
251784
251789
251793
251798
251807
251810
251815
251817
251818
251819
251821
251826
251833
251839
251841
251847
251853
251858
251870
251873
251880
251885
251893
251901
251908
251909
251929
251936
251939
251945
251950
251951
251960
251961
252039
252125
252177
252401
252731
252779
252824
252902
252913
252944
252973
252992
253034
253081
253268
253314
253323
253331
253407
253418
253462
253487
253600
253602
253646
253673
253690
253701
253708
253717
253736
253750
253759
253767
253788
253793
253804
253805
253813
253824
253827
253840
253871
253877
253880
253886
253925
254494
254530
254582
254716
254967
255461
255555
255558
255591
255592
255600
255603
255606
255615
255632
255636
255638
255667
255668
255679
255680
255683
255701
255713
255722
255737
255742
255754
255758
255842
255983
256070
256116
256552
256590
256603
256620
256632
256636
256646
256690
256714
256734
256735
256771
256777
256788
256789
256818
256840
256847
256914
256968
257236
257273
257283
257301
257303
257327
257345
257579
257584
257586
257599
257613
257616
257622
257623
257626
257637
257644
257645
257646
257648
257650
257654
257656
257660
257663
257664
257667
257668
257669
257670
257671
257677
257691
257698
257703
257704
257707
257710
257712
257717
257722
257734
258035
258192
258590
258611
258626
258730
258754
258808
258854
258877
258878
258880
259107
259132
259142
259168
259189
259243
259255
259418
259431
259491
259522
259549
259554
259563
259604
259614
259622
259636
259638
259643
259688
259696
259708
259723
259730
259735
259740
259745
259763
259774
259779
259790
259873
259886
259898
259906
260453
260522
260552
260664
260667
260992
261064
261071
261349
261659
261722
261777
261792
261877
261929
261943
261948
261949
261955
261960
261966
261970
261973
261975
261979
261990
262008
262009
262013
262019
262020
262026
262028
262029
262037
262052
262056
262057
262089
262102
262139
262175
262192
262197
262230
262276
262358
262360
262385
262396
262442
262457
262517
262542
262633
262658
262695
263075
263111
263115
263132
263186
263187
263213
263244
263292
263339
263419
263436
263469
263506
263519
263622
263669
263852
263859
263893
263917
264002
264199
264213
264220
264310
264312
264314
264315
264316
264318
264320
264324
264325
264326
264331
264337
264339
264343
264346
264348
264758
264787
264925
264967
264986
265117
265182
265189
265192
265229
265346
265384
265488
265498
265575
265579
265612
265638
265882
266054
266088
266095
266109
266165
266173
266184
266189
266190
266197
266234
266303
266306
266313
266467
266969
266975
266998
267068
267081
267083
267096
267102
267104
267351
267534
267710
267735
267881
267899
267909
267912
267919
268026
268076
268079
268237
268308
268515
268539
268787
268811
268814
268816
268821
268834
268972
269000
269006
269074
269087
269132
269159
269202
269409
269445
269751
269762
269782
269791
269804
269805
269807
269809
269812
269817
270310
270344
270433
270575
270598
270642
270742
270859
271070
271166
271382
271393
271434
271518
271526
271846
272153
272198
272319
272392
272777
273306
273338
273372
273414
273455
273492
273629
273635
273672
273821
273912
274067
274079
274093
274136
274158
274198
274216
274475
274516
274581
274782
274800
274885
274901
274990
275037
275074
275097
275197
275230
275291
275298
275309
275563
275581
275584
275602
275845
275881
275882
275935
275989
276236
276253
276295
276345
276441
276444
276458
276462
276470
276528
276618
276633
276635
276645
276728
276803
276835
277239
277463
277554
277556
277581
277614
277793
277853
277990
278036
278107
278241
278271
278281
278333
278523
278533
278625
278653
278659
278677
278765
278809
278831
278850
278906
278908
279030
279041
279060
279119
279135
279164
279225
279235
279238
279288
279357
279426
279432
279448
279478
279593
279659
279683
279690
279710
279762
279763
279765
279773
279775
279784
279787
280123
280172
280287
280316
280523
280540
280894
280933
280986
281014
281129
281399
281420
281458
281543
281663
281748
281762
282050
282054
282059
282062
282068
282391
282490
282645
282721
282912
282943
283071
283238
283258
283336
283339
283343
283350
283354
283355
283774
283780
283782
283798
283827
283828
283932
283967
284165
284296
284401
284501
284602
284708
284721
284724
284825
284840
284872
285322
285323
285325
285332
285348
285351
285358
285359
285360
285369
285373
285376
285380
285381
285404
285406
285409
285411
285427
285440
285457
285473
285597
285623
285654
285664
285667
285837
285843
286054
286068
286169
286186
286204
286217
286218
286343
286403
286479
286505
286522
286523
286620
286627
286737
286764
286768
287139
287146
287374
287423
287525
287592
287642
287662
287668
287684
287717
287726
287728
287792
287825
287829
287851
287913
287976
288115
288175
288209
288211
288212
288230
288253
288297
288424
288497
288533
288679
288682
288938
288976
289015
289062
289100
289137
289139
289162
289222
289225
289307
289340
289437
289455
289703
290072
290122
290140
290149
290220
290227
290229
290231
290236
290260
290329
290493
290629
290840
290985
291022
291057
291060
291069
291137
291185
291221
291224
291263
291273
291277
291319
291323
291347
291432
291438
291488
291515
291548
291768
291816
291829
291836
291855
291870
291891
291895
291909
291915
291921
291966
291995
292004
292014
292087
292146
292163
292200
292218
292225
292232
292269
292270
292331
292365
292374
292375
292479
292535
292546
292553
292554
292589
292647
292660
292702
292727
292739
292817
292834
292852
292871
292881
292916
292977
293011
293030
293065
293124
293407
293441
293690
293717
293735
293763
293776
293787
293844
293889
293921
293979
294047
294179
294229
294531
294544
294578
294638
294766
294779
294794
294833
294846
294891
294900
295020
295058
295062
295146
295148
295218
295230
295361
295368
295400
295401
295664
295677
295721
295760
295773
295779
295786
295819
295878
295880
295895
295900
295972
296095
296120
296154
296244
296288
296364
296369
296396
296419
296446
296477
296481
296559
296655
296703
296739
296917
296934
296993
297002
297051
297135
297143
297181
297202
297316
297317
297321
297322
297323
297329
297333
297334
297344
297383
297408
297433
297599
297980
298382
298388
298434
298452
298463
298489
298509
298532
298557
298717
298861
298930
299106
299131
299186
299430
299451
299467
299475
299525
299620
300351
300372
300606
300664
300863
301142
301208
301239
301241
301242
301325
301392
301405
301423
301618
301653
301671
301672
301688
301732
301751
301789
301914
301915
301924
302028
302188
302304
302920
302928
302931
302934
302951
302960
302985
302989
302990
303003
303022
303305
303532
303744
303997
304013
304063
304175
304241
304300
304322
304351
304454
304665
304888
304948
304994
305039
305041
305142
305594
305614
305638
305660
305669
305678
306105
306131
306172
306203
306213
306329
306463
306467
306470
306471
306475
306493
306500
306503
306511
306512
306518
306537
306543
306637
306751
306814
307213
307619
307645
307646
307669
307693
307701
307711
307713
307729
307734
307778
307780
307787
307826
307867
308028
308042
308497
308566
308728
308729
308731
308736
308750
308945
308970
309005
309024
309051
309165
309175
309358
309414
309432
309457
309471
309476
309492
309588
309625
309765
309844
309919
309924
309970
310187
310299
310399
310404
310407
310410
310414
310421
310426
310427
310428
310634
310900
310932
310933
310949
310954
310968
310980
310987
310988
310991
311000
311204
311491
311581
311987
312173
312195
312218
312241
312360
312377
312391
312437
312529
312576
312649
312692
312713
312751
312754
312974
312977
312984
312990
312992
312993
312994
312997
313001
313002
313009
313015
313017
313019
313020
313151
313377
313434
313491
313649
313665
313678
313681
313706
313725
313729
313758
313781
314091
314114
314128
314137
314141
314227
314319
314329
314397
314424
314654
315200
315467
315640
315646
315656
315665
315719
315723
315724
315742
315818
316192
316231
316280
316290
316348
316374
316413
316432
316545
316578
316744
316748
316755
316756
316760
316768
316779
316783
316788
316794
316796
316800
316811
316815
316863
316868
317057
317101
317170
317419
317441
317450
317640
317646
317716
317790
317814
317842
317888
317994
317998
318166
318184
318273
318341
318528
318600
318784
318803
318903
318904
319047
319059
319331
319366
319373
319434
319465
319481
319498
319624
319639
319643
319667
319681
319713
319721
319722
319730
319775
319814
319834
319863
320233
320277
320322
320346
320447
320564
320591
320632
320686
320753
320789
320831
321029
321094
321126
321132
321188
321206
321218
321229
321259
321329
321416
321494
321629
321681
321717
321920
321949
322006
322014
322060
322100
322125
322143
322148
322154
322223
322410
322415
322420
322602
322603
322651
322659
322660
322665
322668
322671
322681
322684
322686
322693
322821
322955
323117
323163
323395
323583
323658
323714
324021
324023
324091
324093
324368
324375
324376
324401
324439
324457
324490
324615
324717
324748
324940
325009
325048
325052
325054
325183
325246
325254
325771
325809
325858
325870
326158
326232
326308
326312
326314
326322
326715
326907
327294
327296
327486
327554
327637
327648
327664
327665
327676
327705
327715
327729
327730
327752
327761
327771
327872
327888
327900
327940
327981
328164
328527
328575
328583
328595
328989
329226
329229
329266
329267
329277
329278
329283
329589
329793
329806
329808
329965
329983
330011
330310
330311
330376
330404
330414
330416
330459
330834
330892
331408
331422
331458
331462
331505
331801
331935
332112
332282
332295
332354
332452
332460
332574
332891
333418
333621
333900
333902
333910
333922
333926
333932
333937
333947
333950
334236
334330
334467
334564
334689
334710
334946
334963
335026
335081
335594
335729
335783
336284
336296
336338
336434
336443
336446
336471
336604
336769
336865
336940
336946
337099
337117
337138
337150
337152
337155
337159
337161
337164
337167
337168
337171
337172
337175
337177
337178
337181
337182
337183
337185
337193
337196
337204
337209
337243
337653
337709
337718
338025
338210
338212
338298
338488
338545
338547
338664
338693
338741
338789
338875
339065
339075
339408
340213
340506
340531
340836
340892
340974
340995
342001
342057
342060
342087
342213
342244
342350
342368
342472
342482
342497
342510
342511
342532
342536
342559
342657
342669
342684
342755
342776
342797
342851
343223
343304
343543
343790
343799
343960
344037
344088
344101
344104
344111
344114
344115
344117
344120
344126
344128
344131
344636
344662
344679
344684
344718
344750
344752
344881
345006
345053
345346
345419
345447
345499
345516
345842
346386
346480
346483
346532
346540
346557
346637
346740
346943
346949
346988
347062
347188
347444
347476
347506
347514
347518
347522
347527
347622
347689
347750
347966
347978
348002
348012
348323
348703
348796
349166
349351
349384
349620
349625
349723
349757
349762
349879
349890
349938
349973
350137
350151
350293
350333
350346
350379
350404
350473
350476
350478
350480
350482
350485
350490
350491
350493
350494
350496
350497
350509
350510
350869
351012
351013
351021
351028
351078
351079
351090
351120
351244
351277
351326
351768
352160
352172
352196
352233
352266
352285
352301
352711
352792
352841
352868
353102
353285
353516
353815
353882
353905
353955
353959
353962
353963
353966
353968
353969
354370
354380
354381
354406
354407
354414
354495
354564
354737
354870
354909
354928
354947
355173
355298
355337
355969
356101
356328
356373
356579
356584
356778
356939
357003
357004
357009
357014
357016
357017
357148
357360
357367
357376
357385
357391
357395
357399
357402
357556
357788
357970
358001
358166
358222
358568
358593
358780
358817
359103
359159
359202
359391
359566
359649
359745
360009
360220
360224
360225
360230
360573
360578
360580
360994
361082
361154
361176
361256
361375
361376
361591
361661
361692
361698
361737
362181
362302
362320
362416
362423
362433
362437
362491
362840
362908
363033
363034
363035
363039
363054
363055
363499
363522
363536
363552
363677
363710
363744
363860
363937
364026
364192
364342
364630
364794
364834
364919
364926
364985
365058
365076
365091
365273
365418
365446
365505
365506
365570
365781
365933
365981
366095
366150
366169
366350
366352
366778
366781
366786
366842
367095
367107
367312
367366
367539
367544
367618
367702
367746
367934
368145
368628
368636
368789
368862
368881
368893
368952
368957
369272
369305
369349
369386
369556
369686
369728
369990
369997
370005
370007
370464
370663
370802
370814
370934
371223
371276
371436
371442
371571
371643
371709
371968
371989
372429
372691
372950
372981
373048
373167
373321
373425
373426
373429
373432
373434
373439
373990
374423
374599
374614
374810
374838
374940
374948
375438
375798
376271
376289
376462
376625
376673
376700
376733
376735
376737
376738
376739
376757
376762
376766
377127
377432
377674
377880
377911
378000
378109
378118
378157
378163
378278
378329
378364
378599
378703
378721
378744
378751
378760
378763
378778
378780
378792
378882
379004
379092
379290
379712
379750
379915
380056
380079
380139
380142
380640
380804
380903
380994
381052
381160
381174
381350
381448
381498
381504
381528
381553
381557
381615
381633
381634
381756
381837
381854
381862
381920
381959
382427
382433
382434
382438
382439
382444
382518
382524
382668
382895
383022
383299
383320
383343
383458
383644
383671
383879
383900
383912
383913
383953
383956
383960
384023
384043
384157
384278
384715
384816
384876
384906
385000
385003
385036
385101
385102
385196
385200
385203
385211
385214
385264
385452
386082
386135
386315
386358
386380
386417
386476
386805
386826
386849
386880
387035
387310
387522
387523
387757
387762
387771
387860
387971
388081
388090
388184
388207
388936
389000
389002
389015
389064
389256
389402
389642
389710
389912
389936
389943
389988
389990
390032
390049
390059
390122
390123
390193
390228
390259
390281
390477
390535
390744
390751
390776
390800
390822
390900
391879
391928
391930
391944
391962
391985
391992
392012
392150
392282
392335
392339
392344
392396
392463
392500
392610
392821
392847
392899
392908
392932
393008
393228
393269
393303
393370
393379
393578
393595
393748
394224
394229
394240
394874
394877
394912
394921
395331
395426
395779
395780
395952
395963
395976
395979
395996
396014
396243
396308
396345
396391
396563
396759
397211
397329
398132
398271
398617
398709
398723
398827
399021
399121
399160
399200
399220
399326
399328
399604
399718
399790
400172
400347
400625
401141
401356
401372
401582
401616
401834
401837
401839
401852
401897
401993
402068
402093
402133
402138
402537
402555
402626
402664
402732
402747
402921
402953
403063
403081
403135
403147
403264
403425
403519
403570
403628
403638
403671
403933
404104
404197
404303
404417
404615
404658
404922
404981
405081
405191
405369
405405
405465
405564
405786
405897
406043
406410
406560
406671
406677
406698
406905
407048
407080
407370
407448
407459
407832
407899
408127
408293
408365
408478
408482
408490
408509
408546
408742
408777
408780
409285
409669
409997
410027
410074
410228
410409
410532
410542
410570
410772
410852
410914
410962
411160
411164
411214
411239
411469
411667
411756
411790
411863
411911
412145
412165
412218
412500
412511
412776
412810
412812
412996
413151
413286
414216
414322
414387
414410
414494
414498
414608
414717
414755
414816
414852
414888
415321
415406
415616
415676
415719
415730
415731
415736
415739
415879
416242
416273
416286
416301
416567
416589
417325
417636
417637
417910
417939
418311
419204
419207
419302
419652
419687
419708
419793
419956
420377
420382
420422
420543
421051
421086
421128
421194
421231
421258
421264
421265
421579
421598
421716
421846
422079
422082
422163
422230
422281
422355
422558
422662
422663
422664
422665
422667
422675
422678
422679
422681
422683
422684
422943
422964
422989
423274
423330
423528
423853
424037
424675
424732
424788
425456
425502
425741
426321
426329
426680
426724
427050
427243
427408
427414
427574
428002
428009
428068
428099
428275
428714
428753
428849
428890
428891
429336
429782
429902
430019
430141
430150
430252
430321
430402
430432
430434
430628
431057
431084
431373
431838
431839
431863
431900
431919
431922
431925
431926
431932
431941
431991
432268
432797
433131
433235
433257
433351
433420
433711
433835
433959
433963
433965
433966
433968
433970
433981
433983
433985
434216
434223
434557
435093
435710
435711
435717
435777
435808
435812
435814
436053
436348
436894
436899
436959
437053
437137
437182
437397
437452
437978
438199
438315
438523
439146
439207
439275
1999 AL10
1999 CP2
1999 CR147
1999 FB76
1999 RC31
1999 RU103
1999 RN239
1999 RZ239
1999 SL13
1999 SW22
1999 TT46
1999 TO50
1999 TZ59
1999 TH66
1999 TT84
1999 TS130
1999 TN153
1999 TE167
1999 TZ188
1999 TC192
1999 TY193
1999 TD207
1999 TK212
1999 TZ244
1999 TR254
1999 TT262
1999 TN299
1999 TS299
1999 TQ301
1999 TW305
1999 TN306
1999 TF309
1999 TW316
1999 TC328
1999 UZ31
1999 UD41
1999 VQ19
1999 VY20
1999 VD41
1999 VJ42
1999 VN46
1999 VK76
1999 VP79
1999 VS91
1999 VA102
1999 VY106
1999 VZ106
1999 VU121
1999 VE122
1999 VP129
1999 VA147
1999 VD147
1999 VH158
1999 VX165
1999 VS206
1999 WR11
1999 XF138
1999 XA255
1999 YJ8
1999 YZ12
1999 YN25
2000 AT210
2001 SZ119
2002 GO184
2002 GN191
2002 XU20
2002 XJ61
2003 BQ65
2003 FC74
2003 QS31
2003 QH99
2003 SK46
2003 SH55
2003 SA82
2003 SO103
2003 SJ208
2003 SO103
2003 SJ208
2003 SU322
2003 TM48
2003 UO112
2003 UE261
2003 UY287
2003 UP130
2003 UE261
2003 UY287
2003 UY351
2003 WA3
2003 WW87
2004 OA13
2004 PE26
2004 RA30
2004 RF91
2004 RB238
2004 RK303
2004 SH
2004 TV22
2004 TW84
2004 TT185
2004 TD246
2004 VV41
2004 YE12
2005 CF
2005 GZ134
2005 GQ177
2005 QD121
2005 QM177
2005 SB11
2005 TW96
2005 TN179
2005 UD129
2005 UT157
2005 UT432
2005 UX460
2005 UN245
2005 WX124
2005 WP142
2005 XG34
2005 XF68
2005 YZ74
2005 YH286
2006 BA46
2006 BJ113
2006 BO260
2006 BR263
2006 CE37
2006 CD59
2006 KO48
2006 KD87
2006 QQ12
2006 QO184
2006 RL68
2006 SB63
2006 SU310
2006 TF9
2006 TD84
2006 UO62
2006 UO360
2006 UJ148
2006 VS28
2006 VB35
2006 WG71
2006 XV6
2007 AT29
2007 CT28
2007 CB72
2007 GP60
2007 HB87
2007 LN11
2007 TZ24
2007 TG95
2007 TR348
2007 VW106
2008 AS15
2008 AL28
2008 AL58
2008 AU93
2008 CH101
2008 CW126
2008 CD145
2008 CA160
2008 CS170
2008 CS207
2008 EZ113
2008 EW118
2008 EY126
2008 FB72
2008 FR84
2008 GK6
2008 GQ128
2008 QK13
2008 QD21
2008 QZ43
2008 RZ46
2008 RE62
2008 RR77
2008 RD86
2008 RE111
2008 RC132
2008 RZ134
2008 SE20
2008 SN50
2008 SY54
2008 SO84
2008 SC107
2008 SG136
2008 SZ201
2008 SU223
2008 SX261
2008 TR
2008 TN21
2008 TL34
2008 TE80
2008 TA116
2008 TF157
2008 TH169
2008 UO38
2008 UE84
2008 UY98
2008 UK120
2008 UY124
2008 UD128
2008 UZ132
2008 UH134
2008 UT139
2008 UM165
2008 UD171
2008 UU256
2008 UJ305
2008 UC315
2008 UU350
2008 UQ352
2008 VA2
2008 VD35
2008 VP38
2008 WD122
2008 WK139
2008 YO13
2008 YH164
2009 BT80
2009 BZ97
2009 BP103
2009 BE134
2009 CO49
2009 DY1
2009 HC24
2009 JN2
2009 KQ
2009 ON23
2009 PA5
2009 RF48
2009 SD13
2009 SA142
2009 SG181
2009 TE37
2009 UR146
2009 WB153
2009 WR179
2009 WC260
2010 BR1
2010 BW85
2010 CS60
2010 CA80
2010 CQ101
2010 CG164
2010 FK88
2010 HY111
2010 NM17
2010 NA107
2010 NX114
2010 OT10
2010 OF35
2010 OS36
2010 OC99
2010 PB24
2010 PS35
2010 RL29
2010 RM118
2010 RX134
2010 SE11
2010 SA21
2010 SQ21
2010 TD10
2010 TF18
2010 TW27
2010 TC34
2010 TQ98
2010 TZ146
2010 TE161
2010 UV10
2010 US15
2010 UK106
2010 VO15
2010 VB19
2010 VD57
2010 VF101
2010 VP101
2010 VK103
2010 VR107
2010 VG119
2010 VO123
2010 VR135
2010 VZ138
2010 VQ162
2010 VJ177
2010 VE213
2010 WM58
2010 XD15
2010 XP45
2011 CR11
2011 DT4
2011 DN18
2011 FX131
2011 FL134
2011 GP3
2011 GO29
2011 KM25
2011 OG48
2011 PJ11
2011 QA55
2011 QD65
2011 SX1
2011 SJ87
2011 SF156
2011 SE211
2011 SD261
2011 TQ7
2011 UP9
2011 UN75
2011 UJ79
2011 UK186
2011 UO153
2011 UV180
2011 WR38
2011 WL73
2012 AU5
2012 BM24
2012 BD33
2012 BO110
2012 BH111
2012 BY128
2012 BB133
2012 BL150
2012 CT34
2012 FC
2012 HQ8
2012 HY11
2012 HQ38
2012 HU54
2012 HL60
2012 JT24
2012 JL43
2012 KE29
2012 KC49
2012 OH1
2012 QA
2012 QA16
2012 QN20
2012 QH31
2012 QB52
2012 RW38
2012 SY24
2012 SW45
2012 TP120
2012 TC122
2012 TL132
2012 TY195
2012 TX196
2012 TN203
2012 UM31
2012 UP36
2012 US53
2012 UA75
2012 UH90
2012 US98
2012 UG107
2012 UN109
2012 UF133
2012 UO133
2012 UW151
2012 UK153
2012 UG155
2012 UR159
2012 VG7
2012 VM14
2012 VO44
2012 VN61
2012 VZ73
2012 WB24
2012 WE27
2012 WQ34
2012 XZ
2012 XR29
2012 XF38
2012 XZ107
2013 AT3
2013 AZ11
2013 AV78
2013 BG29
2013 BA37
2013 CW50
2013 CA54
2013 CZ57
2013 CS201
2013 CC203
2013 EH22
2013 GL28
2013 GJ75
2013 GE81
2013 GX129
2013 GG130
2013 HX32
2013 HS122
2013 PY29
2013 PP32
2013 PQ43
2013 PN59
2013 QF32
2013 QK64
2013 RK9
2013 RY28
2013 RV48
2013 RS49
2013 RZ62
2013 RV83
2013 SP26
2013 SL35
2013 SX52
2013 SV86
2013 TU32
2013 TS49
2013 TT71
2013 TX89
2013 TH97
2013 TZ110
2013 TY123
2013 TO141
2013 TJ156
2013 WT34
2013 WM70
2013 XW10
2013 YK58
2013 YG69
2013 YG77
2013 YQ94
2013 YK121
2014 AB5
2014 AW25
2014 BW13
2014 BC29
2014 CU4
2014 DX23
2014 DS24
2014 DN88
2014 DQ116
2014 DQ139
2014 FJ49
2014 GS7
2014 GK18
2014 GY37
2014 HX7
2014 HL21
2014 HM28
2014 HP130
2014 JJ21
2014 JU31
2014 JG67
2014 KY32
2014 KB79
2014 KJ93
2014 LC18
2014 MD4
2014 ME61
2014 OD30
2014 OH121
2014 OF196
2014 OE286
2014 OA308
2014 QM28
2014 QW405
2014 QT218
2014 QQ304
2014 QZ310
2014 SZ100
2014 SP102
2014 SJ157
2014 SA263
2014 SS305
2014 SS311
2014 TM81
2014 UY93
2014 US120
2014 UB150
2014 UP204
2014 WU47
2014 WF54
2014 WP65
2014 WA68
2014 WE68
2014 WO72
2014 WU250
2014 WO269
2014 WA108
2014 WJ154
2014 WC485
2014 XX27
2014 XD39
2015 AA57
2015 AE254
2015 BE89
2015 BP90
2015 BX410
2015 CF26
2015 DW142
2015 DY213
2015 DC224
2015 FG162
2015 FE292
2015 FO317
2015 HC40
2015 HZ88
2015 HF133
2015 HL149
2015 KS39
2015 KL55
2015 KE75
2015 KD141
2015 KR144
2015 LU12
2015 LN22
2015 MV9
2015 MU65
2015 MP82
2015 NC4
2015 NB24
2015 OX35
2015 OP74