id
2621
2902
2937
2938
3022
3041
3085
3086
3152
3160
3168
3206
3215
3299
3333
3342
3353
3374
3444
3452
3488
3743
3834
3862
3905
3908
3934
4128
4190
4191
4205
4258
4317
4489
4503
4534
4556
4688
4748
4771
4799
4844
4860
4871
4915
4937
4987
5032
5172
5177
5221
5259
5263
5307
5368
5374
5380
5443
5460
5523
5547
5548
5559
5615
5669
5721
5734
5738
5779
5797
5827
5867
5923
6003
6060
6077
6078
6222
6263
6264
6293
6304
6417
6464
6521
6638
6714
6721
6760
6792
6945
7016
7076
7115
7117
7125
7128
7182
7185
7204
7241
7284
7331
7374
7375
7401
7440
7492
7526
7531
7548
7549
7559
7650
7674
7685
7716
7748
7767
7794
7840
7860
7869
7934
7969
7984
8015
8039
8115
8163
8174
8181
8185
8191
8226
8230
8232
8249
8251
8269
8280
8293
8303
8377
8416
8426
8475
8503
8523
8573
8617
8644
8734
8742
8833
8848
8888
8946
8990
8993
8994
9028
9055
9068
9084
9115
9188
9213
9275
9345
9412
9424
9439
9464
9521
9566
9603
9674
9720
9721
9735
9738
9759
9764
9767
9859
9874
9993
10025
10052
10071
10083
10084
10167
10171
10175
10180
10193
10207
10270
10271
10345
10373
10374
10402
10502
10540
10543
10682
10684
10685
10687
10734
10736
10756
10801
10810
10820
10827
10828
10849
10854
10904
10905
10928
10941
11005
11006
11019
11106
11157
11165
11169
11182
11216
11312
11371
11383
11391
11394
11423
11452
11618
11796
11798
11833
11995
12055
12197
12198
12199
12234
12243
12262
12295
12327
12352
12370
12451
12487
12513
12563
12590
12672
12673
12674
12684
12690
12760
12800
12809
12824
12883
12901
12902
12925
12985
13044
13153
13159
13161
13163
13189
13205
13234
13247
13258
13259
13271
13272
13316
13335
13367
13384
13385
13409
13418
13420
13483
13498
13514
13540
13612
13651
13674
13812
13821
13836
13914
13927
14083
14099
14120
14129
14179
14182
14189
14221
14326
14327
14328
14465
14596
14601
14603
14619
14633
14637
14700
14719
14801
14882
14926
14954
14984
15014
15031
15076
15125
15213
15223
15330
15346
15416
15427
15454
15474
15492
15499
15520
15535
15538
15548
15577
15584
15637
15708
15904
15914
15970
15972
15999
16089
16091
16105
16145
16153
16216
16228
16243
16244
16265
16367
16403
16413
16497
16712
16726
16727
16743
16900
16951
16968
17004
17028
17047
17080
17123
17230
17235
17270
17271
17370
17426
17451
17573
17634
17647
17751
17847
17858
17861
17866
17958
18059
18076
18077
18079
18112
18302
18303
18434
18524
18545
18637
18667
18769
18770
18787
18807
18824
18866
18881
18888
18902
18903
18917
18947
18957
19001
19161
19425
19428
19462
19538
19570
19713
19737
19743
19750
19755
19927
20006
20016
20088
20117
20229
20257
20273
20275
20292
20293
20300
20301
20307
20379
20391
20451
20769
20825
20859
20880
21089
21176
21271
21463
21538
21612
21786
21815
21871
21982
22025
22068
22103
22168
22261
22395
22446
22588
22683
22696
22818
22976
23060
23073
23080
23101
23128
23169
23205
23318
23419
23478
23620
23825
23959
23986
23992
24074
24076
24092
24104
24142
24167
24202
24249
24263
24290
24336
24364
24397
24398
24410
24413
24427
24439
24530
24624
24626
24714
24779
24837
24970
25033
25079
25164
25264
25444
25520
25524
25547
25575
25603
25723
25948
26081
26108
26173
26181
26336
26413
26439
26440
26466
26516
26534
26574
26589
26592
26609
26680
26692
26726
26752
26987
27085
27090
27169
27182
27210
27256
27285
27364
27394
27416
27463
27468
27673
27825
27886
27965
28038
28163
28206
28217
28222
28304
28328
28371
28376
28381
28514
28587
28647
28664
28668
28823
28847
28892
28930
28955
28986
29086
29087
29167
29309
29554
29703
29774
29790
29877
29892
29917
30094
30112
30167
30214
30254
30304
30333
30397
30443
30729
30808
30982
31139
31165
31166
31297
31340
31396
31485
31612
31714
31828
31998
32138
32158
32160
32173
32204
32260
32277
32379
32514
32533
32541
32564
32590
33101
33323
33679
33704
33736
33816
33820
33855
33863
33881
33984
34244
34339
34595
34793
34852
34889
35009
35139
35346
35415
35572
35604
35651
35698
35760
35847
36030
36299
36349
36789
36979
36997
37015
37118
37154
37322
37424
37534
37595
37878
38091
38218
38237
38500
38532
38725
39176
39237
39307
39324
39478
39479
39573
39696
39970
40509
40582
40833
40999
41314
41443
41718
41979
42606
42711
42812
42822
43542
43593
43687
43768
43900
43940
43977
44209
44417
44478
44590
45200
45236
45239
45613
45650
45651
45778
45839
46122
46274
46367
46371
46398
46408
46525
46540
47068
47122
47145
47312
47419
47464
47471
47530
48069
48141
48190
48269
48339
48561
48953
48955
49095
49206
49527
49790
49856
49889
49915
50058
50222
50489
50748
50771
51367
51396
51541
51757
51858
52240
52284
52340
53092
53132
53527
53901
54137
54146
54190
54665
54816
54927
55010
55126
55192
55475
55546
55940
56150
56473
56697
56753
57021
57228
57239
57335
57561
57849
58007
58045
58050
58109
58110
58683
59325
59327
60078
60587
61927
62896
63193
63420
63597
63826
64145
64154
64618
65012
65415
65416
65479
65660
65821
66030
66076
66227
67066
67838
68191
68198
68220
68325
68868
68994
69117
69143
69419
70436
71034
71212
71370
71864
72780
73085
74031
74408
74475
75052
76396
76800
76818
77087
77511
77628
78242
78390
80706
81156
81560
81776
82224
82474
86367
87197
88786
88877
89036
89200
89307
89566
89730
90920
91323
91696
92154
93408
93527
94649
95073
96421
97288
97514
97791
97846
98161
98184
98592
99069
99815
99836
100773
100802
102434
102873
103100
103223
103429
105968
108188
108226
109058
109784
110565
110631
111219
112179
112558
114491
115463
116884
126118
126786
127667
128632
129439
129465
129846
131295
132717
132865
134663
135222
136067
136568
139078
145812
146668
148055
152556
155341
158574
159284
163105
164196
164676
165962
170037
173472
173565
174567
176990
178877
183282
187466
189285
194040
201793
212020
227113
232495
241686
247484
249343
285227
289728
301842
306375
343707
391257
2001 UB18
2011 MV1
2012 AS10
2012 PG5
2012 WB27
2014 NF64
2014 QW296