id
1179
1314
1707
1768
1807
2031
2238
2276
2287
2298
2348
2493
2537
2549
2648
2751
2776
2784
2807
2868
2977
2981
3154
3165
3186
3459
3487
3499
3663
3714
3832
3951
3956
4013
4054
4178
4253
4283
4299
4412
4470
4474
4534
4540
4616
4653
4729
4738
4941
5348
5703
5793
5800
5813
6028
6076
6078
6187
6281
6356
6378
6390
6535
6606
6650
6652
6879
6926
6953
7021
7038
7075
7077
7134
7145
7261
7359
7463
7522
7765
7922
7928
8195
8397
8410
8518
8681
8839
9166
9333
9558
9562
9657
9690
9853
9967
10004
10065
10109
10487
10594
10688
11233
11250
11745
13005
13018
13019
13390
13836
14497
14665
14695
14705
14706
15166
15426
15551
15844
16134
16449
16773
16943
17109
18404
18616
18863
19648
19690
20098
20110
20134
21047
21831
22864
23078
23880
25282
25859
26967
27497
27743
28192
28922
29200
29588
29870
30955
31402
32497
32704
33792
34767
35183
36215
37275
40429
41345
43592
43722
46244
46299
49623
49965
50330
52003
60186
67779
73506
77682
115440
182161
257401
288282
2010 AM87