id
6256
7670
13973
14082
14160
14906
15126
16122
16308
16710
16800
18171
18207
18222
18583
19088
19142
19863
20938
21075
21112
22120
22131
22273
22382
22501
22513
22556
22749
23366
23654
23837
24056
24140
24209
24598
24600
24867
25930
26508
26682
27077
27079
27841
27971
28470
28767
28780
29057
29290
29333
29441
30014
30043
30063
30539
30679
31283
31902
32106
32109
32770
32779
32885
32911
33029
33863
33868
33885
33948
34959
35003
35027
35122
35151
35263
35377
35412
35829
35832
35882
35885
36119
36422
36450
36465
36549
36939
36948
37235
37515
37557
37630
37718
37774
37785
38072
38688
38704
38781
38968
39365
39409
39511
39526
39594
39615
39719
39859
39878
39925
40352
40473
40478
40622
40633
40750
41003
41457
41587
41595
41601
41640
41922
42255
42363
42631
42828
42884
42926
43073
43364
43386
43636
43658
43692
43705
43723
43888
43971
44584
44599
44612
44714
44814
44935
44952
45071
45280
46090
46386
46400
46444
46484
46624
46808
46820
46952
47166
47205
47232
47349
47353
47403
47518
48006
48090
48383
48389
48403
48874
48905
48914
48942
48951
49128
49138
49154
49169
49247
49252
49255
49441
49583
49740
49744
49868
49874
50058
50135
50557
50707
51380
51491
51586
51588
51710
52117
52185
52201
52287
52424
52428
52522
52763
52771
52790
52825
52847
52898
52958
53005
53006
53042
53577
53666
53672
53716
53747
53752
53872
53994
54045
54072
54101
54111
54122
54693
54721
54753
54766
54922
54957
55034
55201
55388
55692
55784
55984
56024
56044
56061
56110
56369
56434
56534
56754
56858
57203
57267
57404
57632
57635
57992
58110
58170
58174
58227
58507
58648
59035
59038
59051
59194
59222
59224
59238
59252
59258
59277
59289
59304
59445
59534
59567
59698
60210
60351
60354
60509
60613
60647
60660
60752
60842
60923
60935
61021
61132
61237
61261
61296
61334
61370
61390
61393
61524
61698
61730
61810
61818
61889
61979
62048
62216
62225
62279
62448
62487
62745
63246
63295
63318
63432
63439
63445
63572
63748
63844
63897
64061
64082
64169
64208
64277
64329
64355
64448
64472
64662
64727
64783
64805
64808
64912
64921
65117
65132
65175
65263
65334
65366
65411
65535
65551
65555
65689
65895
65927
65933
66165
66264
66311
66314
66349
66370
66589
66660
67206
67650
67682
67825
67832
67833
67853
68034
68040
68055
68120
68160
68364
68572
68600
68639
68640
68644
68685
68708
68718
68727
68776
68820
68905
69022
69061
69237
69367
69448
69475
69486
69497
69512
69685
69723
69730
69890
70185
70228
70239
70268
70300
70313
70404
70432
70466
70470
70541
70589
70621
70797
70805
70812
71438
71844
71971
72056
72065
72103
72147
72193
72252
72292
72347
72377
72397
72946
72989
73054
73063
73082
73129
73169
73180
73206
73211
73212
73722
73728
73748
73864
73868
74000
74032
74040
74071
74333
74557
74666
74678
74687
74708
74778
74824
74838
74861
74873
74888
74899
74919
75023
75024
75146
75148
75219
75306
75377
75420
75628
75688
75864
75896
75901
76371
76883
76888
76903
77012
77015
77032
77099
77185
77363
77980
78007
78054
79003
79174
79233
79240
79550
79565
79581
79605
79616
79638
79643
79656
79659
79685
79692
79716
79729
79751
79798
79808
79838
79894
79900
80128
80176
80199
80256
80257
80346
80347
80390
80397
80457
80502
80554
80624
80742
80745
80901
80903
80926
80937
81016
81039
81049
81119
81180
81209
81568
81854
82162
82195
82240
82374
82508
82544
82656
82668
82812
82820
82821
82904
82968
82999
83173
83200
84039
84081
84110
84133
84268
84288
84296
84353
84359
84586
84862
85064
85302
85361
85485
85528
85656
85688
85723
85734
85747
85811
86012
86568
86656
86729
86736
86830
86970
86973
86994
87064
87065
87082
87096
87124
87187
87268
87314
87315
87403
87471
87500
87507
87536
87570
87586
88062
88273
88289
88343
88360
88388
88636
88644
88652
88663
89161
89321
89359
89387
89514
89521
89571
89611
89634
89873
90033
90056
90121
90205
90331
90410
90434
90592
90623
90687
90887
90931
90959
90989
91019
91072
91284
91394
92409
92495
92514
92526
92660
92703
92729
92794
92923
92931
93056
93151
93538
93625
93643
93934
93993
94385
94562
94581
94635
94646
94649
94813
94920
94951
95015
95031
95142
95171
95225
95687
95728
95732
95771
95798
95825
95883
95924
95966
96052
96065
96198
96348
96374
96434
96479
96494
96499
96654
96675
96779
96845
96879
96880
97023
97033
97060
97097
97115
97221
97767
97781
97865
97937
97960
98082
98184
98202
98250
98280
98287
98431
98517
98648
98672
98746
98766
98914
98979
98990
98998
99104
99111
99117
99166
99188
99210
99245
99282
99283
99389
99424
99491
99492
99620
99668
99673
99828
100116
100163
100270
100271
100291
100401
100501
100520
100585
100603
100656
101021
101043
101077
101195
101224
101242
101244
101299
101307
101343
101425
101658
101693
101904
101958
102011
102170
102206
102353
102424
102474
102481
102507
102748
102749
102759
102838
102914
103079
103252
103370
103457
103477
103480
103502
103509
103525
103621
103683
103703
103730
103768
103780
103783
103807
103842
103956
104060
104084
104381
104398
104814
104904
104930
105018
105264
105335
105462
105482
105733
105858
105938
105966
106165
106630
106912
107033
107068
107069
107117
107122
107127
107214
107413
107425
107539
107624
107657
107670
107693
107771
107813
107817
107865
107977
108030
108078
108134
108151
108157
108190
108224
108375
108479
108485
108574
108599
109027
109031
109119
109142
109304
109347
109361
109402
109416
109512
109717
109777
109868
109987
109992
110238
110303
110402
110413
110461
110851
110857
111054
111170
111226
111456
111477
111590
111651
111789
111847
112109
112189
112196
112197
112332
112369
112474
112528
112589
112833
112997
113042
113064
113147
113331
113421
113956
113988
114289
114343
114381
114405
114412
114443
114828
114871
114915
114917
114961
115131
115266
115296
115709
115789
115868
115932
115937
116121
116179
116218
116254
116258
116339
116370
116372
116381
116393
116619
116620
116687
116752
116795
116893
116920
117004
117035
117206
117817
117864
117867
117932
118065
118184
118201
118242
118251
118260
118505
118633
118647
118679
118706
118708
119271
119313
119394
119441
119658
119712
119714
119907
120174
120201
120220
120282
120312
120436
120548
120628
120676
120713
120715
120764
120836
120974
121073
121120
121141
121163
121288
121376
121584
121650
121961
121988
122112
122186
122238
122292
122327
122348
122354
122454
122471
122539
122557
122656
122663
122702
122704
122777
122820
122867
122900
122998
123013
123026
123109
123112
123283
123299
123335
123340
123399
123436
123446
123455
123468
123570
123602
123639
123788
124194
124449
124460
124649
124884
124885
124966
125040
125209
125216
125310
125353
125517
125740
125866
125868
125978
125980
126088
126120
126175
126200
126399
126402
126453
126688
126755
126814
126992
127002
127023
127055
127241
127596
127720
127860
128064
128073
128272
128288
128399
128516
128691
128751
128783
128808
128865
128876
128885
128950
128989
129269
129368
129385
129435
129445
129647
129672
129753
129754
129916
129934
129936
129948
129972
130029
130051
130056
130072
130074
130087
130140
130231
130411
130413
130426
130511
130554
130575
130733
130880
130937
131018
131053
131064
131085
131106
131156
131164
131204
131206
131249
131298
131493
131615
131773
131803
131933
132335
132475
132485
132497
132611
132674
132681
132697
132745
132845
133131
133261
133338
133409
133501
133667
133820
133892
133970
133975
134257
134483
134498
134591
134659
134710
134745
134806
135048
135049
135413
135444
135474
135668
135682
135748
135765
135798
135891
135974
135985
136460
136729
136824
136873
136955
136982
137007
137028
137039
137662
137715
137738
137953
137990
138079
138159
138395
138440
138470
138495
138559
138625
138693
138786
139016
139055
139149
139151
139224
139350
139395
139424
139477
139479
139534
139554
139683
139906
139948
139963
139983
139989
140757
140816
140887
140983
141240
141315
141933
142111
142265
142422
142516
142544
142825
142833
142925
143017
143059
143063
143086
143286
143444
143546
143861
144173
144291
144315
144381
144417
144503
144613
144624
144629
144638
144765
144895
144948
144999
145162
145180
145182
145299
145332
145366
145546
145558
145606
145647
145659
145669
145700
145932
146057
146143
146219
146393
146405
146449
146545
146614
146666
146720
146945
147121
147131
147233
147245
147255
147266
147272
147273
147284
147306
147614
147656
147670
147763
148142
148182
148240
148290
148322
148341
148369
148608
148624
148726
148769
148787
149452
149457
149859
149883
149980
149991
150112
150572
150586
150736
150845
150883
150924
150952
150999
151023
151082
151775
151814
151841
152028
152096
152208
152281
152626
152692
152761
152796
152831
153053
153095
153154
153208
153408
153480
153539
153676
153860
153984
154045
154495
154560
154591
154610
154618
154828
154959
155306
155333
155387
155514
155703
155937
156152
156297
156355
156392
156462
156483
156520
156858
156939
156941
157004
157010
157257
157529
157684
157782
157901
157938
158074
158106
158374
158397
158400
158566
158589
158592
158672
158735
159095
159131
159224
159365
159375
159475
159478
159506
159948
159964
159993
160041
160311
160336
160563
160641
160791
160943
160949
161010
161064
161279
161409
161435
161585
161698
161910
161965
162089
162090
162123
162128
162130
162137
162248
162297
162322
162378
162654
162720
162801
162818
162915
162931
163174
163232
163301
163319
163649
163669
163825
163829
163918
164058
164118
164139
164205
164353
164395
164729
164739
164820
164853
164934
165642
165997
166372
166401
166547
166634
166644
166701
166780
166782
166832
166912
166959
167072
167152
167233
167261
167422
167429
167510
167647
167681
167857
168416
168491
168680
169094
169142
169150
169236
169262
169284
169325
169367
169375
169737
169744
169814
169845
169962
170135
170280
171487
171698
171882
171927
171960
171984
172168
172243
172311
172322
172409
172587
172675
172930
173020
173577
173670
173706
173920
174159
174190
174234
174335
174417
174447
174458
174471
174544
174843
174868
174869
174917
175027
175088
175185
175233
175272
175532
175784
176192
176288
176330
176351
176366
176495
176515
176519
176768
176790
176832
176873
176923
176938
176992
177043
177052
177846
177988
178032
178247
178301
178308
178499
178651
178748
178767
178978
179182
179226
179295
179389
179412
179430
179739
179833
180116
180143
180176
180297
180301
180304
180709
180762
181251
181368
181435
181618
181637
181761
181830
182109
182311
182358
182391
182393
182418
182557
182663
182735
183435
183468
183549
184039
184127
184177
184700
184757
184841
185561
185594
185653
185660
185913
186026
186064
186202
186570
186574
186905
186927
187153
187217
187230
187291
187323
187453
187572
187615
187807
187892
188044
188103
188505
188557
188791
188832
188896
189186
189259
189480
189533
189577
189781
189874
190014
190389
190395
190416
190463
190525
190597
190598
190628
190637
190648
190696
190875
191036
191228
191320
191349
191522
191543
191718
191732
191755
191791
192027
192269
192481
192638
192660
192691
192753
192768
192797
192801
192813
192903
192907
192959
193029
193181
193263
193277
193359
193496
193605
193644
193750
194010
194950
195213
195237
195363
195398
195416
195587
195656
195821
195923
195989
196031
196037
196375
196534
196579
196646
196698
196788
197268
197283
197285
197461
197481
197542
198010
198145
198195
198209
198418
198422
198553
198598
199281
199402
199797
199912
199922
200015
200018
200086
200104
200209
200249
200895
201129
201254
201361
201549
201609
201765
201835
202334
202380
202592
202628
202764
203007
203243
203296
203692
203694
203845
203874
203917
203980
204043
204101
204127
204177
204236
204464
204559
204788
204804
204807
204834
204867
204876
204903
205304
205355
205358
205432
205552
205937
206016
206135
206232
206236
206250
206260
206474
206515
206536
206620
206703
206710
206735
206743
206892
206907
207221
207280
207424
208068
208288
208304
208342
208392
208666
208933
208963
208967
209094
209226
209271
209398
209412
209419
209772
209861
210119
210234
210323
210324
210629
210633
210636
210909
211010
211221
211354
211410
211438
211461
211717
211896
212186
212249
212267
212268
212319
212446
212463
212633
212691
212885
213318
213319
213354
213392
213748
213769
213802
213806
213807
214008
214068
214365
214455
214468
214638
214740
215008
215088
215240
215269
215320
215681
215796
215815
215968
215980
215994
216195
216497
216505
216741
217098
217109
217292
217415
217566
217588
217918
218024
218062
218482
218722
218892
219325
219346
219372
219374
219412
219413
219462
219699
219745
219771
219829
219912
220288
220363
220610
220846
221334
221392
221439
221999
222277
222325
222592
222635
222670
222774
223262
223298
223324
223356
223650
223653
223755
223812
223928
224198
224285
224328
224490
224565
225104
225506
225600
225690
225763
225798
225804
225839
225903
226417
226783
226807
226827
226854
226866
226872
227011
227050
227750
227810
227892
227927
228194
228374
228631
228959
229024
229032
229212
229279
229747
229990
230090
230109
230110
230398
230419
230638
230742
230752
230756
231488
231526
231738
231888
231903
231907
231972
231988
232230
232500
232575
232610
232664
232924
233013
233175
233429
233444
233445
233883
233923
234022
234073
234085
234258
234280
234316
234319
234771
234822
234958
235111
235119
235170
235181
235423
235500
236075
236448
236492
236760
237118
237333
237431
237620
237690
237911
238028
238170
238422
238431
238589
238783
239141
239798
239806
239999
240014
240016
240228
240467
240508
240669
240762
240775
241079
241082
241090
241180
241284
241381
241565
241756
242060
242251
242331
242348
242696
242905
243113
243198
243279
243487
243589
243629
243847
243943
243987
244091
244396
244421
244450
244455
244493
244593
244598
244799
244807
244874
244979
245085
245240
245250
245256
245376
245388
245389
245452
245566
245569
245570
245667
246001
246049
246054
246079
246415
246538
246899
246908
247031
247048
247053
247191
247218
247237
247311
247331
247352
247410
248011
248047
248101
248105
248134
248262
248320
248457
248461
248754
248825
248896
249217
249269
249353
249924
249968
250355
250522
250814
250825
250914
251039
251248
251314
251333
251334
251461
251636
251640
252111
252190
252320
252324
252485
252489
252546
252676
252726
253337
254125
254163
254186
254189
254229
254254
254321
254324
254332
254957
255010
255099
255120
255151
255170
255272
255503
255874
256366
256548
256848
257971
258058
258088
258109
258149
258354
258432
259256
259270
259273
259303
259327
259366
259818
260125
260143
260192
260204
260240
260250
260423
260924
261167
261375
261397
261711
261729
261793
261827
261870
262841
262923
262926
262929
262974
263043
263453
263721
263743
263771
263998
264106
264127
264143
264208
264309
264779
264790
264834
265389
265985
266039
266436
266456
266469
266722
267227
267646
268192
268640
268718
268721
268976
269248
269273
269284
269354
269355
269516
269781
269879
269983
270376
270565
270567
270592
270661
270769
270910
271352
271933
271951
272578
273124
273216
273869
274007
274038
274063
274315
274442
274477
274502
274518
274552
274706
274717
274762
274888
274909
275036
275143
275245
275343
275428
275639
275661
275796
275810
275886
276154
276196
276257
276314
276693
277001
277013
277014
277514
277886
278448
278697
278917
278955
278987
279016
279063
279265
279317
279505
279542
279892
280122
280178
280377
280728
280786
281252
281330
281360
281741
281929
282034
282040
282183
282290
282293
282295
282603
283016
283160
283275
283282
283433
283533
283578
283716
283726
283739
283882
283908
284270
284355
284382
284815
284822
284902
284976
285021
285261
286002
286022
286323
286820
286870
287256
288154
288234
288264
288267
288506
288572
288611
288774
288808
288814
288829
288846
289843
289922
289953
289989
290029
290102
290388
290756
291036
291268
291414
291845
292086
292373
292458
292624
292750
293444
293488
293514
293609
293915
294005
294273
294658
294813
295581
295732
295744
296317
296448
296852
297075
297420
297450
297991
298004
298241
298274
298287
298296
298314
298550
298611
298616
298738
299151
299250
299297
299302
299334
299443
299834
299951
300007
300199
300220
300221
300771
300835
300973
301260
301338
301475
302036
302198
302373
302374
303238
303592
303646
303751
303929
304601
305388
305467
306198
306370
306541
306744
306793
306856
307031
307093
307847
308113
308418
308496
308781
309202
309592
309619
309884
309892
309958
311115
311371
311453
311900
312231
312686
312723
312899
313058
313278
313311
313461
313810
313854
313869
313929
314290
314316
314497
314765
314849
315022
315150
315576
316097
316223
316273
316351
316597
316809
316828
316942
316958
316965
317624
317634
317672
317909
318031
318128
318191
318249
318332
318337
318339
318611
318785
319205
319354
319633
319982
320199
320263
321514
322215
322884
323144
323494
323511
323569
323613
324646
324735
325446
325451
325539
325583
325836
326096
326555
326643
326654
326770
327074
327489
327509
327599
328367
328395
328435
328870
329010
329117
329399
329560
329689
329702
329836
330150
330390
330812
330821
331033
331068
331168
331233
331281
331501
331639
331702
331739
331867
331955
332067
332230
332252
332430
332765
333202
333277
333711
334056
334068
334425
334587
334905
335216
335243
335941
336014
336024
336041
336478
336872
337158
337281
337320
337707
338050
338252
338440
338551
338573
338590
339290
339313
339664
341151
341356
341386
342332
343068
343081
343157
343275
343599
343868
343900
344130
344280
344358
344530
344546
344585
344703
344765
345070
345578
345669
346440
346829
347373
347621
347712
347748
347973
349169
349666
349907
350019
350143
350205
350749
350793
350841
351346
352541
353294
353550
353631
354141
354199
354517
354761
354991
355013
355641
356230
356312
356830
357158
357221
357229
357437
357442
357515
357760
357919
359486
359602
359858
359992
360404
360519
360562
360695
360741
360779
360873
360949
360961
361031
361064
361419
361488
361694
362560
362846
362954
364555
365371
365641
365798
365817
365895
366116
366365
366382
366672
367441
367792
368143
368147
368539
368550
368805
369711
369944
369945
370153
370614
371729
372777
373134
373387
373521
373623
373805
373826
374004
374009
375090
375093
375118
375471
375552
376022
376741
376790
376849
377095
377223
377247
377286
377364
377554
377715
378216
378371
378484
378578
378712
379096
379720
379962
380227
380506
380532
380637
380788
381292
382106
382729
383394
384131
384950
385091
385246
385319
385495
385498
385518
386246
386608
386972
388015
388782
389062
389284
389290
390605
390616
391027
392157
392586
392672
393065
393193
393373
394125
394261
395102
395220
395252
395553
396186
396255
396490
396647
397138
397215
398213
399041
399600
399712
400013
400672
400990
401675
404580
404605
404775
404825
404855
405030
405495
405695
405888
406041
406744
407142
407235
407639
407881
408091
408552
408690
408819
409175
409314
410153
410621
410986
411158
411568
411574
411591
411853
411926
412005
412376
412507
413227
413443
414687
415456
416070
416482
416755
416952
417169
417366
418005
418794
418803
419365
420712
423327
423417
424247
425440
426865
427172
427177
427457
428135
428460
428902
429057
429067
429322
429330
429886
429958
430470
430619
431492
432127
432164
432560
433206
433238
433251
434070
434336
434989
435862
436656
436699
437043
437498
437654
437679
437971
438619
438694
438980
439165
439189
439475
1999 VP101
2000 CD40
2001 DS89
2001 OV38
2001 QM208
2002 GA48
2002 OW30
2002 QR21
2002 QE103
2002 QK151
2002 VA108
2003 CP12
2003 UD415
2003 UO266
2003 WH45
2003 YT135
2003 YE172
2004 KK10
2004 ND31
2004 RD103
2004 TN213
2004 TN213
2004 TK339
2004 VL56
2005 JV45
2005 NO85
2005 OU12
2005 SR214
2005 TG15
2005 TX18
2005 TQ42
2005 TK90
2005 TA198
2005 UD113
2005 UY155
2005 VO112
2005 YA71
2005 YY135
2005 YP262
2006 AO18
2006 AN49
2006 AM85
2006 BS35
2006 DQ48
2006 HP113
2006 QC19
2006 SL14
2006 UM132
2006 UV337
2006 VG81
2006 WX59
2006 XP71
2007 AC8
2007 AV30
2007 BL27
2007 BX69
2007 CN42
2007 CK63
2007 EK80
2007 ER218
2007 HH59
2007 HA71
2007 HX79
2007 TU8
2007 TB447
2007 UN88
2007 VK87
2007 WA1
2008 ER12
2008 FS65
2008 JS28
2008 SQ83
2008 SW257
2008 SG267
2008 US348
2008 VQ24
2008 XH44
2008 YG66
2009 AG33
2009 DF45
2009 OX10
2009 ON22
2009 QG59
2009 SH101
2009 VU28
2009 VA43
2009 WV19
2009 YF19
2010 BA48
2010 BY70
2010 BY87
2010 CX9
2010 CG128
2010 CK131
2010 CW145
2010 CX216
2010 DQ1
2010 DS81
2010 GM33
2010 JG3
2010 JT117
2010 MC83
2010 OH15
2010 TP12
2010 TB47
2010 UY50
2010 UJ88
2010 VN129
2010 VC167
2010 XJ30
2010 XF56
2011 BY40
2011 BY45
2011 BS50
2011 EK20
2011 QN35
2011 QZ48
2011 QE97
2011 SS173
2011 TC6
2011 US82
2011 UO407
2011 UH309
2011 VF5
2011 WV39
2011 WP49
2012 BO104
2012 CS14
2012 CK29
2012 CS42
2012 DS12
2012 DV48
2012 DE56
2012 DR77
2012 DQ78
2012 PA43
2012 TT19
2012 TB55
2012 TM223
2012 TS237
2012 WB26
2012 XA111
2012 XJ152
2013 AF9
2013 AH17
2013 BW28
2013 BB39
2013 ED24
2013 FP4
2013 FH15
2013 GO129
2013 HF10
2013 JR21
2013 RC89
2013 SQ29
2013 SC82
2013 SZ83
2013 TP9
2013 TZ78
2013 UV12
2013 WV37
2013 WB108
2013 YC104
2014 AV12
2014 BQ33
2014 CF17
2014 HX9
2014 HM154
2014 HO167
2014 JB29
2014 KS82
2014 LD23
2014 ML52
2014 NY27
2014 OE136
2014 OE136
2014 OQ316
2014 PV24
2014 QD38
2014 QY42
2014 QB264
2014 QH274
2014 RE43
2014 SA244
2014 TC62
2014 UM179
2014 VS4
2014 VF37
2014 WX479
2014 XZ3
2014 YV23
2014 YE38
2015 AT30
2015 BF117
2015 BL492
2015 BX297
2015 CX9
2015 CY39
2015 DM212
2015 EL30
2015 FA68
2015 FO220
2015 HW7
2015 KO19
2015 KA36
2015 KW147
2015 OP16
2000 WE194
2001 KU72
2001 RW51
2001 UQ215
2001 XQ8
2001 YY26
2002 JH110
2003 QO81
2004 BM2
2004 TH137
2005 EJ21
2005 JG33
2005 JK72
2005 JP73
2005 QO12
2005 UE76
2005 UK193
2006 BU33
2006 BS39
2006 SQ216
2006 UV268
2007 MU23
2007 PV17
2007 UU138
2007 VB81
2007 VO164
2007 VM268
2008 CX15
2008 CT205
2008 EH155
2008 LO17
2008 QG46
2008 XM6
2009 BU14
2009 DR47
2009 GL1
2009 SG20
2009 SK69
2009 SD104
2009 TA10
2009 WM7
2010 AU83
2010 BG67
2010 BP85
2010 BS94
2010 BE103
2010 BT122
2010 BS125
2010 CT45
2010 CV52
2010 CV197
2010 CO234
2010 DD14
2010 DW51
2010 DW60
2010 DB86
2010 EM53
2010 EU162
2010 FZ35
2010 FR51
2010 FZ102
2010 FM117
2010 GE78
2010 GB81
2010 GH85
2010 GV152
2010 GM167
2010 HO42
2010 JV89
2010 JP107
2010 JL143
2010 KR60
2010 KX64
2010 KF103
2010 KA124
2010 LN9
2010 LH20
2010 LM90
2010 MD13
2010 MZ21
2010 MA42
2010 MG45
2010 MW61
2010 ND35
2010 NR39
2010 NH52
2010 NO55
2010 NL59
2010 NN69
2010 NK79
2010 NZ95
2010 OV5
2010 OQ28
2010 OP59
2010 RF3
2010 TX93
2010 UM98
2010 VP1
2010 VT26
2010 XH43
2011 KP24
2011 UO321
2011 WK89
2011 WJ104
2011 WU118
2012 LK5
2012 TD22
2012 TQ239
2012 UB50
2012 UF126
2013 AB73
2013 GW74
2013 JD52
2013 LJ33
2013 UO13
2014 BX15
2014 ET49
2014 JR36
2014 OX47
2014 OL155
2014 QJ328
2014 SR300
2014 UV170
2014 UO175
2014 WP84
2015 BZ66
2015 BO468
2015 BQ282
2015 CW28
2015 CV36
2015 FD307
2015 FX321
2015 KX38
2015 KS45
2015 ML52
2015 OO44
