id
3777
4924
5417
6690
7005
7157
7325
7383
7385
7567
7738
7776
7962
7985
8414
8528
8668
8692
8999
9000
9290
9416
9468
9621
9793
9811
10126
10470
10477
10620
10692
10778
10826
10896
11265
11675
11711
12215
12216
12406
12593
12691
12998
13001
13196
13527
13713
13802
13831
14082
14136
14329
14336
14813
15221
15344
15683
15687
15729
17391
17784
18395
18887
18998
19107
19116
19118
19473
20103
20248
20481
20901
21986
22267
22567
23633
23758
23788
24239
24636
24989
25309
25452
25476
25663
25963
26800
27429
27677
27693
27698
27762
28210
28230
28525
29121
29645
29684
30736
30747
30751
30763
32490
32761
32862
35029
36574
37536
37540
37544
37554
38912
39201
39480
39481
39496
39501
43740
43744
43745
44081
45073
45157
46527
46644
47426
48402
48407
48422
52251
52820
52865
53474
55731
58128
58133
65647
67236
67722
68963
69247
69252
69256
73668
74218
79526
79529
79638
85144
85145
85772
88791
89295
90681
90685
90689
91360
94647
96173
96174
96176
99977
99990
99997
104009
108053
111985
117230
118164
118167
125544
131674
136572
136573
148658
150109
161991
161994
194440
204964
231667
243292
257460
339702