id
10829
12360
12403
13991
14056
14135
14927
14972
15464
15775
15847
17554
20752
22370
22665
22986
23764
23827
23850
23989
24061
24080
24278
24771
24777
24792
25157
25447
25759
26539
27152
28072
28501
28502
28649
28980
29259
29270
30078
30186
30530
30587
30926
31939
32148
32552
32574
33015
33032
33048
33643
33988
34063
35169
35174
35225
35877
35879
36185
36420
37380
38079
38090
38516
39027
39102
39585
39636
40033
40154
41059
41297
41313
41552
42238
42562
42985
43852
44037
46374
46417
47125
47211
47596
47960
48153
48506
48525
48560
49035
49084
50292
50724
51262
51689
52385
52390
52431
52888
53679
53886
54004
54773
54777
55202
55573
56514
56762
57056
57255
57287
57693
58249
58276
58281
58591
59021
59048
59230
59408
60197
60560
60800
60995
61714
63115
63248
63610
63957
65718
65959
66504
67394
67434
67808
67813
67931
68629
68742
68959
68989
69066
70711
70730
71221
71387
72143
73228
73891
74943
77209
78017
78439
79170
79188
79201
79427
79797
80373
80514
80852
80894
80971
81183
81996
82428
82448
82658
83032
83260
83486
84045
84091
85228
85240
85367
86464
86604
87281
88173
88499
88695
88698
89600
89683
90221
90502
90771
90772
92189
92432
92685
92970
93140
94378
95140
95709
96229
96237
96807
97507
97795
97862
98507
98583
99139
99319
99469
99640
100091
100101
100124
100594
101007
101022
101420
103941
105160
105370
105442
105544
106945
108236
108292
108476
108567
108750
109016
109925
110216
110732
111295
113646
114683
116786
118290
118327
118620
119472
120206
120515
120731
121774
122438
122964
123318
125129
125384
125617
125827
126413
126447
126976
127615
127903
128799
129105
130474
131042
131296
131549
132765
134432
134900
135101
135967
136596
136597
136612
136690
136974
137268
137833
137898
138917
139256
139595
140904
141073
141651
141974
143191
143869
144785
144879
145043
145483
145809
145810
146005
146054
146339
146379
147304
148125
148196
149019
150884
150933
151689
152577
153341
156076
157281
158857
158875
158878
158896
159117
159173
159950
160106
160706
160763
161858
162519
162607
164151
167325
168393
168862
169788
169854
170868
171449
171834
171910
174381
174469
175726
176281
178019
178437
178854
179992
180284
181104
181713
183374
183437
183837
184498
185065
186002
186112
186120
188677
189412
189671
190647
192306
192311
192355
192733
193142
193577
194243
196141
196605
197765
198339
198364
199206
200575
201029
201406
202087
202455
203191
205241
205247
205308
205411
205984
206099
207062
207544
210092
210459
210655
211388
212828
214324
217363
217575
217884
219025
219218
220252
221036
221329
224144
225730
225746
226173
227597
227839
229051
230013
230278
231174
232031
232109
233248
233593
235068
235322
235678
236506
236630
238070
238235
239288
240992
241245
241568
241705
241721
241871
242104
243158
243558
243773
246182
247264
248166
248300
248634
249720
251058
251655
251948
252650
254250
254318
254664
255652
257888
258131
258644
258826
259238
260165
263117
263518
266204
266321
266642
267918
268768
270614
274262
274643
276724
278663
281095
283455
285620
286852
287206
287232
287677
288945
291545
291917
291955
294040
294161
294404
295380
296973
301674
302553
304877
305699
306072
306160
306641
309386
310128
311196
312002
314700
316657
317037
318055
321045
321374
321658
322385
328177
328183
328210
330531
331858
333279
339040
341670
346370
346372
346376
347354
348488
349967
350443
350526
351250
351258
353797
354245
357519
362370
362403
368275
369957
373492
373869
383370
384556
385185
389691
390864
392421
392735
393678
396200
401097
402896
403050
405102
411073
414021
414198
415782
419753
422677
427717
428674
429305
430469
430578
432540
434043
436221
436622
436838
1993 UD
2004 EE88
2004 RT212
2004 TW16
2005 UO522
2005 XM53
2006 AR28
2006 BY211
2006 RL65
2006 SP400
2007 RV49
2007 SA21
2007 TG325
2008 QD34
2008 SF28
2008 TZ38
2008 UA114
2008 UA114
2009 FX15
2009 ST192
2009 VP16
2010 KJ36
2010 PQ24
2010 PY80
2010 TO43
2011 RG4
2011 SY117
2011 TE14
2011 TC17
2011 UA327
2012 TO134
2012 XM2
2013 CR109
2013 QW65
2013 WP35
2014 GA39
2014 HG29
2014 OO282
2014 SM301
2014 UX15