id
203
484
600
1039
1409
1724
1893
2698
3734
4407
4872
5725
5965
7349
8371
9331
9394
9629
9785
9888
10191
10436
10451
10474
10693
10931
11560
11883
11968
12271
12539
13222
14513
14711
15503
15680
15915
16438
16638
16725
16758
18059
18518
18659
19808
20050
20368
20401
20610
20839
20924
20951
21093
21252
21254
21290
21358
21530
21571
21728
21913
22218
22547
22603
22760
23019
23173
23349
23846
24210
24297
25087
25188
25475
26139
26289
26396
26869
27628
28026
28031
28134
29101
29248
29397
29463
29482
29911
30293
30714
31452
31529
31725
32130
32207
32616
32716
33112
33214
33614
33975
34308
34355
34840
34966
36527
36765
36904
37074
37938
38370
38799
38943
38948
39054
39169
39456
39650
39664
40051
40428
40544
40588
40791
40837
40861
40873
40915
40922
41061
41523
41973
42290
42354
42425
42458
42506
42528
42800
42870
43043
43049
44422
44559
45490
45548
46164
46349
46481
46872
46938
46945
47598
47647
47947
48230
48534
48551
48692
49366
49406
50031
50041
50246
50295
50387
50430
50588
50645
50778
50779
50881
50903
51024
51211
51256
51532
52226
52462
52609
52641
53122
54116
54129
54208
54285
54323
54340
54699
54858
54955
54978
55024
55127
55321
55377
55800
56790
56806
57629
57906
57928
58277
58506
58775
59122
60081
60195
60367
60442
60640
60673
60787
60815
61360
61601
61653
61913
61988
61993
62080
62094
62204
62272
62440
62464
62556
62653
62712
62723
64268
64349
64482
64583
64625
64629
64649
65094
65238
65770
65785
66672
66740
66786
66806
66937
66993
68084
68087
68144
68165
68188
68380
68865
68867
69542
70471
70615
70633
70741
70793
70913
70970
70976
70986
71073
72398
72565
72637
72764
73414
73415
74220
74498
75671
75843
75857
75990
76351
76394
76544
76559
76665
76693
77321
77360
77396
77539
77548
77638
78387
78430
78804
79196
79262
79908
81130
81214
81235
81275
81278
81290
81317
81328
81442
81491
81520
81524
81636
81674
81690
81735
81813
81818
81837
82377
82602
82714
82734
82892
83059
83068
83157
83202
83220
83300
83499
83520
83564
84014
84488
84611
84646
84740
84791
85385
85539
85733
86017
87807
87861
88669
88815
88842
88861
88973
89066
89654
90184
90187
90735
90826
91068
91111
91118
91130
91132
91140
91440
91443
91504
92901
93100
93247
93353
93389
93487
93600
93635
93743
93773
93797
93987
94819
95091
95150
95281
95444
95617
96282
96284
96493
96783
96892
97026
97046
97234
97282
97286
97962
98209
98847
99014
99051
99189
99338
100041
100282
101136
101374
101446
101800
102368
102709
102782
102897
103144
103214
103466
103680
103796
103833
104085
104289
105293
106635
107349
107626
107637
107688
107754
107816
108371
108621
109326
109544
109683
110105
110196
110277
110299
110387
110401
110435
110464
110497
110682
110814
110881
110906
110947
111053
111080
111197
111228
111648
111859
111904
112236
112408
112487
112527
112782
113171
113208
113305
113431
113471
113578
113787
113906
113964
114051
114175
114447
114642
114713
114772
115095
115120
115145
115545
115573
115728
115857
115936
116085
116261
116665
117643
117707
117774
117781
117807
118181
118722
118751
118794
118821
118858
119338
119647
119657
119680
119687
120077
120118
120399
121393
121583
122713
122766
122965
122981
123527
123816
125080
125855
125950
126216
126276
126542
126599
126832
126949
126968
127183
127207
127258
127781
128116
128354
128704
128814
129100
129899
130085
130127
131066
131126
131151
132610
132966
133343
133406
133556
133649
133699
134007
134065
135308
135792
135818
135892
135907
135942
135977
136266
136288
136322
136496
136643
136830
138089
138234
138294
138410
138432
138449
138461
139034
139463
139510
139515
139755
139835
139910
140012
140016
140038
140081
140551
140564
141123
141197
141204
141298
142449
142722
142832
143051
143106
143149
143408
143623
143719
143923
143990
144212
144245
144369
144444
144464
144500
144589
144603
144654
145036
145381
145431
145470
145776
146493
146576
146604
146621
146634
146723
147385
147792
147845
148849
148861
148954
148977
148983
149484
149494
149785
149924
149928
149958
149992
150150
150568
150936
150984
151001
151116
151132
151190
151217
151275
151871
152034
152231
152406
152513
152624
153146
153162
153879
153915
153990
154040
154063
154544
154774
154847
155161
155217
156489
156513
156527
156538
156621
157200
157717
157840
158461
158469
159273
159641
159660
160173
160349
161215
161465
161707
161726
161828
161864
162345
163352
163383
163874
163908
163915
163950
164056
164675
164680
164762
165015
165039
165588
165593
165655
166471
166488
166499
166523
167155
167245
167411
167923
167977
168260
168420
168619
169734
169746
169820
169834
169900
170010
170416
170420
170703
171050
171054
171080
171156
171455
171627
172254
172607
172651
172695
172748
172752
172901
172920
173180
173437
173438
173695
173731
174271
174408
174414
174888
174898
175314
175332
175503
175514
176183
176245
176274
176727
176966
177032
177403
177469
177473
177582
177701
177748
178230
178296
178625
179073
179083
179139
179194
179325
179705
180052
180595
180620
180645
180948
181504
181575
181599
181669
182504
182552
182566
182591
182593
182629
182694
182766
182785
183465
183477
183499
183512
183850
184332
184556
184609
184689
184751
185366
186061
186486
186862
187085
187175
187196
187207
187221
187235
187243
187493
188304
188394
188651
188911
188912
189339
189761
191055
191101
191143
191770
191801
191829
192051
192156
192318
192322
192405
192406
192704
192830
192867
193526
195157
195202
195291
195320
195409
195447
195455
195507
195590
195593
195622
195635
195896
196647
198286
198391
198416
198526
198532
198545
198789
199052
199261
199380
199418
199427
199435
199447
199542
199546
199554
199587
199676
200114
200241
201160
201261
201500
201537
201544
201638
201758
202264
202279
202332
202558
202733
203031
203698
203768
203957
203965
204058
204543
204667
204763
204783
204852
204991
205162
205203
206011
206038
206048
206052
206531
206590
206598
206691
206693
206698
206706
206729
207049
207216
207217
207248
207249
207264
207289
207309
207357
207742
207861
207900
208124
208802
208851
208860
208862
209254
209288
209309
209790
210285
210328
210383
210492
210621
210622
210626
211353
211367
211377
211481
211755
211768
211780
211792
212272
212279
212439
212473
212498
212505
212555
212852
213148
214343
214800
214959
215297
215523
215744
215956
216039
216113
216277
216685
217421
217480
217609
218615
218680
218689
218713
218773
218887
219381
219799
220297
220343
220614
221152
221185
221320
221929
221984
222300
222320
222701
222763
222838
223294
223296
223778
224378
224390
224416
224497
224943
225014
225090
225189
225971
226025
226074
226766
226774
226926
227394
227472
227475
227490
227497
227529
227567
227606
227924
228062
229127
229172
229181
229455
229537
229538
229563
229597
229635
229750
230078
230079
230100
230975
231322
231341
231361
231428
231494
231563
231762
232533
232565
232836
233287
233364
233382
233440
233458
233712
233741
233792
233808
233820
233825
233851
233863
234080
234752
235214
235292
235338
235348
235913
236476
236557
236650
236800
237076
237155
237456
238201
238203
238225
238617
238632
239125
239133
239140
239162
239170
239193
239343
239351
239398
239661
239718
240667
241194
241242
241264
241515
242516
242566
242888
243001
243027
243103
243172
243250
243422
243433
244357
244423
244863
245304
246208
246356
246509
246517
246544
247999
248007
248347
248756
248879
249138
249149
249557
249867
250501
251145
251147
251173
251186
251244
251258
251395
251456
251614
251723
252401
252435
252480
252543
252585
253094
253269
254712
256028
256088
256108
256145
256227
256235
256258
256300
256333
256764
256833
256895
256984
257089
257158
257441
257530
258253
258340
258412
258478
258518
259155
259349
259356
259844
259993
260059
260156
260699
260947
261140
261262
261294
261306
261428
262113
262170
262172
262193
262328
262338
262375
262401
262417
262635
262712
262789
262822
262857
262911
262961
262970
262972
263296
263413
263458
263508
263558
263573
263578
263666
263713
263966
264090
264703
265712
265725
265758
265767
265825
266424
266429
266831
267033
267433
267463
268055
268097
268490
268497
268966
268985
269025
269218
269373
269450
269768
270561
271695
271801
271902
272493
272553
272577
272630
272778
272814
272822
272838
272841
272933
272997
273085
273088
273422
273616
273661
273667
273703
273729
273922
273954
274535
274684
274912
274967
275136
275213
275362
275386
275401
276136
276140
276141
276150
276544
276918
276936
276952
277535
277627
277651
277659
277750
277754
277790
277793
278023
278528
278632
278730
278750
278800
278874
278950
279140
279192
279358
279543
279731
280536
280598
280646
280995
280999
281025
281029
281549
281577
281587
281627
282402
282588
282877
283358
283881
284039
284057
284273
284519
284771
285307
285332
286255
286949
287034
287039
287358
287427
287498
287929
287979
288054
288069
288305
288311
288355
288370
288414
289297
289556
289749
290092
290097
290236
290437
290567
290589
290648
290689
290765
290800
290825
290826
290865
291008
291015
291151
291664
291926
292199
292436
292506
292672
292713
292739
292848
292935
293046
293057
293074
293101
293185
293207
293230
293273
293278
293292
293314
293333
293821
293824
293845
294038
294064
294084
294123
294236
294270
294389
294421
294482
294871
294967
294981
294989
295030
295055
295401
295422
295547
295575
295877
295929
295981
296046
296302
296312
296384
296722
296732
296848
297054
297067
298001
298021
298055
298111
298164
298230
299097
299183
299196
299205
299671
299674
299683
300498
300506
300526
300571
300574
300626
300738
301173
301316
301322
301352
301356
301461
301515
302669
302674
302676
302728
302730
302775
303083
303135
303517
303533
303601
303613
304191
304249
304634
304942
305064
305085
305133
305251
305647
305683
305866
305881
305901
305919
305952
306186
306307
307909
308310
308856
308901
308920
309535
309585
309942
310192
310368
310566
311088
311647
311655
311680
311772
311806
311839
312251
312262
312339
312572
312960
314237
314258
314275
314371
314885
314893
314897
314913
314961
314973
315153
315653
315665
315677
315684
315703
315713
315735
315737
315744
315747
315758
315790
315830
316332
316377
316491
316564
316600
316670
317202
317676
317946
318325
318447
318549
318670
318715
318758
318759
318762
318769
318803
318804
318849
318862
318887
318906
318959
319032
319093
319669
319760
319834
319896
319901
319903
319915
319921
319930
319936
319954
320434
320812
320883
320931
321013
321114
321360
321448
321784
321846
321894
321931
321966
321980
322085
322170
322434
322502
322825
322875
323132
323171
323885
323893
323896
323936
323953
323956
323964
323966
323982
324031
324033
324613
324626
324718
325163
325280
325283
325313
325358
325916
325960
326448
327260
327297
327345
327474
327896
327917
327933
328533
328592
328675
328733
329157
329833
329977
330036
330040
330076
330398
330411
330448
330453
330911
330980
331193
331232
332135
332302
332353
332371
332437
332530
332704
332725
332728
332851
332881
333124
333788
333934
335528
335614
336187
336192
336235
336330
336343
336350
336359
336367
336675
336723
336877
336899
337003
337079
338056
338058
338526
338564
338578
338687
338729
338750
338767
338776
338797
340358
340448
340463
340495
340536
340556
342206
342394
342503
342545
342576
342610
342622
342679
342725
342763
342778
342782
342783
342817
342833
342881
342946
343411
343425
343504
343527
343562
343565
343574
343583
343947
343955
343961
344476
344714
344999
345480
345504
345517
345875
346307
346676
346700
346768
347005
347073
347095
347399
347434
347853
348121
348422
348445
349175
349241
349294
349718
349765
349800
350092
350233
350382
350883
350895
350937
351124
351385
351450
351818
352190
352225
352307
352393
352894
352992
353027
353072
353085
353121
353545
353767
353831
353945
354455
355420
355462
355502
355984
356052
356063
356521
356598
356599
356622
356760
356817
356943
357466
357632
358162
358223
358245
358246
358264
358659
358674
358693
358727
358746
359223
359268
359324
359715
359731
359737
359802
359831
359872
359912
359970
360010
360639
361232
361240
361253
361296
361298
361314
361330
361332
361364
361769
361790
361826
362204
362341
362711
362727
362736
362764
362813
362879
363006
363908
364362
364375
364409
364448
364806
364826
364845
364873
364918
364926
364941
364942
364970
365511
365538
365540
365558
365607
365611
365658
365734
365831
365950
365982
366033
366905
367164
367548
367713
367768
367979
368057
368269
368746
368981
369111
369319
369577
369611
369616
370705
370728
370761
370770
370788
371055
371111
371724
371759
372402
372511
372533
372637
372922
373343
373345
374098
374133
374440
374507
374526
374530
374979
375010
375018
375880
375956
376145
376152
376164
376180
376606
377785
377799
377824
377857
377860
377871
377876
377960
378285
378328
378344
378351
378737
379243
379298
379367
379383
379655
379712
379725
379784
379786
379811
380870
381153
381495
381525
381527
381580
382077
382080
382228
382382
382779
382790
383234
383299
383302
383917
383930
384004
384068
384532
384658
384683
384924
384986
385337
385462
385463
385475
385847
386109
386188
386382
386433
386464
387036
387071
387097
387129
387195
387284
387469
387551
387643
387666
387772
388610
388677
389126
389181
389842
389951
389995
390126
390191
390208
390210
390413
390919
390933
391593
391604
391606
391609
391619
392031
392038
392095
392321
392433
392807
393275
393497
393768
393781
394533
394567
394628
394996
395013
395028
395034
395048
395059
395067
395410
395429
395549
395569
395913
395927
395941
395966
396051
396104
396305
396933
397608
397617
398021
398418
398457
398462
398733
398734
398796
398898
398938
399048
400401
400428
400654
401070
401112
401165
401453
401488
401606
401737
402654
402669
403081
403086
403596
403602
403623
403625
403692
403918
403937
403948
404398
404459
404467
404637
404816
405086
406074
406077
406118
406120
406135
406591
406656
406698
407325
407469
407525
407532
407538
407548
407860
407885
407947
408013
408174
408362
408500
408693
408776
408889
409527
410043
410062
410498
410557
411430
411771
411871
411990
412353
412464
412466
412607
412631
412823
412860
412907
413507
413527
413566
413603
413609
413616
413626
413664
414227
414505
414862
414866
414904
415137
415167
415370
415441
415489
416950
417015
417027
417057
417100
417114
417164
417232
417258
417751
417851
417862
418411
419036
419085
419101
419107
419134
419138
419222
419388
419875
420415
420494
420570
420629
420989
421055
421195
421291
421453
421474
421657
421757
422142
422316
422366
423251
423729
423750
423751
424661
425070
425124
425181
425212
425222
425272
425276
425691
425796
425888
425965
426223
426658
426754
426756
426979
427226
427313
427977
428010
428706
428805
429579
430011
430143
430154
430168
430433
430772
431062
431079
431376
431850
431853
431903
431938
432042
432337
432750
433002
433030
433122
433164
433536
433694
433892
433893
434748
434755
434777
434782
435702
435745
435752
435770
435786
435808
436335
436546
436843
436905
436919
436932
436980
437007
437064
437065
437151
437267
437491
437500
437536
437588
437610
438767
438775
438812
438832
439247
439292
439319
439503
439662
439668
439699
439757
2001 FS230
2001 QT306
2001 TJ259
2002 PT109
2002 UH58
2003 SN335
2003 UB333
2003 WK49
2003 YE39
2005 QL101
2005 SE62
2005 TJ9
2005 TC84
2005 TE129
2005 TQ139
2005 TL159
2005 UK92
2005 UD418
2005 UV195
2005 UD246
2005 UJ260
2005 UB268
2005 VF24
2005 VB79
2005 WS124
2005 XT74
2005 YB115
2005 YK232
2006 BS73
2006 BQ76
2006 BS180
2006 BB211
2006 CC9
2006 DO24
2006 DD26
2006 DJ93
2006 FE55
2006 JP34
2006 KZ23
2006 RL43
2006 RO104
2006 RJ115
2006 RV117
2006 SH16
2006 SK96
2006 SW114
2006 SO408
2006 SA228
2006 SW248
2006 SN250
2006 SM269
2006 SB328
2006 TQ118
2006 UT37
2006 UD139
2006 UT209
2006 US260
2006 VV17
2006 VK36
2006 VZ66
2006 VU92
2006 WL57
2006 XK23
2007 DO36
2007 ER65
2007 EC101
2007 FH25
2007 PR27
2007 QX3
2007 RP211
2007 TH426
2007 TJ433
2007 TU198
2007 TG291
2007 UW63
2007 UY88
2007 VH84
2007 VF154
2007 VT272
2007 VD309
2007 YS38
2007 YK52
2007 YU62
2008 AB54
2008 AH92
2008 BK50
2008 CG145
2008 CY153
2008 DJ58
2008 DS75
2008 FS21
2008 FR22
2008 FL48
2008 FK89
2008 GE67
2008 KU40
2008 PO19
2008 SQ115
2008 SE136
2008 SK260
2008 TX18
2008 TR160
2008 TY160
2008 TS163
2008 TZ173
2008 UY18
2008 UY28
2008 UH73
2008 UH113
2008 US149
2008 UR178
2008 UJ214
2008 UH222
2008 UO286
2008 UX350
2008 VE34
2008 WT44
2008 WE81
2008 WA115
2008 WB125
2009 AT13
2009 BB180
2009 DE29
2009 DX60
2009 DB79
2009 FJ48
2009 FA65
2009 HC24
2009 HX37
2009 HL47
2009 KC16
2009 RU13
2009 SA57
2009 SV76
2009 SV85
2009 SD105
2009 SS147
2009 SC203
2009 SD225
2009 ST286
2009 SW344
2009 TJ6
2009 UO14
2009 UU29
2009 UA31
2009 VA113
2009 WH11
2009 WE201
2009 WV244
2009 YM16
2010 EN75
2010 NT44
2010 RL142
2010 SE33
2010 TF4
2010 TQ43
2010 TL85
2010 TL150
2010 UM33
2010 VP107
2010 VS145
2010 VW213
2010 WQ2
2010 XV8
2010 XO28
2010 XD69
2011 AH26
2011 BC47
2011 BK56
2011 BP62
2011 BO76
2011 BN86
2011 BE93
2011 BT122
2011 CU30
2011 CN40
2011 CG84
2011 CE103
2011 CH110
2011 CO113
2011 FJ42
2011 FJ110
2011 GQ1
2011 GN76
2011 HP72
2011 JB9
2011 SY162
2011 SW182
2011 UR1
2011 UY30
2011 UT46
2011 UE56
2011 UG66
2011 UJ79
2011 UM79
2011 UA226
2011 UK300
2011 UH321
2011 UC383
2011 UG137
2011 UP140
2011 UB176
2011 UQ203
2011 UA226
2011 UC249
2011 UK300
2011 UH321
2011 UK339
2011 UX356
2011 WZ17
2011 WC43
2011 WF61
2011 WP105
2011 WB112
2011 WK129
2012 CT34
2012 CK41
2012 DB34
2012 DQ59
2012 DK75
2012 DY96
2012 JA14
2012 JC28
2012 JO49
2012 KQ19
2012 KW19
2012 QS22
2012 SW45
2012 SY48
2012 SB53
2012 TT17
2012 TJ67
2012 TP67
2012 TX96
2012 TL102
2012 TW107
2012 TK126
2012 TX143
2012 TE165
2012 TO212
2012 TV213
2012 TJ235
2012 TD282
2012 TH308
2012 UN40
2012 UD124
2012 UE142
2012 UP161
2012 VE36
2012 VG40
2012 VB48
2012 VM59
2012 WG13
2012 WW21
2012 XH1
2012 XO67
2012 XG149
2013 AK61
2013 AA122
2013 AB173
2013 BC15
2013 BE15
2013 BS47
2013 CP20
2013 CD23
2013 CT77
2013 CZ90
2013 CN127
2013 CE148
2013 CQ151
2013 CY154
2013 CU188
2013 DJ4
2013 ED2
2013 EX30
2013 EH32
2013 EC33
2013 ET81
2013 FK18
2013 GG59
2013 GH81
2013 GE136
2013 HA14
2013 HJ36
2013 HV52
2013 HG110
2013 HH110
2013 HS113
2013 HX145
2013 LT3
2013 QN14
2013 RA63
2013 RX72
2013 SX18
2013 SE79
2013 SZ79
2013 SL80
2013 TJ28
2013 TE39
2013 TX112
2013 UX7
2013 WF11
2013 WU89
2013 WP105
2013 YA42
2013 YW89
2013 YL93
2013 YF107
2014 AJ5
2014 AB44
2014 BY17
2014 BV20
2014 DH5
2014 DP11
2014 DK40
2014 DM50
2014 DY66
2014 DZ68
2014 DZ127
2014 EX13
2014 EF39
2014 EO48
2014 FK15
2014 GU29
2014 HZ6
2014 HF7
2014 HO12
2014 HP25
2014 HR34
2014 HO49
2014 HP55
2014 HE67
2014 HH125
2014 HP127
2014 HT145
2014 HX156
2014 HG160
2014 HB190
2014 JK7
2014 JC10
2014 JG33
2014 JX40
2014 JL47
2014 KB3
2014 KT10
2014 KU40
2014 KL42
2014 KM58
2014 KP97
2014 NW61
2014 OD13
2014 OK25
2014 OQ40
2014 OE53
2014 OW132
2014 OC173
2014 OL210
2014 OQ341
2014 PQ17
2014 PM25
2014 PO40
2014 PO51
2014 QZ39
2014 QO45
2014 QY370
2014 QZ112
2014 QE419
2014 QE170
2014 QZ175
2014 QU437
2014 QR242
2014 QG248
2014 QP249
2014 QD328
2014 RG20
2014 SD10
2014 SB55
2014 SZ82
2014 SC218
2014 SN218
2014 TC2
2014 TZ18
2014 UE30
2014 UM41
2014 UO48
2014 UG53
2014 UE66
2014 UU66
2014 UV98
2014 UR124
2014 UX126
2014 UJ207
2014 WL64
2014 WB261
2014 WP106
2014 WY109
2014 WM165
2014 WX425
2014 WK428
2014 WK193
2014 WZ193
2014 WP478
2014 WO481
2014 WM482
2014 WO287
2014 WL349
2014 YT28
2015 BK6
2015 BW27
2015 BY27
2015 BM90
2015 BC100
2015 BW166
2015 BA438
2015 BD184
2015 BL459
2015 BC475
2015 BT215
2015 BD234
2015 BJ292
2015 BC304
2015 CA27
2015 CM42
2015 DW36
2015 DX108
2015 DY213
2015 DJ223
2015 EL9
2015 EV12
2015 ED18
2015 EJ33
2015 FM121
2015 FT153
2015 FS177
2015 FD185
2015 FG318
2015 GA28
2015 GA41
2015 GG50
2015 HC179
2015 KL54
2015 KZ60
2015 KM130
2015 KP133
2015 MS93
2015 NE8
2015 NF23
2015 OK70
1999 TW43
2001 FX200
2001 FH211
2001 FA214
2001 FP214
2001 FP231
2001 FY234
2001 FS239
2002 UD59
2003 SC371
2003 SD394
2003 SO265
2003 UK363
2003 UV353
2004 FP53
2004 LM9
2004 TO70
2004 TS188
2004 VF68
2004 XS43
2005 ER14
2005 EB114
2005 GR105
2005 GB184
2005 GX192
2005 PX26
2005 TZ153
2005 TF160
2005 UO36
2005 UD62
2005 US206
2005 UG246
2005 US268
2005 UE323
2005 US358
2005 VW45
2005 VL79
2005 WZ43
2005 WK107
2005 XG22
2005 YV108
2006 AY50
2006 BQ125
2006 BW150
2006 BB189
2006 BU218
2006 CC14
2006 HL73
2006 KD19
2006 KF78
2006 KO80
2006 QB172
2006 RP116
2006 RW117
2006 RK118
2006 SV239
2006 TK111
2006 TR116
2006 UZ3
2006 UN102
2006 UP123
2006 UZ261
2006 UQ355
2006 VT39
2006 VS127
2006 VH131
2006 VE133
2006 VE144
2006 WS15
2006 WE32
2006 XF72
2007 BY60
2007 EY17
2007 ER134
2007 EK190
2007 JR20
2007 JU20
2007 RM9
2007 RQ129
2007 RM223
2007 TY199
2007 TE253
2007 TJ268
2007 TR344
2007 UR17
2007 UM109
2007 UC132
2007 UY134
2007 VY49
2007 VG74
2007 VK201
2007 VK236
2007 WZ43
2008 AA117
2008 CT112
2008 CP126
2008 DZ16
2008 FH21
2008 FD49
2008 FA122
2008 FR128
2008 GP24
2008 GX91
2008 KR28
2008 RR52
2008 RF109
2008 RB143
2008 SE78
2008 SV252
2008 TA55
2008 TG59
2008 TG176
2008 UY14
2008 UJ21
2008 UG89
2008 UO130
2008 US252
2008 UM336
2008 VS55
2008 WZ74
2008 YB68
2008 YM145
2009 AJ43
2009 DZ25
2009 DY36
2009 KQ15
2009 SS26
2009 SE128
2009 TD43
2009 VF10
2009 VH13
2009 WF72
2010 BT113
2010 BU114
2010 CU10
2010 CC122
2010 CH207
2010 CD244
2010 DR19
2010 DQ20
2010 DW22
2010 EE18
2010 EV165
2010 FE42
2010 FP103
2010 FA109
2010 GN72
2010 GS79
2010 GV86
2010 GE170
2010 JN8
2010 JL89
2010 JM95
2010 KS124
2010 KV124
2010 MW109
2010 NH21
2010 NP111
2010 OE84
2010 TS119
2010 UM19
2010 US60
2010 VZ100
2010 VU129
2010 VG177
2010 VR203
2010 VO215
2010 WR2
2011 BN3
2011 BD9
2011 BD23
2011 BE47
2011 BF48
2011 BK49
2011 BU114
2011 CO7
2011 CZ12
2011 CU20
2011 CX23
2011 CF56
2011 CG94
2011 CT107
2011 FB66
2011 FS137
2011 HV45
2011 JN25
2011 PG5
2011 SZ100
2011 UB66
2011 UV85
2011 UL132
2011 UY257
2011 VT2
2011 WB28
2011 WY151
2011 YC24
2012 BG84
2012 CJ3
2012 FO76
2012 JN43
2012 KO40
2012 TB39
2012 TV115
2012 TS120
2012 TJ167
2012 TY210
2012 TC249
2012 TH272
2012 TC274
2012 TL278
2012 UM13
2012 UV17
2012 UL72
2012 UT74
2012 UZ114
2012 UC175
2012 VA10
2012 VV21
2012 VU66
2012 WG20
2012 XC81
2012 XG103
2012 XA127
2013 AO12
2013 AF17
2013 AU151
2013 AW157
2013 AD166
2013 AP166
2013 BT10
2013 CR44
2013 CT113
2013 CB167
2013 DH15
2013 EV6
2013 EH21
2013 EU58
2013 ES70
2013 EZ100
2013 GX65
2013 GT131
2013 HP3
2013 HB30
2013 HW40
2013 HX53
2013 HB56
2013 HY68
2013 HT69
2013 HX80
2013 HG88
2013 HB92
2013 HJ99
2013 HZ100
2013 HO115
2013 HJ123
2013 HS141
2013 HM142
2013 LR28
2013 PW39
2013 QQ8
2013 RQ78
2013 RA86
2013 SJ74
2013 TC140
2013 TF144
2013 YG55
2013 YO117
2013 YQ134
2014 AE21
2014 BH16
2014 CM3
2014 DX84
2014 EN6
2014 FN31
2014 HX16
2014 HZ43
2014 HZ91
2014 HD99
2014 HO106
2014 HN156
2014 HW193
2014 JJ7
2014 JL49
2014 KV16
2014 KE34
2014 KQ74
2014 KG99
2014 NE1
2014 OF18
2014 OK52
2014 OG69
2014 OQ112
2014 OU113
2014 OB124
2014 OA126
2014 OQ126
2014 OA134
2014 OG148
2014 OY148
2014 OJ154
2014 OC225
2014 OM244
2014 OZ303
2014 OQ323
2014 OH345
2014 OM355
2014 PQ68
2014 QA134
2014 QN151
2014 QH202
2014 QZ224
2014 QR233
2014 SB27
2014 SA86
2014 SY86
2014 SV89
2014 SB140
2014 ST251
2014 SP253
2014 SD256
2014 SJ259
2014 SC292
2014 SF320
2014 TY11
2014 TM21
2014 TE61
2014 UR30
2014 WF67
2014 WV90
2014 WL91
2014 WW93
2014 WU284
2014 WR331
2014 WN103
2014 WM402
2014 WB178
2014 WV180
2014 WA188
2014 WO196
2014 WB261
2014 WU284
2014 WA300
2014 YC20
2015 AA144
2015 AF225
2015 BN9
2015 BC40
2015 BM41
2015 BC100
2015 BZ112
2015 BU122
2015 BA139
2015 BW153
2015 BD161
2015 BS165
2015 BV195
2015 BB219
2015 BQ233
2015 BQ256
2015 BA279
2015 BF289
2015 DP45
2015 DD110
2015 DB114
2015 DJ120
2015 DS130
2015 DS159
2015 DU179
2015 DG218
2015 DC220
2015 EN59
2015 FW65
2015 FH106
2015 FX156
2015 FR213
2015 FK220
2015 GF35
2015 GR45
2015 HN85
2015 HE95
2015 KB46
2015 KW74
2015 MC89
2015 PW35
2015 PP41
2015 PR43
2015 PA47
