id
8985
11975
11976
12784
12796
13151
13626
13658
14565
14587
15868
16697
16704
16800
16852
17770
18044
18526
19292
19304
19384
19387
20143
20637
21227
21239
21280
21642
21849
22131
22405
23112
23587
23748
24132
24830
24838
24840
24843
24844
24849
24854
24922
25019
25279
25686
25693
25752
25985
26386
27017
27247
27286
27871
27888
28390
28957
29612
29988
31110
31347
31882
32023
32079
32919
32940
33139
33333
33966
33998
34892
35354
35358
35387
35402
35710
35765
35982
36334
36335
36445
37238
37809
38114
38193
38856
38898
39893
39960
40309
40442
40602
40781
41853
42035
42063
42378
42625
42823
42830
42977
43013
43098
43663
43880
43903
43905
43983
44034
44643
44653
44658
44664
44886
45142
45449
45872
45912
46031
46646
46647
46657
46795
46806
47147
47188
47265
47366
47428
47553
48028
48080
48092
48129
48313
48632
48648
48671
48674
48683
48885
48930
48984
48989
49265
49807
49822
49867
49868
49874
49893
49978
50040
50135
50631
51412
51460
51501
51525
51534
52022
52425
52460
52469
52478
52485
52490
52795
53130
53519
53551
53552
53653
53693
54448
54701
54705
54721
54753
55388
55820
55831
55978
56311
56455
57067
58345
58367
58399
58408
58703
58933
58994
59047
59082
59601
59694
59989
59994
60097
60409
60482
60683
60713
61041
61251
61303
61342
61443
61444
61586
61936
62007
62037
62060
62104
62242
62661
62773
63142
63222
63268
63335
63409
63815
64301
64718
64856
65767
65775
65779
66209
66403
66938
67219
67386
67507
67513
67648
67740
67949
67981
68033
68110
68140
68184
68256
68570
68652
68655
68697
68716
68724
68744
68825
68966
69346
69389
69406
69421
70075
70103
70129
70143
70374
70410
70441
70624
70984
71315
71805
72025
72944
72959
73033
73072
73215
73526
73811
73820
74001
74005
74651
74724
74769
74831
75066
75089
75327
75500
75529
77939
77945
77946
78039
78041
78805
78812
78975
79266
79273
79283
79289
79290
79304
79356
79371
79679
79702
80274
80313
80335
80359
80412
80530
80606
80619
80744
80764
82064
82091
82104
82199
82331
84039
84051
84228
84524
84591
84862
85328
85348
85437
85509
85551
85663
85835
86387
86389
86563
86567
86582
86777
86896
87114
87159
87192
87227
87386
88291
89513
89620
90132
90460
90495
90505
90518
90556
90809
90815
90963
92352
92431
92509
92515
92617
92675
92879
93278
94338
94485
94494
94689
94817
94830
94894
94899
94901
95106
95369
95767
96007
96268
96749
96862
97792
97850
97933
97950
98006
98140
98229
98344
98415
98559
98611
99457
99495
100284
100288
100353
100362
100363
100364
100366
100369
100492
100530
100593
100747
100881
100911
100974
101181
101327
101373
101874
101898
102061
102330
102547
102574
102585
102630
102633
102742
102888
102927
103011
105274
105671
105731
106162
106227
106287
106332
106564
106615
106648
107517
107675
107722
107763
107828
108222
108288
108336
108403
108407
108489
108836
109048
109391
111217
111695
111788
111845
112078
112142
112223
112259
112324
112358
112375
112386
112431
112640
113027
113034
113068
113076
113158
113639
113998
114144
114250
114386
114410
114634
114940
115330
115351
115391
115539
116075
116258
116412
116671
116752
117124
117640
117692
117721
118566
119043
119050
119091
119107
119115
119152
119156
119317
119506
120275
120289
120610
120612
120677
120877
121501
121927
122066
122079
122177
124406
124571
124693
125112
125393
125461
125647
125679
125837
126500
127648
128362
128502
128761
129243
129494
129504
129606
129607
129808
129927
130006
130446
130449
130487
130506
130524
130698
130965
131415
131457
131526
131677
131892
132068
132114
132445
132620
133240
133503
133873
134132
134297
134366
134386
134471
134605
134607
134696
134704
134739
134943
135598
135633
136159
136431
136638
136666
136668
136676
136686
136695
136708
136710
136713
136717
136723
136744
136802
136947
137250
137287
137456
137505
137518
137616
137624
137628
137804
138921
139015
139070
139236
139456
141346
141649
141653
141654
141685
141779
141783
141791
141792
141794
141799
141805
141814
141816
141858
141869
141890
141926
141932
141934
141942
141954
142027
142120
142237
142267
142271
142325
142336
142618
142977
143277
143668
143669
143709
143903
143971
144390
144647
144791
144911
144976
144994
145237
145461
145554
145737
145786
145874
145924
145984
146135
146985
146996
147036
147111
147201
147225
147695
147883
147896
147974
147983
147984
147989
148056
148851
149052
149208
149222
149268
149287
149792
150156
150209
150292
150521
150716
151584
151607
151980
152591
152737
152768
152913
153039
153045
153388
153483
153521
153658
153804
154349
154669
154672
155068
155075
155432
155621
156239
156312
156450
156749
156853
157092
157093
157132
157709
157813
158006
158317
158458
158606
158610
158954
160093
160304
160365
160671
160672
160749
160752
161084
161667
161760
162023
162349
162660
162668
162693
163712
163744
163853
164416
164429
164547
164860
164875
164987
165180
165202
165219
166019
166266
166954
166994
167026
167110
167125
167144
168497
168745
169455
169546
170247
170255
170449
170477
170714
171271
171277
171287
172097
173138
173469
173537
173619
173738
174109
174295
175478
175735
175756
175785
176039
177149
177305
177329
177668
177728
177957
177966
178055
178330
178337
178523
178560
178801
179624
179661
179692
179727
179766
179797
180196
180470
180908
180934
180938
181293
181313
181342
181354
181406
181721
181735
181737
182338
182973
182995
182999
183193
183201
183312
183635
183783
183788
184433
184987
185056
185092
185110
185252
185266
185358
185511
185630
185668
185674
185680
185876
186104
186413
186445
187059
187060
187062
187091
187500
187679
187899
188199
188333
188365
188390
188606
188611
189068
189431
189646
189982
189988
190016
190137
190292
190483
190941
190969
191013
191245
191943
191953
191957
191970
192033
192264
192358
192530
193034
193659
193673
194434
194536
194610
194674
194730
194832
196594
197565
197569
197603
197626
197711
197892
198315
199198
199355
200048
200176
200747
201947
201980
202429
202727
202788
202900
202905
202927
203075
203502
203914
204362
204951
204955
205153
205221
205233
205794
206337
206640
207414
207967
208056
208593
208633
208655
208678
209583
209779
210221
210313
210745
211041
211080
211082
211148
211171
211528
211572
211917
212429
212431
212445
212472
212492
213010
213015
213017
213179
213183
213587
213648
213822
213916
214135
214262
214309
214534
214589
214609
215145
215460
215594
216090
216435
216754
216978
217172
217633
217684
218091
218176
218561
218824
218912
218946
219038
219048
219064
219242
219261
219491
219558
220022
220193
220566
220567
221002
221197
221581
221837
221955
221989
222014
222986
222997
223002
223026
223515
223554
224056
224108
224333
225095
225305
226139
226142
226165
226179
226211
226606
226661
227093
227094
227098
228166
228209
228506
228510
228697
228740
228752
228754
228789
229114
230131
230220
230256
230381
231092
231435
231678
231737
231786
232364
232464
232503
232791
233987
234409
234691
236150
236733
236791
237195
237579
238845
238848
239967
240546
240575
242064
242226
242261
242790
242916
243563
243600
244053
244535
245084
245265
245747
246306
246993
246995
247100
248633
248697
249645
250058
250340
250368
250588
251003
251631
251673
251683
252058
253247
253411
253434
253451
253457
253525
253571
254449
254535
254546
255618
255621
255622
255706
255712
255723
255797
255901
256623
257262
257634
258956
258976
259196
259727
259910
261995
261996
262027
262173
262222
262312
263204
263984
264268
264824
264854
264888
264999
265231
265235
265302
265515
265532
266149
266196
266242
266244
267020
267024
267139
267603
267617
267650
268745
268815
269380
269383
269679
269997
270941
271132
271510
272118
272225
272342
273355
273399
273876
273949
273969
274109
274218
274228
274726
274822
275053
275090
275212
276730
277200
277277
277339
278309
278513
278567
279098
279729
279730
280212
280783
280807
281993
282033
282181
283132
283950
284004
284133
284134
284199
285143
285146
285754
286397
286557
286640
286656
286794
286838
286886
287001
287117
287246
287298
287348
287379
287553
287750
287765
287885
288136
288407
288651
288950
289323
289481
289581
290042
291037
291115
291168
291474
291857
291869
291878
291879
291886
291887
292088
292188
292207
292453
293614
293662
293666
293686
295250
295456
295745
295774
296283
296491
297023
297263
297267
297269
297324
297853
298381
298464
298523
298709
298947
299476
300329
301022
301029
301854
302143
302968
304031
305882
306008
306494
307008
307684
307728
307790
309296
309436
309878
310423
311202
312069
312329
312511
313111
313253
313510
315189
315999
316011
316186
316678
316970
317458
317543
317560
318984
319500
319598
320787
321075
321847
322673
323086
323273
323462
326534
326711
326749
327176
327702
328489
329223
329247
329465
331390
331403
331430
331476
331754
332588
333141
333157
333162
333406
333512
333580
333852
333856
333857
333884
334456
334505
334627
334657
335261
335265
335281
335464
336252
336260
336641
337022
337040
337106
338323
338370
338414
338492
339358
339608
339644
339648
339652
340176
341942
342370
343190
343244
343273
343289
343692
343779
343796
344062
344066
344379
345015
345147
345811
346284
347153
347164
347544
347987
348478
348820
348982
350071
350247
350376
350392
350477
351506
351586
351607
352121
352653
352899
353440
353808
354823
355792
355802
357064
357233
357403
358550
359392
359473
361606
363242
365597
365850
367098
367104
367110
368140
368358
368509
368879
368907
368912
369964
369965
369966
369968
370237
370238
370246
370257
370268
370283
370339
370703
371470
371473
371482
371484
371551
371685
371833
371853
372357
372785
373398
373400
373451
373642
373702
374139
374884
376999
377537
378037
378127
378152
378191
378195
380116
381029
381812
382166
382170
382662
382680
383447
384765
385399
386251
386362
387497
387511
387534
387882
388024
388028
389050
389891
389897
390654
390734
391021
391420
392333
393279
393580
393906
393922
395701
395714
396198
396579
397221
397574
398144
398884
401817
403228
404216
404261
406315
407697
409963
410052
411615
411675
412474
412562
412682
413004
414259
415290
415515
415687
415795
416010
417458
418333
418392
418921
419644
419767
420751
420781
422641
422643
422847
423840
423884
423886
423945
423952
423990
424524
425036
425162
425523
425606
425613
426142
426346
427650
428107
428634
430411
430561
430582
431751
433133
433815
434157
435416
435690
436765
437351
437400
438883
1995 OY10
1995 SG6
1995 SP12
1995 SY25
1995 ST28
1995 SH67
1995 SS73
1995 SX86
1995 TN3
1995 TD5
1995 TC10
1995 UD39
1995 UY43
1995 UG51
1995 UF56
1995 VL5
1995 VU17
1995 YT5
1995 YD15
2000 TV45
2002 EW52
2002 KT16
2002 PA147
2002 QQ35
2002 QP51
2002 QZ107
2002 QN138
2002 QO146
2002 RJ36
2002 RO164
2002 RS166
2002 RR192
2002 SG70
2002 TT182
2002 TG250
2002 TF299
2002 UD27
2002 XT72
2003 QV92
2003 UW341
2004 PE7
2004 RS96
2005 NN70
2005 SA22
2005 SM108
2005 SZ196
2005 TE102
2005 TX142
2005 TB191
2005 UP438
2005 UE476
2005 UW478
2005 US526
2005 WH100
2006 QY49
2006 QH186
2006 RO55
2006 RT95
2006 SE11
2006 SK41
2006 SL81
2006 SH412
2006 SP181
2006 SV315
2006 SF324
2006 ST358
2006 TV29
2006 UW63
2006 UL84
2006 UV117
2006 UE154
2006 UD173
2006 UV242
2006 UY321
2006 VO55
2006 VG60
2006 VO78
2006 VZ85
2006 VJ104
2006 VZ119
2006 WK14
2006 WG97
2006 WC192
2007 EE190
2007 YP53
2008 FL65
2008 PD15
2008 RV5
2008 RH42
2008 RB52
2008 RC52
2008 SB31
2008 SA223
2008 TP5
2008 TV79
2008 TY90
2008 TB139
2008 UF11
2008 UH40
2008 UF41
2008 UK102
2008 UP286
2008 YD105
2009 BD85
2009 BY135
2009 EQ25
2009 PP3
2009 QU33
2009 SY18
2009 SG204
2009 SC205
2009 SV260
2009 SS275
2009 SV352
2009 UK33
2009 UF35
2009 VB28
2009 VA46
2009 VY46
2009 VC59
2009 WR175
2010 AH27
2010 AB40
2010 DZ74
2010 ED131
2010 RT66
2010 RS148
2010 RC165
2010 TR87
2010 TS121
2010 TA164
2010 VR99
2010 VP213
2011 AV32
2011 HC8
2011 HK11
2011 KE13
2011 RV8
2011 UZ188
2011 UY251
2011 WD114
2012 FV38
2012 FR72
2012 JD1
2012 QT9
2012 RR17
2012 SK53
2012 TE30
2012 TP53
2012 TN306
2012 UC58
2012 UH85
2012 UL163
2012 VE62
2012 VS99
2012 WF9
2012 XE50
2012 XF132
2013 AV89
2013 CL189
2013 ET6
2013 ET46
2013 GE60
2013 GE72
2013 GF110
2013 HO89
2013 NE12
2013 PO28
2013 RC15
2013 RE41
2013 RY66
2013 RR78
2013 RP90
2013 RG95
2013 SN15
2013 TW9
2013 TL19
2013 TP74
2013 TS138
2013 XA18
2013 YW90
2013 YJ149
2014 DQ140
2014 KU25
2014 KC33
2014 KH81
2014 LP22
2014 RG30
2014 RD62
2014 TE26
2014 UE26
2014 UD149
2014 WH93
2014 WH283
2015 BF10
2015 BL225
2015 BX401
2015 DV213
2015 FZ310
2015 HN60
2015 KW107
2015 KV149