id
10581
10863
10919
11330
11607
13144
13145
13375
13680
13681
14251
14557
15837
15838
15863
15901
16039
16939
17113
17238
17691
17768
17805
17931
18139
18164
18557
18650
18682
18839
18901
19275
19278
19345
19528
19780
19827
19855
20127
20396
21264
21569
21701
21920
21933
21985
22073
22765
23067
23134
23573
24243
24281
24330
24342
24874
25289
25498
25500
25755
25811
25812
25832
26334
26553
27004
27448
27485
27519
27541
29410
29881
30132
30412
30478
30532
30984
31004
31005
31006
31201
31245
31248
31273
31589
31633
31689
31726
31739
32250
32281
32316
32380
32412
32477
32603
32943
32948
33176
33254
33273
33312
34067
34128
34162
34254
34300
34320
34457
34466
34496
34503
34512
34523
34559
34594
34663
34691
35244
35315
35578
36128
36161
36232
36518
36529
36806
36832
36879
36930
36968
37114
37166
37184
37232
37254
38293
38425
38823
38867
38910
39032
39060
39312
39357
40785
40917
42137
42152
43256
43358
44468
44474
44477
44517
45177
45265
45595
45616
45654
45674
46642
46643
46669
46672
47042
47726
47813
47930
48177
48253
48620
48836
49380
49626
50377
50530
50533
50538
50587
50605
50682
50797
50972
51043
51096
51130
51873
52467
52472
52477
52696
52697
52709
52719
54112
54366
54844
55383
55443
55826
55827
55828
55941
56787
56795
56810
56913
57018
57589
57602
57695
58387
58390
58395
58401
58525
58766
58850
58914
58975
59937
60207
60387
60449
60474
60497
61418
61666
62038
62163
62247
62371
62454
62507
62554
62566
62586
62593
62633
62674
62697
62772
63129
63305
63652
63999
64162
64532
64539
64747
64813
64898
65044
65387
65443
65773
65774
66080
66149
67043
67115
67133
67186
68400
68516
69391
69395
69778
69822
70894
71165
71259
71302
71327
71444
71517
71549
71584
71609
71678
72582
72586
72616
72662
72666
72781
72782
73330
73402
73426
73493
73790
73793
73797
75858
75994
76004
76050
76093
76164
76204
76219
76331
76340
76504
78318
78581
78717
78966
79268
79270
81338
81624
81999
82926
83147
83193
83484
83573
83841
83856
83939
83946
84326
84724
85324
85325
85340
85346
85613
87805
88680
89108
89759
89944
90534
90842
91573
91745
91780
91918
92223
93843
94116
94247
95310
95327
95508
95643
96575
97324
97443
97580
99254
100337
100350
101325
101751
103652
103849
103867
103897
103923
103950
104035
104037
104068
104151
104318
104460
104660
104735
105068
105659
105732
105773
105862
105905
105978
106103
106339
106549
106637
106859
109220
109781
109918
110125
110248
110350
110997
111814
112573
112595
112771
112810
113280
113378
113441
113733
113822
114573
115003
115027
115092
115311
115382
115528
115604
115727
115748
115980
116253
116398
116774
118876
118934
119780
120561
120567
120589
120605
120608
121569
121673
121760
121923
124110
124111
124129
126639
126666
126780
127086
127149
128190
128203
128758
129176
130171
130229
130230
130390
131443
132724
132919
132923
132957
132959
133175
133180
133362
133399
133422
133634
133695
133727
133863
135389
136670
136671
136685
136688
136701
136707
136728
136746
136856
137111
138573
138667
138684
138732
138825
139856
139951
140414
140417
140531
140540
140632
141043
141044
141051
141198
141275
141331
141335
141408
143556
143558
143626
144020
144099
144207
144251
144426
144429
144511
144575
144732
144848
144853
145063
145390
145445
145743
146759
146830
146863
146895
146899
147407
147810
147841
147842
147976
149065
149116
149117
149643
149644
149908
150004
151103
152355
152370
152388
152435
152475
152599
152605
152729
154064
154117
154246
154249
154914
155394
155402
155405
155423
155578
155878
156542
157043
157276
157344
157676
157738
157744
158792
158803
158986
159210
159244
159264
159371
159520
159910
160351
160380
160435
160470
161111
161118
161145
161692
161800
161832
163489
163518
163535
163569
163595
164378
165099
165685
165885
165891
165951
166620
167478
167649
167667
167967
168635
169219
169289
169310
169344
169887
170008
170022
170152
170159
170168
170717
170753
170800
170865
171127
171180
171484
171645
171957
172010
172024
172040
172067
172375
173045
173080
173140
173145
173996
174514
175364
175624
175687
175688
176040
176501
177106
177908
177926
178157
178329
178332
178335
178339
178687
178727
179499
180131
181095
181227
181632
181740
182173
182497
182768
182791
182902
183126
183505
183506
183523
183552
184180
184480
184665
184732
184772
184807
184822
185059
185502
185614
185677
187236
187260
187262
187317
187377
187760
188098
188150
188760
188824
188906
188974
189315
189358
189875
189925
190228
190248
190486
191402
191464
191907
192144
192334
193049
193705
193943
193999
195488
195703
195815
195973
195983
196020
196100
196650
196687
196882
197132
197577
198510
198604
198803
199534
199643
201392
201700
201772
201831
202661
202754
203764
203775
203780
204223
204539
204572
204602
204705
204805
204923
205557
205559
205625
205656
206697
206759
206901
207367
207606
207635
207751
207758
207804
207960
208442
208462
209349
210116
210130
210132
210157
210167
210186
210478
210914
211799
212298
212451
212640
212869
212874
213407
213742
213753
214405
214580
214674
214715
214804
215007
215208
215213
216174
216993
217248
217641
218987
219033
219034
219171
219825
219874
220350
220659
220885
221381
221471
221496
221956
221965
221974
222040
223690
223740
223742
223942
223964
224905
224940
224976
225292
225462
226003
226029
226399
226538
227331
227651
227657
227723
227745
228207
228978
229740
230425
231049
231303
231470
231591
231679
232273
232275
232569
232591
233021
233026
233464
233466
233743
233979
233981
234055
234502
234866
234908
235442
235545
235955
236691
236969
237198
237296
237378
237379
237750
237936
238350
238414
238664
238684
238727
239241
239251
239406
239710
240196
240295
240504
240530
241055
241152
241169
241218
241571
241875
241908
242022
242392
242459
242686
242837
242978
242981
243562
243565
243568
244375
244385
245016
245239
245467
245920
246031
246286
246345
246771
246855
246902
247900
248394
248480
248672
248793
249270
250269
250270
250556
250704
250791
251680
251690
252844
254349
254928
254953
254960
254969
255042
255049
255141
255164
255508
256360
256417
256444
256852
257021
257126
257171
257487
257770
258512
258872
259938
260357
260393
260417
260444
260842
261005
261156
261342
261360
261845
262810
262937
262990
262998
263298
263326
263406
263414
263697
264077
264200
265133
265470
265853
265890
266021
266432
266438
266443
266629
266636
266654
266768
266793
266811
266910
266983
267059
267820
268225
268592
268613
268618
268708
268733
269350
269608
269660
269864
270113
270477
270647
270670
270705
271220
271982
272726
272978
273087
273160
273236
274474
274857
275833
277023
277099
277764
277871
277872
277890
279503
279707
280722
280932
281284
281711
281842
282032
282828
284326
284396
285105
285133
285138
285145
286096
286276
286987
287368
287431
287504
288477
288584
288760
288979
289800
290256
290475
290863
291121
291330
291616
291624
291890
292141
292164
292443
292571
292637
292643
292666
293175
293364
293432
293447
294358
296190
296958
297259
297431
297732
298653
298685
299218
299228
299264
299764
299868
299890
299896
300010
300029
300065
300140
300188
300949
301375
301402
301460
301464
301863
301865
301866
301867
303123
303595
303687
304381
304435
304528
304591
304674
304734
305278
305361
305384
305416
305906
305946
306090
306322
306397
306594
308045
308199
308357
308982
309095
309537
309633
309669
310158
311365
311576
312843
312860
312912
312946
314303
314344
314346
314350
317108
317243
317671
318533
318599
318900
318956
318958
319070
319204
319234
319270
319293
319307
319348
319365
319372
319893
320064
320116
320161
320180
320406
320593
321040
321655
321731
322221
322252
322261
322332
322403
322436
322459
322620
322621
323525
323990
324216
324264
326040
326063
326169
326179
326243
326271
326273
326289
326339
326514
326563
326745
327570
327603
327970
327975
329230
329238
330149
330430
330469
331290
332637
332941
332962
333111
335935
335966
336473
337030
337033
337035
337599
337673
338940
339546
340599
340631
340662
340694
340704
340736
340767
341811
343028
343584
343597
345655
346042
346141
346706
347643
348866
349479
350128
350342
351544
351900
351941
352053
352525
353534
353604
353932
353933
356717
356919
356940
358390
358788
358805
358834
358845
358855
359913
360903
360943
361872
362496
362963
363465
363995
365527
366002
366122
366188
367027
367633
367984
368056
368980
369125
370755
372938
372960
373262
373732
375073
376234
376709
379131
380114
380935
384257
384555
384925
385899
385937
386848
387246
387331
387344
388273
388304
388410
388788
389734
389736
389739
390173
392109
392169
392615
392624
392627
393354
393355
394203
394333
395454
395470
395566
396150
396196
396268
397680
398445
398761
398781
399312
399842
401803
402420
403953
404075
404395
404534
405677
406259
407917
407983
408601
408788
409350
409710
409712
411146
414588
414968
417330
419547
420073
420149
422097
422170
422499
422944
423875
424756
425329
425392
426250
426691
426849
427180
428354
430409
431158
433485
433883
434811
434861
434873
434987
437013
437247
437680
1995 QL8
1995 QP13
1995 QZ14
1995 UQ52
2001 SW355
2002 NP80
2003 SV332
2005 QN64
2005 TX95
2005 UX470
2005 UG521
2005 VL81
2005 YW246
2006 BJ108
2006 DH188
2006 EB37
2006 RY75
2006 SE106
2006 SG313
2006 SR348
2006 TC120
2006 UH77
2006 UM139
2006 UO163
2006 UT220
2006 UE237
2006 UJ323
2006 VE48
2007 DV16
2007 VG5
2008 CG207
2008 EH11
2008 UL87
2009 WZ116
2010 CF153
2011 FR97
2011 GV82
2011 HV87
2011 SU268
2011 UD48
2011 UR66
2011 UE113
2011 UH347
2011 UG107
2011 UE113
2011 UN337
2011 UH347
2011 WF55
2011 WZ84
2012 CS25
2012 FH48
2012 GM15
2012 TG28
2012 TX59
2012 TB228
2012 TL256
2013 CZ9
2013 CS31
2013 CS193
2013 HM74
2013 RA89
2014 DR6
2014 DB14
2014 FW67
2014 HM8
2014 HK179
2014 KZ82
2014 OV92
2014 SU114
2014 UF83
2014 WM234
2014 WX352
2015 KQ5