id
47
425
497
1668
1908
2353
2748
2755
2983
4294
4496
6178
6975
8057
9455
9815
9923
10333
10603
10919
11567
11700
11940
12558
12590
12779
14320
14531
14534
14564
14661
15697
16064
16544
16599
17292
18299
18354
20129
21209
22425
23533
23843
24268
24786
25940
26778
27519
27665
27908
29507
29840
30690
30710
30712
30888
31199
32058
33146
33543
34077
34310
35158
35509
35591
35632
36463
36534
36946
36955
37022
37126
37193
37600
37658
39766
40876
41073
41253
41522
41891
41978
42381
42788
43855
45289
47991
48404
49390
50813
51029
51208
52190
53290
53921
55258
55303
55704
56964
58492
58772
58913
59560
60011
61967
63369
63942
64333
65051
65285
65382
66487
66662
66808
66989
67007
67036
67464
68596
68735
69813
69853
70802
70905
70987
70997
71331
72611
72919
74506
75932
76671
77469
78139
81600
81685
82574
83285
83470
83685
85994
86059
86474
87535
87805
87832
88050
88053
90325
91655
93933
95491
96164
98972
99229
100490
101215
103915
104020
104186
104499
104570
104640
104895
105304
105487
106039
107223
108947
109478
109748
110657
111203
111385
111412
112707
112774
113108
113564
114495
115236
115584
115886
116654
116962
117123
117490
118823
119791
119802
120214
120539
121261
121281
121287
121480
121505
122428
123229
123895
123977
125857
127101
127741
128163
128506
128795
128863
129016
129974
131219
131270
131274
132728
132773
133659
133781
134104
135196
135526
135933
135963
135970
136355
136651
137130
138494
138642
139691
139734
140218
140249
140254
140819
141020
141364
141429
142901
143317
143484
144612
144739
146585
146787
146802
146836
147740
147782
147823
148333
149513
149953
150557
151025
151119
151216
151339
151688
152329
154116
154117
154772
154829
154857
154879
155168
155552
156625
157370
157446
158918
159055
159232
159262
160910
160944
161620
162011
162066
162168
162436
163392
163473
164077
164327
164360
164497
164625
166501
166789
169161
169861
169868
169915
169929
169935
170033
170053
170753
172328
172342
172763
172796
173746
173813
174852
175080
175330
175333
175524
176304
176308
176343
176399
176409
178133
178254
178256
179085
179116
179160
179258
179262
179282
179289
179349
179387
180055
180082
181021
181514
181756
182183
182531
182587
183480
184434
184583
184761
184915
185032
185221
185540
185686
186915
187117
187278
187375
188477
188769
188779
190199
191220
191849
191857
192130
192377
193669
196751
196801
196836
196984
197054
197102
197190
198441
198580
199363
199394
199423
199543
199761
199777
199945
200302
201635
201686
201691
201715
201727
202133
202784
203715
203718
203734
203748
203783
204158
204165
204279
204527
204541
206113
206754
207234
207301
207366
207493
207791
207914
208358
208872
208933
208935
209349
209351
209824
209851
209888
210289
210430
210534
210652
210845
210880
210901
211013
211842
212838
212884
212979
213035
213337
214689
214702
214982
215324
215952
216004
216412
217005
217360
217596
218381
218777
219151
219874
221742
221746
221977
222094
222723
222839
223765
223781
223794
224585
224610
224905
225390
225397
226759
226817
226822
226850
226880
226932
226934
227331
227598
227694
228083
228131
228403
228882
228893
229171
229194
229206
229867
229886
229977
231282
231368
231393
231645
232650
233304
233506
233738
234769
234799
234802
234814
235897
236660
236915
237137
237950
237968
238675
238685
239403
239439
239613
240178
240677
240684
240724
241273
241870
243343
244135
244430
244532
244909
244951
245078
245142
245346
245395
245397
245700
246063
246212
246229
246292
246401
246450
246796
248667
249264
249984
250010
251230
251437
252098
252587
253326
253339
254800
254822
254843
254910
255028
255095
255233
255304
255405
255411
256342
256360
257142
258305
258498
260120
260247
261085
261127
261311
261361
261440
261622
261656
262308
262742
263532
263996
264764
265367
265411
265422
265820
265894
266443
266912
267505
268087
268144
268520
268566
268582
269081
269268
269281
269478
269488
269761
270670
271117
271125
271141
271170
271177
271226
271302
271772
272855
272894
272916
272922
274382
274492
274647
274689
274862
275040
275411
275617
276553
276573
276577
276591
276842
276877
276878
276898
277000
277581
277708
277768
277783
279037
279165
279176
279337
280371
281530
281547
281925
282604
283171
283371
284471
284516
284597
284828
286175
286630
287052
287318
287360
287812
288067
288520
288935
290119
290201
290206
290234
290258
290349
290492
290609
290746
290880
291082
291100
292464
292507
293064
293462
293764
293769
293815
294178
294319
294328
295018
295257
295465
295576
295715
295782
296104
296108
296141
297122
297219
297601
298664
298685
299703
299759
300663
300734
300792
300797
301427
301443
301549
302148
302803
303149
304259
304313
304459
304517
304654
305355
305779
305833
306301
308912
308921
308939
308946
308991
309050
309988
310152
310289
310598
310609
311345
311776
311794
311830
312576
312678
312749
313588
314253
314276
314336
314401
315699
315781
315852
316301
316346
316425
316580
316605
316625
317633
317936
318296
318766
318783
318890
319056
320000
320356
320360
320741
320758
320795
320959
320990
321084
321157
321161
321249
322544
323818
323965
323974
323977
323994
324045
324095
324103
324190
324662
325350
326095
326169
326174
326277
327026
327480
327937
327974
328357
328612
328684
328685
328886
329165
330124
330125
330140
330480
331081
331246
331458
333176
333772
334806
334867
334889
336323
336347
336395
336479
336512
336844
338074
338086
338087
338139
338174
340441
341152
341190
341192
341269
341287
341380
341397
341574
343034
343539
344145
344479
344516
344545
344552
344759
345035
345958
346007
346092
346124
346685
346814
347124
347142
347386
349295
350158
350292
350358
351873
353140
353504
353722
355017
355067
355078
355082
355090
355504
355526
355559
356614
356656
356667
356797
357488
357691
357692
357715
357880
358183
358317
358709
358711
358743
358817
358818
359457
359533
360112
360863
361354
361376
361804
361812
361874
362496
362506
362865
363637
363853
364931
364936
365554
365557
365565
365567
365584
365585
365614
365699
366926
366959
367209
367557
367640
368074
368090
368617
369289
369414
369417
369420
369601
369708
369839
369864
369893
369921
369962
370821
371159
371235
371773
371776
372584
372716
372997
373004
373022
373050
373318
373872
374553
374583
374609
375023
375896
375921
375969
376199
376346
376660
377161
377852
377884
378798
379731
380452
381563
382070
382789
383282
383311
383748
384056
384120
384165
384557
384738
384832
384867
384933
384958
384974
384980
385146
386105
386126
386528
386529
386800
387065
387102
387288
387374
387960
389193
389794
389989
391588
392098
392826
393030
394224
395915
396035
396054
396135
397274
397323
397358
397361
397661
397678
398735
399275
399792
401571
401629
401704
401803
402286
402303
402343
402346
402347
402765
403126
403131
403171
403636
403641
403648
404027
405663
405678
405692
406233
406714
407457
408037
408463
408758
409540
409568
409591
409601
409619
410602
410878
410947
411901
412974
412982
414503
414504
414533
415221
415244
415560
416660
417278
417304
417314
417315
417748
417802
419144
419914
420207
420416
420697
421019
421020
421197
421279
421363
421374
421569
421833
421916
422372
422477
423198
423757
424773
424780
425204
425927
426134
426673
426697
426772
426941
427128
427160
427222
427275
427408
428034
428716
428743
428785
428893
428904
428915
429370
429635
430563
431457
431484
431879
431985
433044
433109
433622
433755
433842
433898
436929
437002
437600
437775
437884
438609
438656
438823
439209
439508
2000 CW108
2001 SK121
2001 TW186
2001 UL229
2002 QZ92
2002 QX101
2002 QU147
2002 WY25
2003 UH332
2003 UP334
2003 UE351
2003 WS181
2004 RW267
2004 TB83
2004 TG166
2004 TK235
2005 NJ65
2005 SD159
2005 SX240
2005 TM126
2005 TM154
2005 UK133
2005 UG520
2005 VU3
2005 VQ89
2005 VU114
2005 WQ146
2005 WD162
2005 YE132
2006 BJ70
2006 BU113
2006 GD34
2006 HP61
2006 HG74
2006 JU69
2006 PE30
2006 RQ44
2006 SP16
2006 SG230
2006 SM329
2006 SW407
2006 SG230
2006 SK265
2006 SM329
2006 TE47
2006 TR62
2006 TZ82
2006 TH122
2006 UN26
2006 UE41
2006 UV49
2006 UN142
2006 UP248
2006 UC101
2006 UB218
2006 UP248
2006 UE335
2006 VX76
2006 WK37
2007 DQ23
2007 EZ161
2007 RV132
2007 RX225
2007 TR310
2007 TY357
2007 UU103
2007 UK106
2007 VB31
2007 VC117
2007 VP139
2007 VC161
2007 VT263
2007 VZ310
2007 VW334
2007 XT43
2007 YZ5
2008 AK55
2008 CH199
2008 FM132
2008 GE49
2008 QL42
2008 RV37
2008 RZ44
2008 RV121
2008 SE22
2008 SR56
2008 SZ273
2008 TJ104
2008 TK124
2008 UZ206
2008 UU266
2008 UL347
2008 VP23
2008 VF69
2008 VE76
2008 WK75
2008 WA76
2008 WX122
2008 XM13
2008 XZ32
2008 XW38
2008 YE132
2009 BX94
2009 FX58
2009 RJ42
2009 SZ9
2009 ST90
2009 SA167
2009 SB225
2009 SF303
2009 SZ307
2009 SA358
2009 UL148
2009 VW80
2009 WN70
2009 WZ128
2009 XJ4
2010 EW142
2010 MW79
2010 MY82
2010 NM109
2010 RQ102
2010 ST40
2010 TM33
2010 UG30
2010 VW12
2010 VG38
2010 VB169
2011 CS116
2011 DH23
2011 FT36
2011 HC69
2011 QB97
2011 SS22
2011 SV99
2011 SH167
2011 SK213
2011 SR234
2011 SB257
2011 UQ58
2011 UN75
2011 UF95
2011 UG314
2011 UJ135
2011 UV180
2011 UU217
2011 UG314
2011 UF340
2011 UW350
2011 UT355
2011 WF118
2012 BO54
2012 CL27
2012 CC57
2012 FV7
2012 FE10
2012 FU66
2012 PZ11
2012 QS37
2012 RM40
2012 SD41
2012 TM16
2012 TR16
2012 TB84
2012 TM126
2012 TL190
2012 TA195
2012 TZ246
2012 TB269
2012 TC293
2012 UF34
2012 UM91
2012 UL144
2012 UX154
2012 WM8
2012 WB16
2012 XM8
2013 AM44
2013 AK96
2013 CN6
2013 CB11
2013 CL79
2013 CL169
2013 EW19
2013 ED120
2013 GE24
2013 GK55
2013 GH56
2013 GB124
2013 HM74
2013 HA130
2013 PT62
2013 PT73
2013 QQ38
2013 QJ57
2013 QV67
2013 QL73
2013 TQ84
2013 TH97
2013 TW133
2013 TO141
2013 TY142
2013 YQ39
2013 YV122
2013 YF128
2014 DA138
2014 FS5
2014 FC64
2014 GN5
2014 GZ35
2014 GA36
2014 HF153
2014 JN12
2014 JK35
2014 JK72
2014 KQ6
2014 KO9
2014 MH38
2014 MZ51
2014 OJ90
2014 OT360
2014 OY187
2014 OS204
2014 OS225
2014 OE351
2014 QV107
2014 QK370
2014 QC128
2014 QM136
2014 QZ235
2014 QQ275
2014 SF153
2014 SY155
2014 SM258
2014 SZ298
2014 SE315
2014 TR70
2014 UA23
2014 UX27
2014 UF83
2014 UR111
2014 UE168
2014 VS9
2014 WM61
2014 WQ65
2014 WO72
2014 WF87
2014 WX212
2014 WX120
2014 WN258
2015 AT136
2015 AV257
2015 BR54
2015 BR56
2015 BW90
2015 BB100
2015 BA104
2015 BA108
2015 BQ130
2015 BP433
2015 BT189
2015 BT212
2015 BV213
2015 BS253
2015 BO270
2015 BO278
2015 BR291
2015 CJ34
2015 CT57
2015 FD106
2015 FA204
2015 GT29
2015 GE40
2015 HU123
2015 KZ158
2015 MN73
2015 NT25
2015 OC13
6344 P-L
2000 CN132
2001 FP203
2001 FM208
2001 FN217
2001 FO217
2001 FR217
2001 FU218
2001 SC207
2001 US176
2002 EL37
2002 PB199
2002 TM386
2003 FG1
2003 UD248
2003 WY176
2004 BT122
2004 RE9
2004 RS41
2004 SX24
2004 TO200
2004 VX102
2004 VG119
2005 DQ3
2005 GD98
2005 JJ7
2005 NF75
2005 SW8
2005 SK21
2005 TP44
2005 TE126
2005 UN400
2005 UN467
2005 UX265
2005 VZ100
2005 WR10
2005 WE39
2005 WJ49
2005 XP7
2005 YW119
2006 AD77
2006 AQ94
2006 BT35
2006 BX47
2006 BX71
2006 BM125
2006 DJ101
2006 DR108
2006 DM176
2006 HL98
2006 KF48
2006 KS142
2006 QE14
2006 SS46
2006 SK362
2006 SF104
2006 SP105
2006 SA374
2006 SD159
2006 SZ211
2006 SL216
2006 SR225
2006 SY256
2006 UH27
2006 UL40
2006 UA57
2006 UZ126
2006 UT127
2006 UM133
2006 UN142
2006 UQ260
2006 WA37
2006 WG105
2006 WH116
2007 AM8
2007 CH70
2007 DV13
2007 DY101
2007 PA3
2007 RP218
2007 TN24
2007 TA370
2007 TV390
2007 TB328
2007 TF342
2007 TD358
2007 UF130
2007 VK41
2007 VL84
2007 VG159
2007 VA160
2007 VK181
2007 VM226
2007 VY282
2007 VA313
2007 WA41
2007 WN43
2008 CB66
2008 CS87
2008 CR103
2008 CX206
2008 QX11
2008 RD118
2008 SE25
2008 SZ108
2008 TT181
2008 TW188
2008 UX207
2008 VL11
2008 VG33
2008 WD55
2008 XU22
2008 YJ29
2008 YU39
2008 YB117
2009 AB50
2009 BT107
2009 BL119
2009 DG133
2009 RG29
2009 SK217
2009 SG264
2009 SU285
2009 SO347
2010 CP2
2010 EE15
2010 EU74
2010 GR165
2010 HW1
2010 HG74
2010 HU102
2010 JV53
2010 KK122
2010 LL27
2010 MJ44
2010 OW59
2010 OM85
2010 RM23
2010 RV28
2010 RM153
2010 TB7
2010 TK21
2010 TC22
2010 TJ53
2010 TO82
2010 TE88
2010 UV17
2010 WP2
2010 WC48
2010 XH41
2011 BV43
2011 BQ91
2011 BX125
2011 CU41
2011 CO102
2011 CV109
2011 DK32
2011 FJ66
2011 QW76
2011 SP22
2011 SP150
2011 SU224
2011 UR45
2011 UP100
2011 UO122
2011 UE142
2011 UA216
2011 UW257
2011 WS11
2012 BM30
2012 KO35
2012 SL27
2012 TB48
2012 TN51
2012 TW53
2012 TO117
2012 TZ180
2012 TP236
2012 TX294
2012 UG11
2012 UD55
2012 VZ84
2012 WN4
2012 XX13
2012 XB18
2012 XK90
2012 XE143
2013 AW9
2013 AV108
2013 CK20
2013 CJ171
2013 CN171
2013 EQ26
2013 HK45
2013 HC50
2013 HT52
2013 HG63
2013 HC71
2013 HL88
2013 HH137
2013 QO36
2013 QQ41
2013 RC3
2013 RW41
2013 RO63
2013 RK92
2013 SK65
2013 TD40
2013 WW34
2014 BT15
2014 DL58
2014 DF66
2014 DR106
2014 GW1
2014 HZ26
2014 HP27
2014 JK9
2014 KH7
2014 KP50
2014 NB22
2014 OP53
2014 OO66
2014 OJ133
2014 OB138
2014 OL154
2014 OM164
2014 OX203
2014 ON219
2014 OP303
2014 OB312
2014 OX315
2014 PP3
2014 PG14
2014 QW123
2014 QG388
2014 QB142
2014 QR405
2014 QF418
2014 QW188
2014 QE282
2014 QN302
2014 RP30
2014 SF23
2014 SQ85
2014 SB92
2014 SR94
2014 SC137
2014 SK154
2014 SO304
2014 SS314
2014 TP44
2014 US79
2014 UK100
2014 WS47
2014 WT144
2014 WW178
2014 WR208
2014 WX212
2015 AF28
2015 AC87
2015 AQ106
2015 AM175
2015 AV196
2015 AN253
2015 BM10
2015 BS74
2015 BN77
2015 BY87
2015 BH88
2015 BN374
2015 BZ381
2015 BX122
2015 BF128
2015 BZ149
2015 BA151
2015 BR155
2015 BD178
2015 BG439
2015 BG455
2015 BL471
2015 BU472
2015 BN226
2015 BT227
2015 BT230
2015 BC245
2015 BY313
2015 CJ17
2015 CD41
2015 DT163
2015 EM27
2015 EC46
2015 HE85
2015 HQ100
2015 MF5
2015 MX108
2015 NB7
2015 OH29
4717 P-L
