id
111665
116930
127373
128028
133768
141761
147436
147438
151445
157747
160263
161571
161714
163534
164555
167235
167690
169988
170093
174897
176569
176579
179524
186327
186996
187395
188121
188499
190005
191030
195893
196066
196565
198837
201351
201380
206176
206261
206267
207886
209343
209926
210432
211219
212583
215498
216021
219970
220367
221132
221265
222751
223139
226043
226389
227500
228158
229013
230477
230791
231594
232327
233591
234742
234926
235366
235474
235705
236033
236904
237884
237903
238928
240244
240271
240278
240532
241155
243080
243325
244377
244555
244827
244876
244987
245475
245528
246147
247391
247476
247488
247655
248090
248521
249220
250900
251537
252852
253127
253193
254669
257118
258979
259097
259123
259184
263743
263950
264770
264785
264972
266614
267537
268571
270565
270616
270769
271735
272734
276057
276149
276351
277616
279514
280261
281864
282269
282452
283117
283278
283612
286463
287464
291152
294600
296198
297855
298092
299273
301571
302362
302436
302525
305523
307097
308556
309090
309714
310670
310685
310701
310751
312444
312699
313372
313408
313409
313823
313825
313838
314970
317293
317341
317342
318902
319155
319377
320149
321793
322947
323187
323233
325391
326556
326746
328732
328787
329546
329720
330447
330753
332130
333395
334403
334425
334652
334677
334685
334978
335889
337976
338090
338229
338402
339034
339088
341124
341227
341677
344030
344413
344435
344453
344503
345074
347753
347770
347784
347790
347793
348819
350010
350780
350831
350846
350923
352033
352605
352637
354163
354211
354242
356276
358376
358435
358892
358896
360404
360539
360746
361462
361764
362318
363299
363341
363579
364052
366502
367439
368123
370305
370372
370432
370435
372303
372329
373579
373588
373675
373734
375094
376504
376587
377057
377095
377286
377505
380335
380414
382613
382655
383171
384150
384266
385353
385384
385813
386952
387388
387683
388903
389310
390149
390672
391845
392676
393193
395669
396173
397255
398194
398281
401928
401987
404477
404837
405135
405139
405214
405910
407825
410680
414468
416004
416029
416088
417256
417652
420960
421337
421970
422828
422895
423737
424885
424964
425432
426269
426584
426596
426662
427499
427539
430532
430612
430618
432048
434181
436506
437914
438816
439440
2002 AO142
2002 CC17
2002 CK44
2002 CL44
2002 CS74
2002 CU225
2002 CG237
2002 ET9
2002 EC13
2002 GL6
2002 HO18
2002 JL134
2002 JX149
2002 MP4
2002 NW2
2002 NV57
2002 NC66
2002 OW26
2002 OB34
2002 PA7
2002 PG95
2002 PQ112
2002 PW112
2002 QO15
2002 QR21
2002 QW54
2002 QK61
2002 QT71
2002 QG85
2002 QS101
2002 QX105
2002 RJ66
2002 RD128
2002 RX150
2002 RG255
2002 TU58
2002 TB82
2002 TU167
2002 TC213
2002 TF221
2002 UK79
2002 VU125
2002 VQ132
2002 WW17
2002 XV8
2002 XK47
2003 BS1
2003 CP12
2004 DH65
2004 TO176
2005 BY27
2005 JA81
2005 RC52
2006 TK69
2007 CF19
2007 FU17
2007 VC134
2008 AB107
2008 SC301
2008 UH135
2008 UB261
2008 VR79
2008 YR30
2008 YA48
2010 NF61
2010 UD30
2010 UC77
2010 WB50
2010 XT67
2011 CD28
2011 EF71
2011 FX62
2011 OS13
2011 UU35
2011 UG404
2011 UG407
2011 UH174
2011 YY24
2012 DW
2012 JQ11
2012 KA12
2012 MR6
2012 PH28
2012 RF
2012 TN4
2012 UW147
2013 AD
2013 AO55
2013 AC71
2013 BO71
2013 CQ34
2013 CG72
2013 CL115
2013 CQ171
2013 CK192
2013 FS22
2013 GP35
2013 GN125
2013 HP22
2013 OL7
2013 OK8
2013 PU16
2013 QY22
2013 RF1
2013 RL19
2013 UP3
2013 WN54
2014 CO9
2014 CK14
2014 CT19
2014 DN
2014 DK91
2014 JC38
2014 LY25
2014 SO135
2014 WL120
2014 WL503
2014 YR21
2014 YO42
2015 BG242
2015 DK27
2015 FT337
2015 KE138