id
144103
146939
154718
157706
160257
161094
161463
163538
163680
169477
170095
189134
189776
195208
195579
196174
198846
199199
201320
201702
201809
203860
205926
206192
206200
206800
208663
208700
211046
215398
215490
215510
215543
216855
218063
220123
220125
220698
222919
223066
225925
226079
226276
226974
232263
233566
234925
235291
238309
238825
240114
240231
240276
240516
241971
242025
242134
242667
244223
245419
246630
247401
247482
247642
247676
247942
248031
248679
249183
252798
252895
253392
253624
258528
259060
263249
264737
266048
267425
276332
279273
280110
280761
281581
283247
283609
286816
286907
293454
297846
297871
297918
299291
302508
303470
307101
307464
310213
310707
313310
314372
315378
318003
319394
322183
322994
325380
326497
326509
326540
327541
327710
333555
338205
338395
338681
347792
349965
350100
350787
350822
351612
352535
354225
354644
355654
355768
356230
357132
357209
357236
357246
359339
360368
360391
360920
361901
363501
363507
364530
366583
367446
367740
368277
368278
368810
370381
370658
372213
372655
372933
373653
375588
376990
379135
382582
382985
385604
386846
387607
387719
393526
393630
399519
400613
401458
405177
407295
410769
415986
416223
418620
418680
420525
420551
420863
420980
422853
425476
426791
427693
428090
431458
432887
2002 AD140
2002 BO18
2002 CK218
2002 GR26
2002 NS7
2002 NX78
2002 NN80
2002 OL12
2002 PJ2
2002 PH87
2002 QE141
2002 QR142
2002 RD27
2002 RR28
2002 SJ
2002 SA64
2002 TU68
2002 TW357
2002 UD5
2002 VN14
2002 VR18
2002 VH102
2002 VG118
2002 XB
2002 XX4
2002 XN40
2003 AA42
2003 BL11
2003 UU47
2004 BJ91
2005 AS39
2006 BZ192
2006 BE212
2006 HY32
2008 AZ26
2008 GE113
2008 HG69
2008 LN10
2008 WG95
2009 TC6
2009 TH39
2010 CR1
2010 CB165
2010 JO51
2010 PC53
2010 UR94
2011 DS51
2011 SM26
2012 DN29
2012 MZ5
2013 AD126
2013 CS78
2013 EN3
2013 EK50
2013 KJ8
2013 NZ6
2013 PV20
2013 PQ69
2013 QO69
2013 QY74
2013 TK76
2013 WM45
2014 BZ9
2014 EO23
2014 GR49
2014 WC496
2014 XZ3
2015 DS215