id
5087
5103
11991
12281
16770
17125
18650
20396
21200
23040
23047
23102
27115
27890
30628
32208
32695
34178
34301
35603
37143
38932
39060
39115
44494
44874
45276
46557
47631
48690
50439
50583
50613
50934
51864
53947
58533
60015
60226
60874
61483
61490
62142
63211
63423
63652
63933
64317
64370
64691
72709
76341
76470
78370
81764
83471
88902
93652
95310
98938
98993
99115
99142
99688
104709
105472
107076
109547
110896
110919
111077
111149
111348
111938
115583
115850
116446
117435
119721
121474
121534
122939
126596
126639
127086
130083
132631
133512
136170
137111
140103
140557
142804
144099
144127
148964
149512
150019
156519
157263
159313
166521
166568
167810
168542
170310
171297
172922
173040
177339
178157
179223
179245
179317
180054
180075
181116
181396
182465
182580
182598
186880
188530
188962
192403
192700
192785
195484
198117
198620
199248
201654
202239
204148
208147
212196
214048
216367
221708
222789
224423
224961
226777
226907
226938
227605
229978
231533
231650
233454
233806
234918
235898
237208
239073
239344
239353
241462
245269
245399
245884
246661
247328
247572
249059
249305
252640
254864
256024
256172
256857
257396
258415
260977
263326
263478
263627
263671
263946
264079
265727
270553
272833
274470
278962
279202
279312
281455
281457
281626
281879
282746
286563
287176
287340
290305
290363
291682
292326
292389
292959
293175
293389
293780
294802
294836
295901
296125
296389
296719
298208
298653
298677
301245
301460
303119
304314
305016
305873
305943
306302
311711
311780
312692
312746
313256
314832
314931
316386
316415
316416
318554
319957
319993
320803
321094
322252
322303
322578
324652
325253
326339
327329
327970
330469
331433
334833
334887
335607
336237
336379
336941
342623
342635
344488
346668
347067
349077
349767
350410
356081
356151
356779
356781
358271
358336
361285
361325
361426
361775
362808
364853
365922
368018
369548
371205
372411
373020
375836
376058
376234
376276
377777
378322
379688
381478
382343
386814
387238
387311
389105
389146
389176
391967
392099
393034
393073
393288
393533
394562
395566
395973
395998
396102
397607
398551
399189
400396
401087
401798
404497
407416
407534
409502
409613
410545
410572
411436
411864
412730
413620
415160
415565
416034
416361
417110
419901
419999
420144
420675
421350
422481
426437
426691
429628
2003 UF348
2003 UF348
2005 EO192
2005 GC216
2005 TU97
2005 UC337
2005 XG68
2006 DS85
2007 BC81
2007 VZ96
2007 VF214
2008 EQ58
2008 GJ51
2008 TZ129
2008 VU70
2009 RR66
2010 AR51
2010 CL235
2010 FQ14
2011 BF87
2011 SJ59
2011 UD22
2011 UZ311
2012 FY63
2012 TL115
2012 TV136
2012 TZ174
2012 UA161
2012 VE50
2012 XO147
2013 CY46
2013 CS117
2013 EY32
2013 FV17
2013 HC85
2013 HW103
2013 RG28
2013 YM115
2014 ED38
2014 HU35
2014 JT74
2014 KQ25
2014 NR11
2014 OY67
2014 OJ204
2014 UP36
2014 WM234
2015 BC227
2015 BB396
2015 BG204
2015 DE25
2015 DD26
2005 WM16
2006 CU24
2006 KZ10
2006 KH48
2007 TQ223
2007 TR313
2007 VV131
2007 VH211
2007 VH213
2008 CN36
2008 HD52
2008 UP27
2008 UE81
2008 VS26
2008 VF30
2008 VY30
2009 WA181
2010 AM94
2010 AK100
2010 AO106
2010 AT112
2010 AD119
2010 AF123
2010 AV128
2010 BE15
2010 BR42
2010 BK53
2010 BJ98
2010 BC108
2010 BU113
2010 CV14
2010 CX130
2010 CF200
2010 CH202
2010 CS210
2010 CU217
2010 CC219
2010 CE233
2010 CK234
2010 DY26
2010 DF68
2010 EE
2010 EK25
2010 EL157
2010 EU163
2010 FA45
2010 FE50
2010 FO52
2010 FJ108
2010 FF120
2010 GZ52
2010 GX56
2010 GU64
2010 GS152
2010 GG154
2010 HA61
2010 HX68
2010 HO76
2010 HU109
2010 JZ21
2010 JJ133
2010 KH3
2010 KR24
2010 KH78
2010 KN80
2010 KY111
2010 LB31
2010 LM98
2010 LF103
2010 MD7
2010 MT10
2010 MR15
2010 NF14
2010 NV47
2010 NM73
2010 OL3
2010 OY14
2010 OA100
2010 OL109
2010 OU117
2010 PA16
2010 PX27
2010 PN31
2010 PF46
2010 PR56
2010 PY68
2010 SB22
2010 TZ109
2010 VF54
2011 BO58
2011 CU12
2011 CJ30
2011 UK311
2011 WJ135
2012 TS161
2012 TX210
2012 TT243
2012 XT41
2013 HD44
2013 HW113
2013 HR147
2013 LV29
2013 QG42
2013 RY76
2013 YP126
2014 CJ19
2014 HO77
2014 JF69
2014 KW31
2014 OA110
2014 OF316
2014 QW103
2014 QW342
2014 SS97
2014 UA114
2014 WC101
2014 WE141
2014 WX168
2014 WR226
2014 YF8
2015 BP67
2015 BN106
2015 BD187
2015 BN221
2015 BG223
2015 BC227
2015 CE21
2015 CJ39
2015 DR17
