id
297
316
408
501
555
645
755
756
758
895
1157
1232
1309
1489
1491
1561
1617
1890
1895
2039
2114
2164
2342
2364
2405
2414
2492
2563
2673
2688
2701
2722
2774
2967
3157
3171
3183
3248
3319
3339
3591
3797
3859
4050
4126
4174
4622
4716
4837
4846
4980
5021
5149
5157
5219
5249
5413
5429
5446
5470
5541
5835
5854
6051
6340
6392
6531
6644
6723
6830
6832
6930
6960
7035
7366
7442
7454
7506
7588
7797
7856
7944
8174
8227
8346
8354
8409
8439
8453
8486
8583
8701
8755
8756
8834
8961
9004
9330
9340
9411
9475
10148
10196
10410
10553
10623
10624
10641
10914
10920
11193
11408
11607
11717
11770
11875
11950
11972
12287
12359
12542
12549
12884
12898
12904
12905
12930
13176
13348
13386
13419
13649
13753
13787
13795
13986
14274
14519
14552
14556
14796
14867
14889
14987
15050
15055
15057
15073
15086
15183
15262
15290
15472
15487
15588
15656
15772
15975
16039
16181
16229
16245
16546
16576
16620
16623
16788
16797
16865
17104
17113
17254
17289
17470
17627
17691
17742
17931
18045
18047
18210
18221
18296
18485
18688
18691
18743
19033
19223
19291
19528
19617
19827
19853
19859
19965
20002
20422
20548
20622
20633
20656
20735
21547
21706
22177
22317
22339
23053
23142
23189
23703
23877
24408
24416
24497
25017
25245
25585
25601
25633
25778
25804
25842
26325
26382
26555
26635
26719
26863
27177
27371
27461
27516
27553
27728
27915
28374
28496
28843
28895
29019
29042
29046
29230
29410
29519
29539
29577
29578
29594
29861
29881
30315
30481
30523
30865
30867
30984
31006
31178
31244
31591
31609
31633
31690
31700
31705
31982
32230
32462
32534
32669
32734
32844
33292
33307
33579
33797
34135
34142
34441
34460
34526
34612
34627
34666
34676
34747
34749
34818
34828
34898
34906
34915
34934
35326
35340
35343
36041
36067
36077
36109
36163
36841
36914
36979
37026
37087
37246
37771
38029
38039
38040
38041
38045
38252
38450
38507
38589
38605
39250
39273
39306
39312
39326
39339
39601
39790
40119
40220
40222
40234
40862
41023
41046
41109
41188
41267
41352
41382
41415
41613
41702
42082
42126
42440
43110
43126
43214
43290
43664
43729
43732
43733
43804
44468
44474
44508
45306
45425
45515
45563
45566
45587
45589
45734
46072
46109
46177
46225
46228
46249
46270
46491
46519
46733
46736
47132
47615
47801
47867
47945
48135
48177
48333
48339
48498
48566
48713
48791
49516
49522
49530
49605
49613
49633
50976
51041
51086
51101
51107
51119
51169
51291
51434
51777
51804
51868
51906
51913
51927
51944
51954
51959
51997
52149
52253
52320
52363
52364
52556
52681
52693
52732
53117
53292
53387
54102
54108
54240
54516
54521
54545
54674
55185
55218
55225
55239
55255
55256
55307
55368
55403
55682
55806
55906
55932
55959
56734
56764
56794
56833
56868
56909
56916
56924
56980
56997
57028
57589
57602
57691
57870
57888
58075
58210
58528
58550
58556
58740
58796
58898
59465
59806
59861
59936
60026
60080
60501
60577
60589
60822
60953
61039
61418
61679
61789
61924
61935
62430
62551
62606
62950
63086
63177
63181
63305
63650
63876
63999
64795
64813
64862
64967
64992
65044
65143
65252
65269
65387
65464
65522
65633
65871
66004
66080
66085
66172
66177
66178
67140
67157
67176
67181
67191
67205
67210
67916
68026
68429
68733
68790
68821
69119
69138
69541
69558
69974
69991
70954
71271
71497
71582
71589
71603
71607
71608
71611
71628
71689
71704
71715
72305
72485
72597
72616
72666
72781
72908
73234
73281
73330
73402
73432
73468
73497
73502
73524
73718
73850
73851
74415
74478
75939
75994
76353
76521
76581
76633
76660
76679
76795
76801
77531
77653
77744
77839
77848
78182
78278
78362
78371
78453
78524
78540
78551
78605
79100
79112
79113
79132
79347
79510
81625
81910
81937
81999
82015
82051
82365
82435
82807
82835
83031
83090
83108
83154
83201
83282
83484
83578
83616
83820
83823
83825
83844
83856
83893
83901
83909
83939
84059
84130
84703
84736
84788
84803
84807
84973
85029
85086
85150
85260
85558
85606
85613
85620
85660
85675
86001
86070
86088
86208
86234
86240
86250
86251
86252
86254
86283
86313
86320
86339
86403
86429
87409
87434
87944
88003
88094
88194
88202
88248
88255
88335
88680
89401
89999
90230
90914
91177
91192
91198
91200
91207
91611
91776
91883
91977
91990
92006
92109
92119
92144
92168
92175
92182
92195
92196
92214
92224
92259
93943
94218
94232
94238
94270
94303
95423
95518
95647
95693
96243
96575
96615
96621
97323
97362
97376
97399
97402
97455
97488
97501
97526
97687
97698
97715
97717
97719
97748
97766
99158
99591
99627
99842
99876
100033
100111
100318
100406
100495
100600
100927
101543
101544
101704
101735
101751
101783
101792
101907
101992
102018
102054
102324
103670
104034
104152
104154
104287
104519
104547
104548
104665
104853
104900
104952
104957
105068
105077
105091
105277
105656
105881
106041
106185
106209
106278
106315
106339
106344
106372
106375
106429
106483
106496
106531
106593
106773
106824
108600
108719
108778
109026
109153
109220
109500
109516
109610
109687
109799
109800
109960
109978
109990
109999
110125
110222
110232
110251
110289
110465
111405
111472
111527
111625
112051
112525
112546
112672
112842
112932
113539
113940
114035
114043
114092
114177
114196
114248
114293
114533
114666
114669
114697
115027
115117
115231
115294
115488
115624
115707
115724
115743
115775
115902
115988
115997
116040
116145
116228
116400
116425
116456
116925
116926
117129
117219
117265
117477
117501
117598
117885
118015
118422
118429
118448
118455
118941
118995
119038
119807
119844
119884
120291
120567
120570
120712
120988
121396
121571
121593
121594
121607
121673
121723
121751
121781
121785
121828
121831
121894
121907
121908
121933
121935
121941
123710
123841
123914
123918
123966
123993
124037
124087
124097
124111
124123
124129
125576
126571
126649
126675
127228
127363
127380
127388
127457
127470
127858
127987
128018
128165
128202
128268
128296
128514
128548
128612
128627
128898
129176
130228
130240
130259
130287
130298
130320
130357
131428
131437
131458
131477
131483
131518
132655
132732
132839
132858
132920
132976
133448
133482
133698
133755
133786
133839
133860
133966
134873
135290
135318
135330
135386
135480
135512
135519
135669
136078
136352
136480
136498
136548
136628
136671
136736
136746
136855
138209
138573
138646
138651
138696
138703
138725
138749
138763
138783
138809
138826
138865
140622
140751
140881
140994
141051
141059
141126
141201
141215
141229
141235
141267
141286
141317
141321
141353
141440
142243
143264
143368
143462
143566
144825
144865
145420
145468
145507
146211
146216
146218
146904
146949
147415
147779
147859
149155
149170
149678
149746
149762
149909
150185
150333
150339
150651
150655
150658
151342
151418
151461
151504
152104
152180
152353
152418
152435
152459
152694
152729
152833
153244
153280
153298
153300
154162
154246
154606
154608
154827
154878
154905
154949
154965
155288
155394
155482
155484
155573
155598
155878
156712
157009
157023
157037
157043
157054
157070
157659
157732
157744
157825
157951
157953
158132
158788
158804
159045
159116
159316
159343
159360
159455
159697
159700
159713
159815
159838
159851
159915
159972
160153
160202
160210
160255
160277
160364
160433
160884
161116
161173
161457
161868
162923
162932
162945
162996
163527
163571
163627
163653
163664
164135
164159
164189
164492
164643
165110
165120
165677
165690
165712
165726
165770
165780
165829
165833
165894
165897
165899
165900
165910
165937
165946
166671
166781
166815
166817
166864
166872
166906
166911
167576
167630
167649
167653
167662
167682
168031
168306
169250
169285
169289
169310
169315
169322
169339
169345
169354
169358
169371
169383
169388
169410
169446
170800
170864
170871
170873
170947
171115
171484
172777
173015
173044
173045
173056
173132
173152
173166
173477
173951
173959
173962
174039
174046
174049
174514
174542
175102
175313
175377
175418
175803
175806
176518
176523
176552
176596
176617
177047
177071
177111
177811
177814
177894
177923
178128
178245
178490
178752
179419
179464
179503
179523
179527
179539
179553
179564
179573
179577
180175
180768
180775
181245
181252
181400
182497
182874
182920
183293
183555
184169
184199
184222
184235
184240
184246
184659
184806
184926
184969
185225
185816
186345
187014
187214
187370
187387
187644
187729
188134
188177
188347
188533
188729
189074
189945
189951
189955
189966
190210
190256
190307
191189
191202
191219
191227
191375
191415
191480
191503
191510
191516
191999
192097
192581
192589
192614
193089
193117
193136
193162
193671
193943
193951
193985
193999
195625
195757
195765
195895
195897
195978
195995
196039
196065
196074
196082
196085
196128
196137
196166
196167
197062
197126
197142
197269
197303
197341
197404
197415
197428
197444
197448
197455
197492
197495
197506
197577
198703
198731
198743
198746
198786
198816
198828
199247
199302
199636
199698
200016
200340
201167
201333
201353
201362
201388
201395
201495
201809
201837
201881
201883
201907
202376
202384
202405
202637
202766
202770
204159
204170
204241
205025
205217
205220
205315
205454
205559
205656
206285
206851
206868
206895
207272
207432
207609
207762
207859
207998
208229
208415
208511
208536
208982
209003
209015
209378
209416
210157
210438
210698
210728
210992
211008
211018
211476
211479
212294
212301
212314
212325
212326
212630
212674
213005
213389
213783
214035
214090
214473
214732
214812
214987
215141
215348
215380
215714
215801
216008
216026
216043
216327
216875
216880
217481
217554
217641
218075
218192
218413
218787
218889
218890
219264
219285
219297
219934
219935
219964
219969
220382
220403
220417
220442
220677
220732
220845
220884
220885
220905
221500
221514
221665
221709
221755
221904
222064
222187
222189
222192
222195
222204
222928
223326
223372
223409
223426
223428
223437
223447
223449
223468
223925
223942
224678
224749
224766
224977
225369
225449
226090
226148
226399
226409
226448
226484
226486
226509
226522
226538
226562
226568
226581
226828
226990
227037
227041
227053
227056
227636
227723
227982
228169
228708
228719
228914
228920
228977
229016
229017
229751
229786
229791
229802
230022
230679
230739
230748
230771
231009
231036
231037
231049
231483
231514
231519
231557
231594
231625
231679
231723
231957
231994
232044
232343
232700
232710
232918
232932
233073
233439
233470
233481
233843
233886
233910
234223
234370
234400
234462
234521
234755
234897
234969
235535
235537
235552
235876
235976
236018
236022
236676
236693
236754
236889
236986
237128
237158
237252
237296
237723
237726
237983
238397
238414
238416
238674
238702
238705
238761
238773
239241
239255
239543
239667
239746
239751
239934
240244
240511
240518
240714
240771
241033
241057
241076
241739
241759
241798
241813
241816
241875
241881
242119
242132
242410
242713
242739
242981
243276
243371
243470
243475
243510
243531
243902
244133
244161
244558
244846
245119
245574
245602
245624
245848
245939
245954
245960
245965
245966
246037
246494
246658
246718
246749
246803
246849
247008
247070
247134
247136
247274
247279
247554
247883
247896
247983
248019
248038
248039
248125
248258
248403
248411
248421
248429
248468
248552
248570
248693
248735
248853
248894
249027
249127
249221
249272
249280
249313
249327
249328
249331
249392
249459
249543
249628
249640
249644
249672
249678
250053
250071
250527
250540
250546
250550
250556
250562
250567
250780
250887
250920
250922
251328
251506
251519
251540
251920
251949
252776
252900
254181
254200
254239
254258
254322
254379
254414
255425
255434
255444
255453
255493
255496
255511
255513
256494
256497
256524
256544
256558
257074
257170
257373
257440
257761
258005
258010
258013
258494
258651
258936
259402
259583
259592
260305
260400
260417
260444
261454
261607
261679
261691
261823
261836
261865
262361
262843
263367
263617
264003
264189
264389
264582
264863
265099
265137
266036
266046
266060
266653
266902
266927
266977
267860
267888
268216
268227
268233
268675
269125
269243
269315
269353
269362
269375
269566
269581
269692
269747
270113
270791
270818
270866
270869
270881
270954
271224
271251
271320
271363
271372
271768
271981
271994
272052
272079
272091
273191
273244
273260
274295
274347
274414
274458
274609
274645
274767
274958
275023
275170
275392
275444
275596
275788
275814
275895
276310
276399
277070
277082
277108
277138
277760
278434
278475
278817
278895
279087
279090
279311
279414
279424
279531
279615
279693
279760
279960
279980
280118
280722
280732
280749
281067
281338
281349
281353
281510
281857
281926
282001
282238
282457
282608
283150
283188
283209
283296
283586
283589
284088
284094
284347
284364
284412
284579
284918
284959
285020
285031
285340
285633
285772
286194
286606
286698
286842
287044
287634
287635
287843
288019
288091
288408
288560
288857
288888
289012
289180
289960
290095
290165
290638
290780
290807
291126
291197
291511
291624
291668
291854
291890
292234
292314
292390
292612
292675
292726
292851
292867
293036
293097
293368
293538
293773
294358
294708
294767
294845
295183
295320
295524
295537
296196
296230
296299
296937
297463
299310
299911
300134
300154
300183
300188
300190
300229
300230
300886
300900
300938
300945
300963
301513
301531
301536
301537
301543
301617
301794
302071
302077
302091
302259
302414
302467
303803
303810
303847
303868
303870
303896
303910
304736
305344
305386
305423
305476
305533
305913
305926
305979
305997
306229
306492
306713
307200
307989
308340
308391
308425
308465
308492
308562
308568
308593
309134
309665
310043
310097
310225
310420
310424
310523
310681
310698
311140
311417
311438
311462
311487
311511
311521
311544
311886
311985
312601
312760
312824
312989
313383
313686
313946
313965
314000
314009
314015
314527
314536
314556
314569
314571
314576
314580
314592
314596
314611
315135
315142
315151
315152
315164
315169
315170
315796
316111
316142
316453
316595
316906
316962
317032
317176
317433
317440
317528
317752
317769
317836
317874
319168
319293
319324
319348
319372
320241
321004
321040
321065
321093
321099
321175
321261
321306
321376
321449
321502
321622
321990
322243
322261
322334
322351
322386
322557
322593
323204
323640
324135
324315
325386
325478
325491
325588
325591
325628
325675
325764
326142
326222
326237
326267
326289
326540
326561
326605
326619
326830
326835
327562
328401
328432
328466
328558
328719
328729
328804
328853
328861
328999
329094
329189
329235
329255
329468
329479
329561
329723
330203
330207
330218
330226
330728
330790
330791
330797
330799
330802
330823
330989
331020
331035
331052
331108
331303
331308
331586
331735
331873
332091
332223
332642
332835
332840
332922
332927
333201
333407
333798
334199
334209
334216
334249
334276
334393
334695
334860
335222
335656
335890
335993
336021
336524
336551
336735
337033
337754
337878
337900
337908
338905
339567
339577
340580
340595
340630
340652
340691
340703
340717
340761
340767
340821
340842
341597
342101
342357
343025
343114
343117
343131
343145
343585
343989
344240
344348
344398
344408
344409
344853
345121
345610
345670
345679
346038
346143
346218
346848
347079
347087
347310
347876
348601
348934
348968
348971
348985
349361
349427
350232
350250
350342
350372
350573
350808
351459
351493
352043
352062
352096
352112
352113
352558
352595
352605
352607
352611
352614
352631
353585
354151
354181
354228
354512
354572
354733
354771
355647
356198
356356
356775
356814
356858
356894
357578
358375
358457
358461
358929
359451
359460
359495
359757
359902
359906
359909
359982
360430
360706
360977
360993
361054
361068
361469
361527
362380
362578
362759
362850
363506
363645
363712
363847
364077
364513
364544
365350
365377
365448
365548
365563
365664
365790
366122
366537
366670
367027
367043
367416
367425
367431
367433
367664
367878
367993
368643
368651
369217
369378
369442
369754
369847
370069
370299
370420
370424
371319
371791
372256
372258
372259
372319
372688
372757
372772
372935
373051
373057
373262
373516
373529
373804
374214
374670
375075
375121
375125
375637
376224
376275
376331
376585
376709
377069
377251
377296
377551
378413
378420
378423
378441
378460
378483
378487
378509
378518
379113
379122
379131
379488
379491
379717
379792
379969
380252
380420
380959
381259
381290
381624
381647
381688
381924
382001
382146
382286
383720
383736
384454
384843
384895
384925
385148
385152
385300
385304
385309
385665
385909
386236
386238
386240
386250
386553
386573
387085
387120
387996
388023
388027
388300
388318
388402
388405
388560
388854
389271
389541
389554
389724
389933
390014
390149
390214
390631
390960
391366
391678
391750
391756
391764
392149
392636
392973
393169
393179
393824
394009
394308
394341
394718
394738
394758
394780
394786
395259
395393
395583
395957
396167
396175
396544
396856
397423
397460
397694
397738
397758
397759
398088
398307
398560
398761
398854
398929
398935
399162
399590
399663
399902
399909
399993
400473
400702
400706
400746
400955
400973
401551
401569
401655
401685
401686
401850
401874
402221
402432
402461
402480
403195
403201
403403
403475
403728
403756
403760
403953
403980
404088
404430
404564
405262
405293
405324
405519
405768
405781
405909
406735
406777
406783
406986
406993
407106
407202
407205
407206
407228
407590
407616
407621
407650
407917
408048
408412
408427
408460
408518
408544
408574
408692
409202
409828
410145
410652
410673
410972
410979
411135
411481
411496
411544
411561
411570
411581
411592
411604
411923
411960
412753
412843
413182
413352
413359
414291
414343
414363
414368
414370
414375
414682
414736
414948
415168
415246
415850
416196
416460
416576
416769
416788
417345
417423
417902
418525
418527
418556
418655
418664
418679
418681
418693
418741
418756
418782
418789
418840
418848
419375
419394
419413
419422
419426
420169
420203
420222
420257
420703
420707
420947
420984
421132
421932
422024
422102
422262
422309
422468
422537
422592
423148
424308
424356
424753
424931
424944
424945
424978
425012
425315
425329
425332
425369
425415
426026
426250
426508
426688
426761
426833
427146
427287
428973
428996
429008
429024
429333
429383
429909
430263
1995 SC86
1996 BO11
1999 EG8
1999 RH5
1999 TD73
1999 VU121
2001 TL163
2002 FO23
2002 RW262
2002 TV340
2003 QZ83
2003 SJ385
2003 SU398
2003 SB400
2003 UO373
2003 UO335
2003 YX162
2004 DP68
2004 DH76
2004 HD10
2004 RS232
2004 RD237
2004 RN248
2004 SM34
2004 TN45
2004 TR57
2004 XV97
2005 AJ81
2005 EZ88
2005 EH110
2005 EZ164
2005 EV221
2005 GP118
2005 LX16
2005 MZ23
2005 QW98
2005 SW126
2005 SK238
2005 SN291
2005 TM16
2005 TJ30
2005 TW93
2005 TS102
2005 TP119
2005 TN128
2005 TU154
2005 TX161
2005 TJ196
2005 UB23
2005 UL58
2005 UV95
2005 UH110
2005 UB133
2005 UP487
2005 UP246
2005 UB512
2005 UL529
2005 UU331
2005 VC98
2005 VU133
2005 WN44
2005 WV63
2005 WB125
2005 WB184
2005 XS32
2005 XT50
2005 XV67
2005 XD100
2005 YB161
2005 YW245
2005 YT286
2006 AE37
2006 AR66
2006 BM30
2006 BS34
2006 BJ113
2006 BY134
2006 BW168
2006 CX68
2006 DE17
2006 DN104
2006 DZ116
2006 DH145
2006 HU23
2006 KO77
2006 RH77
2006 SX158
2006 SS376
2006 SP381
2006 SV382
2006 SN405
2006 SX158
2006 SX330
2006 SD333
2006 TY14
2006 TJ70
2006 TW118
2006 TW128
2006 UP149
2006 UX337
2006 UP149
2006 UX337
2006 VH84
2006 WG59
2006 WX64
2006 WY113
2006 WG127
2006 WO153
2006 XU67
2007 CJ30
2007 DH42
2007 DF115
2007 EE19
2007 EG89
2007 EP131
2007 EJ133
2007 ED175
2007 FY18
2007 FZ44
2007 JE15
2007 PL9
2007 RZ24
2007 RN181
2007 RN246
2007 TN387
2007 TK216
2007 TC267
2007 TC292
2007 VB312
2007 XQ55
2007 YK62
2008 AJ3
2008 AV42
2008 BH11
2008 CK36
2008 CL90
2008 CO207
2008 DZ14
2008 DO58
2008 ES106
2008 EZ116
2008 ER156
2008 EU164
2008 FY24
2008 FM42
2008 FW58
2008 FN64
2008 FK90
2008 GS8
2008 GU8
2008 GH24
2008 GX27
2008 GL33
2008 GQ89
2008 HO60
2008 KW41
2008 QP39
2008 RY140
2008 SV34
2008 SL36
2008 ST89
2008 SN114
2008 SS264
2008 SB270
2008 SY277
2008 TZ56
2008 TZ76
2008 TY135
2008 TQ173
2008 UY20
2008 UF66
2008 UM80
2008 UY362
2008 UH135
2008 UJ142
2008 UH182
2008 UV184
2008 UT291
2008 UY298
2008 VF15
2008 VC55
2008 WZ18
2008 WM41
2008 WA114
2008 WP128
2008 XP3
2008 XA51
2008 YE42
2008 YY45
2008 YY47
2008 YW48
2008 YK70
2008 YQ162
2009 AU11
2009 BG54
2009 BK103
2009 BV110
2009 BF118
2009 BN136
2009 BB148
2009 BC174
2009 CF21
2009 CL46
2009 CU46
2009 CH49
2009 CE59
2009 DT20
2009 DK25
2009 DR25
2009 DR61
2009 DU61
2009 DC98
2009 DC118
2009 DF134
2009 FN41
2009 FY67
2009 FJ69
2009 FD71
2009 HC15
2009 OD10
2009 PL19
2009 QX27
2009 QN37
2009 RN55
2009 RB67
2009 SC27
2009 SF96
2009 SG105
2009 SJ141
2009 SS249
2009 SY350
2009 SH354
2009 UJ24
2009 UU108
2009 VG57
2009 VE62
2009 VN71
2009 WA40
2009 WB110
2009 WX175
2009 WX189
2009 WS199
2009 WU258
2010 AZ1
2010 AQ22
2010 AO43
2010 AO66
2010 AU103
2010 AY124
2010 AH126
2010 AL138
2010 BL1
2010 BK9
2010 BH12
2010 BV25
2010 BB42
2010 BV75
2010 BH81
2010 CR25
2010 CF54
2010 CF61
2010 CQ83
2010 CL99
2010 CA214
2010 CG215
2010 DU33
2010 DH42
2010 DE70
2010 EP11
2010 ER74
2010 EG106
2010 EU134
2010 FQ4
2010 FJ10
2010 FJ121
2010 GE95
2010 GU99
2010 GW149
2010 HD76
2010 JZ18
2010 JK112
2010 JY131
2010 LO86
2010 MQ89
2010 MY93
2010 NZ31
2010 OZ11
2010 OE24
2010 OY43
2010 OD83
2010 OH85
2010 ON99
2010 OG117
2010 RC101
2010 RB150
2010 RO174
2010 TA13
2010 TR30
2010 TT32
2010 TB71
2010 TT88
2010 US78
2010 VA31
2010 VG54
2010 VM106
2010 VV117
2010 VT198
2010 VR216
2010 WM74
2010 XO17
2011 AH19
2011 AU38
2011 AM79
2011 BS62
2011 BE83
2011 CV34
2011 CR50
2011 CS82
2011 DN18
2011 EK10
2011 EW62
2011 FP14
2011 FW33
2011 FJ120
2011 FX146
2011 GU13
2011 GH24
2011 GN35
2011 GP75
2011 HD40
2011 JP28
2011 KO13
2011 LG3
2011 OW1
2011 RO18
2011 SL37
2011 SL69
2011 SS75
2011 SR126
2011 SA128
2011 SO188
2011 SV191
2011 TW15
2011 UM17
2011 UR71
2011 UQ98
2011 UZ368
2011 UL115
2011 US405
2011 UP223
2011 UK235
2011 UR279
2011 UA281
2011 UK326
2011 UH340
2011 WK81
2011 WD110
2011 WF110
2011 WA133
2011 WN146
2011 YU45
2011 YO59
2012 BO37
2012 BW67
2012 BL74
2012 BH94
2012 BV104
2012 BJ105
2012 BB126
2012 BT136
2012 CV8
2012 CS25
2012 CW38
2012 DR61
2012 DO62
2012 DN72
2012 DE97
2012 GF21
2012 HK45
2012 JJ16
2012 KB31
2012 KR34
2012 LR15
2012 PY2
2012 PB13
2012 PL15
2012 PR38
2012 PM42
2012 PW43
2012 QV22
2012 QE25
2012 QY47
2012 RB14
2012 RS23
2012 SW4
2012 SV36
2012 TG28
2012 TX59
2012 TL91
2012 TW128
2012 TE161
2012 TD163
2012 TV205
2012 TH231
2012 TH240
2012 TK265
2012 TG285
2012 TW285
2012 TC291
2012 TT299
2012 UF8
2012 UW29
2012 UZ50
2012 UM65
2012 UQ115
2012 UD129
2012 VD9
2012 VS42
2012 VG50
2012 VQ61
2012 VK87
2012 XN49
2012 XM94
2012 XF123
2012 XF135
2012 XU139
2012 YW1
2013 AA23
2013 AN38
2013 AP62
2013 AN73
2013 AX74
2013 AF76
2013 AQ93
2013 AU100
2013 AC108
2013 AB110
2013 AN117
2013 AP173
2013 BD65
2013 BR79
2013 CD6
2013 CT29
2013 CU73
2013 CX83
2013 CZ86
2013 CN104
2013 CW116
2013 CX130
2013 CR176
2013 CK179
2013 CS197
2013 EL12
2013 EU30
2013 EB37
2013 EZ67
2013 EL103
2013 EM113
2013 FS9
2013 GW16
2013 GZ17
2013 GL50
2013 GQ60
2013 GG92
2013 GP107
2013 JX32
2013 JY52
2013 JD63
2013 KU13
2013 LT1
2013 LK5
2013 LS19
2013 PV29
2013 PM33
2013 PU41
2013 PZ45
2013 QE10
2013 QN50
2013 QQ70
2013 QC79
2013 RQ21
2013 RD37
2013 RW82
2013 RO87
2013 SP50
2013 TO47
2013 TG96
2013 TO96
2013 TQ107
2013 TJ127
2013 TM128
2013 TT139
2013 TG141
2013 TO143
2013 TX144
2013 UV6
2013 VW2
2013 WP23
2013 WO27
2013 XK8
2013 YY14
2013 YM27
2013 YY45
2013 YX47
2013 YC95
2013 YV115
2014 AN28
2014 AU29
2014 BK6
2014 BM13
2014 BX19
2014 CF
2014 CT11
2014 CB17
2014 DG35
2014 DM91
2014 DS135
2014 EW16
2014 EZ22
2014 EQ31
2014 FL12
2014 FP19
2014 FF63
2014 FU66
2014 HT12
2014 HN22
2014 HY35
2014 HQ36
2014 HN49
2014 HH100
2014 HF160
2014 HK179
2014 JC4
2014 JG16
2014 JZ25
2014 JB30
2014 JM34
2014 JN63
2014 KR2
2014 KP66
2014 KX94
2014 MO1
2014 MK4
2014 MD41
2014 NW1
2014 NR42
2014 OB51
2014 OR80
2014 ON129
2014 OJ163
2014 OQ208
2014 OB331
2014 PP15
2014 PO52
2014 PD53
2014 QM91
2014 QW365
2014 QD366
2014 QQ115
2014 QF383
2014 QU396
2014 QX152
2014 QF204
2014 QZ231
2014 QY241
2014 QU257
2014 QA323
2014 QY323
2014 RQ19
2014 RN60
2014 SF115
2014 SS124
2014 SF132
2014 SY133
2014 SX155
2014 SL158
2014 SO299
2014 SY317
2014 SK326
2014 SD335
2014 TG46
2014 TF74
2014 UJ8
2014 UA11
2014 UW16
2014 UJ62
2014 UL88
2014 UF207
2014 VM19
2014 VE32
2014 WJ20
2014 WU43
2014 WY92
2014 WG367
2014 WS122
2014 WL127
2014 WP468
2014 WR469
2014 WD493
2014 WS496
2014 WO340
2014 XX38
2014 YM4
2014 YG5
2014 YC23
2015 AS193
2015 BR38
2015 BK81
2015 BQ141
2015 BU243
2015 BN203
2015 BD469
2015 BU243
2015 BR251
2015 CE17
2015 CK17
2015 CJ33
1995 SV38
1995 UK11
1995 VE9
2000 DL11
2000 DB91
2001 FS205
2001 FT213
2001 FX213
2001 FD222
2001 FD225
2001 TW155
2001 UR138
2001 UH220
2001 YD57
2002 CE262
2002 GU180
2002 GM184
2002 PW191
2002 RE273
2002 TN92
2002 YM12
2003 EP63
2003 FQ125
2003 QY80
2003 SB354
2003 UO389
2003 UJ399
2004 RQ108
2004 RK283
2004 TD194
2004 TK234
2004 XN71
2004 XK131
2004 XF146
2005 GM23
2005 GW219
2005 MZ49
2005 NU116
2005 QN109
2005 QF110
2005 SY181
2005 SR208
2005 TL120
2005 UZ21
2005 UE395
2005 UJ423
2005 UO172
2005 UX172
2005 UU178
2005 UW212
2005 UU297
2005 VL12
2005 VA133
2005 WE17
2005 WV29
2005 WW35
2005 WC40
2005 WB169
2005 XN33
2005 XS35
2005 YK191
2005 YM191
2005 YN218
2006 AT33
2006 BS166
2006 BQ190
2006 CM2
2006 CF24
2006 CS66
2006 DJ123
2006 FV21
2006 KV57
2006 KV70
2006 OF32
2006 RT29
2006 RV105
2006 RG109
2006 RJ109
2006 RU113
2006 RV113
2006 SS17
2006 SA81
2006 SR92
2006 SL379
2006 SX383
2006 SY383
2006 SO412
2006 SA170
2006 SW231
2006 SV342
2006 TJ112
2006 UT21
2006 UP66
2006 UE100
2006 UY272
2006 UZ299
2006 VE52
2006 WH9
2006 WR40
2006 WP47
2006 WJ96
2006 WX163
2006 YU12
2007 BW60
2007 CU44
2007 EX39
2007 ER158
2007 GN7
2007 HL7
2007 HA36
2007 JQ28
2007 QL16
2007 RQ19
2007 RX29
2007 RG82
2007 RJ113
2007 RH165
2007 RV165
2007 RE185
2007 RQ214
2007 RU292
2007 RD323
2007 TZ396
2007 TW137
2007 TN172
2007 TP230
2007 TG259
2007 TK259
2007 TY284
2007 UJ77
2007 UM124
2007 VK15
2007 VN40
2007 VA151
2007 VK174
2007 VN235
2007 VF247
2007 VJ321
2007 WD16
2007 WG42
2007 YP19
2008 AM17
2008 AL82
2008 BL8
2008 CH61
2008 CG109
2008 CP203
2008 DQ50
2008 EH84
2008 EC158
2008 FU84
2008 FY86
2008 FV87
2008 FS110
2008 GA47
2008 GW95
2008 HZ65
2008 HJ68
2008 JY15
2008 JA40
2008 KH32
2008 RY90
2008 RB112
2008 SY116
2008 SZ192
2008 ST252
2008 SA275
2008 SR307
2008 TT53
2008 TY59
2008 TO75
2008 TF104
2008 TY167
2008 UZ90
2008 UY165
2008 UF250
2008 UN270
2008 UQ274
2008 UK296
2008 UX354
2008 VZ79
2008 WT63
2008 YF9
2009 AR49
2009 AZ49
2009 BZ56
2009 BG66
2009 BH95
2009 BV109
2009 BO117
2009 BZ135
2009 CN57
2009 DE5
2009 DD67
2009 DR115
2009 FE36
2009 HT71
2009 HY97
2009 QP39
2009 QP52
2009 RN41
2009 RR72
2009 SS61
2009 SL92
2009 SY161
2009 SX162
2009 SZ221
2009 SR251
2009 SR276
2009 SF298
2009 TS32
2009 UL50
2009 VN20
2009 WR9
2009 WJ64
2009 WD135
2009 WR236
2009 XN2
2010 AQ93
2010 AF119
2010 AZ136
2010 BQ8
2010 BQ12
2010 BS22
2010 BO82
2010 BB87
2010 BO125
2010 CF75
2010 CN182
2010 CY199
2010 DG18
2010 DM81
2010 EE16
2010 EF26
2010 EB31
2010 EW88
2010 EJ168
2010 EU169
2010 FT34
2010 FL36
2010 GG11
2010 GG16
2010 GW37
2010 GB44
2010 GC72
2010 GP153
2010 HY9
2010 HJ33
2010 HO69
2010 HP85
2010 JV6
2010 JD52
2010 JB95
2010 JC137
2010 JH137
2010 JX157
2010 KU113
2010 LL32
2010 LE57
2010 LL118
2010 MP49
2010 MA72
2010 OW70
2010 PH11
2010 PT40
2010 RJ87
2010 SQ12
2010 TJ47
2010 TK98
2010 UU23
2010 UN37
2010 UN40
2010 UV42
2010 UX55
2010 UV62
2010 UX65
2010 VQ92
2010 VW142
2010 WV23
2010 XB27
2010 XN67
2011 AA5
2011 AH50
2011 AG57
2011 AM63
2011 BX1
2011 BK3
2011 BZ29
2011 BY39
2011 BQ41
2011 BX41
2011 BH45
2011 BO70
2011 BS71
2011 BL72
2011 BF108
2011 BH144
2011 CN98
2011 CV99
2011 DD17
2011 DX18
2011 DR19
2011 DP34
2011 EB32
2011 EL85
2011 FH66
2011 FQ82
2011 GB14
2011 GZ14
2011 GF36
2011 HE9
2011 HK94
2011 JR9
2011 MJ1
2011 QG19
2011 QK58
2011 QR98
2011 RV17
2011 SN2
2011 SY13
2011 SA35
2011 SG44
2011 SP56
2011 SA216
2011 SH263
2011 SY263
2011 UT18
2011 UC39
2011 UO81
2011 UC96
2011 UE147
2011 UP167
2011 UF232
2011 UA240
2011 UJ321
2011 UP349
2011 VV12
2011 WO9
2011 WF19
2011 WC42
2011 WK57
2011 WP82
2011 WK111
2011 YF15
2011 YE53
2012 BY
2012 BF29
2012 BN83
2012 BR118
2012 BU140
2012 DV22
2012 DK66
2012 DL84
2012 EF8
2012 FU12
2012 FG79
2012 FB82
2012 GQ6
2012 GN26
2012 GZ31
2012 HG4
2012 HW70
2012 JH30
2012 JG41
2012 JZ59
2012 PH23
2012 QY13
2012 SG26
2012 TA6
2012 TJ13
2012 TU21
2012 TE48
2012 TS65
2012 TG82
2012 TL177
2012 TL205
2012 UJ39
2012 UH44
2012 UG75
2012 UD87
2012 UA106
2012 UT114
2012 UF123
2012 UV156
2012 UW159
2012 UD172
2012 VC27
2012 VO59
2012 VE64
2012 XL
2012 XD32
2012 XN54
2012 XY131
2013 AL50
2013 AZ94
2013 AQ102
2013 AG149
2013 AL157
2013 AY160
2013 AO175
2013 AU175
2013 AB180
2013 AM181
2013 BB26
2013 BY41
2013 CL45
2013 CB56
2013 CS63
2013 CJ132
2013 CR135
2013 CK139
2013 CJ155
2013 CM192
2013 DZ10
2013 DA14
2013 EB41
2013 EH69
2013 GR76
2013 GR83
2013 HC30
2013 HC32
2013 HT38
2013 HR44
2013 HO52
2013 HP56
2013 HK58
2013 HD79
2013 HS79
2013 HK81
2013 HT82
2013 HN84
2013 HH97
2013 HQ122
2013 HU128
2013 HR134
2013 HT143
2013 JQ18
2013 JP38
2013 KJ4
2013 KL17
2013 NN13
2013 PA40
2013 QM31
2013 QC33
2013 RH51
2013 RM53
2013 RS71
2013 SH29
2013 SH36
2013 SY53
2013 TE15
2013 TR15
2013 TG18
2013 TV123
2013 WS25
2013 YO33
2013 YZ96
2013 YH123
2014 DT50
2014 DT88
2014 EW27
2014 GY28
2014 HH19
2014 HD44
2014 JK6
2014 JB47
2014 JQ47
2014 JJ53
2014 KD30
2014 LO
2014 ME25
2014 MP50
2014 MD63
2014 NJ21
2014 NQ50
2014 NQ54
2014 OX11
2014 OE22
2014 ON29
2014 OU40
2014 OA62
2014 OJ89
2014 OL362
2014 OU119
2014 OG122
2014 OP124
2014 OB151
2014 OK167
2014 OS238
2014 OM277
2014 OK304
2014 OM308
2014 OO322
2014 OR324
2014 PF5
2014 PQ12
2014 PB20
2014 PY43
2014 QF8
2014 QZ28
2014 QL29
2014 QQ39
2014 QG67
2014 QB100
2014 QO370
2014 QW394
2014 QV136
2014 QG138
2014 QF173
2014 QW175
2014 QR177
2014 QZ202
2014 QT212
2014 QR215
2014 QY231
2014 QR318
2014 SF90
2014 SK97
2014 SQ102
2014 SH138
2014 ST158
2014 SC203
2014 SZ283
2014 SM306
2014 SR313
2014 SO343
2014 TX37
2014 TZ67
2014 UH5
2014 UP45
2014 UB53
2014 UQ78
2014 UZ105
2014 UP138
2014 UB167
2014 WV2
2014 WV14
2014 WD47
2014 WA78
2014 WW104
2014 WO107
2014 WA128
2014 WM138
2014 WK447
2014 WX188
2014 WN238
2014 WL241
2014 WZ253
2014 WW263
2014 WA267
2014 WK268
2014 WP273
2014 WP274
2015 AX10
2015 AQ85
2015 AC119
2015 AN120
2015 AZ168
2015 AB205
2015 AB215
2015 AZ222
2015 AK271
2015 AJ277
2015 BR2
2015 BT40
2015 BZ40
2015 BY56
2015 BR61
2015 BV61
2015 BP83
2015 BY98
2015 BT181
2015 BA263
2015 BZ109
2015 BQ134
2015 BC135
2015 BM135
2015 BK163
2015 BC164
2015 BO171
2015 BT181
2015 BQ448
2015 BO451
2015 BQ216
2015 BD210
2015 BX216
2015 BC481
2015 BU242
2015 BR260
2015 BA263
2015 BY268
2015 CZ28
2015 DJ28
2015 DN60
2015 DT64
2015 DO113
2015 DK120
2015 DJ128
2015 DM150
2015 EN42
2015 EK64
2015 FP121
2015 FJ149
