id
88240
108660
110065
113224
116439
129137
129142
131539
133003
150872
152297
156123
156252
157470
159162
179233
180265
181648
182548
182666
184929
185490
186106
186138
187724
188060
188257
188846
188952
189214
189616
189775
191068
195117
195152
195284
200035
211992
214514
215407
215542
216898
219890
219954
222843
225091
225227
228006
228086
228108
228115
230339
237025
241956
243334
243453
246530
247653
248990
249225
252179
252698
253347
256505
257203
257375
257395
257399
257404
257413
257967
258239
258631
261774
263802
263828
264050
264060
264094
266791
269620
278163
283236
283512
283532
283560
284044
284217
284666
284882
286106
286200
286571
291485
293557
295153
295217
295226
295315
295323
295329
295336
295340
295627
296588
296817
297048
297049
297215
301005
301010
307569
310106
312001
312457
312487
312614
312633
312637
312639
312806
313357
315208
315949
316617
318405
321354
321987
322058
322167
322316
322519
322605
325679
325945
326135
326153
329580
334221
334319
335537
336074
337638
337788
337804
337832
337880
338333
340360
341928
343586
343634
343996
344185
346267
346885
347099
349496
350193
353201
353228
353230
353738
354342
356214
356277
359616
368086
369881
370105
371911
373813
374613
375252
375259
375265
376867
377094
377222
378694
379143
380282
381409
381422
382238
387384
387608
389304
389566
419515
420715
421282
421382
424632
430851
437301
2002 VC91
2003 YK157
2008 GN132
2008 JK40
2008 RG3
2008 SE8
2009 HP64
2010 UW83
2010 UG101
2010 VE171
2011 QL3
2011 QA50
2012 QF40
2012 RW1
2012 SK2
2012 SK6
2012 SN6
2012 TQ13
2012 TP146
2012 UF163
2012 XV111
2013 AT70
2013 AQ103
2013 AZ103
2013 BS
2013 CZ129
2013 CT212
2013 RQ53
2013 TR74
2013 TZ79
2013 TN137
2013 UF9
2013 VB19
2013 WA4
2014 KC91
2014 VF8
2014 WM6
2014 WN6
2014 WV364
2015 ER64
2015 HP170