id
5011
9678
9692
10961
14288
15641
15642
17300
19036
19037
19044
19874
20914
21169
22207
22383
22521
23990
24552
26027
26031
27630
29021
29096
30603
30624
30630
30642
30649
32639
32643
32649
32652
32658
32673
32676
34732
34920
37453
37460
37466
38137
38838
39000
39379
39381
39386
39390
39395
39839
42254
42356
42382
42391
42404
42405
42531
42539
43067
43695
43697
46458
46460
46463
46464
48035
48360
52105
52107
52118
52126
52137
52327
52879
53864
53968
54185
55644
55657
55659
55660
55661
55663
55664
55666
55669
55988
55995
56540
57668
58031
58058
58205
58346
59045
59814
60730
61707
63233
63861
64854
65397
65496
65501
65506
65507
65516
65519
65520
65526
65529
65530
65537
66384
67405
67684
68628
68846
69012
69165
69169
69170
69173
69177
69185
69451
69528
69615
69692
70097
70712
72132
72226
72448
72988
73018
73310
73512
73561
73562
73568
73580
73745
73922
74586
74625
74770
74953
75187
75469
75754
77104
77424
77544
77928
78995
78996
79002
79007
79008
79009
79011
79049
79536
79668
80190
80272
80649
80729
80781
80844
80867
80885
81697
82169
82292
83015
84109
84678
85004
85019
85027
85035
85040
85046
85050
85056
85451
85460
85494
85712
86737
86999
88530
89991
90043
90484
90584
90586
90590
90591
90601
90603
90604
90611
90615
90859
91552
92573
92661
92715
94420
94544
94653
94707
94716
95144
95421
95519
95718
96073
96077
96078
96079
96435
96717
97586
97946
98040
98222
98452
99372
99737
100005
100155
100503
100774
101241
102262
103758
104556
104980
105252
105646
105872
105951
106475
107176
107215
107337
107497
107667
107748
108022
108024
108175
108178
108405
109158
109238
109276
109579
109726
110754
110927
111210
111439
111685
111772
112055
112319
112736
112821
113803
114402
114762
114883
115305
115807
116273
116298
117549
117863
117865
117866
117879
117884
117895
117896
117906
117908
117909
117913
117925
117927
117929
117937
117947
117949
117952
117959
117963
117964
117965
117967
118198
118558
118561
119059
119174
119178
119324
119457
119688
119969
120390
120416
120565
120905
121989
122038
122202
122270
122565
122769
122969
123028
124487
124643
124701
124910
124952
124961
125060
125140
125179
125326
125356
125421
125618
125643
125915
125968
126004
126286
126716
127714
128654
128931
129343
129346
129349
129350
129366
129375
129376
129379
129382
129383
129421
129490
129719
129902
130676
131233
131235
131246
131601
131948
131954
132056
132219
132589
132606
132793
133391
133951
134087
134301
134309
134310
134311
134580
134636
134707
135021
135378
135575
135935
136224
136504
136544
136550
136790
136971
137000
137036
137290
137552
138004
138064
138354
138361
138465
139011
139135
139316
139484
139961
142268
142490
143115
143133
143642
143774
143802
144210
144343
144963
145337
145630
145632
145638
145639
145646
145649
145653
145656
145662
145714
146062
146534
146716
147357
147529
147625
147799
147831
147845
148086
148264
148805
149270
149361
149406
149786
149818
149872
149954
149987
150402
150790
150860
151146
151227
151633
151708
151709
152047
152263
152288
152345
152536
152660
153033
153035
153505
153892
154538
154574
154596
154786
154796
155181
155195
155356
155359
156345
157245
157301
157778
157780
158373
158498
158507
158936
159364
159736
160069
160345
160512
160932
162199
162788
162864
163354
163932
164047
164591
164592
164594
164789
165525
166029
166366
166438
166526
167247
167391
167448
167463
168297
168851
168909
169240
169538
169653
169791
169837
169997
170243
170319
170536
170645
171145
171437
171461
171515
171703
172096
172224
172645
172872
173103
173110
173580
173761
173878
174302
174477
174659
174839
174962
175327
175446
175476
175647
175653
175765
176256
176284
176312
176321
176636
176686
177625
177930
178024
178043
178059
178125
178135
178271
178323
178582
179044
179058
179079
179100
179579
179841
181115
181198
181238
181434
181462
181537
181682
181684
181685
181686
181755
182015
182346
182580
183351
184121
184550
184575
184794
185321
185436
185543
186090
186189
186276
186522
186532
187172
187511
187961
188043
189001
189272
189396
189503
189749
189798
189853
190108
190275
191770
191829
192058
192363
192765
192815
193650
194137
194669
194746
195094
195100
195203
195413
195420
195497
196999
197851
197901
197984
198386
198416
199458
199612
199692
199862
200067
200361
201103
201614
202247
202539
202884
203751
204457
204960
205335
206068
206095
206448
206695
207234
207344
207597
207962
208020
208205
208404
208411
209074
209675
209851
209872
210142
210362
210578
210957
211012
211399
212289
212478
212542
213031
213078
213132
213166
213348
213380
213389
213410
213427
213432
213598
213644
213681
213693
213710
213733
213834
214016
214065
214166
214329
214361
214415
214451
214494
214496
214507
214510
214515
214516
214518
214562
214612
214681
214684
214726
214771
214859
214900
214937
215672
216245
216799
216913
217628
217897
218036
218038
218067
218913
219011
220292
220295
221113
221203
221282
221341
221406
221429
221702
221703
222449
222485
223778
223963
224463
224985
225004
225277
225545
225761
226809
226812
226874
227943
228195
228500
228580
229664
230838
232266
232419
232796
232825
233567
233633
234398
234623
234749
234799
234814
235133
235425
236392
236663
236938
238071
239233
239315
240015
240640
241255
241273
241326
241943
241993
243299
243654
244002
245598
245622
245923
247263
248000
248785
249561
250087
250831
251647
252154
252564
254796
256885
257444
258594
259204
260164
260269
264249
265609
266000
271750
279731
279829
280311
281017
286016
287350
288214
289777
292618
292661
295151
297226
298193
298268
299311
305333
306667
306668
308331
308664
310779
316906
318571
322606
322607
331934
333270
337004
339539
344049
352388
359653
363010
366446
369956
373523
382394
395388
413238
422237
422632
433937
4504 P-L