id
588
617
1404
3240
3794
4834
5028
5283
6443
11509
11668
12649
12972
13181
14791
15536
18228
20428
20716
20739
21595
22227
22404
23119
23152
24340
25938
30510
31037
32434
37572
37685
38597
38619
42201
47964
54614
58084
60399
65205
65250
67548
80119
105654
105896
107178
120453
153755
155332
156250
162861
168033
177655
184977
187021
187436
187724
190442
190689
191115
198858
202797
215243
216419
219139
219890
222844
225223
229859
229878
241754
245279
256550
257395
257407
257412
258538
263078
263096
264066
266779
266869
274970
275324
283396
283549
284204
295504
295509
295529
295591
296690
296774
297056
301002
301944
310016
312619
312623
312632
312700
315919
316132
316150
321086
321435
322157
322378
325740
343680
344185
346274
346885
353213
353737
355270
355857
356207
356223
356280
359352
359364
359603
365918
376534
379143
379983
381703
382251
388972
390308
390346
390528
392195
396294
418997
419524
420266
422786
435613
435645
437302
437757
2007 TA219
2009 KA6
2009 WU149
2010 VV180
2011 LV2
2011 QG
2012 BH118
2012 SK17
2012 TC146
2013 AB43
2013 AK122
2013 BQ1
2013 TE73
2014 WG24
2015 HP170
2015 KS29