id
114
144
1039
1122
1135
1435
1450
1595
1653
1759
1825
1880
2252
3538
4092
4268
4597
4737
4771
4793
5540
5688
5721
6128
6467
6607
6633
6731
6793
6835
7204
7339
7370
7439
7541
7721
7771
7775
8382
8461
8792
9037
9393
9403
9479
9489
9580
9671
9854
9887
9935
9943
10550
10884
11379
11439
11779
11792
11978
11981
12058
12145
12163
12955
12959
12960
13052
13083
13246
13257
13458
13857
13940
14033
14244
14365
14400
14513
14600
14709
14932
14957
14979
15106
15208
15403
15946
16275
16288
16750
16776
17381
17658
18170
18372
18373
18676
18710
18790
19404
19421
19781
20267
20379
20564
20650
20776
20802
20835
20880
20951
21004
21085
21138
21231
21233
21237
21299
21356
21732
21745
21817
21854
21889
22205
22239
22257
22417
22452
22516
22603
22803
22869
22904
23016
23048
23097
23224
23290
23350
23475
23691
24017
24028
24047
24210
24241
24334
24502
24545
24559
24582
24593
24602
24739
24862
24868
24944
25028
25035
25099
25144
25385
25522
25566
25691
25781
25834
25988
26094
26225
26228
26381
26544
26545
26589
26870
26968
26973
26980
27207
27210
27408
27440
27536
27893
28122
28225
28285
28361
28413
28449
28682
28691
28808
28827
28936
28981
29015
29203
29455
29496
29695
29759
29764
29930
30064
30250
30313
30521
30795
30940
31053
31069
31212
31436
31556
31567
31623
31683
32095
32224
32340
33133
33142
33452
33550
33619
33841
34329
34693
35027
35028
35288
35556
35559
35582
35622
35815
36014
36395
36492
36509
36561
36564
36664
36710
36843
36972
36995
37179
37253
37372
37448
37543
37593
37722
37859
37869
37877
37950
37998
38004
38645
38694
38711
38937
38967
38978
39013
39185
39735
39972
40051
40560
40592
40610
40652
40657
40728
40911
41531
41532
41553
41645
41656
41735
41739
41840
41942
42099
42216
42528
42733
43009
43057
43170
43203
43526
43599
43630
43700
43968
43990
44230
44248
44319
44361
44380
44471
45113
45331
45343
45570
45775
45831
46043
46324
46343
46447
46548
46608
46633
46641
46663
46892
46913
46964
46969
46978
47419
47548
47633
47739
48023
48106
48117
48159
48274
48327
48432
48542
48610
48697
49086
49106
49172
49253
49311
49345
49362
49383
49458
49527
49548
49552
50079
50282
50310
50365
50559
50580
50620
50814
50831
51006
51211
51212
51464
51588
51677
51759
51782
51905
52119
52408
52462
52463
52603
53137
53145
53235
53269
53279
53283
53906
53963
54021
54025
54026
54046
54172
54191
54318
54398
54536
54919
54924
55053
55263
55273
55297
55535
55593
56315
56605
56725
56796
56845
56848
57077
57101
57174
57178
57388
57419
57549
57551
57694
57741
57769
57810
57853
57921
57952
57960
58126
58182
58441
58629
58679
58702
58736
58764
58807
58910
58963
59100
59107
59140
59316
59328
59478
59593
59596
59735
59759
59771
60028
60091
60242
60277
60280
60341
60544
60641
60650
60705
60738
60740
61037
61108
61225
61305
61556
61630
61656
61824
61850
62250
62292
62325
62500
62523
62555
62570
62691
62851
62879
62889
62975
63052
63297
63445
63631
63651
63655
63664
63698
63770
63804
63841
63871
63874
63935
63964
64000
64042
64175
64298
64300
64340
64397
64501
64756
64779
64797
64805
64942
65284
65359
65452
65841
65876
65908
65964
66193
66465
66478
66501
66580
66586
66600
66670
66678
66685
66708
66849
66916
66943
67016
67035
67096
67101
67110
67547
68065
68151
68410
68449
68687
69024
69053
69132
69210
69221
69419
69750
69751
69765
69773
70348
70439
70471
70553
70588
70662
70669
70679
70737
70888
70974
70976
70985
70986
70993
71043
71223
71242
71292
71293
71344
71389
71496
72051
72123
72166
72214
72385
72417
72560
73156
73183
73241
73260
73597
73602
73617
73733
73771
73830
73837
73840
73909
74089
74104
74105
74113
74122
74171
74172
74188
74192
74248
74254
74260
74282
74396
75165
75356
75470
75693
75791
75806
75843
75873
75901
75976
76049
76669
76797
77087
77137
77321
77458
77464
78196
78449
78459
78855
78988
79042
79199
79317
79793
79881
79885
80477
80883
80904
80953
80974
81018
81113
81138
81191
81197
81231
81275
81379
81413
81427
81512
81523
81524
81531
81546
81617
81689
81738
81759
81812
81824
81875
81926
82744
82903
82996
83020
83102
83198
83214
83255
83277
83279
83316
83407
83520
83857
84086
84182
84188
84302
84313
84435
84463
84469
84501
84502
84571
84626
84660
84674
84939
85010
85019
85215
85411
85841
85914
85936
85952
86605
86628
87170
87227
87368
87418
87422
87423
87443
87447
87474
87476
87504
87530
87539
87660
87712
87773
87787
87794
87810
87866
87948
87985
88004
88590
88873
88966
89209
89233
89336
89421
89668
89786
90098
90298
90663
90725
90883
91024
91054
91072
91347
91423
93021
93024
93134
93140
93148
93179
93303
93360
93371
93389
93391
93488
93499
93504
93518
93546
93556
93561
93580
93584
93621
93629
93678
93683
93705
93715
93728
93778
93780
93824
93836
94096
95061
95159
95282
95286
95308
95404
95419
95458
95467
95547
95888
95906
95939
96093
96103
96328
96751
96897
96951
96997
97027
97028
97068
97083
97160
98517
98653
98813
98837
98838
98875
98936
98945
98968
98983
98987
98990
99025
99073
99109
99122
99144
99290
99385
99553
99978
100254
100415
100425
100483
100560
100581
100675
100755
101075
101109
101112
101116
101172
101180
101234
101259
101416
101425
101426
101464
101594
101695
101793
101987
102261
102280
102367
102445
102478
102507
102535
102653
102706
102851
102968
103038
103079
103151
103210
103313
103340
103369
103379
103409
103474
103566
103603
103656
103693
103827
103976
104054
104418
104708
104768
104796
104990
107037
107067
107071
107101
107349
107474
108024
108027
108038
108137
108140
108158
108201
108230
108351
108401
108748
108936
109007
109052
109093
109167
109436
109437
109503
109573
109649
109654
109755
109802
109816
109834
109937
110029
110088
110131
110276
110303
110311
110486
110515
110535
110542
110667
110825
110833
110836
110837
110848
110891
110917
110920
110963
111254
111365
112319
112341
112367
112434
112576
112989
113016
113496
113537
113613
113754
113776
114051
114109
114197
114221
114265
114762
114769
115049
115277
115370
115404
115459
115708
115735
115747
115784
115857
115859
116163
116279
116510
116593
116837
116971
117090
117120
117155
117292
117416
117449
117496
117574
117732
117825
117935
117986
118140
118163
118169
118258
118261
118811
118862
119161
119310
119347
119419
119507
119515
119593
119601
119634
119657
119732
120086
120148
120168
120295
120466
120609
120647
120741
120759
120772
120787
120805
120818
120843
121215
121256
121321
121407
121430
122214
122268
122290
122320
122325
122344
122390
122427
122454
122491
122597
122615
122631
122736
122739
122768
122898
123008
123014
123100
123139
123236
123243
123272
123278
123321
123356
123401
123426
123433
123484
123743
124666
125085
125811
125880
125938
125941
126138
126195
126336
126357
126382
126448
126450
126623
126835
126847
126872
126878
126910
126935
127052
127072
127075
127081
127108
127147
127184
127704
127840
127915
128019
128039
128055
128567
128582
128646
128669
128927
128959
129062
129086
129127
129156
129195
129277
129461
129466
129505
129518
129523
129651
129677
129908
129924
130011
130016
130020
130063
130956
130968
131075
131080
131087
131127
131139
131156
131227
131242
132121
132369
132379
132499
132524
132530
132557
132567
132587
132589
132615
132625
132835
133196
133228
133329
133353
133601
133638
133774
133927
134065
134083
134121
134137
134344
134469
134772
134811
134826
135707
135709
135753
135764
135841
135907
135941
135943
135953
135957
136027
136306
136318
136320
136326
136348
136357
136489
136527
136579
136613
136640
136823
137112
137115
137116
138009
138139
138217
138221
138265
138285
138318
138378
138422
138433
138472
138506
139220
139248
139295
139394
139397
139422
139454
139479
139547
139637
139674
139698
139782
139845
139906
139984
140010
140049
140174
140205
140495
140835
141008
142426
142552
142791
142851
142858
142918
142931
142933
142942
142943
142956
142960
142987
143004
143005
143041
143046
143060
143093
143165
143212
143242
143305
144010
144013
144160
144165
144215
144304
144517
144526
144533
144547
144609
144655
144756
144773
144890
145086
145106
145132
145133
145156
145163
145276
145358
145403
145562
145725
146359
146380
146398
146459
146493
146526
146539
146579
146591
146689
146696
147354
147377
147514
147525
147648
148016
148321
148328
148358
148538
148617
148620
148659
148667
148721
148731
148770
148779
148786
148819
148820
148846
148867
148890
148901
148925
148976
148990
149422
149472
149478
149481
149505
149557
149785
149918
149927
149970
150082
150130
150171
150489
150499
150531
150706
150738
150777
150831
150868
150934
150959
151015
151020
151023
151069
151094
151100
151102
151114
151152
151172
151180
151181
151689
151739
151756
151777
151787
151815
151854
152005
152007
152142
152199
152242
152325
152346
152347
153103
153123
153125
153142
153144
153668
153746
153747
153770
153783
153795
153810
153838
153877
153899
153929
153944
153970
154081
154507
154725
154785
155029
155227
155292
155374
155439
155444
155535
155771
155819
156268
156321
156354
156357
156417
156418
156427
156460
156486
156489
156496
156507
156539
156955
157178
157232
157303
157345
157382
157612
157802
157803
157838
158010
158095
158251
158415
158731
158939
159074
159443
159610
159623
159630
159653
159659
159661
159828
159901
159903
160031
160065
160167
160169
160176
160179
160232
160438
160524
160640
160675
160929
161042
161045
161060
161359
161944
162031
162093
162221
162264
162272
162290
162409
162809
162852
163304
163327
163332
163780
163898
163963
163969
163979
163987
163994
164004
164019
164021
164049
164684
164741
164743
164923
164926
164935
164938
164942
164996
165006
165047
165512
165513
165608
166309
166427
166470
166479
166505
166546
167127
167153
167175
167208
167294
167304
167309
167312
167360
167376
167385
167391
167404
167405
167672
167853
167910
167942
167945
167996
168107
168155
168170
168184
168205
168211
168251
168428
168567
168595
168622
168653
168948
169008
169041
169042
169100
169619
169694
169746
169790
169834
169857
169901
170000
170439
170498
170532
170599
170621
170651
170673
170674
170769
170939
171012
171088
171325
171329
171438
171597
171608
171624
171625
172207
172224
172228
172254
172259
172277
172314
172679
172757
172859
172918
173051
173116
173206
173216
173222
173227
173420
174142
174224
174279
174383
174396
174406
174416
174457
174924
174943
174995
175008
175318
175482
175541
175560
175667
175744
175757
175768
175942
175957
175966
175968
176177
176186
176247
176309
176375
176735
176747
176802
176841
176855
176880
176898
176919
176942
176945
176955
177330
177468
177514
177595
177914
178011
178065
178150
178181
178193
178271
178320
178420
178447
178920
178929
178959
179081
179090
179098
179139
179153
179198
179253
179307
179332
179855
179857
179917
179943
179958
179959
179978
179986
179992
180012
180242
180504
180560
180562
180577
180638
180662
180687
180691
180694
180696
180876
180892
181193
181225
181253
181372
181532
181586
181606
181667
181716
181750
182119
182406
182441
182450
182470
182482
182523
182525
182526
182571
182574
182616
182622
182632
182679
182712
182744
182761
183322
183384
183395
183409
183445
183472
183512
183695
183939
183999
184065
184090
184125
184140
184390
184544
184545
184548
184816
184846
184994
185056
185065
185186
185197
185429
185515
185537
185662
185694
185697
185881
186041
186077
186079
186116
186126
186159
186200
186237
186293
186472
186560
186569
186598
186814
186888
186909
187128
187298
187344
187349
187363
187408
187496
187506
187567
187580
187586
187700
187713
187723
187765
187879
188283
188288
188481
188699
188701
189045
189183
189278
189452
189597
189858
190046
190050
190053
190078
190092
190303
190613
191083
191157
191567
191682
191708
191749
191779
191800
191828
191829
191859
191869
191876
192037
192055
192108
192260
192339
192408
192493
192495
192679
192718
192749
192782
192806
192891
193394
193496
193509
193537
193552
193553
193560
193583
193650
195069
195135
195181
195203
195239
195268
195270
195291
195301
195327
195332
195427
195428
195435
195448
195455
195465
195497
195609
195610
196504
196527
196531
196615
196891
198096
198151
198226
198291
198307
198322
198333
198347
198385
198388
198389
198395
198396
198421
198434
198438
198454
198520
198537
198601
199125
199254
199275
199299
199358
199436
199562
199597
199659
199739
200105
200218
200219
200224
200267
200487
200499
200517
200524
201681
201709
202172
202191
202218
202251
202280
202386
202511
202583
202607
202720
202852
202971
202972
202980
202986
202988
202989
203008
203028
203220
203670
203703
203768
203954
204422
204463
204521
204526
204930
204990
205044
205068
205094
205096
205097
205116
205138
205149
205150
205172
205407
206001
206024
206032
206043
206092
206388
206393
206408
206488
206519
206521
206539
206543
206548
206564
206567
206578
206592
206595
206598
206620
207241
207268
207275
207525
207633
207712
207729
207739
207794
207897
207921
208073
208078
208102
208106
208294
208309
208740
208742
208772
208778
208785
208797
208799
208807
208937
209173
209181
209189
209307
209335
209791
209799
209827
209892
210036
210056
210071
210073
210126
210275
210301
210398
210445
210603
210826
211290
211299
211332
211405
211625
211638
211677
211683
211704
211727
211736
211751
211779
211782
211790
212171
212180
212187
212205
212216
212231
212239
212276
212278
212332
212479
212497
212501
212548
212553
212573
212581
212829
212851
212860
212909
213115
213125
213127
213260
213272
213282
213593
213602
213637
213668
213670
213697
213738
213740
213957
213960
213961
213987
213988
214325
214357
214507
214625
214694
214922
215077
215166
215169
215276
215284
215308
215309
215339
215525
215700
215718
215736
215748
215755
216133
216143
216224
216235
216275
216345
216354
216385
216648
216731
216829
217055
217065
217067
217082
217105
217286
217448
217595
217965
217970
217992
218010
218011
218625
218629
218630
218680
218683
218689
218714
218726
218730
218731
218872
218985
219060
219062
219598
219632
219650
219687
219689
219716
219726
219733
219761
219768
219821
219838
219840
220280
220296
220327
220348
221077
221101
221120
221145
221185
221216
221227
221257
221321
221326
221654
221690
221727
221878
221998
222282
222301
222308
222533
222556
222631
222668
222673
222701
222702
222713
222730
222733
222806
222832
223277
223634
223652
223657
223701
223778
224168
224226
224227
224241
224307
224320
224335
224339
224344
224377
224379
224395
224409
224424
224428
224437
224470
224474
224475
224480
224491
224506
224507
224511
224517
224518
224525
224551
224918
224956
225003
225518
225521
225536
225541
225547
225557
225561
225893
225924
225936
225966
226011
226368
226709
226713
227308
227384
227435
227438
227449
227472
227488
227516
227527
227619
227663
227893
227912
227945
228053
228156
228224
228323
228336
228364
228366
228623
229094
229102
229104
229219
229549
229575
229807
229921
230045
230047
230280
230323
230369
230374
230408
230453
230813
230893
230909
230915
230926
231140
231170
231220
231266
231358
231439
231563
231598
231629
231635
231746
231765
231874
231878
232188
232504
232782
232837
232855
232865
232868
233150
233362
233373
233375
233675
233694
233727
233787
233863
233866
233875
233902
233966
234078
234088
234222
234296
234301
234321
234325
234328
234743
234748
235199
235210
235260
235298
235303
235344
235356
235778
235830
236291
236422
236432
236472
236496
236530
236537
236573
236594
236650
236858
236920
236931
237024
237060
237083
237085
237151
237160
237244
237287
237337
237342
237411
237924
238003
238126
238161
238181
238224
238591
238607
238630
238635
239026
239118
239166
239309
239381
239422
239446
239499
239609
239718
239812
240137
240176
240359
240454
240613
240634
240652
240670
240680
240710
241232
241248
241566
241692
241917
241948
241997
242386
242458
242534
242877
242949
242963
243021
243208
243333
243342
243395
243430
243561
243571
243593
244412
244713
244770
244781
244812
244823
244837
244863
244887
244993
245173
245285
245353
245384
245470
245842
246011
246066
246207
246347
246356
246422
246457
246804
247033
247187
247203
247207
247322
247577
247650
247694
247980
248011
248023
248170
248220
248604
248761
248775
248800
248833
248849
248851
248854
248864
248891
248904
249202
249260
249346
249493
249571
249853
250176
250233
250647
251050
251136
251155
251158
251162
251194
251202
251207
251208
251211
251231
251234
251260
251380
251395
251418
251436
251560
251586
251718
251748
251986
252223
252231
252251
252252
252258
252294
252301
252337
252380
252407
252435
252465
252493
252555
252576
252609
253242
253251
253254
253255
253264
253281
253295
253297
253980
254047
254074
254091
254609
254618
254702
254726
254728
254819
255768
255770
255804
255827
255957
255965
255966
256008
256009
256040
256056
256064
256141
256142
256143
256153
256161
256177
256183
256193
256200
256202
256207
256208
256226
256231
256235
256239
256240
256242
256246
256262
256273
256281
256290
256337
256399
256801
256828
256856
256895
257030
257036
257095
257125
257441
257836
258070
258095
258150
258153
258176
258177
258183
258201
258212
258289
258290
258303
258319
258331
258352
258384
258413
258449
258939
259057
259100
259124
259191
259217
259863
259966
259969
260045
260105
260122
260535
260633
260721
260758
260762
260797
260819
260835
260846
260848
261198
261245
261247
261295
261306
261406
261470
261474
261954
262083
262157
262215
262226
262338
262398
262407
262415
262467
262523
262535
262638
262699
262805
262821
262867
262922
263210
263224
263255
263329
263508
263565
263619
263629
263649
263657
263676
263683
263730
263843
263920
263948
264096
264180
264438
264485
264506
264567
264572
264575
264588
264591
264602
264616
264622
264640
264662
264666
264674
264678
264682
264695
264984
265020
265348
265354
265634
265686
265710
265712
265713
265733
265741
265745
265760
265794
266225
266287
266313
266314
266324
266327
266358
266365
266424
266778
266954
267202
267208
267328
267335
267365
267373
267374
267376
267390
267405
267420
267446
268091
268382
268396
268403
268431
268437
268444
268450
268494
268561
268994
268997
269013
269076
269085
269094
269286
269455
269625
269756
269812
269987
270137
270249
270312
270334
270377
270410
270426
270428
270441
270478
270482
270501
271040
271059
271624
271658
271673
271675
271682
271699
271749
271754
271785
271845
271922
272473
272481
272488
272535
272630
272662
272677
272683
272692
272711
272741
272743
272758
272783
272812
272831
272834
273423
273634
273640
273705
273725
273748
273769
273792
273830
273834
273842
273873
273880
273897
273918
273946
274291
274330
274366
274479
274482
274483
274489
274536
274557
274726
274760
274886
274892
274919
274982
275000
275071
275103
275108
275136
275434
275559
275673
276066
276074
276080
276090
276455
276456
276789
276807
276929
276936
276948
276982
277361
277385
277485
277590
277632
277657
277696
277756
277989
278043
278172
278270
278339
278359
278659
278685
278734
278751
278756
278765
278796
278867
278874
278885
278958
279018
279041
279126
279297
279483
279495
279622
279697
279698
279767
279773
280075
280105
280320
280425
280575
280600
280934
280938
280942
280946
280953
280971
280994
281014
281296
281415
281427
281474
281489
281540
281604
281609
281630
281897
281941
282047
282059
282251
282266
282724
282728
282738
282766
282899
283089
283092
283118
283177
283452
283655
283807
283808
283844
283846
283849
283855
284256
284515
284527
284528
284557
284562
284623
284801
285165
285230
285351
285453
285483
285523
285538
285615
285830
285888
285912
285924
285957
286013
286071
286254
286292
286935
286969
287087
287183
287231
287380
287804
287879
287943
288004
288076
288103
288119
288156
288288
288301
288409
288413
288468
288491
288713
288796
289223
289353
289356
289403
289454
289507
289572
289635
289776
289807
289984
289985
290034
290054
290061
290112
290162
290186
290297
290342
290372
290467
290551
290626
290676
290701
290745
290802
290822
290914
290980
290995
291262
291408
291438
291444
291451
291510
291547
291563
291577
291673
291724
291862
291928
291944
292046
292054
292068
292079
292248
292259
292432
292534
292690
292692
292694
292739
292910
292918
293009
293014
293127
293171
293267
293314
293327
293435
293797
293847
293870
293923
293938
293961
293977
293989
294027
294030
294072
294089
294174
294185
294211
294251
294317
294460
294571
294639
294645
294680
294699
294781
294973
295016
295019
295075
295245
295322
295343
295357
295371
295415
295433
295516
295571
295703
295724
295757
295866
295872
295900
296031
296281
296346
296351
296384
297097
297151
297273
297301
297964
297989
298000
298006
298036
298045
298046
298051
298077
298098
298186
298446
298495
298504
298528
298544
298580
298596
298606
298609
298623
298629
298654
298683
299075
299084
299122
299612
300362
300393
300398
300408
300467
300534
300537
300553
300564
300572
300596
300613
300637
300652
300680
300698
300744
301180
301277
301324
301386
301436
301461
301488
301639
301684
301700
301781
301837
301956
301959
301960
301963
302532
302559
302583
302596
302600
302606
302608
302610
302613
302614
302632
302638
302649
302655
302659
302668
302678
302684
302685
302722
302733
302775
303085
303094
303112
303118
303550
304152
304162
304182
304195
304217
304244
304307
304986
304988
304998
305038
305042
305068
305073
305098
305104
305137
305218
305232
305243
305252
305255
305265
305606
305706
305722
305784
305923
305931
306102
306171
306319
306357
306375
306393
306577
306593
307287
307306
307315
307317
307380
307830
307856
307860
307896
307908
307931
308309
308796
308804
308812
308847
309001
309279
309498
309520
309555
309562
309571
309595
309942
309943
309960
310009
310154
310200
310292
310303
310375
310396
310398
310722
310778
310782
310791
310800
310805
310808
310809
310812
310814
310821
310826
310835
311065
311071
311075
311076
311616
311626
311630
311664
311686
311689
311708
311710
311789
311790
311802
311824
312097
312257
312271
312312
312343
312345
312687
312810
312863
312881
312920
312971
313478
313493
313506
313510
313535
313542
313874
313877
313883
314694
314699
314722
314724
314729
314747
314766
314785
314794
314803
314810
314817
314828
314838
314859
314881
314901
314908
314918
314955
315446
315566
315573
315601
315637
315649
315657
315665
315718
315726
315746
315747
315755
315807
315818
315858
316299
316343
316606
316715
316824
317171
317248
317274
317566
317569
317579
317595
317613
317620
317682
317732
318051
318430
318468
318769
318814
318904
319031
319095
319392
319398
319513
319522
319628
319662
319700
319730
319752
319821
319827
319834
319838
319856
319865
319890
319891
319926
319931
319962
320735
320744
320806
320828
320861
320872
320873
320895
320913
320988
321114
321126
321144
321210
321236
321415
321455
321549
321614
321642
321689
321878
321890
321936
321979
322061
322090
322113
322141
322168
322313
322480
322802
322821
322822
322856
322868
322910
323091
323094
323148
323468
323475
323480
323521
323784
323820
323825
323827
323859
323864
323925
323926
323929
323937
324062
324091
324437
324442
324446
324447
324456
324520
324601
324615
324620
324631
325049
325059
325218
325226
325251
325254
325317
325353
325473
325572
325782
325788
325827
325850
326002
326155
326241
326259
326426
326976
327005
327253
327303
327306
327343
327353
327372
327383
327385
327457
327788
327889
328243
328269
328314
328531
328541
328575
328584
328613
328631
328633
328709
328756
328769
328922
329062
329126
329246
329297
329314
329316
329367
329601
329838
329980
330020
330041
330048
330057
330077
330094
330108
330132
330322
330384
330403
330462
330662
330895
330922
330946
330969
331062
331121
331200
331202
331239
331244
331255
331383
331394
331476
331480
331506
331528
331538
331909
332187
332387
332437
332795
333011
333051
333052
333054
333240
333241
333271
333418
333421
333647
333673
333793
333915
334238
334239
334480
334808
335111
335116
335136
335141
335144
335151
335523
335545
335765
335783
335819
335832
336157
336202
336208
336210
336238
336240
336241
336243
336245
336263
336275
336279
336344
336376
336399
336416
336493
336987
337058
337111
337129
337132
337145
337161
337187
337319
337979
338018
338507
338513
338588
338670
338685
339213
339286
339296
339309
339365
339384
339388
339391
340241
340317
340434
340439
340463
340476
341106
341557
342056
342086
342151
342155
342211
342314
342381
342400
342410
342428
342450
342454
342464
342473
342492
342534
342552
342557
342571
342587
342597
342601
342602
342606
342609
342616
342618
342625
342659
342666
342699
342704
342735
342736
342746
342756
342758
342799
342828
343332
343370
343403
343405
343437
343462
343618
343793
343841
343904
343909
343959
344033
344101
344187
344452
344637
344640
344641
344647
344690
344693
344708
344931
345452
345488
345494
345498
345513
345918
345979
346419
346513
346546
346550
346601
346647
346674
346677
346686
346842
346968
346988
346994
346995
347021
347042
347059
347073
347090
347095
347271
347272
347280
347292
347433
347527
347919
347989
347997
348022
348045
348047
348064
348110
348311
348323
348324
348338
348742
348757
349006
349039
349166
349180
349190
349224
349248
349278
349282
349417
349594
349714
349802
349837
349842
349991
350015
350237
350240
350282
350346
350349
350356
350405
350419
350433
350465
350481
350863
350886
350906
351032
351053
351089
351101
351109
351120
351186
351406
351434
352255
352280
352295
352336
352892
352911
352916
352959
352969
353033
353034
353073
353077
353102
353112
353484
353574
353725
353828
353832
353857
354282
354403
354416
354427
354634
355087
355317
355328
355378
355406
355451
355490
355967
356017
356050
356105
356139
356146
356178
356333
356399
356556
356688
356745
356793
356955
356999
357244
357409
357417
358118
358125
358141
358160
358177
358202
358250
358668
358689
359268
359270
359291
359535
359718
359793
359812
359836
359873
360018
360144
360240
360315
360466
360480
360598
360618
360620
361194
361207
361210
361225
361259
361269
361317
361331
361352
361357
361364
361371
361380
361660
361686
361725
361731
361763
361818
362190
362563
362570
362733
362755
362766
363013
363124
363136
363156
363205
363577
363844
363978
364209
364223
364258
364278
364318
364364
364368
364422
364797
364798
364827
364857
365278
365538
365583
365586
365621
365702
365814
365854
365972
365981
366169
366218
366221
366316
366335
366414
366436
366439
366442
366444
366454
366455
366848
366856
366862
366867
366883
366888
366935
366967
367208
367521
367566
367745
367811
367915
367988
368071
368087
368713
368718
368751
368767
368772
368787
368803
368972
368984
369093
369287
369288
369303
369308
369321
369337
369357
369368
369575
369726
369728
369757
369828
369849
370131
370166
370471
370742
370952
370981
371029
371039
371045
371073
371075
371081
371084
371112
371113
371114
371131
371139
371165
371202
371955
372418
372428
372471
372486
372487
372494
372495
372512
372547
372552
372561
372574
372596
372892
373059
373184
373293
373294
373296
373301
373365
373479
373602
373606
373840
373850
374054
374056
374063
374067
374139
374347
374357
374376
374383
374413
374424
374433
374451
374477
374969
374984
374987
374988
375138
375341
375746
375748
375811
375816
375818
375832
375843
375873
375882
375924
375936
375937
375957
375960
375972
375973
375977
375994
376174
376319
376419
376483
376628
376664
376947
377325
377356
377359
377360
377374
377400
377406
377422
377656
377761
377783
377794
377801
377805
377831
377860
377872
377883
377897
377909
378245
378342
378751
378752
379240
379339
379361
379363
379699
379714
380109
380118
380174
380179
380317
380578
380628
380803
380821
380860
380909
380911
381432
381543
381582
381615
381860
382082
382214
382331
382337
382339
382346
382405
382779
382895
382902
382913
382925
382942
382946
382958
382965
383254
383269
383290
383295
383330
383614
383885
383911
383923
383927
383932
383950
383979
383982
384018
384021
384028
384034
384048
384073
384077
384084
384422
384449
384514
384532
384578
384677
384683
384715
384828
385000
385095
385117
385156
385344
385547
385585
385832
385846
386102
386297
386312
386319
386328
386330
386331
386332
386358
386360
386364
386366
386407
386425
386781
386799
386809
387027
387075
387176
387235
387256
387419
387445
387771
387775
387781
387783
388200
388257
388581
388689
388921
388999
389028
389051
389070
389163
389497
389524
389677
389858
389866
390083
390122
390167
390376
390385
390394
390656
390660
390769
390886
390891
391866
391912
391929
391941
391942
391947
391978
392027
392042
392067
392294
392316
392379
392380
392545
392561
392565
392576
392821
392842
392847
392869
392899
392947
393006
393360
393499
393500
393501
393515
393585
393604
393741
393760
393767
394166
394205
394476
394477
394479
394528
394529
394533
394599
394635
394874
394875
394926
394947
394990
395000
395389
395409
395510
395641
395867
396010
396025
396307
396339
396402
396411
396431
396568
396664
396683
396694
396779
396907
396911
396912
396916
396939
397369
397548
397603
397974
397992
397995
398168
398243
398246
398462
398523
398804
398834
398912
398944
399302
399372
399433
399495
400071
400086
400094
400170
400338
400379
400622
400860
400882
400916
401112
401123
401406
401407
401562
401706
401804
401898
402122
402127
402577
402580
402601
402618
402645
402654
402660
402663
402664
402665
402678
402695
402696
402705
402723
403052
403094
403096
403134
403150
403356
403359
403563
403619
403634
403679
403717
404018
404248
404251
404365
404509
404531
404560
404701
404710
404763
404874
404919
405021
405046
405051
405071
405550
405560
405563
405969
406059
406074
406095
406100
406106
406108
406121
406152
406153
406162
406174
406178
406180
406203
406208
406210
406232
406597
406622
406625
406640
406696
406925
407350
407384
407395
407411
407443
407445
407464
407531
407552
407798
407799
407818
407932
407935
408397
408483
408533
408539
408762
408833
408844
408847
408852
408856
408871
408894
408913
409245
409431
409443
409445
409926
410005
410020
410040
410071
410078
410085
410475
410567
411292
411324
411361
411378
411405
411408
411703
411729
411781
411829
411843
411844
411939
412132
412177
412485
412599
412636
412905
412907
412929
413047
413070
413074
413121
413209
413503
413504
413513
413574
413891
413964
413971
413983
414186
414824
414841
414874
414890
414910
414911
415146
415151
415163
415183
415288
415520
415704
415874
415886
415890
415902
415911
415926
415944
415946
415972
415981
416630
416883
416901
416910
416912
416918
416926
416929
416953
416970
416971
416983
417031
417040
417046
417066
417070
417101
417692
417704
417749
417783
417787
417812
417815
418301
418359
419076
419097
419102
419804
419855
419896
419961
419964
420000
420087
420638
420652
420918
421025
421105
421260
421472
421487
421579
421605
421728
422014
422076
422168
422291
422306
422310
422394
422418
422447
422485
422515
422577
422628
422813
422849
422967
423449
423486
423494
423497
423514
423523
423539
423542
423550
423572
423574
423589
423646
423667
423672
423738
424070
424109
424121
424176
424178
424183
425056
425064
425066
425069
425076
425088
425128
425171
425199
425202
425283
425634
425715
425761
425806
425859
425860
425864
425885
425942
426015
426522
426549
426624
426648
426743
426828
426960
427017
427024
427062
427070
427084
427114
427123
427185
427248
427342
427491
427877
427906
427909
427911
427926
427951
427955
427985
428022
428030
428293
428322
428325
428335
428340
428742
428745
428773
428791
429097
429122
429141
429223
429574
429579
429589
429613
429615
429621
429642
429857
429959
430020
430029
430043
430147
430178
430179
430187
430217
430292
430547
430908
430933
431027
431033
431086
431400
431403
431413
431905
431975
432309
432332
432346
432399
432761
432776
432795
432853
432879
432985
433029
433038
433237
433376
433403
433469
433515
433537
433587
433661
433741
434213
434238
434581
434684
434688
434702
434712
435212
435285
435594
435624
435646
435682
435703
435706
435777
435801
435810
435861
436222
436227
436228
436230
436296
436914
437040
437060
437086
437628
437769
437823
438299
438309
438326
438327
438501
438510
438515
438528
438558
438576
438719
438721
438915
438933
439079
439104
439106
439206
439253
439267
439303
439320
439513
439561
439568
439590
439651
1998 SL6
1998 TL27
1998 TP38
1998 XJ6
1999 FL80
1999 RU103
1999 TG218
1999 VQ19
1999 VU152
2000 KQ39
2000 UQ3
2001 FB62
2001 QW116
2001 QC203
2001 QU218
2001 SK104
2001 SD216
2001 SE236
2001 SU269
2001 SJ294
2001 SF298
2001 ST312
2001 SC320
2001 TS144
2001 TU157
2001 TV181
2001 TR205
2001 TT218
2001 UG7
2001 UL45
2001 UU78
2001 VC83
2002 JZ149
2002 NF21
2002 NP58
2002 NW78
2002 NM80
2002 OD37
2002 PO
2002 PS8
2002 PT76
2002 PC121
2002 PK150
2002 PM166
2002 PL175
2002 PT184
2002 PP188
2002 PG200
2002 PM200
2002 QB49
2002 QY57
2002 QD59
2002 QV60
2002 QP66
2002 QX74
2002 QQ90
2002 QW93
2002 QZ106
2002 QA115
2002 QC133
2002 QO137
2002 QL139
2002 QE146
2002 QA152
2002 QC152
2002 RJ45
2002 RX99
2002 RQ109
2002 RT112
2002 RK135
2002 RD172
2002 RQ207
2002 RR218
2002 RX241
2002 RV245
2002 RU248
2002 SN26
2002 SL66
2002 TE10
2002 TO37
2002 TG178
2002 TB352
2002 VH27
2003 FT3
2003 QD50
2003 QO76
2003 SJ23
2003 SK46
2003 SM78
2003 SP78
2003 SR78
2003 SA82
2003 SE108
2003 SE393
2003 SP163
2003 SL430
2003 SN209
2003 SA344
2003 SF344
2003 TJ56
2003 UJ42
2003 US75
2003 UN89
2003 UB173
2003 US232
2003 UX336
2003 UY351
2003 WP4
2003 WD61
2004 BY64
2004 DN35
2004 FF23
2004 FK115
2004 PN2
2004 PY60
2004 PF97
2004 QO26
2004 RG39
2004 RR57
2004 RY89
2004 RT146
2004 RB298
2004 TA31
2004 TX31
2004 TD64
2004 TX64
2004 TJ113
2004 TQ135
2004 TO184
2004 WF4
2004 XB71
2004 XQ111
2005 CJ39
2005 ED31
2005 ET211
2005 JP97
2005 LW13
2005 MQ20
2005 NC25
2005 QH4
2005 QC85
2005 QC87
2005 QA101
2005 RE7
2005 RG31
2005 RS47
2005 SA4
2005 SL17
2005 SZ21
2005 SV30
2005 SV47
2005 SH50
2005 SP125
2005 SV130
2005 SG139
2005 SH142
2005 SX143
2005 SS157
2005 SW181
2005 SZ189
2005 SG192
2005 SV240
2005 SW241
2005 SD269
2005 TB8
2005 TX32
2005 TQ70
2005 TB103
2005 UV49
2005 UY52
2005 UR65
2005 UG94
2005 UE363
2005 UW121
2005 UE134
2005 UV178
2005 UD180
2005 UM199
2005 UF205
2005 UM211
2005 UQ234
2005 UC237
2005 UP252
2005 UG527
2005 UD529
2005 UQ285
2005 US285
2005 US288
2005 UN315
2005 UA316
2005 UM321
2005 VE19
2005 VC25
2005 VL28
2005 VA71
2005 VA85
2005 VF89
2005 VF97
2005 VW100
2005 VS108
2005 VD127
2005 VE127
2005 WV30
2005 WW42
2005 WV44
2005 WF126
2005 WJ133
2005 WZ136
2005 WQ165
2005 XU2
2005 XH67
2005 XC102
2005 YJ9
2005 YA21
2005 YF188
2005 YM251
2006 AH23
2006 AN84
2006 BR77
2006 BJ88
2006 BL105
2006 BR112
2006 BO137
2006 BB211
2006 BG233
2006 CP2
2006 CU3
2006 CW13
2006 CV22
2006 DU21
2006 DW48
2006 DM78
2006 DW91
2006 DN102
2006 DB108
2006 DD216
2006 EY28
2006 FE20
2006 FK30
2006 GP5
2006 HP74
2006 HY74
2006 HD84
2006 HW138
2006 JZ10
2006 JC18
2006 ON6
2006 QF34
2006 QC52
2006 QW89
2006 QC102
2006 QM126
2006 QC159
2006 RF4
2006 RW9
2006 RM23
2006 RN23
2006 RH32
2006 RN45
2006 RJ57
2006 RO74
2006 RS80
2006 RA82
2006 SY26
2006 SZ27
2006 SZ33
2006 SO99
2006 SN366
2006 SY373
2006 SA122
2006 SP399
2006 SF153
2006 SP173
2006 SM185
2006 SP193
2006 SN227
2006 SG260
2006 SH277
2006 SX283
2006 SV285
2006 TA10
2006 TL17
2006 TH20
2006 TT32
2006 TC34
2006 TN36
2006 TF82
2006 TA83
2006 TL122
2006 TG123
2006 TL123
2006 UJ11
2006 UK15
2006 UY22
2006 UY43
2006 UM44
2006 UZ45
2006 UA66
2006 UK81
2006 UB84
2006 UU102
2006 UY138
2006 UU179
2006 UL227
2006 UM252
2006 UM334
2006 VP
2006 VC1
2006 VZ125
2006 VC132
2006 VA137
2006 WO8
2006 WC30
2006 WD41
2006 WF45
2006 WX67
2006 WV91
2006 WB101
2006 WF109
2006 WG116
2006 WC151
2006 WA154
2006 WA191
2006 XN68
2006 YD17
2006 YH17
2006 YR53
2007 BZ18
2007 BR24
2007 BV61
2007 BT100
2007 CZ2
2007 CG8
2007 CE50
2007 CN61
2007 DX
2007 DG6
2007 DW12
2007 DO33
2007 DL72
2007 EN21
2007 EA67
2007 EC81
2007 ES82
2007 EE103
2007 EL111
2007 ET153
2007 EG202
2007 EM217
2007 FF21
2007 GV49
2007 HZ48
2007 HQ80
2007 LV5
2007 PE11
2007 RE6
2007 RJ21
2007 RV30
2007 RO37
2007 RV44
2007 RR97
2007 RC165
2007 RT218
2007 RE233
2007 RE247
2007 RQ287
2007 RE292
2007 RD295
2007 RB301
2007 TZ4
2007 TZ5
2007 TF25
2007 TR37
2007 TW48
2007 TX50
2007 TM90
2007 TX197
2007 TT204
2007 TG333
2007 TU102
2007 TM107
2007 TS114
2007 TZ377
2007 TZ391
2007 TD404
2007 TA145
2007 TR153
2007 TE162
2007 TF424
2007 TJ428
2007 TD432
2007 TQ435
2007 TD445
2007 TK185
2007 TX197
2007 TK198
2007 TT204
2007 TL256
2007 TG291
2007 TW327
2007 TG333
2007 UT19
2007 UO38
2007 UO42
2007 UW63
2007 UD93
2007 UJ112
2007 VG18
2007 VS21
2007 VE34
2007 VS40
2007 VL45
2007 VU46
2007 VN56
2007 VQ56
2007 VM74
2007 VY95
2007 VJ112
2007 VG116
2007 VP142
2007 VW167
2007 VJ168
2007 VE171
2007 VL183
2007 VA215
2007 VW223
2007 VV233
2007 VH237
2007 VW252
2007 VJ272
2007 VR276
2007 VX290
2007 VT308
2007 VB313
2007 VN327
2007 VY328
2007 WQ39
2007 XE11
2007 XQ11
2007 XJ58
2007 XA59
2007 YK7
2007 YO15
2007 YZ18
2007 YB51
2007 YE56
2007 YJ65
2007 YX69
2007 YP73
2008 AW26
2008 AO38
2008 AB54
2008 AY67
2008 AT88
2008 AQ90
2008 AH92
2008 AK98
2008 CL7
2008 CK17
2008 CH45
2008 CD101
2008 CP163
2008 CT192
2008 CG199
2008 CE209
2008 CT214
2008 DQ10
2008 DT14
2008 DG69
2008 EZ19
2008 ER50
2008 EV73
2008 ER111
2008 EH127
2008 EN162
2008 FS
2008 FL19
2008 FC37
2008 FM37
2008 FN51
2008 FF52
2008 FG103
2008 GB43
2008 GH64
2008 GA81
2008 GU96
2008 GA106
2008 HE17
2008 PL14
2008 PK15
2008 QW35
2008 RK3
2008 RL10
2008 RU82
2008 RY87
2008 RB88
2008 RP99
2008 RU101
2008 RR127
2008 RG131
2008 RT145
2008 SL10
2008 SV23
2008 SL29
2008 SH32
2008 SN33
2008 SE44
2008 SU62
2008 SS83
2008 SV87
2008 SG88
2008 ST90
2008 SX91
2008 SZ105
2008 SF124
2008 SY125
2008 SD131
2008 SG136
2008 SX139
2008 SQ154
2008 SW161
2008 SU167
2008 SD173
2008 SZ183
2008 SG200
2008 SC206
2008 SV220
2008 SM242
2008 SK244
2008 SG263
2008 SV283
2008 SK287
2008 SH288
2008 TM7
2008 TL17
2008 TJ46
2008 TX78
2008 TN92
2008 TV92
2008 TK97
2008 TC102
2008 TC107
2008 TY123
2008 TT183
2008 UF39
2008 UF41
2008 UA42
2008 UQ46
2008 UB53
2008 UN53
2008 UM55
2008 UH67
2008 UD78
2008 UW97
2008 UQ360
2008 UL102
2008 UV365
2008 UX109
2008 UJ111
2008 UD113
2008 UJ117
2008 UH126
2008 UP131
2008 UZ165
2008 UC168
2008 US196
2008 UY201
2008 UA206
2008 UT206
2008 UG209
2008 UD221
2008 UH222
2008 UD289
2008 UT292
2008 UG308
2008 UA330
2008 UH337
2008 UU350
2008 UU356
2008 VY2
2008 VA11
2008 VW39
2008 VJ64
2008 WN5
2008 WY10
2008 WU18
2008 WN34
2008 WF40
2008 WF65
2008 WY72
2008 WO94
2008 WO99
2008 WH107
2008 WO108
2008 WT115
2008 WQ135
2008 WB138
2008 WU140
2008 XA24
2008 XJ31
2008 XY40
2008 XU45
2008 YA5
2008 YO13
2008 YU13
2008 YG20
2008 YO40
2008 YM45
2008 YZ53
2008 YM63
2008 YV96
2008 YM98
2008 YA151
2008 YK156
2008 YX166
2008 YU170
2008 YE172
2009 AG26
2009 BA33
2009 BS42
2009 BU65
2009 BF66
2009 BL66
2009 BT91
2009 BM139
2009 BZ142
2009 BN162
2009 BP178
2009 BU182
2009 CV34
2009 DF84
2009 DY115
2009 DS138
2009 FK20
2009 FJ48
2009 FL60
2009 GX1
2009 GU3
2009 HO3
2009 HU65
2009 KU2
2009 KT15
2009 NQ
2009 OB9
2009 PJ2
2009 QX4
2009 QH10
2009 QM14
2009 QA22
2009 QX36
2009 QD57
2009 RO13
2009 RE16
2009 RT18
2009 SU23
2009 SD25
2009 SN26
2009 SB74
2009 SE88
2009 SA126
2009 SN144
2009 SW210
2009 SZ222
2009 SY285
2009 SF288
2009 SX290
2009 SA340
2009 SS340
2009 SM341
2009 SM343
2009 SM345
2009 SR350
2009 SH353
2009 SH359
2009 TX23
2009 UJ39
2009 US67
2009 UH85
2009 UQ107
2009 UF110
2009 US135
2009 UJ138
2009 VA16
2009 VF23
2009 VO32
2009 VM46
2009 VN68
2009 WN15
2009 WB20
2009 WB32
2009 WY76
2009 WT114
2009 WA115
2009 WG212
2009 WK214
2009 YX
2009 YA14
2010 AT1
2010 AQ34
2010 AV55
2010 AE56
2010 BQ1
2010 CR9
2010 CK150
2010 CC182
2010 EH38
2010 EZ112
2010 FQ31
2010 GD98
2010 GX145
2010 GE159
2010 JA31
2010 JZ43
2010 JD57
2010 JL147
2010 KH29
2010 ME4
2010 MH103
2010 NJ64
2010 OU103
2010 PS9
2010 PU26
2010 PS35
2010 RY3
2010 RG10
2010 RL49
2010 RD62
2010 RB103
2010 RE104
2010 RU115
2010 RL116
2010 RW117
2010 RQ118
2010 RG141
2010 RV174
2010 SH9
2010 TC6
2010 TW7
2010 TS12
2010 TP21
2010 TH24
2010 TE25
2010 TZ26
2010 TP37
2010 TA43
2010 TW50
2010 TK73
2010 TW96
2010 TR141
2010 TU142
2010 TN152
2010 TJ186
2010 UN43
2010 UK46
2010 UE48
2010 UM67
2010 UG74
2010 UQ76
2010 UK93
2010 UD99
2010 UX99
2010 VV33
2010 VM37
2010 VA70
2010 VH92
2010 VC106
2010 VN118
2010 VM160
2010 VE204
2010 VV206
2010 VX209
2010 WQ15
2010 WJ26
2010 WA70
2010 WQ70
2010 XM57
2010 YN4
2011 AW22
2011 AB39
2011 AZ39
2011 AH51
2011 AL59
2011 AU75
2011 BC8
2011 BW18
2011 BP43
2011 BZ84
2011 BR91
2011 BM94
2011 BY116
2011 CX5
2011 CC24
2011 CX97
2011 CH110
2011 CT112
2011 DZ19
2011 DJ38
2011 ET1
2011 EQ2
2011 ER23
2011 EC28
2011 EO43
2011 EK73
2011 FF32
2011 FJ46
2011 FZ60
2011 FL73
2011 FP137
2011 FH141
2011 FP149
2011 HP95
2011 KB30
2011 KN33
2011 OW3
2011 QF19
2011 QX24
2011 QL26
2011 QD63
2011 QQ71
2011 QR91
2011 RD4
2011 SM4
2011 ST22
2011 SB40
2011 SV41
2011 SW48
2011 SX61
2011 SB62
2011 SO84
2011 SW84
2011 SM92
2011 SR105
2011 SF112
2011 SY159
2011 SG163
2011 SU169
2011 SY176
2011 SQ191
2011 SM227
2011 SF228
2011 SR233
2011 SM235
2011 SZ244
2011 SH245
2011 SP250
2011 SQ261
2011 TK11
2011 UX
2011 UH3
2011 UT9
2011 UG18
2011 US21
2011 UJ38
2011 UD53
2011 UK76
2011 UZ85
2011 UW95
2011 UY113
2011 UP117
2011 UD129
2011 UC176
2011 UA191
2011 UB247
2011 UU319
2011 UP334
2011 UQ360
2011 UQ103
2011 UC366
2011 UY366
2011 UY113
2011 UP117
2011 UA119
2011 UD379
2011 UD129
2011 UA398
2011 UJ150
2011 UR152
2011 UP156
2011 UC176
2011 UA191
2011 UD196
2011 UB247
2011 UF251
2011 UA297
2011 UH316
2011 UO317
2011 UU319
2011 UP334
2011 VJ7
2011 VF12
2011 VO22
2011 WT9
2011 WM17
2011 WF31
2011 WL48
2011 WL64
2011 WF87
2011 WL95
2011 WT97
2011 WV110
2011 WC113
2011 WW113
2011 WR124
2011 YN77
2012 AZ9
2012 BM2
2012 BP4
2012 BQ4
2012 BO5
2012 BA29
2012 BV77
2012 BX129
2012 CX12
2012 DA23
2012 DH23
2012 DJ25
2012 DF35
2012 FK13
2012 FG78
2012 GX4
2012 GB7
2012 GP34
2012 HN7
2012 HY10
2012 HL11
2012 HS53
2012 HU79
2012 JF1
2012 JM38
2012 PD11
2012 PW29
2012 PB38
2012 PH38
2012 QS22
2012 QB32
2012 RM1
2012 RX3
2012 RU8
2012 RJ16
2012 RR22
2012 RW23
2012 RE32
2012 RU42
2012 SZ3
2012 SL10
2012 SY17
2012 SV33
2012 SG62
2012 SY64
2012 TU17
2012 TA27
2012 TD41
2012 TL51
2012 TV57
2012 TK84
2012 TJ89
2012 TA128
2012 TL132
2012 TF134
2012 TX143
2012 TB160
2012 TW165
2012 TA189
2012 TQ194
2012 TX196
2012 TN201
2012 TJ206
2012 TO212
2012 TH225
2012 TO228
2012 TW231
2012 TF241
2012 TQ247
2012 TP255
2012 TV276
2012 TO304
2012 TB311
2012 UW
2012 UN2
2012 UX27
2012 UO36
2012 UH41
2012 UR47
2012 UJ51
2012 UB62
2012 UB78
2012 UM105
2012 UZ110
2012 UA131
2012 UR132
2012 UF135
2012 UZ146
2012 UV150
2012 UZ171
2012 VO3
2012 VT33
2012 VY37
2012 VE80
2012 VW93
2012 VS99
2012 VU102
2012 VV102
2012 VK107
2012 VX112
2012 WO4
2012 WV9
2012 WN20
2012 WX27
2012 XR29
2012 XZ29
2012 XW53
2012 XZ74
2012 XE84
2012 XH99
2012 XT139
2012 XT141
2012 XC155
2013 AZ18
2013 AF19
2013 AO33
2013 AQ37
2013 AK58
2013 AC74
2013 AD107
2013 BH9
2013 BC10
2013 BJ15
2013 BV29
2013 BX43
2013 BL50
2013 CZ12
2013 CD14
2013 CS18
2013 CR25
2013 CO32
2013 CH41
2013 CY44
2013 CY68
2013 CX70
2013 CG71
2013 CX84
2013 CJ102
2013 CK119
2013 CQ180
2013 CX188
2013 DT6
2013 EL1
2013 ED16
2013 EL39
2013 EL47
2013 EB66
2013 EP67
2013 EQ76
2013 EQ106
2013 EP117
2013 FC19
2013 GR16
2013 GH43
2013 GD53
2013 GJ72
2013 GZ101
2013 GD103
2013 GU108
2013 GZ108
2013 GL110
2013 HN26
2013 HL35
2013 HK53
2013 HZ69
2013 HD74
2013 HG110
2013 HY122
2013 HL131
2013 HZ131
2013 JM27
2013 KC18
2013 MP9
2013 NH4
2013 NW18
2013 PJ71
2013 QC6
2013 QD45
2013 QE57
2013 QA58
2013 QY63
2013 RB16
2013 RL18
2013 RZ33
2013 RP52
2013 RR96
2013 SJ28
2013 SH30
2013 SD39
2013 SH78
2013 SE79
2013 SP81
2013 TE18
2013 TP43
2013 TX44
2013 TT55
2013 TO89
2013 TS96
2013 TA107
2013 TW108
2013 TJ115
2013 TQ138
2013 TK141
2013 UH6
2013 UY9
2013 VR15
2013 WY58
2013 WZ82
2013 WS85
2013 WZ102
2013 WG104
2013 XQ24
2013 YE15
2013 YN21
2013 YO27
2013 YW28
2013 YS31
2013 YV37
2013 YA42
2013 YE54
2013 YR60
2013 YX74
2013 YY76
2013 YK117
2013 YL140
2014 AG49
2014 BQ12
2014 BT12
2014 BT35
2014 CO11
2014 CM12
2014 CU18
2014 CJ21
2014 DP1
2014 DM11
2014 DK19
2014 DW40
2014 DZ40
2014 DM42
2014 DN42
2014 DW46
2014 DT57
2014 DU59
2014 DV85
2014 DX87
2014 DJ91
2014 DW93
2014 DF105
2014 DZ108
2014 DD110
2014 DY117
2014 DL118
2014 DU128
2014 EL9
2014 EX13
2014 ET20
2014 EO29
2014 FP5
2014 FO9
2014 FY10
2014 FK20
2014 FV40
2014 FC51
2014 FZ52
2014 FB65
2014 GM45
2014 GX46
2014 HO
2014 HS
2014 HO12
2014 HU40
2014 HO44
2014 HW51
2014 HE123
2014 HE169
2014 HP175
2014 HD185
2014 JL11
2014 JG33
2014 JK36
2014 JU41
2014 JY48
2014 JC67
2014 JZ68
2014 KM9
2014 KM32
2014 KZ52
2014 KC67
2014 KF67
2014 LP5
2014 LQ11
2014 LR16
2014 MJ46
2014 MN47
2014 ML56
2014 ND10
2014 OZ35
2014 OT38
2014 OY39
2014 OS59
2014 OY62
2014 OD78
2014 OE79
2014 OT90
2014 OM116
2014 OH377
2014 OO123
2014 OZ385
2014 ON136
2014 OL138
2014 OC161
2014 OX173
2014 OV202
2014 OW232
2014 OR253
2014 OX264
2014 OS294
2014 OD306
2014 OD311
2014 OT346
2014 PG17
2014 PU18
2014 PO40
2014 PJ63
2014 QB19
2014 QV24
2014 QM52
2014 QB72
2014 QH101
2014 QO102
2014 QC370
2014 QR114
2014 QP379
2014 QW120
2014 QN128
2014 QH406
2014 QX417
2014 QL429
2014 QJ431
2014 QW431
2014 QZ175
2014 QF197
2014 QG205
2014 QK212
2014 QY227
2014 QH228
2014 QQ237
2014 QW267
2014 QQ301
2014 QF307
2014 QT336
2014 QR341
2014 QE343
2014 QU359
2014 RR15
2014 RN23
2014 RZ23
2014 RG34
2014 RY35
2014 RA48
2014 SU19
2014 SZ19
2014 SJ46
2014 SO51
2014 SS53
2014 SD86
2014 SV87
2014 SO167
2014 SZ188
2014 SJ207
2014 SX226
2014 SP235
2014 SK257
2014 SO264
2014 SM279
2014 SO282
2014 SA298
2014 SD306
2014 SQ314
2014 SQ315
2014 SG316
2014 SA330
2014 SC330
2014 SS338
2014 TB8
2014 TB22
2014 TK30
2014 TX34
2014 TE38
2014 TF54
2014 TJ59
2014 TS59
2014 TY83
2014 UL6
2014 UY6
2014 UX11
2014 UK40
2014 UV43
2014 US44
2014 UG46
2014 UM50
2014 UE55
2014 UF59
2014 UX89
2014 UK92
2014 UB96
2014 UD101
2014 UA104
2014 UL121
2014 UT129
2014 UG152
2014 UL158
2014 UB184
2014 UG187
2014 VV7
2014 VL8
2014 VQ33
2014 WA2
2014 WH7
2014 WL79
2014 WU163
2014 WD111
2014 WQ111
2014 WA394
2014 WB162
2014 WQ197
2014 WB467
2014 WB220
2014 WM261
2014 WX270
2014 WV302
2015 AO46
2015 AX52
2015 AC133
2015 AC176
2015 AO180
2015 AU206
2015 AN258
2015 BY2
2015 BW3
2015 BT13
2015 BS24
2015 BH42
2015 BW45
2015 BD58
2015 BJ82
2015 BF85
2015 BW87
2015 BB132
2015 BH150
2015 BB420
2015 BZ449
2015 BD456
2015 BU203
2015 BV470
2015 BW222
2015 BQ238
2015 BS498
2015 BW243
2015 CH5
2015 CN5
2015 CJ24
2015 CX41
2015 CZ41
2015 DF25
2015 DC33
2015 DH79
2015 DJ79
2015 DT82
2015 DW96
2015 DK146
2015 DS149
2015 DP206
2015 DD223
2015 EE4
2015 EP10
2015 FD157
2015 FR249
2015 GB22
2015 GO34
2015 HP27
2015 HB76
2015 HF138
2015 HL149
2015 HE171
2015 HL181
2015 KE28
2015 KV36
2015 KS39
2015 KL54
2015 LZ29
2015 LD31
2015 MC55
2015 MT65
2015 MU65
2015 MF95
2015 MB104
2015 NU8
2015 NJ9
2015 NN18
2015 NX24
2015 OA17
1992 SO7
1993 TS35
1995 SO76
1996 XR7
1997 BE5
1997 SC26
1998 QM100
1999 TU48
1999 TG72
1999 TM195
1999 VQ3
2000 GX60
2000 QN239
2000 RE34
2000 SP58
2000 SE156
2000 TO4
2000 TR46
2001 FK205
2001 FX206
2001 FQ208
2001 FZ215
2001 FH217
2001 FQ217
2001 FD243
2001 QU87
2001 QZ87
2001 QL278
2001 RD130
2001 TC145
2001 TJ185
2001 TH213
2001 UZ176
2002 GL28
2002 NZ77
2002 PA174
2002 PE187
2002 PG198
2002 PU199
2002 QB51
2002 QU73
2002 QU132
2002 QT154
2002 RO162
2002 RG164
2002 RM191
2002 RV193
2002 RX208
2002 RM244
2002 RR262
2002 RC266
2002 RY286
2002 RM288
2002 RR291
2002 SD65
2002 TU12
2002 TO131
2002 TX155
2002 TB294
2002 TY329
2002 TX351
2002 UY78
2002 VR147
2002 XH109
2003 BW80
2003 GN47
2003 PD3
2003 SM365
2003 SJ367
2003 SP385
2003 SZ385
2003 ST213
2003 SR241
2003 SG254
2003 SO265
2003 SL274
2003 SX333
2003 UZ3
2003 UR58
2003 UG82
2003 UK384
2003 UF355
2003 WY106
2003 YK124
2004 BL41
2004 CG33
2004 DV78
2004 EE11
2004 EE30
2004 RZ16
2004 RN52
2004 RM71
2004 RK98
2004 RL295
2004 RD301
2004 RX328
2004 SY24
2004 SW44
2004 TK18
2004 TP368
2004 TS153
2004 TV188
2004 TN227
2004 TT284
2004 TH317
2004 VF33
2004 XV61
2004 XY131
2005 BQ33
2005 CQ47
2005 EX20
2005 EZ107
2005 EV166
2005 EL168
2005 GW132
2005 NA9
2005 NJ59
2005 QA71
2005 QB130
2005 QQ141
2005 RU28
2005 SR10
2005 SY101
2005 SY132
2005 SA161
2005 SC161
2005 SF174
2005 SG175
2005 SM178
2005 SA185
2005 SP205
2005 SW236
2005 SV279
2005 TL24
2005 TY59
2005 TY67
2005 TW117
2005 TY182
2005 TM196
2005 UQ11
2005 UK21
2005 UX70
2005 UU367
2005 UZ370
2005 UB379
2005 UZ146
2005 UU172
2005 UV434
2005 UA453
2005 UZ229
2005 UJ263
2005 UH267
2005 US284
2005 UV291
2005 UP317
2005 UP324
2005 UX328
2005 US345
2005 VV12
2005 VV35
2005 VW45
2005 VG127
2005 WR12
2005 WK143
2005 WV143
2005 YT78
2005 YE80
2005 YT87
2005 YY118
2005 YH130
2005 YH189
2005 YO244
2005 YX266
2006 AA16
2006 BE72
2006 BB180
2006 BJ180
2006 BD230
2006 CS8
2006 DA14
2006 DM38
2006 FM24
2006 GT6
2006 HM58
2006 JH19
2006 JH40
2006 KJ100
2006 OC25
2006 OX25
2006 QN72
2006 QO73
2006 QH102
2006 QQ156
2006 QM182
2006 RP25
2006 RC108
2006 RN116
2006 RK122
2006 SG66
2006 SK92
2006 SO107
2006 SK396
2006 SG146
2006 SU148
2006 SB185
2006 SW191
2006 SW195
2006 SS197
2006 SS220
2006 SP284
2006 SS294
2006 SR307
2006 SL313
2006 ST332
2006 SL337
2006 SS341
2006 TH12
2006 TK34
2006 TF99
2006 UC13
2006 UB49
2006 UO73
2006 UU116
2006 UK137
2006 UT170
2006 UW195
2006 UU236
2006 UG254
2006 UU259
2006 UA332
2006 VR24
2006 VT97
2006 VN100
2006 VE144
2006 WB34
2006 WA38
2006 WF44
2006 WG72
2006 WB77
2006 WV92
2006 WA109
2006 WT168
2007 BH81
2007 CC17
2007 CD17
2007 CN28
2007 DD102
2007 EH14
2007 EA69
2007 EX85
2007 EN123
2007 EW204
2007 FA17
2007 FW28
2007 FS30
2007 HS
2007 HV56
2007 HC81
2007 HK96
2007 LX4
2007 NQ1
2007 QU15
2007 RL5
2007 RG27
2007 RW55
2007 RK91
2007 RL98
2007 RB101
2007 RZ128
2007 RG162
2007 RE175
2007 RB202
2007 RF258
2007 RU302
2007 RK309
2007 TK78
2007 TP78
2007 TE88
2007 TF96
2007 TW100
2007 TA116
2007 TU118
2007 TB151
2007 TD152
2007 TV170
2007 TP440
2007 TE253
2007 TM289
2007 TE314
2007 UC35
2007 UX43
2007 UV63
2007 UH70
2007 UG72
2007 UU72
2007 UE73
2007 UJ79
2007 UM81
2007 UY91
2007 UK122
2007 UF133
2007 UE135
2007 VL13
2007 VH27
2007 VO30
2007 VZ31
2007 VG37
2007 VN49
2007 VY49
2007 VW58
2007 VV59
2007 VR61
2007 VR108
2007 VO121
2007 VC196
2007 VO285
2007 XT16
2007 YZ1
2008 AK49
2008 AN56
2008 AF61
2008 AR61
2008 AR94
2008 BC39
2008 CP92
2008 CB147
2008 CD153
2008 CZ198
2008 DA61
2008 DQ74
2008 DD79
2008 DN87
2008 FT11
2008 FA80
2008 FW106
2008 GP24
2008 GQ52
2008 GC91
2008 JH32
2008 RK15
2008 RP55
2008 RL89
2008 RF109
2008 RH113
2008 RD131
2008 RF143
2008 RH144
2008 SY
2008 SG16
2008 ST20
2008 SY29
2008 SO32
2008 SN47
2008 SZ47
2008 SO101
2008 SS115
2008 SY183
2008 SW186
2008 SD198
2008 SR198
2008 SG220
2008 SB221
2008 SS223
2008 SW225
2008 SY243
2008 SD275
2008 TS74
2008 TN78
2008 TJ80
2008 TM96
2008 TM97
2008 TT99
2008 TW122
2008 TF125
2008 TG140
2008 US18
2008 UH19
2008 UQ22
2008 UJ48
2008 UZ50
2008 UH60
2008 UD64
2008 UF80
2008 UH115
2008 UW151
2008 UU181
2008 UK209
2008 US235
2008 UP237
2008 UU251
2008 UV278
2008 UN286
2008 UY289
2008 UN291
2008 UV319
2008 VP33
2008 VL54
2008 VX65
2008 VB66
2008 WV4
2008 WE6
2008 WZ6
2008 WE15
2008 WG49
2008 XS13
2008 YY55
2008 YJ58
2008 YV73
2008 YH74
2008 YB83
2008 YB116
2008 YM116
2008 YJ169
2009 AN1
2009 AU33
2009 AE45
2009 BM37
2009 BT160
2009 BN177
2009 CE47
2009 DG10
2009 HZ6
2009 HS61
2009 HG86
2009 JU
2009 KR
2009 KS11
2009 KL33
2009 PX13
2009 QN32
2009 QY61
2009 RR40
2009 RM45
2009 RS46
2009 SH21
2009 SL23
2009 SW33
2009 SA59
2009 SX60
2009 SC97
2009 SJ97
2009 SF114
2009 SX158
2009 SD169
2009 SP223
2009 SS268
2009 SJ270
2009 TR24
2009 US7
2009 UC52
2009 UR64
2009 UH66
2009 UT137
2009 VU108
2009 WP30
2009 WK37
2009 WF42
2009 WB44
2009 WK75
2009 WA99
2009 WV134
2009 WK191
2010 AV10
2010 AV36
2010 BD129
2010 CK75
2010 CJ103
2010 CU194
2010 DG5
2010 DB43
2010 EB3
2010 EU45
2010 EJ84
2010 EQ110
2010 FC14
2010 FR78
2010 FG104
2010 FN119
2010 JF11
2010 JB30
2010 JT74
2010 JM104
2010 KZ23
2010 KZ111
2010 LX15
2010 LT41
2010 LU68
2010 LW84
2010 MH99
2010 MD111
2010 NB9
2010 NO92
2010 NZ106
2010 NB109
2010 OL30
2010 PB75
2010 QL
2010 RY77
2010 RX138
2010 TJ31
2010 TC64
2010 TO124
2010 TW151
2010 TR152
2010 UM19
2010 UC50
2010 VJ84
2010 VT179
2010 VZ198
2010 VP204
2010 VD208
2010 WE32
2011 AW42
2011 BQ9
2011 BB29
2011 BD55
2011 BN61
2011 BR102
2011 BA110
2011 BP125
2011 BM157
2011 CJ62
2011 CP62
2011 CR82
2011 CU100
2011 CU110
2011 DM31
2011 ED29
2011 EC38
2011 EK46
2011 FQ65
2011 FX98
2011 FK125
2011 GW11
2011 GE36
2011 GA50
2011 HH98
2011 HA101
2011 JH3
2011 JQ20
2011 LG4
2011 LW9
2011 OB31
2011 QN59
2011 QV72
2011 RP9
2011 SM2
2011 SL5
2011 SB8
2011 SE9
2011 SV47
2011 ST58
2011 SE59
2011 SC62
2011 SC95
2011 SX129
2011 SM144
2011 SX146
2011 SP163
2011 SW168
2011 SZ181
2011 SP209
2011 SJ219
2011 SZ232
2011 SL246
2011 SX274
2011 TR6
2011 TG7
2011 UK17
2011 UL50
2011 UH56
2011 UA65
2011 UK72
2011 UE99
2011 UB101
2011 UO125
2011 UR126
2011 UL132
2011 UO132
2011 UG399
2011 UZ141
2011 UX148
2011 UO152
2011 UP162
2011 UL191
2011 UT201
2011 UO213
2011 UP213
2011 UQ214
2011 US218
2011 UB224
2011 UH236
2011 UD274
2011 UA307
2011 UO316
2011 UZ335
2011 VJ21
2011 WM11
2011 WW44
2011 WM53
2011 WH58
2011 WF70
2011 WC82
2011 WK83
2011 WW93
2011 WS139
2011 YJ59
2012 AV1
2012 BK7
2012 BA70
2012 BR70
2012 BE75
2012 BA120
2012 DS83
2012 FO4
2012 FO7
2012 FN19
2012 FL64
2012 FE65
2012 JL23
2012 JN26
2012 JW38
2012 JO39
2012 JS42
2012 JB54
2012 JY63
2012 KO5
2012 KQ34
2012 QM13
2012 QP40
2012 QS45
2012 RS11
2012 RT26
2012 RV26
2012 SR2
2012 SR6
2012 SE17
2012 SF43
2012 TY12
2012 TB18
2012 TF32
2012 TQ75
2012 TH102
2012 TP129
2012 TZ165
2012 TT166
2012 TG185
2012 TK187
2012 TQ216
2012 TY246
2012 TA260
2012 TT263
2012 TM266
2012 TO273
2012 TQ295
2012 US1
2012 UL19
2012 UJ29
2012 US34
2012 UB46
2012 UZ47
2012 UF55
2012 UU69
2012 UT80
2012 UQ88
2012 UC90
2012 UJ115
2012 UU125
2012 UE126
2012 UY130
2012 UC138
2012 UJ150
2012 UZ153
2012 VR8
2012 VK21
2012 VO31
2012 VG37
2012 VN53
2012 VE84
2012 VZ109
2012 VS110
2012 WJ8
2012 XT
2012 XY25
2012 XX30
2012 XG41
2012 XV53
2012 XX90
2012 XM141
2012 XA147
2013 AB45
2013 AW106
2013 AT117
2013 BQ16
2013 BD36
2013 BR41
2013 CA6
2013 CU7
2013 CD95
2013 CF126
2013 CB130
2013 CK133
2013 CS143
2013 EC17
2013 EY19
2013 ED25
2013 EG58
2013 EX98
2013 FD1
2013 FZ9
2013 GP17
2013 GK21
2013 GJ96
2013 GE122
2013 HK39
2013 HD40
2013 HW41
2013 HY41
2013 HG42
2013 HJ42
2013 HH45
2013 HH49
2013 HY52
2013 HJ53
2013 HB58
2013 HH62
2013 HK64
2013 HZ64
2013 HL65
2013 HM66
2013 HY66
2013 HW68
2013 HS69
2013 HO72
2013 HM75
2013 HY79
2013 HU81
2013 HB83
2013 HE93
2013 HO93
2013 HA95
2013 HS98
2013 HP125
2013 HB126
2013 HR129
2013 HP132
2013 HH135
2013 HQ136
2013 HP139
2013 HE140
2013 HS143
2013 HV145
2013 HD149
2013 JO8
2013 JA59
2013 KA10
2013 KF14
2013 ON
2013 PO22
2013 PH23
2013 PF34
2013 PS35
2013 PR41
2013 RF14
2013 RJ62
2013 RQ77
2013 SJ8
2013 SM23
2013 SZ30
2013 SR33
2013 SP35
2013 SJ42
2013 SR84
2013 TN1
2013 TF26
2013 TH47
2013 TU58
2013 TG101
2013 TU125
2013 UG8
2013 VE1
2013 WH15
2013 WT19
2013 WT35
2013 WU36
2013 WF82
2013 XU11
2013 XU13
2013 XV15
2013 YD1
2013 YD14
2013 YT27
2013 YE51
2013 YU92
2013 YD94
2013 YK112
2013 YX120
2014 AZ6
2014 AJ18
2014 AK33
2014 AT47
2014 BE11
2014 BO15
2014 DE29
2014 DY33
2014 DG65
2014 DB77
2014 DA82
2014 DM93
2014 DP97
2014 DT104
2014 DK108
2014 DY119
2014 EY1
2014 EK9
2014 EK14
2014 EZ25
2014 GS23
2014 GL41
2014 HQ10
2014 HM29
2014 HM35
2014 HU41
2014 HA47
2014 HU48
2014 HT56
2014 HC73
2014 HB78
2014 HZ148
2014 HN156
2014 HX174
2014 HE186
2014 JC1
2014 JH4
2014 JY13
2014 JT69
2014 KM26
2014 KZ87
2014 MN23
2014 NU63
2014 OD17
2014 OD19
2014 ON22
2014 OO41
2014 OX42
2014 OA43
2014 OA59
2014 OZ64
2014 OS65
2014 OP76
2014 ON365
2014 OH119
2014 ON124
2014 OM128
2014 OX388
2014 OG136
2014 OT136
2014 OK141
2014 OE142
2014 OQ143
2014 OP144
2014 OA148
2014 OZ152
2014 OT154
2014 OU154
2014 OL164
2014 OZ170
2014 OB203
2014 OF220
2014 OG277
2014 OO319
2014 OA321
2014 OS327
2014 PZ14
2014 PS33
2014 PZ48
2014 PA66
2014 QJ23
2014 QS26
2014 QO34
2014 QM42
2014 QU51
2014 QY120
2014 QK422
2014 QQ179
2014 QJ207
2014 QK207
2014 QO210
2014 QD216
2014 QD229
2014 QB281
2014 RC1
2014 RF1
2014 RL16
2014 SO87
2014 SD88
2014 SS114
2014 SM131
2014 SD138
2014 SB139
2014 SL151
2014 SX179
2014 SX188
2014 SX205
2014 SH255
2014 SJ259
2014 ST289
2014 SX299
2014 SG300
2014 SF314
2014 SL320
2014 SY331
2014 SY335
2014 SO336
2014 SC338
2014 SX344
2014 TZ4
2014 TB12
2014 TV61
2014 TS84
2014 UY30
2014 UT48
2014 UW99
2014 UX111
2014 UU112
2014 UD118
2014 UU147
2014 UQ151
2014 UR159
2014 UL180
2014 UE195
2014 UE201
2014 UV201
2014 VY11
2014 VO30
2014 VC32
2014 WJ17
2014 WM25
2014 WC43
2014 WZ83
2014 WJ95
2014 WV98
2014 WG106
2014 WO111
2014 WZ132
2014 WV134
2014 WM402
2014 WN403
2014 WU163
2014 WN461
2014 WO271
2014 WH272
2014 YK23
2014 YP32
2015 AQ77
2015 AN131
2015 AR139
2015 AW151
2015 AY180
2015 AC276
2015 AA278
2015 AS278
2015 BO19
2015 BD46
2015 BO53
2015 BW57
2015 BB72
2015 BF79
2015 BS82
2015 BC112
2015 BT118
2015 BT127
2015 BB128
2015 BA129
2015 BE133
2015 BM144
2015 BR148
2015 BF167
2015 BQ167
2015 BK432
2015 BE442
2015 BY185
2015 BH188
2015 BP192
2015 BY193
2015 BO195
2015 BU200
2015 BD202
2015 BE462
2015 BC469
2015 BW209
2015 BH219
2015 BK480
2015 BB225
2015 BT228
2015 BF229
2015 BR230
2015 BP243
2015 BP516
2015 BK292
2015 BU339
2015 BT344
2015 BV359
2015 CG4
2015 CG41
2015 CN48
2015 CQ50
2015 DQ46
2015 DD119
2015 DC152
2015 DA166
2015 DF166
2015 DD221
2015 EK4
2015 EH5
2015 FB114
2015 FN115
2015 FK157
2015 FQ178
2015 FX184
2015 FS233
2015 GV35
2015 HA58
2015 HU62
2015 HW65
2015 HF68
2015 HY71
2015 HC76
2015 HC86
2015 HE86
2015 HA101
2015 HK101
2015 HC139
2015 JB11
2015 KO30
2015 KR37
2015 KR43
2015 KY47
2015 KU49
2015 KH110
2015 KA129
2015 LA11
2015 LY37
2015 LZ37
2015 MV52
2015 MH75
2015 MQ76
2015 MC89
2015 MB107
2015 MS115
2015 MP118
2015 MB130
2015 NG8
2015 NB9
2015 OT2
2015 OB13
2015 OE13
2015 OS17
2015 PH31
2015 PU38
2015 PO40
2015 PM42
2015 PP48
1077 T-2
