id
207
496
825
1225
1661
1785
1830
1837
2080
2779
2941
3181
3455
3954
4519
4638
5004
5109
5245
5377
5424
5634
5669
5896
6243
6627
6917
7263
7572
7799
7960
8275
8297
8303
8589
9110
9196
9232
9415
9494
9762
9763
9998
10038
10786
10844
11161
11227
11238
11688
11839
12553
12680
12770
13157
13670
13909
14147
14230
14862
15053
15251
15622
16215
16400
16477
16625
16874
17248
17887
18501
18587
20232
20282
20956
21048
21391
21428
21433
21436
21486
22764
23425
23426
23545
24064
24078
24674
24977
24993
25380
25434
25484
26035
26426
26932
26944
27063
27280
27682
28035
28168
28218
28589
29284
30901
31115
31125
31391
31448
31989
32042
32107
33269
33409
35112
35355
35701
35860
36309
37800
38640
38849
39597
41655
41663
41693
41820
41936
42597
43393
44064
44075
44086
44090
44136
44650
44666
44855
44996
45885
45924
45970
45997
46032
46053
46167
46766
46788
47209
47234
47990
48031
48204
48351
49679
49700
49713
49932
50001
50144
51484
51585
52474
52483
52563
52817
53028
53437
53461
53564
53592
53594
53602
53750
53823
54015
54017
55092
56555
57945
58026
58309
58409
58611
58944
59821
60229
60622
60746
60826
61016
63625
64222
64224
64458
66192
67237
67450
68549
68619
69304
69609
70049
71774
71780
71796
71807
71836
71843
71914
74022
74849
75188
76869
76918
77129
77149
78056
78526
79107
80141
80144
80231
80510
80598
80693
84265
84572
86381
86485
86528
87032
88671
88672
90086
90789
92356
92373
92377
92380
92412
94397
94409
94506
94508
94521
94546
94593
94773
96291
96613
96725
97736
97891
97917
98009
98150
98224
98324
98342
99345
99453
99507
99539
99562
99592
100150
100298
100722
100751
100821
101854
101918
102679
103013
103228
103968
105408
105688
105751
105786
106232
106308
106352
106387
106391
106422
106602
107120
107254
110490
111616
111796
111868
111874
111899
112278
113531
114060
115101
116101
116768
118099
118454
118538
121846
121850
121877
121886
122067
122149
124234
124377
124656
124687
124798
124957
125147
125166
125232
125240
125287
125321
125372
125452
125669
127493
127498
127620
127635
127965
128350
128739
129384
130417
130422
130626
131536
131561
131587
131627
131709
132048
134299
134960
136788
137422
137563
138951
138984
142935
143761
143996
145001
145061
146259
147588
148472
149209
149634
149640
150316
150657
151615
151941
154341
154344
154366
154677
154690
155109
155587
156731
157486
157812
158621
159179
160539
161582
162037
163028
163034
163037
163059
163093
164236
164407
164624
165965
165970
166000
166025
166099
167713
167724
168222
168790
169478
169487
171728
171782
172525
172823
175125
175157
177153
177681
177715
180812
180834
180885
182255
182847
182997
183657
183710
183729
185563
185566
186375
187045
187705
187837
187924
187935
188353
188364
188997
189331
190448
190717
191240
192168
192175
192953
194066
197541
197584
197601
197611
197806
198912
199827
199865
199942
200622
200751
202937
203041
203295
203299
203316
203328
204631
204643
204761
205037
205600
207465
209537
209538
209587
209948
209971
209998
209999
210007
210267
211063
211079
212355
212373
212377
212657
212824
212875
213223
214520
214850
215352
215392
215698
216020
217296
218093
218316
218560
220906
221558
222377
224019
224802
224828
224840
225122
226145
226585
226637
228725
229041
229369
229376
229673
229966
231485
231778
233501
234479
236105
236136
236143
236159
236187
237674
238844
238846
238879
238900
239757
240044
241550
242791
245555
245629
247455
250069
254446
256580
256600
256601
256619
258443
260233
260418
261854
261900
263140
263155
264454
265504
266081
266110
266529
266544
268760
271402
271406
272112
272164
273375
273390
274131
274162
274859
275043
276771
277992
278005
278543
279552
279681
280157
281806
283735
283904
284128
284448
285075
285362
286327
288485
288651
289383
290839
290972
291265
291295
291720
292190
292414
292847
293062
294013
294465
294502
294665
294678
294701
294742
296253
296295
296959
297714
299342
299410
300262
301025
301121
302159
303992
304030
305553
305616
306543
306933
307557
308658
308709
309898
310295
311131
311574
312054
312544
313229
314131
314612
314626
314636
318908
319405
320453
320469
322922
323665
324909
325866
327151
328061
328942
328961
329177
329870
330316
330862
332274
332479
333069
334916
336569
336817
338871
338895
338912
339592
339710
339737
340837
340840
340858
343242
345228
346936
349096
351500
351527
351540
351552
352707
352754
354675
354745
355878
357024
357833
359008
359381
359402
361996
362009
362791
364668
365057
365187
367258
367282
367467
367949
369700
371328
371404
371824
371830
372345
372796
373159
374192
375161
376081
376090
376404
376608
377492
377497
378533
379611
379944
381380
382009
382042
382172
382175
383415
384306
384624
385477
386260
386643
389594
389805
392231
394355
394366
395298
395713
395717
395726
396338
397428
400216
400755
401515
402838
404141
404348
405756
405757
407729
408210
409652
410682
410696
411638
411663
413014
413414
413715
414416
418903
420312
420324
421835
424456
425588
425621
428482
429452
429772
429791
430045
431627
432177
433381
434251
434950
435431
439486
1994 VH8
2002 DC3
2002 EB103
2002 PC162
2003 SU10
2004 LZ29
2004 TK87
2005 QA134
2005 RZ31
2005 SZ70
2005 SU138
2005 VU107
2005 YA114
2005 YP238
2006 BF55
2006 BF106
2006 BH204
2006 CX24
2006 DC31
2006 DQ103
2006 RM52
2006 UH284
2006 VH53
2006 VW56
2006 YW53
2007 AH5
2007 DG101
2007 EH11
2007 GE1
2007 VK59
2007 VR213
2008 AN64
2008 CR128
2008 ER158
2008 GZ54
2008 JG31
2008 TW114
2008 UE7
2008 UL129
2008 YY100
2009 BQ127
2009 CR
2009 CU10
2009 DO93
2009 EB22
2009 FT69
2009 KC17
2009 SR125
2009 UD19
2009 VM9
2009 WL234
2010 CS36
2010 CN108
2010 EX139
2010 FW9
2010 VN1
2011 AB47
2011 BV51
2011 BQ106
2011 BZ135
2011 CZ23
2011 CP93
2011 DS7
2011 UH6
2011 UO303
2012 AQ10
2012 DX90
2012 TE79
2012 TJ258
2012 WS1
2013 AC58
2013 CL13
2013 CK186
2013 CD207
2013 CB221
2013 ER18
2013 FG1
2013 HG50
2013 JY21
2013 PE42
2013 QB29
2013 RL25
2013 RH72
2013 TG4
2013 TJ56
2013 XK15
2014 AY47
2014 BH14
2014 DG43
2014 GH12
2014 HO47
2014 KO4
2014 KG17
2014 OH52
2014 OY108
2014 OQ120
2014 PH5
2014 QR145
2014 QZ352
2014 RV58
2014 TT35
2014 UW48
2014 UC135
2014 UK137
2014 WZ19
2014 WP59
2014 WL135
2015 BU
2015 BV
2015 BX130
2015 BS432
2015 BQ439
2015 BK187
2015 BD509
2015 BP297
2015 CC1
2015 DR89
2015 HM174
2015 KL41
2015 KW120
2015 KY135
2000 CV97
2001 FT200
2001 FF217
2001 FR219
2001 UH207
2001 XT162
2002 EO148
2003 SA366
2003 SK372
2003 UH339
2004 RQ244
2005 GZ97
2005 JY22
2005 MQ22
2005 NV25
2005 TR156
2005 WS210
2006 BA222
2006 RJ79
2006 RZ108
2006 SK80
2006 SH147
2006 TW11
2006 UH196
2006 UO231
2006 UZ241
2006 XU39
2007 BY78
2007 CR78
2007 DQ67
2007 EV211
2007 RN121
2007 RM126
2007 RB238
2007 SV8
2008 AR15
2008 RY74
2008 TR37
2008 TX150
2008 UF117
2008 VW32
2008 YE91
2009 SQ28
2009 SE225
2010 AW3
2010 BB15
2010 BQ83
2010 CM37
2010 CT112
2010 EW167
2010 GK52
2010 GL170
2010 HM30
2010 JL60
2010 JM131
2010 KE16
2010 KD96
2010 LV18
2010 LH52
2010 NG94
2010 NJ112
2010 OP9
2010 PP27
2010 PG31
2010 WL36
2011 AR64
2011 BN44
2011 BN48
2011 CO36
2011 CE110
2011 FY81
2011 GD28
2011 SK53
2012 BV125
2012 EK13
2012 FW3
2012 FO19
2012 HS34
2012 QH41
2012 TM181
2012 UH4
2012 WH16
2012 XS48
2013 CX62
2013 CP104
2013 EP5
2013 ET42
2013 EW100
2013 HZ34
2013 HT56
2013 HT109
2013 HU115
2013 HC141
2013 JC56
2013 LG2
2013 RH29
2013 RZ40
2013 TT103
2013 YP26
2014 AM6
2014 HN155
2014 KV13
2014 OR28
2014 OR32
2014 OU136
2014 UX175
2014 WH360
2015 AW26
2015 AE32
2015 AN248
2015 BJ34
2015 BB119
2015 BP153
2015 CO45
2015 GR35
2015 HP79