id
30535
44641
48844
49669
51634
53428
53456
53522
55969
56321
56328
56351
57109
58920
59979
60335
60374
60423
60624
61097
63527
63637
63644
64254
66108
66109
66152
66154
67238
67366
67378
68387
68547
68593
69961
70030
71734
71735
71736
71737
74427
74555
77961
84068
85713
86263
86302
86419
88258
90216
91034
91036
91037
91041
91043
91090
91091
92036
92205
92227
94332
94345
95712
96518
96573
97208
97517
97739
99324
99388
100980
101185
101365
101455
101514
101549
103803
104442
104446
104581
104643
104770
104902
105001
111200
111243
111284
111564
111627
111628
111675
111679
111693
111769
111934
112063
114792
114912
115216
115473
115478
115900
117804
118396
120769
120776
120807
121218
121224
121230
121231
121236
121238
121335
121340
121350
121660
121818
123763
123947
124142
127539
128437
129626
129627
129629
129643
129653
129666
129888
129893
129950
130008
130010
130091
130094
130133
130243
130350
131445
131469
131592
133033
133040
133044
133053
133057
133937
134038
134241
134422
134440
134482
135140
135152
135486
135487
136399
136934
136951
136953
136954
136988
136989
136990
137022
137030
137037
137057
137066
137078
138133
138197
138260
138276
138323
138450
138666
140747
140953
141337
141398
141418
141426
141427
141483
141491
143640
143663
144920
144931
144945
144969
145046
145079
145090
145823
145839
146833
146894
146946
147434
147435
147705
148315
149176
149561
160657
160939
161556
161716
161752
162116
162208
162261
162299
162907
164716
164718
164719
164878
166901
168045
168103
168531
170883
170886
170889
175944
176348
176497
177649
177654
177995
178421
178431
178979
179281
180086
180183
181820
182072
182688
184275
184293
185012
185040
185863
187023
187034
187490
187574
187789
187791
187859
188048
188577
188849
189021
189265
189784
189961
190132
201950
206073
208823
210571
214873
216442
216695
216773
216854
216962
217654
217857
218005
218019
218546
219544
220309
222593
222689
223987
223996
225111
225121
227762
228012
228548
228572
228617
228896
229282
229294
229307
230272
230289
231402
232143
232549
237801
241601
241922
243903
245046
250949
251538
251734
255353
256551
257536
257715
258043
263975
264504
266475
266680
266958
267145
270373
274055
274844
278532
281370
282797
282821
283374
285282
293035
293096
294080
295406
296492
297913
298369
302339
302948
303544
303606
304747
306042
308201
310095
312473
312559
317131
318432
318476
325798
328471
333457
335038
336045
337072
337075
339168
340431
340467
343685
344076
344194
345476
346149
346257
346902
348349
348989
351368
351829
351885
352621
352633
353190
353221
354609
354610
357624
358138
358372
360209
361398
373138
382006
384247
385771
391179
392721
393687
394540
395715
399437
400141
400411
402560
405978
409421
409850
409853
415296
415319
417583
417607
439006
1998 WB2
1998 XL2
1998 XN2
2005 EF153
2005 YK94
2006 DW32
2006 RJ108
2006 SW247
2008 CC146
2009 BS1
2009 SU166
2009 TS46
2010 EB22
2010 RY1
2012 BT23
2012 JU26
2012 QX14
2012 TU30
2012 TM35
2012 TK145
2012 UD34
2012 WO
2013 EV114
2014 BL9
2014 BF33
2014 DT46
2014 TS9
2014 TN35