id
153
1180
1212
3134
3571
4446
13317
14195
15505
15671
16232
16915
21128
31284
35016
37155
37590
39266
41278
45739
56996
59050
62145
62408
65236
65244
66227
67340
68402
68933
73436
77884
78159
78815
86435
88230
91273
91304
92272
95952
109184
111885
111995
112442
113224
119904
121005
127448
127519
128420
137312
138388
141503
152133
155959
158000
162284
164903
165188
165558
168550
169508
171600
175115
175351
175620
185599
185640
192203
193241
193501
194399
202314
205070
209512
210184
217032
217196
217991
228535
229050
229795
230294
231909
233980
236884
237278
238819
242016
247563
247893
248004
250125
250139
250576
253040
253068
257456
258308
259258
259897
269522
270356
279110
284419
287385
287934
290252
290742
291676
298484
298867
300986
300994
302915
302954
315908
318009
323685
325700
332019
335452
340121
341842
346265
353692
376537
377597
378534
384857
385567
386501
390742
393263
395694
400312
403515
404653
410391
415440
423585
427944
433132
1994 RE3
2001 XS146
2001 XP170
2002 RE254
2003 SO79
2003 UN378
2003 UC194
2004 CS16
2006 RT3
2006 SJ412
2007 CD48
2007 SC21
2007 TS158
2007 TK280
2007 TA301
2007 VG4
2008 SO136
2008 UW19
2008 UR239
2008 UR239
2009 WN87
2010 GF29
2010 MJ93
2010 OH14
2011 AL8
2011 CW53
2011 OB6
2011 QL34
2011 QE62
2011 RL14
2011 SU223
2012 TJ191
2012 TC208
2012 VM58
2012 WA22
2013 CQ191
2013 FY6
2013 FZ19
2013 PP11
2013 TP41
2014 HM10
2014 QL152
2014 UT175
2002 SK74
2004 XT75
2004 XH91
2007 RK47
2008 VW10
2008 XS23
2009 SN133
2010 BM25
2010 BX68
2010 BH88
2010 EZ27
2010 GT17
2010 HH4
2010 HL4
2010 JG101
2010 JS109
2010 KN70
2010 KY110
2010 LH21
2010 OL46
2010 TR183
2012 CF14
2012 UQ9
2013 FH22
2013 HJ81
2013 OM4
2014 QN424
2014 RE6
2015 BS18
2015 BG227
2015 EF5
2015 MV37
2015 MC64