id
272
2305
2732
2930
6678
7562
7600
8763
8955
9473
9837
10621
10949
10955
10976
11967
12178
12755
13588
14213
15602
16844
16879
16939
17299
18275
18699
19349
19466
19629
20202
20897
21092
22335
22389
22485
24002
24162
25040
25194
25267
25495
25630
26144
26655
26728
27118
27145
27694
28286
28292
29102
29813
30638
31206
31701
31798
31956
32618
32657
32706
32972
33183
33254
33545
33596
34190
34271
34589
34922
35245
36245
36699
36854
37058
37254
37489
37953
38350
38358
38509
39035
39074
39240
39370
39546
39582
39589
39628
40765
40859
40877
40901
41932
41937
42205
44313
44386
44404
44560
44586
44845
44985
45000
45447
45580
46328
46483
46604
47508
47557
47636
47704
48169
48212
50010
50340
50581
50899
50913
51005
51897
52659
53141
53175
53192
54186
54471
54904
55360
55447
55683
55859
57977
58001
58562
58831
59093
59117
59391
59437
59676
60126
60364
60425
61625
61718
61767
61906
62028
62031
62148
62230
62245
62252
62294
62439
62469
62719
62812
62913
63694
63738
63763
64209
64490
64671
64965
65221
65295
65568
65613
65620
66802
66818
68475
68514
69370
69908
70879
70894
70928
72510
72610
72642
72754
72814
73433
75790
75831
75859
75897
76143
76176
77518
77786
78397
78531
78623
81358
81656
82521
82564
82726
82822
83363
83381
83532
83592
83631
83741
84721
85519
87652
87714
87733
87884
89067
89069
89086
89134
89155
89156
89159
89178
89701
89759
89944
93471
93569
93696
93782
93833
93846
95053
95128
95138
95164
95193
95328
95502
95525
95557
95559
95961
97002
97010
97609
98852
99131
99314
100165
100409
100728
101178
103740
103801
103864
103872
104070
104460
107562
108004
108153
108244
109903
110174
110210
110286
110384
110398
110473
110619
110623
110625
110707
110798
111036
111073
111085
111313
111362
112462
112479
112926
113245
113490
113526
114010
114160
114551
114592
114630
114711
114736
114914
115660
116113
116232
116267
116295
116482
117596
117810
118837
119361
119685
119849
120591
121401
121465
123038
123129
123407
125070
125479
126513
126607
126689
126707
126942
126966
126995
127093
127149
127320
128800
129148
131241
132115
133321
133468
133691
133704
134176
136025
136171
136198
136263
136286
136337
137113
137153
139800
139834
139900
139922
139990
140082
140172
140298
143118
143184
143419
143537
143983
144072
144699
144736
145318
145475
146798
147371
147422
147809
147910
148931
148991
149531
149535
150034
150571
150573
150970
151157
151221
151236
151237
151892
152036
152275
152379
152403
154023
154044
154049
154071
154561
155402
156475
157244
157261
157334
158546
159063
159079
159376
159921
159991
162381
162394
162905
163985
164025
164355
164993
165025
165583
166750
167295
167302
167318
167330
167341
167363
167367
167526
167841
167914
168359
168382
169866
169958
170513
170634
170866
171413
171501
172290
172716
172908
172915
173774
173786
173787
174273
175028
175034
175638
175678
175972
176325
177633
177866
178073
178090
178161
178199
179000
179064
179146
179203
179230
179266
179314
179323
180682
181448
181463
181495
181502
181577
181720
182527
182556
183034
183285
183476
183490
183509
184014
184370
184492
184587
184919
185121
185412
185700
186212
186626
187189
187199
187613
187670
187927
188686
189350
189385
189399
189416
189778
192001
192057
192086
192407
192788
192860
193640
195426
195488
196548
196674
196882
196919
197001
198493
198561
198686
199505
199594
199600
199621
200116
200151
201109
201655
201736
202586
202643
203740
204015
204507
204525
204556
204868
204945
206018
206062
206579
206686
206700
207371
207845
208022
208117
208892
208899
209531
209725
209761
210421
210649
210886
211487
211785
211808
212098
212551
212786
212815
212869
212873
213742
213747
214618
214696
214700
214792
214803
215022
215766
216188
216334
216376
216817
216868
218687
218705
219213
219408
219737
219825
219848
220830
221238
221306
221331
221459
221703
221948
222318
222739
222800
222829
223762
224209
224326
224435
224550
224606
225268
225995
226003
226010
226847
226865
227424
227457
227547
227582
227872
227931
227966
229228
229560
229801
229806
230953
231199
231327
231372
231556
231576
231918
232147
232566
232816
233305
233361
233756
233761
233822
233833
233841
233865
233870
233882
233896
233967
233974
233993
234006
235259
235268
235287
235877
235930
236446
236527
236542
236587
236627
236643
236795
237197
237258
237289
237327
237927
237942
237981
238248
238277
238636
238736
239126
239466
239538
239828
240173
241267
241523
242583
242636
242637
242997
243043
243061
243454
243707
243932
244845
244963
245710
245988
246218
246348
246420
246644
246705
246746
247009
247444
248897
249205
249570
249945
250667
251215
251293
251434
251451
251504
251523
252568
252570
253374
254708
254788
254817
254824
254852
254891
254907
254913
256220
256236
256269
256297
256813
256858
256913
256935
256985
257032
257077
257131
257135
259160
259856
259938
259994
260615
260913
260925
260959
261138
261152
261308
261398
261527
262289
262314
262790
263034
263276
263449
263466
263562
263729
263760
264762
265769
265808
265856
266378
266848
266850
266880
267084
267467
268469
268488
268516
268538
268592
269473
269573
269771
270454
270522
271871
272617
272629
272656
272885
272937
272953
272970
272978
273194
273943
274423
274511
274637
274654
274757
274875
274930
275038
275338
275379
275708
276072
277451
277560
277703
277745
278045
278527
278639
278693
278743
278790
278839
278847
278866
279315
279390
279581
279586
279736
279809
280316
280941
282006
282861
282944
282962
283018
283079
283307
284058
285055
285113
285544
286233
286313
286320
286512
287157
287815
287914
288274
288441
289071
289879
290286
290362
290410
290499
290515
290634
290711
290771
291085
291287
291686
291697
291779
291792
292510
292591
292991
293215
293232
293261
293317
293748
293906
294325
294366
294641
294669
294773
294790
294870
294959
295105
296093
296206
296246
296618
297031
297149
298126
298128
298579
298617
299143
299177
299213
300481
300653
300774
300832
301354
301375
301433
301977
303123
303169
303180
304326
304421
305198
305262
305263
305331
305351
305918
305932
305934
306098
306196
307469
308892
308977
309029
309045
309538
309545
310135
310353
311758
311800
311872
312255
312375
312386
312391
312756
312915
313265
314293
314295
314830
315600
315722
315736
315748
315756
315872
316252
316454
316566
316690
317197
317204
317386
317667
318056
318728
318779
318865
318873
318900
318925
318941
318971
319004
319910
320028
320064
320116
320161
320639
320746
320779
320902
320923
321839
321919
322018
322078
322309
322876
322886
323816
323889
323947
323950
323955
324003
324052
324609
324639
324651
324670
325164
325272
325963
326011
326256
327304
327396
327431
327958
329055
329166
330445
330465
330472
330485
331291
331647
332773
332890
333063
333250
333571
333811
334766
335556
335600
336283
336377
336397
336398
336477
336759
336829
336984
338054
338136
338150
338153
338677
338688
338700
338746
339407
339425
340561
341279
342497
342540
342541
342551
342572
342762
343302
343395
343413
343478
343483
343495
343516
344464
345895
346022
346664
346712
346921
347044
347086
348382
349227
349738
350264
350310
350385
351438
351838
352269
353090
353127
353256
353500
353672
354312
355140
355519
356145
356615
356690
356789
358186
358204
358219
358227
358296
358720
359240
359922
360108
360169
360350
361347
361792
361836
361843
361873
361952
362381
362835
362845
362870
362889
364408
364832
364968
365516
365546
365647
365924
366048
366195
366864
366892
366911
366920
367230
367747
367983
367996
368013
368016
368053
368060
368980
368986
369293
369309
369811
369848
370185
370755
371180
371212
372570
372699
372905
372955
372975
372992
374164
374478
374483
374528
374529
374551
375044
375456
375753
375940
375951
375968
375986
376279
377766
377848
377878
377887
378314
379387
379400
379716
379730
380115
380882
380916
381176
381480
381542
382091
382213
382256
383251
383291
383307
383637
383879
384457
384796
384863
384879
384897
384943
384972
385002
385045
385850
386808
386810
386827
387141
387369
387439
388594
388730
389154
389172
389798
390089
390170
390172
390184
390265
390947
391241
391559
391575
391582
391589
391591
391648
391656
392078
392583
392875
392970
392995
393010
393096
394538
394608
395004
395036
395058
395430
395450
396024
396150
396304
397305
397376
397532
397639
398026
398053
398428
398755
398758
398763
398781
398868
398874
398887
399127
399203
399784
400432
401118
401245
401422
401428
401576
402300
402732
403083
403105
403125
403127
403627
403990
404382
404393
404747
405677
405693
406075
406119
406223
406694
406703
406754
407057
409496
409513
409532
409597
409969
410542
411445
411734
412596
412691
413585
413937
413965
413978
413993
414902
414916
415180
415247
415431
415566
415789
417009
417077
417187
417196
417293
417772
418390
419060
419083
419126
419870
419938
420088
420429
420561
420607
420647
420651
421003
422250
422499
423058
423246
423252
423739
424151
424767
425702
425875
426595
427092
427159
427262
428020
428031
428056
428725
428819
428907
429276
430183
430267
431077
431882
431927
432043
432457
432980
433207
433704
433981
435262
435663
435783
436278
436294
436305
436884
436911
436955
437049
437070
437075
437611
437694
438557
438589
438592
438593
438605
439610
439713
439715
2002 RS287
2003 SD419
2004 TQ215
2005 JJ131
2005 SH127
2005 SQ292
2005 UP154
2005 UV163
2005 UZ193
2005 VA113
2006 AF91
2006 BL20
2006 BN155
2006 DQ105
2006 DK142
2006 SH94
2006 SV156
2006 SD165
2006 SX179
2006 SZ246
2006 SQ279
2006 UA21
2006 UH21
2006 UD129
2006 UV148
2006 UD197
2007 GJ1
2007 RL96
2007 RN287
2007 TK324
2007 VS284
2007 WM27
2008 AL55
2008 AV76
2008 AA98
2008 CY65
2008 CX165
2008 FC32
2008 FO103
2008 GL123
2008 SO84
2008 SX261
2008 TM135
2008 TL160
2008 WR21
2008 WO69
2009 AH23
2009 BD89
2009 BW89
2009 DQ3
2009 DF52
2009 DE126
2009 ED18
2009 FJ15
2009 HQ25
2009 SM355
2009 TM20
2009 UK63
2009 VA11
2009 WA101
2009 WA120
2010 CG149
2010 LX91
2010 RY28
2010 TZ147
2010 UR25
2010 VN44
2010 WX29
2010 XM45
2011 BM104
2011 CA42
2011 CX87
2011 CA101
2011 CJ110
2011 HN20
2011 KR37
2011 KE42
2011 SF197
2011 SD229
2011 UE11
2011 UE126
2011 UM368
2011 UE126
2011 UK204
2011 UP286
2011 UJ300
2011 UM312
2011 VV
2011 WA13
2011 WZ59
2011 WL73
2011 WN96
2011 WM109
2011 WD143
2012 BJ10
2012 BO84
2012 CD23
2012 DH60
2012 DM84
2012 FT1
2012 FD28
2012 GC8
2012 GT13
2012 HX37
2012 KT49
2012 SJ16
2012 TG51
2012 TP119
2012 TB133
2012 TM196
2012 TE205
2012 TD263
2012 TS272
2012 TS314
2012 UM33
2012 UX35
2012 UC99
2012 UG145
2012 VW26
2012 VT50
2012 VB89
2013 AZ58
2013 AJ84
2013 AJ95
2013 AS174
2013 BK34
2013 CT4
2013 CA9
2013 CJ14
2013 CQ51
2013 CO69
2013 CU105
2013 CN109
2013 CK165
2013 EP138
2013 GE106
2013 GW118
2013 HC29
2013 HQ43
2013 PQ63
2013 RF58
2013 SN48
2013 SJ57
2013 TJ57
2013 YW76
2014 DU137
2014 EE22
2014 FN51
2014 GD29
2014 HW7
2014 HT26
2014 HV98
2014 HK109
2014 HY146
2014 HL176
2014 JE8
2014 KX16
2014 KE67
2014 MM57
2014 MR61
2014 NT26
2014 OR12
2014 OS16
2014 ON51
2014 OV66
2014 OM100
2014 OL122
2014 OF124
2014 OS135
2014 OR138
2014 OU155
2014 OZ158
2014 OK161
2014 OP356
2014 PN33
2014 QX106
2014 QZ377
2014 QW412
2014 QN432
2014 SL233
2014 UC89
2014 UW89
2014 UV130
2014 UZ160
2014 VY26
2014 WK51
2014 WS160
2014 WS128
2014 WW154
2014 WD427
2014 WN170
2014 WY282
2014 WZ352
2014 XQ14
2014 YG22
2015 AQ87
2015 BD9
2015 BV9
2015 BS58
2015 BG72
2015 BH87
2015 BQ88
2015 BE89
2015 BG223
2015 BC101
2015 BY111
2015 BW148
2015 BO434
2015 BE437
2015 BA502
2015 BY508
2015 CQ29
2015 CX52
2015 CS54
2015 DF18
2015 DP26
2015 DB34
2015 DF38
2015 DX92
2015 DB100
2015 DN154
2015 DS154
2015 FC72
2015 FP73
2015 FD75
2015 FP303
2015 FX315
2015 FK320
2015 KD107
2015 LU28
2015 LH30
2000 SU323
2001 FT197
2001 FW199
2001 FQ203
2001 FA224
2001 UD230
2003 QL84
2003 SD125
2003 UH233
2005 BX29
2005 NY119
2005 SP50
2005 SM171
2005 SC231
2005 UL403
2005 UP219
2005 UL336
2005 VD130
2005 WR50
2005 WL172
2005 YD98
2006 AO17
2006 CG26
2006 CO52
2006 DW47
2006 EO73
2006 HN74
2006 JH60
2006 RS72
2006 SB387
2006 UR168
2006 VT128
2006 YT44
2007 BM21
2007 BZ82
2007 CX36
2007 DF79
2007 DS85
2007 EA133
2007 FX41
2007 HP4
2007 TR387
2007 TD316
2007 UQ134
2007 VY276
2008 AS13
2008 AX20
2008 AU123
2008 CS9
2008 CK112
2008 CT130
2008 FX24
2008 FS74
2008 TW78
2008 TE125
2008 UA17
2008 UP165
2008 UP217
2008 UA298
2008 VY53
2008 YT81
2008 YX114
2009 BZ147
2009 DS37
2009 DW84
2009 KU33
2009 RC55
2009 RD73
2009 SZ10
2009 SV149
2009 SH183
2010 BT48
2010 BJ56
2010 BM72
2010 BN88
2010 BA106
2010 BY117
2010 CQ53
2010 CF91
2010 CM194
2010 DL23
2010 DM29
2010 DZ64
2010 DM85
2010 EL149
2010 FW31
2010 FC36
2010 FY65
2010 FL86
2010 GP41
2010 GV48
2010 GL71
2010 GC92
2010 GH140
2010 HC30
2010 HN72
2010 HG90
2010 HL96
2010 HH112
2010 JP41
2010 JH130
2010 KZ21
2010 KN30
2010 KQ58
2010 KL72
2010 KM73
2010 KS81
2010 KO98
2010 KH107
2010 KR109
2010 LK17
2010 LG38
2010 LV54
2010 LB69
2010 LW90
2010 LA103
2010 LM121
2010 MR7
2010 MG11
2010 MB28
2010 MK33
2010 MN36
2010 MF68
2010 MU77
2010 MX78
2010 ME98
2010 NK55
2010 NW91
2010 NU107
2010 NF111
2010 NJ113
2010 OD14
2010 OH19
2010 OG23
2010 OM23
2010 OA52
2010 OL54
2010 OB66
2010 OM66
2010 OF82
2010 OV99
2010 OE113
2010 OB114
2010 PT14
2010 UG83
2010 VN18
2010 VV168
2010 WD19
2011 AJ64
2011 AP67
2011 BJ35
2011 BG49
2011 BL66
2011 BD70
2011 BG106
2011 CF43
2011 CJ99
2011 CG116
2011 EP57
2011 FZ88
2011 SK139
2011 SL142
2011 SU150
2011 UT144
2011 UX285
2011 UQ352
2011 VZ13
2011 WE23
2011 WH38
2012 DR20
2012 DW56
2012 KE3
2012 SC37
2012 TZ74
2012 TO202
2012 TF281
2012 UL28
2012 VA16
2012 VL66
2012 XC147
2013 CD72
2013 CE167
2013 CM199
2013 DH5
2013 FQ7
2013 GT23
2013 HW56
2013 HE66
2013 HP66
2013 HD85
2013 HP85
2013 HR86
2013 HU86
2013 HR103
2013 HT104
2013 QX49
2013 QW59
2013 TB26
2013 TW35
2013 TV141
2013 YR4
2013 YW105
2014 DD21
2014 DL115
2014 DO131
2014 HV31
2014 HL86
2014 HE172
2014 KQ32
2014 KU72
2014 NL34
2014 OO11
2014 ON14
2014 OB30
2014 OK116
2014 OA120
2014 OO291
2014 OR300
2014 PU27
2014 QG395
2014 QJ231
2014 QX254
2014 SH126
2014 SE286
2014 UG74
2014 VK9
2014 WY341
2014 WN135
2014 WR138
2014 WW158
2014 WL424
2014 WQ458
2014 WO210
2014 WJ262
2015 BL56
2015 BG64
2015 BU80
2015 BU110
2015 BK147
2015 BU150
2015 BG154
2015 BW158
2015 BR182
2015 BD183
2015 BJ193
2015 BK196
2015 BD214
2015 BC219
2015 BZ227
2015 BX240
2015 BS245
2015 BK246
2015 CJ27
2015 CB29
2015 DO20
2015 DK67
2015 DW83
2015 DB222
2015 FF9
2015 FF144
2015 FM183
2015 FT249
2015 GS29
2015 HT86
2015 HN98
2015 KC38
2015 MA127
2015 MA129
2015 NJ7
2015 OD13
2015 PB49
