id
1095
1199
3026
3196
3937
5398
5457
6031
6477
6994
7903
8871
9228
9271
11514
12104
14726
15512
16295
16305
16933
17011
17676
17684
17697
18051
18156
19070
20578
20645
20669
21950
22248
22737
25997
26548
26576
27469
28703
29078
30307
30899
31241
31264
31303
31324
32489
33756
34116
34264
34439
34825
35211
38258
38623
38625
38809
39779
41460
42231
42372
42453
42514
43145
43183
43459
43545
44426
44456
45099
45557
45635
45766
46292
46722
46723
47041
47682
47760
48300
48499
49590
50685
50930
51141
51230
51850
52712
53334
54498
54557
54871
55407
56877
56898
57762
57789
60412
60512
62070
62405
62456
62675
62687
62870
63005
63010
63084
63132
63227
63280
63670
64073
64398
66653
67099
68172
69342
71356
71461
71476
71624
72701
72717
72742
72761
72812
72867
73362
73573
73649
75865
76040
76041
76077
76084
76297
76416
77803
77810
77816
77896
79999
80029
83229
83560
83620
83635
83778
84651
84858
87576
87882
88005
88040
88799
89293
89753
89866
90431
91620
91702
91771
91801
91973
91993
92032
92148
93764
94157
94158
95566
95678
97352
97669
99017
99235
100099
100515
100551
101864
103266
104140
104166
104413
104525
105312
105326
105360
105508
106298
106389
106428
108773
108965
109291
109335
109570
109586
110152
110872
111582
111608
111615
111635
112622
113101
113562
113614
114228
114291
114586
114650
114823
114898
116041
116569
117458
120071
120624
120904
123128
123921
123975
124004
126572
127338
127372
128221
128271
128274
128928
128991
129046
130222
130303
131337
132713
133570
134305
134411
135246
135263
135270
135299
136047
138860
140013
140046
140537
140550
140570
140775
140924
141041
141118
141233
141362
141400
143313
143438
143449
143511
143568
144812
145708
145729
146828
147393
147766
149029
149105
149171
150299
150307
150312
151409
151443
152361
152480
154210
154212
155166
155537
156661
156676
157396
157413
157748
157940
158068
159296
159913
160211
161136
161449
161776
163007
163458
163481
164146
164371
166744
166823
167511
167593
167907
168030
168292
169169
169211
169245
169276
170723
173923
174504
175374
175613
176543
177075
177845
177881
177917
178169
178772
180137
181729
183403
184209
184731
184856
185128
185320
185409
185534
186339
186347
187356
187360
187374
189931
189942
191440
191460
192062
193001
193116
193140
195832
196109
196638
196956
196968
197230
197266
198798
198799
198842
199455
199493
199692
199706
201229
201880
203275
203799
204215
204558
204618
205565
206761
206808
207788
208409
208433
208449
208914
209467
210160
211077
211478
211878
212147
212534
212607
212882
214670
214708
214756
214763
215579
215762
216466
216836
217811
218071
218508
218782
219479
220778
220782
221770
223411
223442
224547
224692
224735
225075
226182
226810
226942
227635
227642
227684
227726
227970
227973
228216
228301
228947
229215
229224
230725
230741
231354
231562
232587
232718
232958
233033
233639
234056
235509
235513
235559
235977
236036
236567
237299
237324
238759
238801
239645
239707
241299
241738
242671
242830
243497
245000
245002
245369
246088
246405
246419
246424
246431
246524
246531
246731
247045
247427
247707
247726
248205
248973
249010
249113
249495
249738
250015
250850
250851
251450
251491
252775
253358
254326
255103
255223
255451
256411
256983
257056
257134
257685
257938
258681
261086
261169
261337
261429
261477
261582
261721
261746
263205
263342
263761
263774
264113
264789
265064
265974
266017
266857
268557
268666
268673
269305
269589
269873
269897
271161
272000
273116
273157
274462
274521
274697
274700
274739
274979
276081
277119
277860
277929
278574
278822
279068
279438
281983
282960
282970
283179
283504
284853
284863
285059
285472
286089
286428
286446
287875
288050
288286
288967
288978
289019
289600
290310
290447
290672
290874
291091
291162
292055
292737
292825
292965
293379
294022
294837
295920
296512
296636
296869
296932
297062
297261
298765
299871
299885
300126
300142
300825
301416
301479
301541
303721
304371
304582
304607
304628
304650
304671
304697
304702
304711
305360
305462
307080
308500
308581
308602
309102
309141
309611
309688
309711
310124
310305
311534
311930
311960
312402
313349
315880
315900
316816
316821
316975
317247
318283
319169
320156
321003
322159
322216
322250
322336
322582
323587
323621
324733
324800
324827
325507
325521
325573
325899
326047
326819
327077
327540
327610
328040
328363
328375
329080
329289
329517
329668
330973
331215
331249
331305
331317
331443
331463
331983
332569
332590
333386
333818
334609
334615
334720
335217
335228
336684
336698
337045
338312
338867
338969
339564
341189
341222
341283
341417
341426
341719
341788
341790
342983
343535
343606
343646
343991
344315
345063
345612
346088
346845
347210
349012
349472
349650
350222
351969
351987
352424
352493
352616
353111
353653
356398
356673
356921
357724
357810
357897
358866
359449
359471
359573
359888
360976
361004
361923
361943
362549
363498
364059
365352
365629
365677
365951
365963
366035
366055
366101
366251
367012
367240
367804
367857
367863
368202
368349
368640
369176
369215
370222
372053
372157
372163
372940
373133
373383
374211
375567
375587
376353
376679
378386
378390
380671
380676
380688
380952
381641
381921
381994
382218
382295
382364
383342
383750
384242
384518
385016
385115
386218
387365
388281
388290
389622
390392
390421
391328
391885
392539
392621
392630
392928
393070
393166
393194
393869
394217
394245
394328
394337
394662
394666
394704
396091
396180
396331
397706
397782
398073
398626
398633
398707
398937
398966
400453
400938
401276
401478
401662
402418
403400
403738
403925
404043
404624
404879
405748
406261
406984
407078
407196
407451
407835
407951
407972
407975
408050
408069
408506
408773
408783
409088
409193
409682
409719
409770
410839
410842
410875
410943
410971
411497
411530
411742
412350
412589
412655
412768
413769
414625
415209
415235
415388
415437
416193
417420
418729
420275
421288
421385
421421
421537
421750
421938
422071
422201
422602
423137
423346
425480
425984
425999
426256
426799
426855
426870
426901
426978
428404
428446
428858
429268
430090
430271
431233
432119
432196
433221
433589
433716
434893
435836
435910
435940
437012
437817
438622
439358
439557
439669
2002 QX143
2002 TF325
2003 SE383
2003 SL419
2004 AB7
2004 CD30
2004 DG63
2004 XB165
2005 MG29
2005 SC85
2005 SU230
2005 SE273
2005 XB21
2005 YH44
2006 BN230
2006 KH18
2006 KD73
2006 UU117
2006 UD167
2006 WT87
2006 XX36
2007 DX4
2007 DQ45
2007 EF175
2007 GB43
2007 JE1
2007 UX21
2008 AL56
2008 AJ128
2008 CS199
2008 CW207
2008 DC79
2008 DZ82
2008 FJ130
2008 GS50
2008 GL66
2008 HL21
2008 SQ136
2008 TX16
2008 TK64
2008 UZ154
2008 VH48
2008 WV82
2009 AE20
2009 BL12
2009 DD102
2009 SG324
2009 UA101
2009 WO181
2009 WL188
2009 WN212
2009 WW249
2010 AC90
2010 AV99
2010 CF86
2010 CE113
2010 CV126
2010 OJ9
2010 RT147
2010 SS10
2010 VB12
2010 VZ77
2010 VW106
2010 WW20
2011 FL1
2011 FJ106
2011 GB57
2011 HM20
2011 QF20
2011 QB55
2011 QD60
2011 SJ145
2011 UA139
2011 UX298
2011 UA139
2011 UE269
2011 UX298
2011 UQ349
2011 WQ65
2011 YD53
2012 CS8
2012 DO5
2012 DB25
2012 FG48
2012 GY25
2012 TN97
2013 AW69
2013 AJ83
2013 AF97
2013 AN159
2013 AK168
2013 AZ170
2013 BU20
2013 CW115
2013 CS124
2013 CG188
2013 CV198
2013 EM22
2013 EZ113
2013 EC128
2013 GL60
2013 GV76
2013 GQ100
2013 HS31
2013 HM95
2013 PC22
2013 QY88
2013 RK34
2013 RM67
2013 SK46
2013 TC64
2013 TO108
2013 YR25
2013 YS51
2013 YE95
2014 AW45
2014 BC11
2014 BL47
2014 DG30
2014 DW138
2014 EX29
2014 FK4
2014 FY36
2014 JW4
2014 KF93
2014 LX10
2014 NG45
2014 OG6
2014 OG42
2014 OC67
2014 OU98
2014 OL386
2014 OX209
2014 OT221
2014 OF245
2014 OT268
2014 OP306
2014 PU16
2014 PN30
2014 QM114
2014 QB269
2014 SU145
2014 SP165
2014 SD215
2014 SU334
2014 TW2
2014 UU25
2014 UF84
2014 UB106
2014 UH156
2014 UU156
2014 WH71
2014 WA103
2014 WD197
2014 WK463
2014 WN328
2014 YH3
2014 YQ23
2015 AG25
2015 AW225
2015 AV264
2015 AB277
2015 BA5
2015 BP140
2015 BL425
2015 BK243
2015 CN14
2015 DN84
2015 DD120
2015 DR146
2015 DT159
2015 DU218
2015 FL2
2015 FM31
2015 FD94
2015 FZ295
2015 FZ296
2015 HE4
2015 HD5
2015 HE152
2015 JQ6
2015 KG76
2015 MK6
2015 MW71
2015 MG114
1999 TH46
2001 FH180
2001 FS221
2001 TX207
2004 RU24
2005 SK81
2005 UN101
2005 UY453
2005 US263
2005 VZ12
2005 VR39
2005 VS129
2005 YT7
2006 BU170
2006 BP205
2006 BA230
2006 BJ249
2006 CX49
2006 DU135
2006 DU177
2006 HY149
2006 JM70
2006 RM108
2006 RB115
2006 UW172
2006 VW98
2007 HA44
2007 VP66
2007 VE73
2007 VM138
2008 BF19
2008 ED143
2008 FC81
2008 GL129
2008 HF69
2008 JB1
2008 SH175
2008 TB59
2008 UM134
2008 UH190
2008 UL213
2008 UM234
2008 WM19
2008 YO36
2008 YU57
2009 AN26
2009 DV84
2009 KR33
2009 SF29
2009 SO85
2009 VV86
2009 WR131
2010 CH49
2010 CH116
2010 CE244
2010 FJ41
2010 FU71
2010 FY105
2010 GY68
2010 HL36
2010 HT52
2010 HP88
2010 JP6
2010 JX31
2010 JZ50
2010 JT91
2010 JP108
2010 JX109
2010 KO25
2010 KX57
2010 LU13
2010 MN13
2010 MG27
2010 NH15
2010 OV55
2010 PA42
2010 UV57
2010 VY55
2011 BW36
2011 BV107
2011 CX65
2011 CZ78
2011 ES33
2011 OV5
2011 OU9
2011 QH85
2011 SL181
2011 UL100
2011 WP7
2012 BU30
2012 BT32
2012 CX15
2012 CE48
2012 FL17
2012 JR36
2012 PF41
2012 TO121
2012 TD198
2012 UE151
2012 VN67
2012 WA8
2012 XC77
2013 AS161
2013 AU168
2013 AW170
2013 AT171
2013 AM174
2013 CU48
2013 CY132
2013 CV137
2013 GM15
2013 GK91
2013 HS32
2013 HF64
2013 HV65
2013 HO114
2013 HT127
2013 HN130
2013 HP142
2013 HX144
2013 HV147
2013 NF6
2013 QC49
2013 RR61
2013 SV21
2013 YB78
2014 DS42
2014 DK59
2014 ED2
2014 HV39
2014 HK86
2014 HS159
2014 JE58
2014 KZ34
2014 KF97
2014 ME35
2014 OG31
2014 OB167
2014 OV199
2014 OE209
2014 OL238
2014 OQ269
2014 OA311
2014 OQ333
2014 QL93
2014 TU47
2014 TN51
2014 UM43
2014 VS23
2014 WB1
2014 WR49
2014 WK221
2014 WK221
2014 WR267
2015 AJ27
2015 AJ42
2015 AF196
2015 AC261
2015 BD10
2015 BA62
2015 BL80
2015 BZ97
2015 BO148
2015 BL171
2015 BT432
2015 BZ173
2015 BH206
2015 BT224
2015 BD233
2015 BF238
2015 BX238
2015 DZ101
2015 DQ112
2015 DF182
2015 DL185
2015 EC54
2015 FD38
2015 FN247
2015 FN301
2015 FL328
2015 HV76
2015 KS83
2015 KU144
2015 MP30
2015 MO81
2015 MF82
2015 PC45
