id
2940
3498
3703
3770
4183
4923
5000
5127
5310
5315
6096
6149
6269
6444
6486
6504
6692
6707
6962
7005
7034
7040
7054
7135
7437
7449
7495
7545
7590
7716
7809
7826
7933
8069
8113
8163
8179
8349
8393
8407
8465
8521
8555
8592
8626
8705
8771
8791
8989
8996
9000
9073
9086
9213
9254
9295
9304
9307
9361
9392
9526
9568
9584
9593
9700
9704
9748
9812
9850
9872
9892
9897
9927
9929
10010
10136
10151
10250
10271
10320
10321
10433
10446
10455
10482
10543
10620
10655
10721
10738
10750
10777
10798
10820
10824
10825
10927
10990
11001
11016
11294
11374
11392
11415
11538
11578
11638
11672
11690
11697
11698
11841
11865
11872
11895
11916
11952
11963
12020
12026
12053
12055
12056
12062
12073
12088
12138
12166
12332
12373
12412
12468
12508
12556
12648
12671
12788
12805
12852
13048
13058
13065
13101
13106
13203
13268
13285
13315
13400
13465
13479
13496
13506
13514
13573
13575
13596
13708
13716
13732
13737
13750
13818
13824
13825
13831
13892
13894
13901
14000
14044
14061
14149
14219
14221
14302
14309
14317
14326
14358
14385
14423
14435
14444
14457
14480
14512
14541
14550
14567
14568
14775
14863
14884
14945
14956
15076
15144
15162
15164
15214
15300
15476
15603
15674
15706
15721
15756
15819
15865
15909
15992
16025
16043
16077
16098
16104
16429
16476
16486
16491
16497
16582
16644
16646
16649
16651
16653
16660
16672
16701
16726
16734
16735
16821
16908
16946
16962
16990
17051
17065
17075
17079
17081
17119
17121
17125
17195
17278
17393
17411
17431
17501
17513
17549
17562
17661
17673
17885
17912
17944
17976
17985
18085
18091
18095
18136
18339
18344
18352
18390
18414
18430
18431
18438
18588
18600
18606
18607
18656
18693
18704
18707
18801
18803
18861
18887
18907
19049
19071
19229
19236
19238
19257
19344
19361
19372
19387
19428
19484
19487
19505
19549
19573
19589
19591
19594
19662
19676
19695
19830
19876
19908
19943
19947
19954
19999
20149
20162
20289
20297
20302
20337
20345
20371
20408
20467
20501
20557
20586
20600
20611
20663
20780
20809
20828
20856
20886
21106
21136
21205
21321
21341
21406
21513
21514
21596
21612
21614
21616
21709
21723
21758
21789
21797
21869
21883
21966
21970
21973
21995
22079
22080
22144
22260
22274
22325
22351
22376
22453
22467
22514
22593
22675
22828
22908
22975
23012
23047
23083
23111
23116
23121
23155
23158
23306
23502
23513
23588
23640
23734
23783
23913
24005
24032
24115
24188
24200
24207
24216
24223
24238
24261
24297
24319
24346
24369
24410
24516
24520
24558
24585
24662
24720
24755
24824
24961
25018
25065
25097
25105
25130
25191
25291
25365
25454
25474
25475
25488
25495
25518
25547
25555
25562
25683
25714
25722
25753
25875
26110
26159
26297
26312
26319
26323
26341
26439
26475
26484
26550
26652
26794
26945
27009
27168
27238
27315
27326
27349
27393
27529
27539
27596
27638
27692
27771
27775
27887
27889
27905
28140
28200
28201
28228
28277
28407
28417
28559
28576
28740
28761
28819
28825
29000
29127
29157
29171
29194
29228
29334
29379
29390
29415
29512
29677
29680
29762
29994
30260
30309
30368
30397
30424
30437
30769
30781
30813
30834
30900
30975
31030
31207
31259
31308
31328
31409
31461
31471
31569
31598
31611
31631
31726
31737
31764
31795
31841
31955
32319
32346
32363
32366
32405
32541
32626
32640
32804
32837
32839
32854
32901
32975
33082
33111
33248
33328
33352
33366
33368
33490
33492
33553
33578
33583
33630
33634
33690
33721
33726
33789
33805
33862
33912
34029
34086
34166
34204
34217
34265
34415
34514
34546
34718
34895
34987
35262
35298
35349
35436
35439
35456
35472
35537
35554
35585
35588
35736
35854
35875
35965
35967
36097
36110
36542
36574
36648
36712
36785
36854
36879
37113
37194
37485
37589
37645
37765
37855
38134
38225
38317
38364
38367
38723
38795
38926
39048
39562
39671
39773
39896
39934
39948
40169
40424
40534
40862
40950
40962
41209
41240
41390
41433
41556
41760
41904
42119
42150
42203
42455
42577
42604
42765
42920
42988
43135
43178
43267
43271
43318
43801
43805
43923
43942
43954
44025
44393
44402
44701
44705
44940
44991
45028
45145
45163
45165
45195
45287
45347
45396
45400
45439
45480
45483
45550
45578
45711
45787
46235
46246
46277
46519
46717
46819
47101
47226
47417
47431
47432
47438
47488
47579
47811
48233
48376
48428
48463
48474
48482
48550
48558
48824
48845
48932
48937
48968
48980
48997
49156
49181
49205
49333
49402
49489
49512
49515
49927
49953
50038
50052
50110
50112
50156
50233
50320
50324
50349
50573
50666
50672
50823
50824
50923
51150
51237
51323
51330
51367
51494
51612
51632
51685
51906
51916
52149
52262
52365
52464
52537
52556
52707
53172
53232
53274
53610
53742
53783
54114
54218
54245
54256
54321
54345
54673
55007
55086
55307
55319
55377
55381
55397
55402
55524
55602
55696
55888
55900
55936
56042
56197
56613
56916
57471
57580
57820
58092
58147
58320
58623
59219
59390
59400
59569
59600
59706
59805
60123
60253
60504
60985
62236
62403
62452
62791
62823
62862
62899
62977
63008
63045
63088
63183
63266
63579
64108
64109
64348
64540
65020
65322
65541
65659
66060
66102
66119
66307
66483
66556
66659
66924
67010
67033
67064
67081
67172
67327
67980
68934
69020
69267
69960
69981
70003
70033
70187
70202
70415
70538
70623
70703
70794
71234
71317
71372
71381
71444
71474
71495
71514
71518
71529
71531
71550
71600
71619
71684
71728
72616
72692
72725
72776
72869
73286
73495
73845
74419
75381
75739
75999
76121
76305
76454
76703
77790
77819
77882
78149
78316
78536
78958
78959
79031
79190
80080
81514
81702
81891
81914
82007
82010
82015
82028
82427
82567
83150
83264
83707
83850
83948
85057
85086
85620
85636
86081
86246
86249
86275
86313
86357
86367
86397
86398
87138
87165
87419
88109
88204
89735
89745
89796
89868
91445
91572
91681
92029
92051
92072
92118
92152
92168
92192
92566
93583
93659
94193
94293
94327
95255
96167
97282
97345
97494
97588
97657
97666
97714
97773
100674
101824
101903
102034
104520
104608
104681
105481
105840
106089
106318
106738
109069
109732
109733
110070
111565
112546
113343
113666
114969
115808
116096
116152
117108
121009
123865
123966
124052
125130
127442
128239
128632
132786
132976
135446
138652
140066
140365
145422
148227
194207
217853
219545
231749
237323
242008
242656
260613
285228
299479
300991
312615
312620
312955
315916
315918
315937
316157
316159
316164
316446
321113
321580
321627
321986
322550
322555
337775
339380
341008
341877
349919
350191
353193
353197
353352
353356
353755
355310
355813
355814
355816
355820
356213
356215
356222
356225
356248
356270
356422
356424
356898
356902
356914
356916
358992
359340
359345
359346
359360
359604
359605
360076
361999
365918
366254
370087
377493
378668
382259
386853
386967
388891
389327
389328
389347
389559
389560
390330
390336
390344
390358
392192
392200
392202
392227
393020
393216
395695
396294
396350
418373
432271
433286
433287
433295
433672
433676
436085
436107
436143
436146
436391
436405
437308
437728
437740
438747
1996 AR20
2008 HB33
2008 QK42
2008 RV54
2008 RS112
2008 RA123
2008 SJ20
2008 SW73
2008 SY274
2008 SP275
2008 ST275
2008 SB278
2009 UG57
2010 VD108
2010 VF166
2010 WD33
2011 AC7
2011 XY1
2012 TV79
2013 AQ39
2013 AS64
2013 AJ133
2013 BJ
2013 BM
2013 BQ1
2013 BW17
2013 BP34
2013 CM170
2014 EK27
2015 MS23
2005 XG107
2008 GA60
2008 SJ214
2008 TH97
2009 SL48
2009 SF148
2009 UH62
2009 VG34
2010 MV24
2010 OY87
2010 VA88
2010 WK7
2010 WJ41
2010 XC43
2011 QR51
2011 WG69
2012 AC8
2012 CG17
2012 TF
2012 TX4
2012 TY268
2013 BV16
2013 CS194
2014 DR108
2014 DJ124
2014 WF403