id
20236
20429
69230
124164
145664
145912
149823
151656
156115
161913
162495
162723
167110
170932
171289
173244
175728
177795
178102
178316
178345
179686
179901
180260
181508
181788
183148
183288
184355
185046
185119
186395
186707
187056
187512
188232
188619
188979
188988
190291
191596
192230
193834
193945
193946
193997
194018
194229
197524
197647
199023
199190
199933
199974
200572
200578
202813
205643
207431
207904
210530
211088
211490
212413
212437
212708
212787
212976
213884
214195
215115
215680
215813
216049
216185
216322
216464
216776
216780
217171
217408
218559
218582
218912
219155
220014
220175
220924
220927
220931
220934
220936
221819
221869
221926
222936
222950
222958
223559
223994
224002
224796
224873
225112
225128
225147
225252
227068
227278
227772
227776
227785
227822
228043
228164
230426
230583
231196
231774
233300
233971
234007
234133
234450
234485
235668
236179
236703
237633
237687
238081
238977
239540
240028
240285
240326
241153
241389
241937
242175
242390
243076
243100
243317
243582
243583
243769
243783
243992
244640
244653
245126
245153
245182
245664
245680
245803
246119
246123
246134
246152
247079
247094
247324
247867
248618
248624
249046
249530
249734
250022
250145
250289
250368
250430
250573
250959
251806
252736
252751
252901
253101
253388
253436
253505
253518
253566
253577
253582
253595
253946
254450
254538
255509
255543
255548
255587
255771
255825
255850
256571
256592
256616
256621
256677
256797
256831
256864
257255
257271
257636
257898
258553
258743
258863
258897
258965
259002
259030
259389
259414
259640
260686
260707
261918
261957
261972
262011
262155
262164
262186
262380
262430
262504
263401
263501
263600
263864
263915
263938
264177
264224
264773
264803
264806
264812
264819
265501
266058
266061
266083
266098
266140
266474
266476
266479
266482
266597
266663
266767
267029
267629
267855
268241
268243
268351
268757
268802
268874
268944
269160
269162
269184
269201
269208
269295
269404
269515
269685
269695
269697
269794
269815
269993
270027
270090
270143
270191
270620
270628
270659
270834
270893
270907
270950
271095
271119
271370
271418
271433
271460
271472
272109
272156
272161
272172
272174
272186
272230
272243
272265
272528
272542
272618
273290
273409
273432
273727
273761
274090
274094
274105
274147
274167
274177
274179
274181
274188
274201
274208
274211
274226
274234
274266
274825
274843
274849
274922
274947
274985
275091
275321
275675
275676
275889
275932
276168
276384
276390
276464
276561
276710
276743
276744
276745
276750
276773
276780
277152
277160
277172
277180
277240
277282
277284
277450
277982
278031
278041
278050
278052
278058
278081
278150
278156
278250
278454
278544
278555
278561
278568
278667
278716
279166
279450
279537
279750
279800
279942
280053
280217
280227
280449
280455
280810
280914
280925
281109
281180
281183
281379
281381
281385
281475
281788
281907
281989
282036
282147
282170
282187
282308
282476
282521
282642
282653
282656
282871
282885
282887
283060
283080
283090
283298
283462
283464
283505
283536
283919
283924
283951
284002
284121
284440
284458
284465
284909
285004
285029
285212
285418
285512
285625
285733
285816
285872
285875
285923
286052
286077
286257
286341
286629
286648
286745
286770
286794
286888
286889
286926
286973
286998
287026
287090
287302
287494
287551
287564
287718
287771
287916
288055
288132
288190
288281
288653
288667
288715
288748
288762
288819
288843
288962
289046
289085
289178
289428
289505
289583
289631
289852
289923
290179
290574
290598
290708
291030
291075
291114
291200
291206
291632
291666
291711
291800
291837
291950
292121
292659
292665
292967
292974
292975
293561
293577
293653
293723
293861
293990
294001
294051
294081
294202
294204
294272
294305
294311
294333
294387
294603
294640
294698
294772
294852
294883
294889
295212
295255
295267
295273
295517
295641
295673
295708
295735
295753
295806
295825
295853
295908
296035
296365
296420
296424
296452
296478
296854
297381
297567
297574
297602
297630
297645
297688
297717
297723
297845
297892
298310
298351
298426
298527
298772
298790
298828
298865
298873
298923
299387
299392
299408
299422
299453
299512
299562
299570
299825
300264
300385
300475
301046
301054
301081
301085
301135
301136
301146
301346
301406
301647
301659
301680
301699
301708
301723
302081
302160
302168
302199
302241
302244
302274
302334
302370
302391
302403
302420
302445
302454
302818
302870
302876
302984
303221
303232
303251
303263
303307
303329
303363
303447
303970
304025
304075
304102
304108
304111
304129
304134
304851
304875
305545
305552
305562
305565
305602
305612
305693
305712
305803
305826
306012
306028
306085
306109
306225
306435
306796
306910
307258
307674
307759
308054
308059
308071
308081
308663
308718
308733
308749
308910
309309
309310
309404
309470
309738
309772
309811
309814
309850
309941
310055
310064
310320
310389
310612
310664
310709
310910
311132
311162
311226
311262
311562
312180
312516
312546
312817
312855
313102
313270
313285
313326
313328
313378
313432
313603
313636
313726
313800
313970
314157
314208
314672
314954
315194
315240
315273
315274
315316
315323
315335
315353
315372
315374
315386
315398
315443
315462
315529
315981
315982
315992
316006
316010
316013
316026
316028
316033
316039
316046
316055
316081
316088
316182
316284
316303
316328
316345
316577
316668
316973
317152
317172
317224
317291
317299
317310
317383
317430
317446
317753
317784
317857
317915
317916
317937
318409
318415
318437
318464
318492
318499
318509
318513
318518
318524
318534
318566
318585
318588
318640
319272
319467
319472
319485
319486
319497
319552
319561
319715
320331
320354
320377
320439
320451
320463
320548
320573
320582
320584
320640
320646
320752
320764
321254
321305
321310
321322
321325
321326
321327
321334
321343
321715
321832
321905
321917
321932
321939
321960
322115
322217
322609
322611
322619
322643
322657
322662
322880
322935
322974
322980
322986
323032
323063
323085
323089
323188
323219
323256
323281
323296
323305
323345
323400
323401
323661
323682
323705
323708
323709
324328
324329
324330
324343
324346
324370
324392
324427
324453
324493
324497
324562
324871
324877
324903
324935
324982
324996
325086
325146
325154
325242
325410
325411
325475
325777
325803
325819
325828
325829
325848
325878
325892
325926
326007
326185
326203
326269
326283
326614
326686
326732
326743
326912
326932
326937
327124
327125
327127
327132
327173
327182
327216
327631
327666
327712
327736
327738
327748
327755
327776
327782
328072
328079
328085
328117
328121
328123
328148
328149
328190
328192
328214
328250
328312
328326
328793
328918
329201
329203
329232
329251
329420
329427
329513
329616
329676
329764
329886
329888
329897
329900
329905
329929
329937
329941
330248
330264
330284
330308
330326
330329
330337
330338
330355
330547
330557
330586
330588
330608
330620
330635
330637
330831
330837
330854
330929
330951
331117
331119
331337
331378
331549
331670
331689
331708
331880
331981
331984
331985
331992
332041
332111
332136
332266
332268
332298
332305
332308
332309
332458
332461
332469
332488
332490
332669
332699
332717
332729
332734
332867
332871
332880
333044
333104
333160
333212
333224
333285
333387
333388
333390
333405
333506
333517
333580
333727
333893
333954
333959
334158
334215
334345
334449
334502
334507
334517
334544
334561
334565
334583
334760
335014
335219
335270
335285
335286
335293
335337
335386
335387
335401
335461
335681
335685
335692
335695
335699
335721
335769
336048
336055
336076
336097
336114
336115
336117
336567
336593
336619
336650
336661
336778
336792
336904
336954
337055
337077
337098
337110
337113
337358
337434
337457
337485
337569
337590
338071
338097
338102
338175
338188
338262
338296
338921
338982
339015
339142
339207
339235
339576
339613
339670
339674
339730
339800
339803
339861
339891
339931
339935
339941
339983
339997
340012
340053
340060
340067
340413
340852
340911
340963
341000
341027
341072
341850
341864
341905
341907
341914
342150
342305
342372
343172
343173
343186
343222
343240
343296
343297
343490
343529
343730
343754
343812
343911
343921
343965
343990
344075
344087
344129
344460
344507
344510
344532
344548
344554
344566
344630
344826
344897
344967
345095
345103
345109
345139
345144
345145
345171
345175
345188
345202
345231
345244
345247
345276
345288
345296
345732
345741
345745
345749
345777
345836
346269
346270
346314
346319
346342
346375
346433
346443
346460
346505
346890
346896
346914
346920
346969
347153
347167
347174
347179
347211
347222
347253
347406
347421
347547
347548
347596
347601
347635
347777
347854
347992
348033
348160
348220
348427
348430
348483
348498
348597
348624
348686
348691
348797
349075
349093
349132
349143
349144
349460
349497
349514
349516
349521
349531
349556
349566
349584
349593
349632
349678
349931
350070
350087
350311
350324
350421
350441
350532
350623
350630
350652
350664
350695
350700
350719
350795
350951
351176
351325
351533
351561
351582
351626
351631
351635
351636
351655
351672
351673
351684
351706
351741
351757
351792
352128
352139
352364
352650
352663
352675
352682
352683
352684
352693
352718
352804
352823
352852
352862
352874
352921
353301
353345
353372
353395
353413
353443
353757
353909
353937
354016
354029
354032
354042
354346
354524
354526
354537
354542
354565
354818
354824
354854
354894
354905
354915
354920
354926
354937
354945
354951
355253
355274
355301
355354
355361
355767
355792
355845
355846
355850
355861
355867
355872
355882
355886
355907
355921
355926
356033
356350
356387
356478
356492
356511
356550
356558
356803
357063
357097
357113
357319
357393
357492
357512
357534
357566
357831
357931
357953
357969
357972
358012
358027
358030
358040
358052
358076
358086
358102
358142
358271
358473
358487
358496
358506
358507
358510
358525
358587
358591
358626
358986
359005
359016
359017
359034
359049
359122
359140
359144
359156
359174
359192
359218
359224
359288
359374
359421
359631
359632
359635
359651
359681
359682
359708
359843
360116
360203
360335
360403
360406
360436
360504
360549
360651
361035
361061
361121
361122
361134
361146
361151
361160
361165
361170
361548
361549
361562
361567
361600
361631
361638
361655
361657
361677
361687
361995
362012
362020
362032
362040
362042
362064
362100
362104
362151
362178
362189
362197
362248
362613
362630
362665
362694
362700
362729
362734
362744
362751
362788
362822
362997
363032
363045
363064
363102
363154
363157
363209
363210
363217
363301
363468
363476
363487
363493
363519
363543
363548
363680
363681
363742
363747
363934
364074
364144
364160
364163
364166
364299
364348
364591
364598
364612
364643
364680
364691
364711
364741
364747
364749
364763
365093
365110
365130
365133
365157
365167
365188
365195
365203
365206
365235
365485
365499
365500
365503
365542
365813
365829
365867
365911
365942
366066
366369
366397
366404
366425
366461
366497
366511
366535
366623
366832
366893
367066
367123
367149
367260
367274
367277
367284
367299
367304
367319
367325
367330
367466
367469
367483
367489
367494
367500
367688
367693
367703
367718
367728
367739
367760
367913
367932
368194
368228
368294
368337
368389
368526
368654
368666
368719
368872
368878
368888
368891
368895
368915
368925
368942
369024
369028
369034
369041
369046
369083
369262
369267
369453
369474
369481
369492
369691
369724
369737
369740
369767
369769
369970
369972
370001
370002
370004
370012
370047
370121
370140
370154
370213
370253
370443
370490
370507
370511
370528
370532
370558
370564
370601
370685
370856
370882
370964
370997
371042
371055
371121
371163
371283
371358
371371
371378
371387
371390
371396
371402
371410
371419
371444
371448
371467
371489
371808
371847
371860
371862
371870
371891
371899
371900
371903
371904
371922
371927
371928
371933
371937
371947
371987
372361
372367
372370
372432
372437
372558
372812
372824
372831
372839
372840
372862
372949
373157
373162
373171
373174
373179
373190
373204
373215
373217
373246
373343
373405
373416
373433
373436
373443
373477
373632
373651
373695
373858
373873
373875
373906
373908
373915
373916
373925
374232
374260
374266
374319
374329
374379
374393
374679
374698
374713
374717
374725
374726
374730
374766
374783
374784
374785
374800
374804
374818
374820
374852
375130
375141
375144
375192
375205
375674
375675
375771
376076
376077
376133
376156
376176
376382
376396
376411
376460
376481
376496
376583
376592
376666
376690
376758
376767
376789
376900
376914
376943
376949
376980
377018
377299
377302
377306
377485
377514
377655
377692
378004
378014
378020
378034
378060
378062
378087
378091
378098
378102
378107
378116
378131
378140
378148
378215
378552
378562
378608
378616
378623
378628
378633
378656
378678
378693
378699
379222
379245
379250
379252
379273
379286
379292
379529
379533
379544
379570
379617
379627
379711
379883
379906
379914
379939
380007
380059
380153
380242
380436
380523
380750
380764
380772
380829
380963
380966
380997
380999
381001
381004
381006
381007
381015
381024
381037
381065
381092
381107
381113
381164
381342
381345
381353
381361
381364
381378
381399
381403
381741
381793
381844
382157
382182
382550
382631
382634
382640
382645
382648
382691
382713
382723
382740
382837
382838
382840
382853
382996
383028
383048
383076
383100
383160
383261
383351
383428
383432
383453
383461
383473
383499
383510
383586
383606
383629
383834
383837
383848
384079
384298
384310
384350
384374
384381
384411
384612
384616
384644
384646
384802
384847
385202
385213
385318
385376
385398
385505
385616
385643
385649
385655
385666
385672
385694
385739
385758
385830
385948
385982
386002
386034
386256
386432
386613
386650
386653
386716
386741
386861
386863
386877
386886
386904
386907
387295
387404
387436
387569
387603
387617
387657
387740
387832
388054
388056
388082
388109
388111
388131
388175
388287
388297
388437
388447
388448
388455
388456
388467
388470
388473
388484
388498
388503
388505
388512
388527
388877
388993
389042
389167
389200
389308
389312
389358
389439
389447
389458
389590
389609
389625
389631
389637
389698
389835
389837
389878
389897
389903
389939
389952
389961
389968
390056
390138
390245
390368
390424
390452
390525
390534
390543
390575
390708
390712
390834
390848
390865
390977
391009
391013
391037
391056
391057
391068
391069
391077
391085
391112
391119
391146
391177
391209
391237
391426
391440
391448
391456
391465
391476
391777
391778
391784
391805
391813
391816
391828
391852
391859
391921
392228
392288
392330
392474
392485
392486
392513
392567
392715
392751
392768
392788
392791
392895
392967
393133
393295
393344
393377
393381
393406
393673
393682
393683
393802
393839
393905
393906
393919
393937
393955
394013
394036
394053
394100
394387
394394
394403
394408
394410
394415
394418
394421
394793
394817
394819
394820
394825
394845
394870
394878
394954
395132
395146
395154
395156
395162
395165
395175
395178
395447
395464
395740
395749
395770
395771
395785
395786
395796
395803
395810
395812
395828
396069
396310
396365
396390
396495
396502
396548
396600
396632
396792
396800
396809
396867
396869
396872
396957
396968
397055
397067
397077
397114
397158
397159
397201
397445
397480
397490
397524
397582
397588
397801
397811
397815
397849
397855
397962
397967
397973
398134
398319
398371
398654
398666
398679
398702
398712
398715
398720
398757
398769
398777
399093
399212
399218
399225
399229
399263
399278
399285
399291
399347
399476
399477
399492
399529
399571
399574
399576
399641
399649
399654
399660
399675
399751
399764
399895
399957
399966
399971
400031
400040
400068
400077
400099
400241
400268
400273
400372
400523
400538
400545
400560
400579
400789
400795
400801
400891
401001
401013
401014
401016
401020
401021
401023
401025
401057
401082
401098
401125
401226
401360
401451
401471
401483
401495
401584
401862
401922
401931
401932
401948
401963
401974
402034
402042
402059
402063
402146
402158
402185
402206
402208
402331
402478
402510
402536
402538
402549
402589
402685
402852
402877
402903
402917
402930
402952
402964
402970
402983
402987
403002
403013
403125
403246
403250
403252
403261
403274
403281
403287
403332
403335
403338
403602
403691
403788
403801
403820
403842
403859
403878
403879
403880
404121
404125
404126
404153
404162
404186
404192
404215
404300
404324
404341
404372
404375
404437
404451
404631
404751
404758
404766
404768
404845
404881
404908
404920
405009
405085
405106
405116
405122
405162
405167
405210
405241
405311
405325
405328
405412
405451
405514
405522
405555
405747
405761
405797
405870
405877
405908
405936
405952
405959
406163
406164
406177
406323
406343
406359
406387
406391
406445
406448
406453
406486
406493
406494
406504
406519
406531
406583
406637
406654
406694
406718
406754
406806
406810
406823
406831
406834
406835
406885
406896
406910
406916
406923
406932
407282
407290
407302
407366
407375
407673
407675
407676
407690
407699
407707
407708
407747
407749
407757
407768
407776
407822
407894
408119
408130
408152
408160
408198
408273
408282
408311
408346
408376
408392
408402
408426
408468
408481
408484
408535
408566
408631
408652
408700
408885
408945
408950
409028
409117
409208
409269
409272
409283
409322
409405
409416
409806
409808
409830
409838
409914
409928
409996
410004
410023
410070
410102
410181
410191
410193
410202
410204
410212
410214
410221
410246
410271
410314
410315
410317
410323
410357
410390
410396
410423
410511
410689
410690
410731
410739
410748
410756
410759
410791
410798
410810
411166
411181
411195
411199
411207
411251
411334
411386
411431
411458
411639
411654
411658
411660
411677
411730
411747
412032
412033
412109
412110
412232
412250
412280
412297
412516
412545
412546
412549
412553
412602
412610
412661
412677
412706
412752
412778
412876
412895
412914
412918
412958
412968
412998
413125
413298
413316
413322
413323
413353
413394
413742
413788
414046
414051
414086
414100
414101
414129
414182
414396
414405
414412
414420
414456
414457
414753
414759
414790
414853
414913
415028
415038
415043
415046
415067
415095
415115
415139
415278
415282
415309
415315
415342
415363
415525
415529
415649
415762
415796
415909
415919
415939
415980
416050
416075
416126
416178
416240
416244
416296
416368
416369
416404
416474
416516
416649
416765
416768
416846
416956
417047
417309
417339
417491
417494
417511
417551
417651
417759
417774
417876
417941
417962
417964
417987
417989
418001
418004
418007
418012
418015
418018
418020
418023
418043
418044
418049
418058
418060
418063
418072
418089
418117
418119
418151
418168
418171
418181
418194
418206
418251
418255
418344
418944
418956
418964
418982
419174
419224
419553
419574
419576
419582
419614
419620
419621
419622
419641
419659
419663
419664
419678
419681
419688
419715
419717
419722
419736
419742
419766
419768
419773
419794
419881
419893
420108
420291
420305
420311
420320
420331
420352
420394
420419
420438
420450
420453
420455
420461
420467
420468
420488
420489
420619
420667
420765
420786
420798
420799
420827
420834
420865
420875
420877
420885
420901
420905
420956
421077
421181
421440
421475
421477
421483
421504
421513
421545
421568
421623
421812
421824
421843
421965
422011
422045
422056
422099
422150
422167
422181
422204
422284
422289
422437
422448
422461
422507
422514
422581
422609
422666
422744
422760
422766
422814
422865
422994
423014
423025
423026
423152
423155
423177
423256
423288
423345
423364
423403
423432
423437
423446
423462
423472
423517
423538
423559
423595
423645
423661
423691
423821
423865
423880
423890
423891
423904
423909
423926
423935
423946
423954
423958
423967
423997
424011
424013
424017
424051
424079
424103
424222
424229
424278
424358
424378
424383
424416
424428
424497
424530
424539
424568
424591
424596
424629
424633
424636
424641
424936
425028
425055
425065
425077
425108
425176
425560
425628
425636
425637
425641
425643
425648
425672
425678
425849
425944
426087
426089
426090
426127
426149
426155
426163
426166
426359
426370
426395
426441
426468
426565
426585
426615
426631
426711
426765
426794
427192
427252
427258
427286
427290
427293
427306
427312
427543
427752
427782
427788
427870
427881
427923
427943
428165
428189
428195
428260
428265
428466
428521
428525
428542
428548
428554
428555
428572
428580
428589
428607
428609
428618
428626
428660
428665
428680
428823
429076
429104
429124
429156
429160
429174
429395
429402
429403
429441
429458
429468
429470
429477
429487
429495
429508
429548
429562
429582
429588
429607
429611
429638
429763
429778
429779
429784
429803
429814
429821
429989
430071
430072
430109
430165
430175
430181
430189
430219
430225
430400
430411
430508
430512
430567
430575
430607
430624
430637
430847
430873
430891
430911
430916
430918
430922
430951
430967
431220
431311
431317
431357
431382
431383
431385
431399
431485
431552
431645
431650
431653
431661
431674
431690
431691
431695
431699
431713
431753
431783
431784
432238
432249
432257
432266
432273
432275
432279
432290
432307
432390
432620
432623
432628
432658
432660
432689
432709
432722
432740
432758
432766
432822
432946
432962
432969
433324
433353
433414
433422
433423
433461
433473
433486
433543
433582
433713
433742
433769
433770
433825
433872
433944
433948
434022
434024
434212
434317
434501
434505
434514
434532
434544
434573
434576
434586
434603
434655
434847
434936
435025
435062
435063
435066
435085
435429
435466
435490
435491
435514
435515
435526
435530
435553
435555
435598
436052
436054
436056
436073
436074
436078
436088
436102
436123
436134
436159
436166
436387
436404
436426
436451
436453
436458
436494
436513
436518
436521
436540
436541
436553
436558
436781
436793
436996
437377
437392
437413
437457
437878
437933
438023
438121
438220
438239
438256
438450
438513
438565
438678
438717
438890
439018
439060
439076
439274
439390
439448
439496
439512
439519
439607
439609
439787
1994 WA13
1995 ST11
1995 SW74
1995 TJ10
1997 RO1
1997 RN7
1998 SA16
1999 HV1
1999 ND5
1999 TW81
1999 TN171
1999 VS222
1999 VL226
2000 CA141
2000 GQ117
2000 QE145
2000 QA224
2000 QW225
2000 RF19
2000 SN97
2000 SJ100
2000 SV366
2000 SF137
2000 SX162
2000 SZ308
2000 TT28
2000 TE43
2000 UZ111
2000 WS21
2000 WC132
2000 WF186
2000 YM141
2001 FR107
2001 OG29
2001 OE36
2001 OM50
2001 PE19
2001 PL30
2001 QP127
2001 QJ133
2001 QW276
2001 RM51
2001 ST62
2001 SG117
2001 SE133
2001 SM144
2001 SG149
2001 SO152
2001 SP201
2001 SV246
2001 SA309
2001 SC342
2001 SX354
2001 SJ355
2001 TU6
2001 TF187
2001 TE199
2001 TM237
2001 UM
2001 UX37
2001 UO90
2001 UO178
2001 UM209
2001 WF24
2001 XZ53
2001 XF110
2001 XF120
2001 XY232
2001 YG148
2002 AB56
2002 AK169
2002 CJ50
2002 CG115
2002 CT176
2002 EW52
2002 GP126
2002 GJ189
2002 JH151
2002 NG47
2002 NC77
2002 OM37
2002 PJ16
2002 PT30
2002 PE78
2002 PH150
2002 PV160
2002 PC168
2002 PC179
2002 PG181
2002 PA184
2002 PG184
2002 PH187
2002 PJ187
2002 PW188
2002 PH190
2002 PD194
2002 PS200
2002 QT25
2002 QT32
2002 QG52
2002 QQ70
2002 QY80
2002 QA81
2002 QU99
2002 QP125
2002 QH130
2002 QM135
2002 QZ139
2002 QA141
2002 QO142
2002 QG149
2002 QZ150
2002 QR151
2002 QK153
2002 RJ36
2002 RH112
2002 RE125
2002 RT157
2002 RY247
2002 RN261
2002 RR264
2002 RM281
2002 RV288
2002 RG291
2002 RF293
2002 SD20
2002 SV74
2002 SY74
2002 TN15
2002 TZ60
2002 TZ373
2002 TF118
2002 TT126
2002 TP131
2002 TX135
2002 TE194
2002 TG250
2002 TG298
2002 TT303
2002 TZ337
2002 UX13
2002 UY31
2002 UA37
2002 UY42
2002 UK65
2002 UJ66
2002 VK41
2002 VO46
2002 VY70
2002 WY8
2002 WE26
2002 WW31
2002 XE120
2002 YJ22
2003 AX15
2003 FC45
2003 FK55
2003 QX28
2003 QT34
2003 QQ44
2003 QY72
2003 QT79
2003 RB16
2003 SX273
2003 SK340
2003 ST128
2003 SF391
2003 SD392
2003 SU392
2003 SS158
2003 SF164
2003 SZ427
2003 SW170
2003 SQ182
2003 SF218
2003 SL223
2003 SB235
2003 SO261
2003 SX273
2003 SK292
2003 SM325
2003 UF
2003 UY23
2003 UR65
2003 UY258
2003 UG362
2003 UK364
2003 UW151
2003 UY258
2003 UQ317
2003 UO348
2003 WW85
2003 WO96
2003 WC194
2003 YZ41
2003 YP146
2004 CJ119
2004 DM8
2004 EX12
2004 EG58
2004 FV55
2004 FJ90
2004 GY19
2004 GU45
2004 JC44
2004 NO20
2004 PA3
2004 PU26
2004 QO15
2004 RL5
2004 RR13
2004 RP77
2004 RJ101
2004 RR138
2004 RH144
2004 RS151
2004 RP175
2004 RF179
2004 RC186
2004 RB232
2004 RT271
2004 RG290
2004 RR324
2004 RR346
2004 TK7
2004 TJ37
2004 TS49
2004 TL60
2004 TH90
2004 TQ197
2004 TJ105
2004 TL148
2004 TG187
2004 TQ197
2004 TS217
2004 XY36
2004 YC16
2005 AN3
2005 AY66
2005 BK36
2005 CX10
2005 CN30
2005 CY41
2005 EZ43
2005 EP116
2005 EQ116
2005 EW124
2005 EG137
2005 ED196
2005 EW304
2005 GK3
2005 GT89
2005 GR121
2005 JN92
2005 JJ99
2005 JN100
2005 JM119
2005 JP159
2005 JJ162
2005 JY184
2005 LD2
2005 LU2
2005 LQ17
2005 MU7
2005 ML40
2005 NA14
2005 NG76
2005 NZ124
2005 OZ
2005 PV8
2005 QR6
2005 QB17
2005 QE23
2005 QQ35
2005 QB44
2005 QH69
2005 QR71
2005 QR77
2005 QJ108
2005 QH111
2005 QK131
2005 RZ45
2005 SZ22
2005 SC26
2005 SN36
2005 SO43
2005 SD57
2005 SK76
2005 SB80
2005 SN85
2005 SO98
2005 SO116
2005 SC136
2005 SN154
2005 SL160
2005 SM166
2005 SA168
2005 SH169
2005 SL173
2005 SP174
2005 SC210
2005 SY210
2005 SB211
2005 SW271
2005 SY277
2005 TU31
2005 TL47
2005 TA52
2005 TW58
2005 TX59
2005 TF82
2005 TW83
2005 TN112
2005 TA115
2005 TN116
2005 TW141
2005 TF145
2005 TW149
2005 UN42
2005 UF95
2005 UG99
2005 UZ219
2005 UW104
2005 UY104
2005 UL118
2005 UC380
2005 UD381
2005 UE398
2005 UY143
2005 UR405
2005 UM161
2005 UN199
2005 UN200
2005 UO204
2005 UG473
2005 UB219
2005 UJ479
2005 UZ219
2005 UU488
2005 UN508
2005 UC510
2005 UT516
2005 UL521
2005 UN294
2005 VV25
2005 VO52
2005 VB76
2005 VM82
2005 VT102
2005 WL11
2005 WM33
2005 WN35
2005 WX53
2005 WB117
2005 WN124
2005 WU124
2005 WN177
2005 WE189
2005 WA193
2005 XB29
2005 XD35
2005 XT58
2005 XG115
2005 YT134
2005 YR139
2005 YU150
2005 YK173
2005 YE176
2006 AZ24
2006 AQ53
2006 AN75
2006 BP11
2006 BG35
2006 BF52
2006 BE54
2006 BE57
2006 BV71
2006 BP76
2006 BF100
2006 BX116
2006 BL118
2006 BJ151
2006 BE154
2006 BG219
2006 BD257
2006 BA264
2006 CY15
2006 CC17
2006 DB22
2006 DE125
2006 DV139
2006 DM156
2006 DZ173
2006 EJ5
2006 EX44
2006 FR44
2006 GC27
2006 GM51
2006 GG54
2006 HO27
2006 HA72
2006 HJ101
2006 JD15
2006 JQ21
2006 JK45
2006 KK58
2006 KP95
2006 KO107
2006 OD3
2006 OM21
2006 PL22
2006 PK24
2006 QR
2006 QF2
2006 QG26
2006 QW26
2006 QR48
2006 QT52
2006 QY77
2006 QQ78
2006 QA82
2006 QX108
2006 QG111
2006 QA113
2006 QT115
2006 QB122
2006 QD122
2006 QM162
2006 QA184
2006 QS184
2006 QU184
2006 QY185
2006 RG23
2006 RC30
2006 RL43
2006 RM43
2006 RV64
2006 RM74
2006 RC77
2006 RO80
2006 RE81
2006 RC112
2006 RN121
2006 SB22
2006 SF22
2006 SQ26
2006 SF29
2006 SG32
2006 SZ35
2006 SJ39
2006 SU41
2006 SB74
2006 SH77
2006 SM103
2006 SX120
2006 SL383
2006 SB384
2006 SF126
2006 SP402
2006 SX408
2006 SC150
2006 SP178
2006 SU200
2006 SB201
2006 SC209
2006 SS211
2006 SU213
2006 SH240
2006 SW257
2006 ST261
2006 SK270
2006 SD281
2006 SU284
2006 SB297
2006 SW299
2006 SE321
2006 SB344
2006 TE15
2006 TG30
2006 TR53
2006 TX53
2006 TH67
2006 TZ67
2006 TX78
2006 TP101
2006 TY102
2006 TW104
2006 TY122
2006 TK123
2006 TA124
2006 UH17
2006 UP18
2006 US31
2006 UU57
2006 UT66
2006 UY81
2006 UY83
2006 UC91
2006 UK97
2006 UA123
2006 UT166
2006 UW166
2006 UK173
2006 UL178
2006 US254
2006 UK313
2006 UA320
2006 UM340
2006 VM
2006 VB28
2006 VV33
2006 VC44
2006 VT52
2006 VO58
2006 VL67
2006 VO86
2006 VG102
2006 VW117
2006 VQ126
2006 VL170
2006 WM41
2006 WR42
2006 WO76
2006 WV110
2006 WU150
2006 WU152
2006 WC160
2006 WR167
2006 WW200
2006 WV201
2006 WL204
2006 WN205
2006 XJ16
2006 XS22
2006 XF40
2006 XQ56
2006 XZ62
2006 XG66
2006 XB71
2006 YJ1
2006 YF12
2006 YV55
2007 AF29
2007 BA3
2007 BE12
2007 BO46
2007 BO57
2007 BX79
2007 CN6
2007 CU7
2007 CK57
2007 CV65
2007 DM14
2007 DS22
2007 DV25
2007 DH30
2007 DJ33
2007 DB45
2007 DA46
2007 DB73
2007 DY77
2007 DH87
2007 DD109
2007 DV110
2007 EY11
2007 ES48
2007 EL77
2007 EM82
2007 EE84
2007 EE85
2007 EK108
2007 EU118
2007 EL136
2007 EL146
2007 ES162
2007 EG215
2007 EB224
2007 FY25
2007 FC27
2007 FU46
2007 FO47
2007 GL2
2007 GX7
2007 GW21
2007 GQ50
2007 GP75
2007 HP33
2007 HA95
2007 JM19
2007 JF31
2007 JR39
2007 LS
2007 LP22
2007 LG33
2007 ME1
2007 OC2
2007 PE7
2007 PT19
2007 PN30
2007 PU31
2007 PU40
2007 PH46
2007 RJ4
2007 RT5
2007 RP6
2007 RS6
2007 RG9
2007 RU29
2007 RN31
2007 RR51
2007 RM60
2007 RQ63
2007 RX76
2007 RF98
2007 RC132
2007 RH132
2007 RG139
2007 RJ178
2007 RO219
2007 RL234
2007 RF239
2007 RF253
2007 RS259
2007 RV295
2007 RW319
2007 RN323
2007 RW325
2007 SB3
2007 SU16
2007 TE26
2007 TN52
2007 TF73
2007 TQ88
2007 TV180
2007 TD286
2007 TQ312
2007 TX370
2007 TK111
2007 TW121
2007 TG134
2007 TG399
2007 TX399
2007 TE140
2007 TT155
2007 TO433
2007 TV180
2007 TB444
2007 TA185
2007 TR446
2007 TG449
2007 TC204
2007 TM214
2007 TK225
2007 TB239
2007 TL243
2007 TZ289
2007 TQ312
2007 TH316
2007 TJ319
2007 TU319
2007 TL322
2007 TD329
2007 UZ58
2007 UY88
2007 UF101
2007 UL106
2007 UV113
2007 VV2
2007 VA9
2007 VB25
2007 VB55
2007 VG62
2007 VM67
2007 VQ99
2007 VA113
2007 VU117
2007 VY120
2007 VA123
2007 VV126
2007 VN142
2007 VV164
2007 VD167
2007 VQ213
2007 VC222
2007 VC228
2007 VK247
2007 VR252
2007 VE257
2007 VU267
2007 VO272
2007 VB277
2007 VS314
2007 VR319
2007 WT14
2007 WV16
2007 WS32
2007 WQ33
2007 WC47
2007 WU53
2007 WX61
2007 XG17
2007 XL29
2007 YW27
2007 YJ66
2007 YW67
2008 AK17
2008 AQ20
2008 AE82
2008 AT108
2008 AP109
2008 AD129
2008 BG27
2008 BG39
2008 BU46
2008 CJ11
2008 CT15
2008 CD21
2008 CH40
2008 CF148
2008 CW165
2008 CZ167
2008 DU27
2008 DM37
2008 DZ49
2008 DC66
2008 DJ85
2008 DQ85
2008 EP10
2008 EF25
2008 EP35
2008 EO37
2008 EV45
2008 EJ84
2008 EK165
2008 FR6
2008 FW8
2008 FH13
2008 FW21
2008 FV97
2008 FQ100
2008 FE128
2008 FZ131
2008 FG136
2008 GH60
2008 GD75
2008 GH75
2008 GO90
2008 GB119
2008 GM121
2008 HM36
2008 JM10
2008 JP23
2008 JT32
2008 JW36
2008 KR5
2008 KW28
2008 KN37
2008 MD
2008 PX
2008 PQ4
2008 PO8
2008 PR17
2008 QE3
2008 QU13
2008 QP19
2008 QE21
2008 QF21
2008 QQ31
2008 QS37
2008 QS39
2008 QF48
2008 RB8
2008 RP24
2008 RF30
2008 RY40
2008 RR43
2008 RF47
2008 RN50
2008 RJ78
2008 RC88
2008 RD106
2008 RL106
2008 RJ115
2008 RM116
2008 RO118
2008 RN127
2008 RR134
2008 SC1
2008 SN4
2008 SK35
2008 SM35
2008 SD41
2008 SY45
2008 SQ97
2008 SK100
2008 SB105
2008 SL105
2008 SS116
2008 SB125
2008 SU129
2008 SM131
2008 SL139
2008 SB142
2008 SA147
2008 SJ157
2008 SJ159
2008 SQ159
2008 SG164
2008 SD183
2008 SL190
2008 SK198
2008 SK219
2008 SA249
2008 SM253
2008 SE267
2008 SN272
2008 SJ282
2008 SL285
2008 SP297
2008 SY298
2008 SR304
2008 TY13
2008 TD18
2008 TC20
2008 TV26
2008 TD46
2008 TK48
2008 TU53
2008 TQ61
2008 TJ74
2008 TW85
2008 TR91
2008 TR94
2008 TN95
2008 TJ96
2008 TA102
2008 TW107
2008 TM129
2008 TS135
2008 TK143
2008 TM149
2008 TP160
2008 TX165
2008 TL166
2008 TA169
2008 TM170
2008 TZ173
2008 TM174
2008 TG175
2008 TU188
2008 UV4
2008 UV27
2008 UX46
2008 UN63
2008 UR72
2008 UB73
2008 UP85
2008 UN88
2008 UB117
2008 UV168
2008 UC208
2008 UT234
2008 UO300
2008 UX100
2008 US102
2008 UM103
2008 UU105
2008 UR109
2008 UP113
2008 UX115
2008 UE136
2008 UX138
2008 UZ141
2008 UL156
2008 UO161
2008 UJ163
2008 UV168
2008 UN179
2008 UN196
2008 UC208
2008 UX212
2008 UQ221
2008 UY229
2008 UP233
2008 UT234
2008 UP240
2008 UF245
2008 UO255
2008 UC258
2008 US261
2008 US270
2008 UN275
2008 UO300
2008 UE302
2008 UH304
2008 US308
2008 UE313
2008 UD315
2008 UJ321
2008 UA344
2008 UG348
2008 UG358
2008 VP2
2008 VP11
2008 VO14
2008 VN18
2008 VM36
2008 VA38
2008 VK45
2008 VY71
2008 WC11
2008 WS23
2008 WL27
2008 WL43
2008 WH46
2008 WE55
2008 WF81
2008 WW117
2008 WN130
2008 WO138
2008 XC
2008 XD30
2008 XJ35
2008 XM39
2008 XO46
2008 YM
2008 YR
2008 YC8
2008 YE8
2008 YR15
2008 YK105
2008 YU107
2008 YE121
2008 YL133
2008 YL134
2008 YV140
2008 YG143
2009 AR13
2009 AS16
2009 AU24
2009 AM28
2009 AD29
2009 AL33
2009 AR35
2009 AW43
2009 BE1
2009 BU16
2009 BL19
2009 BS35
2009 BG47
2009 BT57
2009 BN60
2009 BO61
2009 BW86
2009 BN107
2009 BZ109
2009 BW114
2009 BO145
2009 BD148
2009 BX186
2009 BB189
2009 CK18
2009 CZ46
2009 DU3
2009 DY8
2009 DM12
2009 DP12
2009 DU16
2009 DE29
2009 DG72
2009 DE78
2009 DS85
2009 DE107
2009 DR117
2009 DG132
2009 DW134
2009 EU17
2009 FN4
2009 FO5
2009 FT8
2009 FR13
2009 FL15
2009 FB30
2009 FT60
2009 FH70
2009 HT31
2009 HA33
2009 HN59
2009 HE62
2009 HK68
2009 HL77
2009 HP80
2009 HK91
2009 JX5
2009 KG4
2009 KE12
2009 KO37
2009 ME8
2009 OR2
2009 OE4
2009 OW9
2009 PP3
2009 PB11
2009 PK15
2009 PX17
2009 QA5
2009 QH13
2009 QH20
2009 QO21
2009 QM29
2009 QJ63
2009 RP
2009 RA19
2009 RZ27
2009 RE35
2009 RV64
2009 RF70
2009 SW50
2009 SA53
2009 SL59
2009 SF75
2009 SV75
2009 SA82
2009 SU90
2009 SF121
2009 SK139
2009 SC171
2009 SH171
2009 SD185
2009 SD188
2009 SC210
2009 SB269
2009 SC299
2009 SR307
2009 SW336
2009 SN347
2009 SP358
2009 TH9
2009 TR14
2009 TV16
2009 TH23
2009 TZ26
2009 TW27
2009 TC31
2009 TN36
2009 UE3
2009 UE20
2009 UD27
2009 UW28
2009 UW36
2009 UT37
2009 UW39
2009 UC57
2009 UU75
2009 UM93
2009 UE116
2009 UM120
2009 UZ122
2009 UH126
2009 UB127
2009 UP133
2009 UE137
2009 US139
2009 UO141
2009 UB152
2009 UZ154
2009 VV9
2009 VJ19
2009 VV26
2009 VG37
2009 VO41
2009 VA44
2009 VK58
2009 VP58
2009 VD72
2009 VH79
2009 VG86
2009 VO92
2009 VE94
2009 VK95
2009 VR102
2009 VW105
2009 VC108
2009 VV108
2009 VA113
2009 VG114
2009 VS116
2009 WU
2009 WD9
2009 WD14
2009 WL18
2009 WL23
2009 WN53
2009 WB65
2009 WR71
2009 WC72
2009 WX77
2009 WZ91
2009 WZ93
2009 WS133
2009 WC134
2009 WL153
2009 WR155
2009 WE177
2009 WJ196
2009 WG208
2009 WP211
2009 WH225
2009 WL254
2009 WK256
2009 WZ258
2009 XX
2009 XE1
2009 YQ7
2010 AZ12
2010 AL36
2010 AX38
2010 AX54
2010 BH1
2010 BV114
2010 CR31
2010 CX98
2010 CZ114
2010 CY163
2010 CS182
2010 CL183
2010 CM183
2010 DE24
2010 DP45
2010 EX21
2010 EL33
2010 EP87
2010 EB88
2010 EO104
2010 EK132
2010 ED137
2010 EN150
2010 FN9
2010 FF57
2010 FP91
2010 GO107
2010 GS108
2010 GT110
2010 GU111
2010 GN127
2010 GZ141
2010 GK172
2010 JF79
2010 JJ82
2010 JT155
2010 KB60
2010 KA107
2010 LM54
2010 LK97
2010 MK5
2010 ML46
2010 MB98
2010 NL4
2010 NU22
2010 NL71
2010 NY74
2010 NY79
2010 NZ96
2010 PV9
2010 PX24
2010 PH74
2010 QB
2010 RJ22
2010 RV37
2010 RS43
2010 RV47
2010 RF72
2010 RP81
2010 RG98
2010 RO105
2010 RZ108
2010 RQ109
2010 RK112
2010 RZ112
2010 RZ114
2010 RE115
2010 RZ126
2010 RL127
2010 RL129
2010 RA136
2010 RX150
2010 RG158
2010 RQ178
2010 RF179
2010 RP180
2010 SK9
2010 SP19
2010 SS30
2010 SE41
2010 TS5
2010 TP6
2010 TA28
2010 TQ31
2010 TQ43
2010 TZ45
2010 TE70
2010 TK97
2010 TP98
2010 TG101
2010 TR115
2010 TK117
2010 TB122
2010 TL129
2010 TG148
2010 TO158
2010 TW161
2010 TB162
2010 TK166
2010 TF177
2010 TZ186
2010 UA4
2010 UR16
2010 UB50
2010 UB68
2010 UU81
2010 UP84
2010 UR93
2010 UN94
2010 VY13
2010 VG30
2010 VY45
2010 VW54
2010 VX58
2010 VT96
2010 VD101
2010 VL106
2010 VW115
2010 VD123
2010 VH127
2010 VV165
2010 VZ197
2010 VE205
2010 VU207
2010 VV210
2010 VX212
2010 VC220
2010 WM19
2010 WH29
2010 WU35
2010 XW26
2010 XO64
2010 XK86
2011 AX12
2011 AD28
2011 AZ28
2011 AE36
2011 AY40
2011 AB46
2011 AO49
2011 AW51
2011 AK62
2011 AB76
2011 BS4
2011 BZ56
2011 BY58
2011 BZ72
2011 BK73
2011 BW76
2011 BA87
2011 BK93
2011 BL93
2011 BA103
2011 BR107
2011 BD138
2011 CD14
2011 CU16
2011 CT45
2011 CY66
2011 CM67
2011 CL86
2011 CP91
2011 CK96
2011 CA99
2011 CF109
2011 CQ110
2011 CD115
2011 DY1
2011 DJ11
2011 DB23
2011 ER11
2011 EH36
2011 EW36
2011 EV42
2011 EG45
2011 EB50
2011 EZ51
2011 EU68
2011 EP70
2011 EG78
2011 FX4
2011 FJ5
2011 FR14
2011 FK18
2011 FA28
2011 FK29
2011 FQ33
2011 FE46
2011 FD53
2011 FE80
2011 FG80
2011 FA147
2011 FU154
2011 GU7
2011 GA26
2011 GM67
2011 GO74
2011 HB37
2011 HU51
2011 HL56
2011 HT63
2011 HS81
2011 HS83
2011 HS84
2011 HG97
2011 JE9
2011 JY13
2011 JN18
2011 JS26
2011 JA29
2011 KZ10
2011 KV11
2011 KL24
2011 KG26
2011 KN27
2011 KN48
2011 LE7
2011 LO27
2011 NP3
2011 OC3
2011 OD12
2011 OC24
2011 OV30
2011 PM8
2011 QT1
2011 QV12
2011 QK14
2011 QS19
2011 QT23
2011 QT25
2011 QP31
2011 QB32
2011 QT32
2011 QZ32
2011 QQ34
2011 QW46
2011 QY46
2011 QY48
2011 QY53
2011 QL58
2011 QD66
2011 QR66
2011 QZ70
2011 QQ94
2011 QV98
2011 RL1
2011 RV9
2011 RN15
2011 RU15
2011 SD2
2011 SO4
2011 SV37
2011 SU45
2011 SD50
2011 SD52
2011 SC55
2011 SQ64
2011 SK65
2011 SA80
2011 SX104
2011 SP106
2011 SP130
2011 SX130
2011 SQ136
2011 SQ159
2011 SB193
2011 SR207
2011 SN214
2011 SB218
2011 SZ241
2011 SL249
2011 SM249
2011 SO254
2011 SC255
2011 SX259
2011 SD263
2011 SD270
2011 UR28
2011 UL29
2011 UQ37
2011 UM44
2011 UZ46
2011 UE51
2011 UK66
2011 UY76
2011 UC85
2011 UM90
2011 UE92
2011 UE363
2011 UA114
2011 UG117
2011 UV378
2011 UN120
2011 UW387
2011 UK134
2011 UQ138
2011 UG146
2011 UH153
2011 UP153
2011 UZ161
2011 UL163
2011 UN163
2011 UA165
2011 UB170
2011 UN181
2011 UM185
2011 UH201
2011 UP205
2011 UZ258
2011 UN269
2011 UD285
2011 UB291
2011 UM295
2011 UK298
2011 UE299
2011 UW311
2011 UC322
2011 UW345
2011 UF354
2011 UX356
2011 VW1
2011 WO20
2011 WX37
2011 WD43
2011 WO70
2011 WK76
2011 WL85
2011 WX86
2011 WK87
2011 WV87
2011 WJ94
2011 WA115
2011 WE116
2011 WO152
2011 YF10
2011 YO11
2011 YZ21
2011 YM34
2011 YL35
2011 YR37
2011 YM43
2011 YO43
2011 YS46
2011 YT53
2011 YF58
2011 YK61
2011 YQ67
2011 YF68
2011 YX73
2012 AV14
2012 AC22
2012 BH12
2012 BO18
2012 BB22
2012 BN48
2012 BS48
2012 BZ53
2012 BM67
2012 BN92
2012 BK94
2012 BQ98
2012 BR98
2012 BA125
2012 BU128
2012 BU151
2012 CD25
2012 CG25
2012 CV27
2012 CU34
2012 CT42
2012 DX5
2012 DG8
2012 DO36
2012 DH47
2012 DD59
2012 DK67
2012 DV68
2012 DV69
2012 DP80
2012 DU80
2012 DM87
2012 ED5
2012 EJ9
2012 EQ16
2012 FG4
2012 FO12
2012 FP34
2012 FE40
2012 FA52
2012 FC67
2012 FZ74
2012 GH2
2012 HV33
2012 HQ39
2012 HS39
2012 HB43
2012 HH45
2012 HQ57
2012 HK62
2012 JL24
2012 JV24
2012 JD28
2012 JK30
2012 JB51
2012 KP15
2012 KA16
2012 KF48
2012 KH48
2012 KM48
2012 LK18
2012 MF9
2012 PH17
2012 PC28
2012 PQ39
2012 QR15
2012 QJ21
2012 QH23
2012 QK26
2012 QT28
2012 QE40
2012 QK49
2012 RX6
2012 RM8
2012 RW8
2012 RQ9
2012 RN11
2012 RJ23
2012 RA27
2012 RS37
2012 RU40
2012 RT42
2012 SP4
2012 SY12
2012 SF15
2012 SV16
2012 SY26
2012 SV28
2012 SR36
2012 SB39
2012 SE41
2012 SN54
2012 SX54
2012 SP57
2012 SN62
2012 TQ3
2012 TH6
2012 TH7
2012 TR8
2012 TU10
2012 TW14
2012 TT24
2012 TR25
2012 TD44
2012 TK44
2012 TF45
2012 TG66
2012 TE67
2012 TE91
2012 TE98
2012 TM103
2012 TC104
2012 TD111
2012 TB114
2012 TR128
2012 TD134
2012 TH149
2012 TQ157
2012 TH163
2012 TE165
2012 TW167
2012 TX176
2012 TQ177
2012 TD186
2012 TT192
2012 TZ195
2012 TF196
2012 TJ198
2012 TP200
2012 TY226
2012 TM232
2012 TC237
2012 TG244
2012 TC247
2012 TF255
2012 TT262
2012 TD263
2012 TB268
2012 TV271
2012 TC280
2012 TS285
2012 TN299
2012 TN301
2012 TP310
2012 TW313
2012 TN315
2012 TO318
2012 US12
2012 UC13
2012 UQ26
2012 UU34
2012 UA46
2012 UH46
2012 UM47
2012 UP52
2012 UU73
2012 UY91
2012 UX93
2012 UY94
2012 UO117
2012 US123
2012 UD137
2012 UN140
2012 UT143
2012 UJ154
2012 UD157
2012 UP159
2012 UT163
2012 US173
2012 VZ
2012 VZ12
2012 VL16
2012 VB31
2012 VB43
2012 VD44
2012 VN55
2012 VC60
2012 VD68
2012 VF71
2012 VA82
2012 VG82
2012 VH82
2012 VD91
2012 VT95
2012 VA111
2012 WF9
2012 WY15
2012 WV27
2012 WG35
2012 XY13
2012 XS54
2012 XH62
2012 XL62
2012 XX64
2012 XM67
2012 XN115
2012 XO125
2012 XS133
2013 AP24
2013 AJ35
2013 AG36
2013 AQ53
2013 AK55
2013 AS75
2013 AL80
2013 AL86
2013 AE89
2013 AV89
2013 AC90
2013 AZ91
2013 AE95
2013 AA96
2013 AC97
2013 AF102
2013 AP116
2013 AP122
2013 AW123
2013 AG125
2013 BD3
2013 BG10
2013 BE25
2013 BB33
2013 BP35
2013 BA54
2013 BB55
2013 BG55
2013 BF58
2013 BB60
2013 BJ62
2013 BQ63
2013 BR67
2013 BF68
2013 BF72
2013 BW75
2013 BB76
2013 BS81
2013 CA4
2013 CG8
2013 CM14
2013 CT14
2013 CF16
2013 CM27
2013 CL29
2013 CT30
2013 CT44
2013 CL58
2013 CU60
2013 CT63
2013 CA67
2013 CW69
2013 CU80
2013 CK90
2013 CX97
2013 CZ111
2013 CA125
2013 CL151
2013 CH175
2013 CZ175
2013 CU198
2013 CB216
2013 DX2
2013 DM12
2013 DC13
2013 DN13
2013 EF1
2013 ER8
2013 EK15
2013 EO18
2013 EO45
2013 EG49
2013 ED66
2013 EV73
2013 EM77
2013 EV102
2013 EC111
2013 FW16
2013 FU26
2013 GT2
2013 GS10
2013 GX59
2013 GE72
2013 GK74
2013 GN84
2013 GE88
2013 GQ90
2013 GM94
2013 GK101
2013 GX101
2013 GN103
2013 GN129
2013 GA136
2013 HF15
2013 HM17
2013 HH33
2013 HP38
2013 HZ42
2013 HL43
2013 HZ65
2013 HZ130
2013 HK142
2013 JJ1
2013 JC3
2013 JE11
2013 JZ23
2013 JW46
2013 JH62
2013 KT7
2013 KJ12
2013 KG14
2013 KZ16
2013 LM4
2013 LC9
2013 LS33
2013 MX3
2013 NA1
2013 NZ2
2013 NV3
2013 NK9
2013 NN12
2013 OQ7
2013 PS1
2013 PQ12
2013 PS18
2013 PQ33
2013 PT37
2013 PH51
2013 PB53
2013 PD59
2013 PG61
2013 PT63
2013 PC65
2013 QN20
2013 QC28
2013 QW31
2013 QR33
2013 QO47
2013 QJ49
2013 QA57
2013 QG57
2013 QN57
2013 QA91
2013 RT11
2013 RE17
2013 RS21
2013 RQ26
2013 RD33
2013 RV34
2013 RG35
2013 RB38
2013 RC54
2013 RA63
2013 RT63
2013 RW66
2013 RO67
2013 RK77
2013 SY22
2013 SM72
2013 SO72
2013 SY72
2013 SY76
2013 SK80
2013 TQ8
2013 TQ10
2013 TS10
2013 TT14
2013 TC28
2013 TP32
2013 TY49
2013 TF53
2013 TD67
2013 TP78
2013 TW84
2013 TD94
2013 TU96
2013 TM105
2013 TV111
2013 TH122
2013 TU124
2013 TE125
2013 TP133
2013 TV136
2013 TN139
2013 VL8
2013 VJ14
2013 VO21
2013 WK10
2013 WD13
2013 WK61
2013 WT64
2013 WQ68
2013 WV72
2013 WE81
2013 WA90
2013 WD97
2013 WL106
2013 WP106
2013 XN13
2013 XH16
2013 XS16
2013 YV9
2013 YK13
2013 YN28
2013 YD33
2013 YC40
2013 YC55
2013 YU61
2013 YU63
2013 YF71
2013 YB76
2013 YK84
2013 YW94
2013 YF95
2013 YD108
2013 YD111
2013 YT124
2013 YC128
2013 YG144
2014 AB8
2014 AR26
2014 AG45
2014 AL52
2014 AF53
2014 BO4
2014 BQ7
2014 BJ11
2014 BX12
2014 BO20
2014 BK29
2014 BX29
2014 BB47
2014 BL54
2014 BD59
2014 CF6
2014 CF7
2014 CO10
2014 CA17
2014 CQ18
2014 CP19
2014 CB20
2014 CM22
2014 DU4
2014 DB8
2014 DO10
2014 DP27
2014 DR30
2014 DN38
2014 DY38
2014 DR55
2014 DJ64
2014 DY65
2014 DV66
2014 DS71
2014 DJ72
2014 DZ80
2014 DL82
2014 DX85
2014 DD88
2014 DN90
2014 DO97
2014 DG113
2014 DV134
2014 DM138
2014 DQ140
2014 ES1
2014 EE7
2014 EA18
2014 EW22
2014 ED30
2014 EJ32
2014 EE34
2014 EG38
2014 EW38
2014 ER40
2014 EB46
2014 EB47
2014 EL51
2014 FX5
2014 FL16
2014 FT22
2014 FA56
2014 FR66
2014 GY8
2014 GY11
2014 GQ13
2014 GQ26
2014 GT38
2014 GH39
2014 GF40
2014 GV41
2014 GB43
2014 HN
2014 HB14
2014 HY16
2014 HP17
2014 HT18
2014 HO19
2014 HS33
2014 HV34
2014 HW34
2014 HA44
2014 HY64
2014 HR106
2014 HJ111
2014 HS116
2014 HW121
2014 HM143
2014 HQ143
2014 HO145
2014 HC160
2014 HT162
2014 HU162
2014 HG164
2014 HH164
2014 HU177
2014 HU179
2014 HE180
2014 HZ186
2014 JL
2014 JV9
2014 JA10
2014 JA13
2014 JA33
2014 JC33
2014 JP33
2014 JA36
2014 JE42
2014 JX42
2014 JN46
2014 JA48
2014 JW59
2014 JJ60
2014 JG62
2014 JP62
2014 JX63
2014 JW64
2014 JV75
2014 KA1
2014 KU2
2014 KJ15
2014 KV23
2014 KG26
2014 KY30
2014 KC32
2014 KH57
2014 KS57
2014 KH62
2014 KP74
2014 KT87
2014 LM11
2014 LJ16
2014 LR18
2014 LA22
2014 LQ23
2014 MQ1
2014 MH14
2014 MD23
2014 MT25
2014 ML37
2014 MS43
2014 ME44
2014 MZ63
2014 NL
2014 NP16
2014 NW25
2014 NN29
2014 NO33
2014 NW37
2014 NV47
2014 NY53
2014 NC56
2014 NJ56
2014 NR56
2014 NK59
2014 NW59
2014 NG60
2014 OO4
2014 OB12
2014 OL21
2014 OK25
2014 OP35
2014 OU35
2014 OV36
2014 OE38
2014 OF60
2014 ON79
2014 OH80
2014 OM85
2014 OO91
2014 OT91
2014 OY92
2014 OP94
2014 OA96
2014 OK97
2014 OY360
2014 OX105
2014 OM107
2014 OL374
2014 OS388
2014 OB147
2014 OK158
2014 OC170
2014 OW172
2014 OM176
2014 OL177
2014 OJ181
2014 OG189
2014 OA193
2014 OR195
2014 ON197
2014 OS206
2014 OZ213
2014 OR221
2014 OZ226
2014 OY233
2014 OK237
2014 OJ241
2014 OL243
2014 OS260
2014 OV262
2014 OO282
2014 OU291
2014 OU294
2014 OJ296
2014 OM297
2014 OF298
2014 ON298
2014 OM301
2014 OB336
2014 OE342
2014 OP343
2014 PE1
2014 PG1
2014 PQ8
2014 PX26
2014 PB33
2014 PS38
2014 PW38
2014 PR39
2014 PN44
2014 PQ44
2014 PE56
2014 PO62
2014 QP19
2014 QU26
2014 QA38
2014 QE40
2014 QG45
2014 QF64
2014 QD103
2014 QP367
2014 QH371
2014 QQ374
2014 QL378
2014 QU380
2014 QZ382
2014 QR393
2014 QZ403
2014 QY149
2014 QP420
2014 QR420
2014 QE431
2014 QZ173
2014 QJ438
2014 QP178
2014 QX188
2014 QM216
2014 QP221
2014 QS222
2014 QU227
2014 QG236
2014 QG241
2014 QW241
2014 QR242
2014 QN248
2014 QM252
2014 QX269
2014 QE277
2014 QF300
2014 QH301
2014 QA307
2014 QA312
2014 QK316
2014 QC317
2014 QZ322
2014 QY328
2014 QE329
2014 QL330
2014 QQ330
2014 QD344
2014 QK359
2014 RE
2014 RR8
2014 RY40
2014 SZ44
2014 SV45
2014 SB87
2014 SM105
2014 ST111
2014 SK123
2014 SM145
2014 ST154
2014 SB172
2014 SA188
2014 SP207
2014 SE211
2014 SN218
2014 SR237
2014 ST240
2014 ST248
2014 SN263
2014 SO265
2014 SR265
2014 SD267
2014 SO298
2014 SS300
2014 SH307
2014 SD309
2014 SG315
2014 SE316
2014 SF316
2014 SF317
2014 SP319
2014 TG11
2014 TJ11
2014 TN15
2014 TT22
2014 TD25
2014 TM39
2014 TM40
2014 TT50
2014 TY53
2014 TC55
2014 TJ55
2014 TA65
2014 TR65
2014 UD9
2014 UB22
2014 UJ49
2014 UY61
2014 UQ67
2014 UK83
2014 UX91
2014 UQ94
2014 UL103
2014 UQ106
2014 UA122
2014 UW130
2014 UB133
2014 UD140
2014 UJ140
2014 UB148
2014 UF156
2014 UL159
2014 UL170
2014 UA172
2014 UB173
2014 UX173
2014 UT181
2014 UT182
2014 UZ188
2014 UH189
2014 UM189
2014 UL199
2014 UT199
2014 UK204
2014 UN208
2014 UV209
2014 US215
2014 VF5
2014 VM5
2014 VN5
2014 VB13
2014 VS18
2014 VN29
2014 VJ36
2014 WU23
2014 WE24
2014 WP43
2014 WM46
2014 WM60
2014 WX65
2014 WY65
2014 WD68
2014 WK68
2014 WK82
2014 WQ83
2014 WG109
2014 WB170
2014 WW190
2014 WB332
2014 WM348
2014 WB107
2014 WJ107
2014 WO116
2014 WB123
2014 WC123
2014 WV123
2014 WH145
2014 WG160
2014 WL164
2014 WQ424
2014 WP427
2014 WS427
2014 WE196
2014 WL212
2014 WG479
2014 WK253
2014 WQ254
2014 WG272
2014 WG280
2014 WV305
2014 WQ310
2014 WT331
2014 WM348
2014 XO10
2014 XC16
2014 XA21
2014 YR3
2014 YB4
2014 YO5
2014 YE16
2014 YM21
2014 YP21
2014 YV42
2014 YC43
2015 AM28
2015 AZ77
2015 AX149
2015 AR229
2015 AC259
2015 AB262
2015 BM1
2015 BX15
2015 BC20
2015 BL27
2015 BU64
2015 BL65
2015 BG74
2015 BJ75
2015 BA78
2015 BJ86
2015 BT86
2015 BK91
2015 BR130
2015 BE102
2015 BL109
2015 BM140
2015 BX140
2015 BZ140
2015 BJ141
2015 BB148
2015 BP413
2015 BY156
2015 BP169
2015 BJ432
2015 BF444
2015 BK446
2015 BV481
2015 BE222
2015 BE230
2015 BS490
2015 BW231
2015 BP234
2015 BC498
2015 BA502
2015 BM513
2015 BG257
2015 BZ284
2015 BG299
2015 BE300
2015 BF300
2015 BH300
2015 BJ304
2015 BZ304
2015 BC305
2015 BH332
2015 BY335
2015 BP347
2015 BA356
2015 BS356
2015 CN1
2015 CC4
2015 CL23
2015 CQ31
2015 CX39
2015 CA46
2015 CY52
2015 CC55
2015 DM21
2015 DC22
2015 DT38
2015 DV41
2015 DA47
2015 DD60
2015 DW86
2015 DX98
2015 DO99
2015 DV113
2015 DA120
2015 DB143
2015 DE145
2015 DH147
2015 DY154
2015 DZ159
2015 DJ165
2015 DN165
2015 DC178
2015 DW211
2015 DR214
2015 DA219
2015 DB224
2015 EV12
2015 EY12
2015 EM17
2015 EX17
2015 ER18
2015 EW19
2015 EK25
2015 EZ49
2015 EH59
2015 EF64
2015 FC39
2015 FK75
2015 FX98
2015 FV99
2015 FF101
2015 FQ113
2015 FP123
2015 FZ143
2015 FV149
2015 FF150
2015 FL152
2015 FL156
2015 FQ204
2015 FR205
2015 FZ215
2015 FM287
2015 FE315
2015 FZ315
2015 FT318
2015 FG327
2015 FA334
2015 FZ335
2015 FW336
2015 FC338
2015 FQ340
2015 GV37
2015 GX42
2015 GP47
2015 HS27
2015 HV30
2015 HO42
2015 HQ56
2015 HP57
2015 HW57
2015 HT91
2015 HU91
2015 HV104
2015 HV139
2015 HN145
2015 HT170
2015 HF177
2015 HW181
2015 JX2
2015 KS8
2015 KT36
2015 KW37
2015 KH50
2015 KF74
2015 KA101
2015 KN130
2015 KX135
2015 KH145
2015 KC148
2015 KB160
2015 LD23
2015 LS25
2015 LD29
2015 LL30
2015 MT13
2015 MO63
2015 MC76
2015 MH77
2015 ME79
2015 MO79
2015 MY81
2015 MJ93
2015 MT115
2015 MH117
2015 MO129
2015 NW6
2015 NC7
2015 NM7
2015 OJ1
2015 OC2
2015 OP22
2015 OB38
2015 OB67
2015 OJ68
2015 OQ69
5059 T-3
1994 WT6
1995 OS16
1995 UV53
1995 VW5
1997 EH1
1997 RW
1998 RW31
1998 SO29
1999 TM66
2000 ER60
2000 EC116
2000 QV107
2000 QS211
2000 UY40
2001 DB11
2001 DQ42
2001 FB140
2001 FD206
2001 FL212
2001 FD221
2001 FD222
2001 FG231
2001 FW231
2001 OU
2001 PS56
2001 QE288
2001 SE199
2001 SE216
2001 TF25
2001 TF99
2001 TF157
2001 TE250
2001 TL254
2001 UY228
2002 CZ87
2002 CB195
2002 CZ315
2002 EP137
2002 GR55
2002 GW57
2002 NL63
2002 NX79
2002 PE7
2002 PA52
2002 PM122
2002 QJ64
2002 QD82
2002 QZ84
2002 QA97
2002 QU129
2002 RW90
2002 RD111
2002 RH213
2002 RT230
2002 RP251
2002 RP263
2002 RN286
2002 TA385
2002 TH198
2002 TQ334
2002 UP1
2002 UA21
2002 UW54
2002 UQ76
2002 VD
2002 WL29
2002 XG121
2003 EN63
2003 FG10
2003 GR25
2003 PC13
2003 SF77
2003 SD394
2003 SJ242
2003 SK340
2003 UC46
2003 UC361
2003 UK363
2003 UQ333
2003 UV346
2003 WL76
2003 YY49
2004 DF65
2004 ES22
2004 JN33
2004 NG1
2004 PR115
2004 RO11
2004 RQ69
2004 RV87
2004 RQ90
2004 RQ237
2004 RO301
2004 SZ24
2004 SM61
2004 TR46
2004 TT58
2004 TN79
2004 TN370
2004 TT145
2004 TN229
2004 TX237
2004 TX359
2004 UL3
2004 VK40
2004 XH74
2004 YJ25
2005 BJ14
2005 DG
2005 EL9
2005 EO132
2005 LB27
2005 NW27
2005 NP28
2005 NC40
2005 NG94
2005 QE179
2005 RU16
2005 SO82
2005 SV87
2005 SE122
2005 ST150
2005 SK162
2005 SW176
2005 SV184
2005 SU188
2005 ST211
2005 ST226
2005 SY245
2005 SQ256
2005 TH13
2005 TZ26
2005 TZ58
2005 UN32
2005 UN38
2005 UJ60
2005 US102
2005 UJ375
2005 UC120
2005 UR380
2005 UZ123
2005 UY133
2005 UJ400
2005 UA415
2005 UH185
2005 UY187
2005 UV197
2005 US206
2005 UU208
2005 UQ470
2005 UY210
2005 US478
2005 UJ238
2005 UU252
2005 UF257
2005 UO265
2005 UW275
2005 UD280
2005 UJ284
2005 UP286
2005 UN301
2005 UM302
2005 UT320
2005 UO321
2005 UA331
2005 UP331
2005 UR339
2005 UU339
2005 US343
2005 VZ2
2005 VH13
2005 VN23
2005 VP34
2005 VS45
2005 VG78
2005 VC89
2005 VS94
2005 VV105
2005 VM106
2005 VR125
2005 VW135
2005 WW13
2005 WH44
2005 WG75
2005 WX75
2005 YS15
2005 YG31
2005 YV108
2005 YD140
2005 YZ140
2005 YJ153
2005 YQ192
2005 YK257
2006 AN13
2006 AF50
2006 AN54
2006 BS64
2006 BL70
2006 BR134
2006 BE161
2006 BY236
2006 BS237
2006 CT14
2006 CA25
2006 CY45
2006 DZ137
2006 DG139
2006 DR175
2006 EE5
2006 HK16
2006 HE31
2006 HA48
2006 JR72
2006 KH29
2006 KG58
2006 KM60
2006 KZ77
2006 MY12
2006 OZ1
2006 OH27
2006 QA25
2006 QC35
2006 QE45
2006 QS51
2006 QC83
2006 QV100
2006 RN49
2006 RW65
2006 RO72
2006 RS79
2006 RR82
2006 RF83
2006 RS121
2006 ST25
2006 ST46
2006 SW50
2006 SL63
2006 SE81
2006 SK100
2006 SR375
2006 SK376
2006 SG407
2006 SD410
2006 ST410
2006 SM158
2006 SX172
2006 SZ220
2006 SV237
2006 SY237
2006 SP249
2006 SC286
2006 SA359
2006 TL11
2006 TR42
2006 TL64
2006 TD94
2006 TW110
2006 UT5
2006 UO45
2006 UD51
2006 UQ71
2006 UG104
2006 UT109
2006 UN138
2006 UZ168
2006 UQ210
2006 UY213
2006 UC219
2006 UG227
2006 UP242
2006 UC247
2006 UM257
2006 UU257
2006 UZ267
2006 UO277
2006 UP338
2006 UP359
2006 VT43
2006 VM59
2006 VF135
2006 VM136
2006 VE153
2006 WT104
2006 WF121
2006 WE122
2006 WO122
2006 WV125
2006 WR131
2006 WV142
2006 XH44
2006 XQ55
2006 XJ68
2006 YA1
2006 YK6
2007 BL29
2007 BB86
2007 DW8
2007 DM54
2007 DK57
2007 DC61
2007 DG74
2007 EG19
2007 GJ77
2007 HM69
2007 HT80
2007 HF83
2007 JK21
2007 JN36
2007 LM3
2007 LM28
2007 MB6
2007 MR9
2007 MC13
2007 PP4
2007 RZ46
2007 RS55
2007 RE99
2007 RN114
2007 RL115
2007 RZ129
2007 RT168
2007 RH169
2007 RC174
2007 RD199
2007 RG257
2007 RV290
2007 RK307
2007 RH319
2007 SP10
2007 TE23
2007 TA50
2007 TY80
2007 TM91
2007 TT99
2007 TE112
2007 TD150
2007 TL422
2007 TY424
2007 TO167
2007 TB169
2007 TE433
2007 TV174
2007 TO447
2007 TF260
2007 TB276
2007 TC310
2007 TG316
2007 TR332
2007 TA337
2007 TE337
2007 TO350
2007 UH64
2007 UF73
2007 UT78
2007 UQ92
2007 UF132
2007 UY134
2007 VY14
2007 VN30
2007 VU34
2007 VF69
2007 VN81
2007 VL143
2007 VK158
2007 VF172
2007 VQ248
2007 VE259
2007 VX260
2007 VO324
2007 WC36
2007 WZ37
2007 WZ43
2007 WN48
2007 WW51
2007 YB6
2007 YR10
2007 YY25
2007 YY27
2007 YR28
2007 YL47
2008 AE58
2008 AL109
2008 AT118
2008 AP127
2008 CV4
2008 CT31
2008 CH58
2008 CU96
2008 CP146
2008 CB171
2008 CD171
2008 CP182
2008 CF207
2008 CA208
2008 CT213
2008 DF14
2008 DV57
2008 EO3
2008 EV4
2008 EY23
2008 EK64
2008 EL65
2008 EZ66
2008 EU89
2008 EA136
2008 EX146
2008 FK39
2008 FA40
2008 FD73
2008 GP35
2008 GC49
2008 LM6
2008 OS13
2008 QT27
2008 QD28
2008 QM29
2008 RY84
2008 RR104
2008 RC127
2008 SE3
2008 SC10
2008 SS27
2008 SH52
2008 SN84
2008 SU138
2008 SL163
2008 SB181
2008 SF217
2008 SH240
2008 SJ267
2008 SV296
2008 SY300
2008 SY303
2008 TR31
2008 TG52
2008 TV75
2008 TO107
2008 TM138
2008 TZ175
2008 TN184
2008 UP13
2008 UB15
2008 UJ15
2008 UA17
2008 UO64
2008 UC83
2008 UX104
2008 UH111
2008 UX119
2008 UC120
2008 UK158
2008 UL165
2008 UL173
2008 UJ185
2008 UF194
2008 UO198
2008 UX287
2008 UK288
2008 UX296
2008 UZ306
2008 UG319
2008 UG321
2008 UM336
2008 UK347
2008 UU349
2008 UX349
2008 VL1
2008 VL33
2008 VE46
2008 WG6
2008 XM7
2008 XU8
2008 YX5
2008 YM28
2008 YY28
2008 YA33
2008 YE57
2008 YK58
2008 YC95
2008 YW98
2008 YF108
2008 YC115
2008 YR132
2009 AM4
2009 AC14
2009 AV23
2009 AP28
2009 AO29
2009 AJ43
2009 BX74
2009 BP86
2009 BW92
2009 BB105
2009 BB126
2009 BB139
2009 BJ184
2009 CU15
2009 CY24
2009 DW27
2009 DL30
2009 DC40
2009 DH135
2009 EJ24
2009 EZ29
2009 FW70
2009 HA15
2009 HD22
2009 HP32
2009 HS76
2009 HV81
2009 HD96
2009 HT103
2009 KQ15
2009 PU4
2009 PF7
2009 PN11
2009 QP24
2009 RT35
2009 RJ57
2009 RM71
2009 SA11
2009 ST45
2009 SJ49
2009 SG54
2009 SP78
2009 SK92
2009 SV362
2009 ST119
2009 SH148
2009 SP211
2009 SR211
2009 SS224
2009 SW228
2009 SM237
2009 SU293
2009 SG315
2009 SL341
2009 TS13
2009 TD23
2009 TA29
2009 TL31
2009 UD28
2009 UP52
2009 UB59
2009 UQ76
2009 UR131
2009 UU132
2009 VB22
2009 VM33
2009 VY69
2009 VT85
2009 VB91
2009 VE95
2009 VX99
2009 WP3
2009 WN16
2009 WM23
2009 WU52
2009 WS54
2009 WQ120
2009 WF136
2009 WX156
2009 WL200
2009 WX203
2009 XD2
2009 XM10
2009 YV22
2010 AR20
2010 AU27
2010 AA36
2010 AS92
2010 BQ34
2010 BQ51
2010 BO96
2010 CA39
2010 CH62
2010 CY84
2010 CE93
2010 CN115
2010 CE117
2010 CE120
2010 CB207
2010 CL222
2010 CZ228
2010 CC239
2010 CY247
2010 DE10
2010 DC44
2010 EY28
2010 EJ40
2010 EB100
2010 FM5
2010 FO73
2010 FQ99
2010 GH4
2010 GH43
2010 GV66
2010 GV80
2010 GA88
2010 GS93
2010 GK114
2010 GJ155
2010 GB164
2010 HQ14
2010 HD15
2010 HV17
2010 HE46
2010 HN93
2010 HV100
2010 JL140
2010 KZ12
2010 KE23
2010 KU29
2010 KJ105
2010 LJ43
2010 LX59
2010 LP60
2010 LG106
2010 LW128
2010 MF81
2010 MC101
2010 MM113
2010 NA26
2010 NM36
2010 NJ77
2010 ND80
2010 NP100
2010 OZ4
2010 OR43
2010 OF57
2010 OS57
2010 OC73
2010 OK73
2010 OV80
2010 OG90
2010 PV1
2010 PF29
2010 QJ4
2010 QJ7
2010 RW2
2010 RR17
2010 RN42
2010 RS65
2010 RV112
2010 RP132
2010 RB133
2010 SQ4
2010 SU20
2010 SH21
2010 SP22
2010 SB28
2010 SK35
2010 TC8
2010 TR32
2010 TQ76
2010 TJ78
2010 TY81
2010 TN89
2010 TR92
2010 TV92
2010 TE124
2010 TJ127
2010 TJ143
2010 UP36
2010 UQ40
2010 UX44
2010 UF105
2010 VG5
2010 VS7
2010 VL51
2010 VM101
2010 VZ101
2010 VX112
2010 VW132
2010 VU136
2010 VP164
2010 VC178
2010 VK179
2010 VT180
2010 WG23
2010 WZ47
2010 WW57
2010 XZ38
2011 AG32
2011 AN32
2011 BY35
2011 BY48
2011 BZ49
2011 BL71
2011 BT72
2011 BU72
2011 BW75
2011 BF92
2011 BE102
2011 BV107
2011 CN7
2011 CE37
2011 CB58
2011 CC61
2011 CV71
2011 CE72
2011 CV79
2011 CM84
2011 CC99
2011 CU109
2011 DL45
2011 DD47
2011 EG20
2011 EP20
2011 EZ36
2011 FB52
2011 FV88
2011 FD106
2011 FS156
2011 GH36
2011 HN28
2011 HQ28
2011 HQ67
2011 HL69
2011 HM101
2011 KK10
2011 LS2
2011 LK22
2011 OD1
2011 OW34
2011 OD35
2011 OT35
2011 QF60
2011 QW60
2011 SW3
2011 SE15
2011 SW22
2011 SH33
2011 SD65
2011 SG74
2011 SG84
2011 SP84
2011 ST93
2011 SU97
2011 SC104
2011 SP200
2011 SM225
2011 SB236
2011 SK246
2011 ST259
2011 SY274
2011 TJ11
2011 TT14
2011 TL15
2011 UN31
2011 UP42
2011 UV54
2011 UD65
2011 UB66
2011 UY82
2011 UZ96
2011 UD138
2011 UR187
2011 UC205
2011 UY214
2011 UK215
2011 UO229
2011 UJ252
2011 UX271
2011 UE280
2011 US310
2011 UY310
2011 UE346
2011 UH352
2011 UW356
2011 WQ
2011 WH4
2011 WC5
2011 WP9
2011 WZ28
2011 WW79
2011 WF86
2011 WN109
2011 YC24
2011 YV45
2011 YL56
2011 YT60
2011 YY67
2011 YU77
2012 AU19
2012 BB6
2012 BZ11
2012 BJ15
2012 BF58
2012 BH87
2012 BK113
2012 BO127
2012 CO47
2012 DL8
2012 DE14
2012 DE29
2012 EP12
2012 EB14
2012 EB16
2012 FD7
2012 FG15
2012 FT37
2012 FU64
2012 FH83
2012 GZ21
2012 HF15
2012 HW29
2012 HP38
2012 JS6
2012 JV14
2012 JW14
2012 JF33
2012 JH48
2012 JA52
2012 JO65
2012 KE3
2012 KJ4
2012 KO14
2012 KU34
2012 KJ41
2012 LR9
2012 LQ15
2012 MM3
2012 PM1
2012 PV11
2012 PC17
2012 PZ28
2012 PH29
2012 PQ40
2012 QV11
2012 QV20
2012 QV43
2012 QD45
2012 RA5
2012 SV12
2012 SG22
2012 SQ40
2012 SN57
2012 TS6
2012 TZ7
2012 TA33
2012 TR43
2012 TY46
2012 TK76
2012 TK94
2012 TL101
2012 TV111
2012 TB122
2012 TZ129
2012 TH152
2012 TL154
2012 TX204
2012 TN211
2012 TE213
2012 TJ231
2012 TM242
2012 TW245
2012 TY254
2012 TH265
2012 TR273
2012 TY316
2012 UB12
2012 UD16
2012 US16
2012 UW18
2012 UY41
2012 UL50
2012 UZ52
2012 UO64
2012 UJ72
2012 UN75
2012 UH80
2012 UU91
2012 US97
2012 UW145
2012 UZ148
2012 VW11
2012 VL21
2012 VF35
2012 VK99
2012 WD5
2012 WJ15
2012 WF29
2012 XP14
2012 XW20
2012 XG45
2012 XW48
2012 XH54
2012 XB60
2012 XK87
2012 XX100
2012 XO122
2012 XR131
2012 XM137
2012 XR139
2013 AM
2013 AQ45
2013 AS45
2013 AJ59
2013 AZ68
2013 AW107
2013 AR112
2013 BO7
2013 BZ34
2013 BG65
2013 CO3
2013 CV9
2013 CJ21
2013 CP24
2013 CD32
2013 CG65
2013 CV70
2013 CX89
2013 CZ106
2013 CU110
2013 CK112
2013 CE155
2013 CX184
2013 DL
2013 EQ5
2013 EM7
2013 EO8
2013 ED23
2013 EJ25
2013 EP28
2013 EE58
2013 EC63
2013 ET102
2013 ES128
2013 FD23
2013 GQ21
2013 GE42
2013 GV48
2013 GQ121
2013 HY17
2013 HV34
2013 HO37
2013 HM57
2013 HO63
2013 HS129
2013 HW144
2013 HT147
2013 HN149
2013 JJ7
2013 KL16
2013 LL16
2013 LJ26
2013 NR18
2013 PG14
2013 PU21
2013 PD22
2013 PM26
2013 PY47
2013 PF55
2013 PJ61
2013 QR4
2013 QK16
2013 QS31
2013 QB35
2013 QX49
2013 QX50
2013 QB54
2013 QN90
2013 RF12
2013 RJ80
2013 SJ33
2013 SK45
2013 SR65
2013 ST73
2013 TJ1
2013 TC24
2013 TX27
2013 TE68
2013 TQ85
2013 TD97
2013 TF102
2013 TG105
2013 TC128
2013 VN16
2013 WL8
2013 WX41
2013 WE50
2013 WB67
2013 WV83
2013 WN109
2013 YC68
2013 YF70
2013 YY80
2013 YK101
2013 YC109
2013 YY114
2013 YY118
2013 YF122
2013 YK145
2014 AH1
2014 AU5
2014 AH44
2014 BZ14
2014 BZ61
2014 CQ7
2014 DY31
2014 DX58
2014 DJ59
2014 DT87
2014 DF106
2014 DY120
2014 DB130
2014 DY135
2014 DX139
2014 EQ3
2014 EK39
2014 FG9
2014 FF46
2014 FQ52
2014 GG36
2014 GK37
2014 HE
2014 HE7
2014 HK35
2014 HO35
2014 HU36
2014 HD37
2014 HF37
2014 HK37
2014 HB45
2014 HC46
2014 HQ72
2014 HN77
2014 HX85
2014 HC95
2014 HO106
2014 HZ117
2014 HA121
2014 HQ128
2014 HN137
2014 HN143
2014 HW157
2014 HP174
2014 HV179
2014 HW193
2014 JU
2014 JY6
2014 JY18
2014 JH19
2014 JU19
2014 JQ20
2014 JP40
2014 JZ51
2014 JV63
2014 JG64
2014 JU66
2014 JS78
2014 KD33
2014 KQ71
2014 KX82
2014 LH7
2014 LP20
2014 ME11
2014 MK18
2014 NK24
2014 NF33
2014 NQ45
2014 NY62
2014 OF1
2014 OU2
2014 OV12
2014 OC17
2014 OM17
2014 OM18
2014 OW21
2014 OL23
2014 OC30
2014 OY31
2014 OP32
2014 OL48
2014 OH50
2014 OK52
2014 OS52
2014 OF79
2014 OK79
2014 OS90
2014 OZ93
2014 OS360
2014 OT100
2014 OU366
2014 OW107
2014 OX108
2014 OK110
2014 OE371
2014 OK116
2014 ON118
2014 OE120
2014 OU121
2014 OY132
2014 OE134
2014 OY148
2014 OG150
2014 OY154
2014 OB155
2014 OB160
2014 OS162
2014 OF165
2014 OT178
2014 OJ182
2014 ON182
2014 OB183
2014 OK183
2014 OU183
2014 OY185
2014 OL203
2014 OV206
2014 OH215
2014 OD220
2014 OG249
2014 OM250
2014 OA265
2014 OS276
2014 OR312
2014 OL331
2014 PL9
2014 PX35
2014 PQ68
2014 QW24
2014 QC29
2014 QX48
2014 QD106
2014 QA372
2014 QU128
2014 QK401
2014 QN403
2014 QM145
2014 QY146
2014 QF428
2014 QD203
2014 QH226
2014 QK227
2014 QJ228
2014 QS231
2014 QN233
2014 QC237
2014 QE238
2014 QZ241
2014 QB262
2014 QJ262
2014 QM297
2014 QG299
2014 QV323
2014 QR329
2014 QA341
2014 QQ352
2014 RX5
2014 RP56
2014 SY23
2014 SU43
2014 SW58
2014 SC89
2014 SX127
2014 SM130
2014 SK151
2014 SR186
2014 SG228
2014 SQ228
2014 SM248
2014 SZ290
2014 ST311
2014 SX320
2014 SE341
2014 SM343
2014 TW12
2014 TB14
2014 TG48
2014 TW48
2014 TE62
2014 TJ79
2014 TC85
2014 UJ36
2014 UL36
2014 UY38
2014 UB64
2014 US82
2014 UB124
2014 UW152
2014 UA177
2014 WK2
2014 WJ29
2014 WW36
2014 WK58
2014 WZ58
2014 WG59
2014 WM72
2014 WL88
2014 WV90
2014 WL95
2014 WY99
2014 WC132
2014 WC167
2014 WR169
2014 WR331
2014 WH100
2014 WC102
2014 WU106
2014 WG109
2014 WQ131
2014 WC132
2014 WF138
2014 WF156
2014 WH160
2014 WC167
2014 WR169
2014 WB170
2014 WN430
2014 WU431
2014 WX431
2014 WH432
2014 WJ437
2014 WD188
2014 WK190
2014 WW190
2014 WM466
2014 WS217
2014 WZ221
2014 WJ224
2014 WW485
2014 WS258
2014 WU262
2014 WY267
2014 WJ268
2014 WR273
2014 WA274
2014 WQ283
2014 WF308
2014 WF323
2014 WJ323
2014 WR331
2014 WB332
2014 WJ334
2014 WP334
2014 WP356
2014 WA359
2014 XS4
2014 XJ8
2014 YL24
2014 YC48
2015 AW19
2015 AZ40
2015 AZ86
2015 AV129
2015 AA131
2015 AA132
2015 AG136
2015 AB210
2015 AS260
2015 AN268
2015 BB19
2015 BR39
2015 BC60
2015 BE60
2015 BH60
2015 BF62
2015 BD63
2015 BH65
2015 BS65
2015 BN66
2015 BM67
2015 BO70
2015 BA74
2015 BG104
2015 BZ369
2015 BC120
2015 BF125
2015 BJ132
2015 BT134
2015 BK396
2015 BG138
2015 BK138
2015 BA139
2015 BB139
2015 BR141
2015 BW141
2015 BY142
2015 BC143
2015 BY144
2015 BX146
2015 BF152
2015 BS413
2015 BM156
2015 BS156
2015 BR164
2015 BS181
2015 BB186
2015 BD186
2015 BK186
2015 BQ186
2015 BS186
2015 BX186
2015 BE447
2015 BQ449
2015 BW449
2015 BC451
2015 BP451
2015 BZ191
2015 BF192
2015 BY192
2015 BN193
2015 BP193
2015 BX193
2015 BA194
2015 BM454
2015 BE196
2015 BL199
2015 BL201
2015 BV206
2015 BU471
2015 BY474
2015 BS215
2015 BE216
2015 BP216
2015 BK217
2015 BV217
2015 BS227
2015 BW227
2015 BV231
2015 BQ232
2015 BK236
2015 BE500
2015 BE503
2015 BA247
2015 BZ252
2015 BZ253
2015 BM255
2015 BC256
2015 BB258
2015 BO258
2015 BR275
2015 BQ284
2015 BL292
2015 BL323
2015 BD324
2015 BY355
2015 BQ357
2015 CS21
2015 CU37
2015 CF41
2015 CL43
2015 CR46
2015 CH47
2015 DH14
2015 DC17
2015 DV22
2015 DQ24
2015 DJ25
2015 DW25
2015 DD28
2015 DC41
2015 DF41
2015 DZ69
2015 DW83
2015 DM84
2015 DJ88
2015 DZ94
2015 DO101
2015 DR119
2015 DL142
2015 DE144
2015 DR145
2015 DC157
2015 DT222
2015 EQ1
2015 EL6
2015 EM6
2015 ET12
2015 EJ16
2015 EP18
2015 ES49
2015 EP56
2015 FV41
2015 FJ42
2015 FW145
2015 FV162
2015 FW183
2015 FJ249
2015 FL249
2015 FV269
2015 FU301
2015 GV2
2015 GO28
2015 GX31
2015 GD32
2015 GO40
2015 GS40
2015 GV40
2015 GV43
2015 GL46
2015 HF7
2015 HN8
2015 HB30
2015 HA31
2015 HS35
2015 HJ62
2015 HT62
2015 HW64
2015 HO68
2015 HX83
2015 HO87
2015 HM93
2015 HK97
2015 HV143
2015 HV144
2015 JR3
2015 JH10
2015 KZ6
2015 KR21
2015 KP23
2015 KC34
2015 KP40
2015 KJ67
2015 KM67
2015 KF94
2015 KF96
2015 KX96
2015 KM104
2015 KV133
2015 LM23
2015 LG38
2015 MB16
2015 MN17
2015 MT45
2015 MR46
2015 MP47
2015 MF51
2015 MN56
2015 MX62
2015 MX64
2015 MF69
2015 MF70
2015 MO70
2015 ML72
2015 MW72
2015 MF77
2015 MW81
2015 MB112
2015 MD112
2015 MT121
2015 NO20
2015 ON10
2015 OJ12
2015 OR14
2015 OF15
2015 OL16
2015 ON16
2015 OT18
2015 OF28
2015 OC30
2015 OM30
2015 OF35
2015 OL37
2015 OW41
2015 OC46
2015 OO69
2015 OU69
2015 OU73
2015 OP78
2015 PW1
2015 PU5
2015 PE39
2015 PS41
2015 PE42
2015 PB45
2015 PM47
2015 PP47
2015 PT47
4532 P-L
4294 T-3
4501 T-3
