id
202581
202628
209822
209847
210034
210318
215945
218627
221166
221653
225189
227596
233005
233040
238730
239118
239369
239425
239463
240677
241139
243407
245327
245353
245400
245867
246112
246727
246752
246811
248404
248440
248449
248505
248541
249557
250715
250750
250812
250932
251628
254748
254798
254886
254934
254946
254954
255151
255197
255395
256300
256314
256395
256456
256791
256984
257110
260859
260904
260954
261150
261185
261197
261230
261242
261289
261616
261793
262287
262513
262552
262585
262635
262742
262795
262834
262927
262946
262982
263474
263482
263628
263656
263911
264036
265643
265773
265792
265824
265840
266012
266343
266371
266769
266943
266952
268319
268521
268526
268707
269355
269516
269519
272018
272037
272553
272668
272721
272754
273085
273616
273926
274017
274057
274749
275361
277094
277136
277861
277913
277946
278229
278415
278493
278528
278992
280712
280724
280812
282002
282628
282641
284062
284071
284086
284628
284963
289689
289760
289899
290527
290756
290983
291065
292769
292775
293008
293012
293032
293952
294266
296124
296384
297065
299090
299104
299125
299141
299148
299166
299196
299272
299278
299331
299356
300021
300137
300208
300220
300408
300409
300488
300605
300626
300666
300752
300812
301191
301211
301322
301355
301381
301488
301507
301767
301776
301819
303517
303533
303581
303585
303587
303594
303604
303613
303643
303684
303726
303741
303781
303793
303805
303837
304285
304673
305071
305085
305220
305453
305598
305677
305738
305760
305763
305866
306088
306091
306095
306130
306323
308297
308304
308364
308387
308401
308418
308451
308457
308508
308510
308526
308541
308575
308597
308907
309001
309011
309827
310192
310204
311314
311325
311347
311351
311371
311389
311397
311453
311468
311475
311483
311484
311510
311542
312685
312897
314271
314277
314279
314296
314331
314334
314336
314353
314355
314365
314369
314384
314385
314392
314414
314426
314427
314445
314516
314597
315032
315035
315084
315112
315542
315568
315586
315623
315653
315657
315677
315731
315734
315737
315743
315803
315830
315851
316116
316198
316209
316243
316297
316379
316411
316452
316482
318678
318682
318745
318754
318769
318771
318774
318824
318840
318846
318849
318892
318899
318910
318953
318980
318981
318988
319001
319009
319011
319015
319032
319083
319205
319851
319866
319896
319921
319927
319969
319971
320217
320590
320778
320783
320794
320827
320909
320973
321784
321871
321973
321980
322118
322122
322158
323792
323808
323818
323819
323826
323830
323874
323877
323918
323961
323966
323981
323996
324024
324026
324079
324125
324191
324707
325200
325218
325241
325362
325609
326019
326025
326028
326083
327246
327260
327270
327272
327297
327309
327327
327339
327345
327403
327414
327451
327452
327473
327539
327912
327924
327959
327976
327977
328242
328287
328505
328570
328612
328649
328687
329165
329874
329977
329978
329985
330001
330020
330036
330037
330041
330096
330124
330134
330147
330150
330477
330665
330711
330911
331081
331185
331247
331332
331356
331370
331974
332099
332160
332390
332632
332881
332898
332900
333233
333581
335190
335197
335253
335919
336721
336872
336973
339385
339420
339448
339458
339462
339485
339490
339505
339506
339521
339526
339532
339543
339569
340490
340632
340757
340885
341183
341229
341386
341397
342688
342780
342883
343489
343537
343972
345009
345485
345521
345536
345649
345715
345717
345904
345933
345945
346138
346676
346727
346803
347095
348386
348411
348422
348438
348445
348528
348544
348779
349255
349266
349785
349821
350290
350313
350356
351408
351413
351417
351426
351451
351452
351461
351473
351478
351480
351514
351532
351537
351843
351844
352190
352246
352321
352322
352331
352348
352536
352628
352913
352992
353082
353088
353306
353563
353572
353595
353733
354652
354666
354667
354704
354705
354726
354765
354791
354800
355021
355117
355163
355179
355551
355633
355685
356029
356074
356135
356312
356517
356576
356606
356633
356678
356680
356684
356714
356808
356821
356833
356835
356946
357616
357683
357692
357698
357741
357751
357769
357770
357783
357813
357844
357912
357913
357930
358223
358383
358577
358659
358699
358901
359220
359306
359329
359452
359767
359872
360121
360840
360844
360859
360860
360894
360897
360922
360933
360949
360964
360984
360997
360998
361003
361007
361396
361493
361803
361864
362153
362187
362414
362447
362458
362471
362476
362494
362748
362804
362827
363815
363866
363884
363898
363901
363922
363932
363938
363942
363945
363970
363974
363987
363988
364025
364044
364055
364079
364088
364091
364322
364475
364840
364891
364893
364921
364976
364995
365422
365451
365479
365517
365538
365573
365616
365667
365704
365770
365999
366200
366867
366891
366894
366904
366913
366923
366964
366974
367002
367004
367164
367188
367279
367579
367629
367783
367827
367935
367948
368006
368026
368702
368749
369109
369110
369111
369208
369292
369850
369864
370841
370844
370947
371055
371067
371074
371142
371150
371177
371187
371193
371209
371227
371651
371679
371726
371732
371734
371762
371768
371796
372189
372402
372442
372485
372507
372563
372573
372609
372680
372720
372737
372749
372925
372926
372931
372936
373299
373320
373343
373366
374199
374243
374357
374375
374386
374440
374472
374507
374531
374969
375396
375407
375533
376312
376622
377504
377528
377540
377554
377771
377782
377785
377799
377806
377809
378342
378468
379361
379761
379805
379962
380683
380699
381208
381283
381520
381978
382292
383019
383657
383673
384052
384088
384093
384414
384500
384548
384570
384797
384864
384924
385599
385608
385614
385757
386187
386188
386241
386463
386464
386740
386992
387061
387088
387179
387193
387463
387957
387973
387974
388055
388397
388639
388657
388662
388723
388747
389110
389130
389489
389693
389733
389794
390017
390055
390156
390442
390919
390933
390938
390951
390957
390965
391027
391049
391082
391539
391590
391597
391604
391995
392009
392047
392090
392361
392367
392374
392392
392440
392517
392672
392679
392915
393106
393134
393768
393772
393795
393805
393813
393823
393825
393901
393912
393921
394008
394210
394222
394309
394343
394476
394479
394523
394533
394597
394664
394749
394782
394957
394995
395225
395243
395257
395264
395271
395355
395449
395518
395594
395622
395666
395687
395918
395985
396004
396029
396070
396169
396239
396384
396393
396442
396464
396509
396943
396977
396980
397006
397020
397022
397026
397048
397053
397063
397113
397127
397128
397182
397404
397517
397617
397634
398064
398080
398168
398197
398202
398215
398218
398250
398394
398409
398430
398452
398469
398504
398561
398592
398811
398881
399232
399259
399755
399803
399838
399843
399860
399868
399881
399920
400427
400488
400490
400836
400904
400947
401052
401112
401143
401216
401351
401429
401534
401558
401598
401737
402274
402294
402303
402307
402310
402311
402319
402324
402341
402346
402349
402350
402360
402389
402397
402412
402451
402783
402800
403086
403132
403187
403687
403713
403736
403742
403839
403983
404096
404399
404643
404647
404677
404710
404712
404779
404836
404847
405513
405560
405574
405608
405616
405622
405627
405634
405636
405637
405638
405642
405651
405689
405702
405715
405720
405722
405780
405824
406607
406655
406729
406733
407227
407317
407406
407428
407473
407491
407519
407600
407838
407855
407860
407908
407947
408281
408415
408462
408565
408645
408674
408718
409390
409399
409454
409455
409472
409473
409498
409503
409507
409509
409521
409524
409527
409548
409560
409571
409581
409594
409610
409622
409637
409642
409647
409674
409684
410043
410059
410060
410129
410241
410466
410498
410574
410578
410585
410592
410596
410664
411072
411112
411432
411441
411446
411448
411736
411835
411893
412253
412268
412317
412466
412808
413466
413503
413507
413525
413527
413535
413536
413541
413554
413601
413603
413608
413609
413616
413617
413648
413672
413675
413676
413685
413954
414228
414261
414271
414328
414535
414538
414549
414849
414866
414937
415124
415131
415142
415174
415195
415196
415217
415462
415470
415583
415601
415610
416755
416758
416774
416796
416802
416805
416867
416891
416958
417010
417015
417024
417027
417032
417057
417067
417069
417072
417079
417094
417097
417099
417131
417137
417164
417165
417181
417184
417194
417198
417207
417236
417240
417258
417261
417276
417802
417891
418646
418716
418767
418865
419056
419072
419120
419138
419312
419395
419399
419402
419407
419523
419527
419530
419813
419834
419876
419996
419997
420022
420167
420264
420444
420505
420697
421033
421226
421290
421488
421571
421580
421594
421635
421692
421718
421805
421848
421981
422073
422104
422116
422126
422296
422372
422487
423299
423323
423327
423340
423391
423392
423394
423524
423653
423665
423676
423678
423697
423750
424779
424881
425150
425203
425304
425346
425351
425385
425387
425408
425412
425413
425469
425510
425717
425799
426273
426293
426294
426404
426478
426603
427015
427039
427065
427085
427275
427299
427812
427840
427855
428324
428467
428899
429291
429322
429578
430086
430806
430857
430909
431115
431634
431971
432052
432182
432185
432483
432496
432541
432691
432855
432913
432965
433044
433069
433203
433206
433315
433875
433887
434388
434411
434430
434458
434473
434475
434502
434526
434541
434565
434566
434942
435187
435360
435779
435784
435790
435817
435834
435980
436304
436320
436334
436335
436352
436356
436696
436711
436712
436718
437128
437141
437154
437426
437500
437716
438130
438172
438176
438183
438191
438210
438600
438871
438959
438961
438977
438978
438987
439145
439161
439189
439192
439241
439368
439473
439503
439522
439532
439596
439644
439662
439666
439691
439716
439724
439803
2005 AG10
2005 AR48
2005 AY74
2005 CV7
2005 CN56
2005 EZ86
2005 EA104
2005 EE163
2005 ED170
2005 EF177
2005 EY191
2005 EB237
2005 EO238
2005 EY253
2005 EX306
2005 GL26
2005 GB43
2005 GB49
2005 GM57
2005 GO57
2005 GQ72
2005 GY76
2005 GY81
2005 GJ167
2005 GB180
2005 GJ180
2005 JZ8
2005 JP26
2005 JL31
2005 JK71
2005 JY89
2005 JQ122
2005 JW167
2005 JW174
2005 MH30
2005 MB50
2005 NQ23
2005 NE35
2005 NE37
2005 NB42
2005 NK61
2005 NJ65
2005 NO85
2005 ND125
2005 NF125
2005 OX4
2005 ON23
2005 PY7
2005 QQ13
2005 QV19
2005 QC32
2005 QK46
2005 QU46
2005 QV48
2005 QM62
2005 QA64
2005 QC81
2005 QL101
2005 QE113
2005 QZ118
2005 QX121
2005 QM124
2005 QT125
2005 QS133
2005 QR138
2005 QW139
2005 QE187
2005 QX188
2005 RW
2005 RE5
2005 RW45
2005 RE46
2005 RU51
2005 SL11
2005 SV11
2005 SQ23
2005 SO25
2005 SN58
2005 SE62
2005 SV66
2005 SN74
2005 SX80
2005 SK84
2005 SE101
2005 SF133
2005 SL142
2005 SN142
2005 SH149
2005 SM150
2005 SD151
2005 SP154
2005 SD161
2005 SO191
2005 SD207
2005 SR214
2005 SS223
2005 SV227
2005 SB228
2005 SX234
2005 SV235
2005 ST237
2005 SU240
2005 SP241
2005 SW241
2005 SL247
2005 SQ266
2005 SS274
2005 SZ281
2005 SV283
2005 SN286
2005 SO286
2005 SX288
2005 SK293
2005 TD8
2005 TR8
2005 TJ9
2005 TJ13
2005 TX21
2005 TW25
2005 TD26
2005 TC27
2005 TC41
2005 TJ46
2005 TN58
2005 TB61
2005 TR67
2005 TZ79
2005 TB82
2005 TR83
2005 TK90
2005 TS116
2005 TY119
2005 TT122
2005 TU122
2005 TP123
2005 TM126
2005 TE129
2005 TA134
2005 TF136
2005 TQ139
2005 TS146
2005 TL158
2005 TL159
2005 TL161
2005 TE162
2005 TU167
2005 TO168
2005 TM170
2005 TA187
2005 TN191
2005 TY193
2005 TG196
2005 UE16
2005 UJ17
2005 UX20
2005 UQ23
2005 UL31
2005 UY33
2005 UH39
2005 US39
2005 UP63
2005 UJ83
2005 UD91
2005 UK92
2005 UJ95
2005 UF134
2005 UH186
2005 UO212
2005 US219
2005 UT224
2005 UJ225
2005 UT236
2005 UX253
2005 UF261
2005 UX264
2005 UA278
2005 UB307
2005 UM320
2005 UL101
2005 UO102
2005 UH104
2005 UE369
2005 UG110
2005 UZ373
2005 UA374
2005 UT375
2005 UW115
2005 UE378
2005 UM121
2005 UB124
2005 UL124
2005 UP129
2005 US389
2005 UW133
2005 UF134
2005 UV138
2005 UD140
2005 UY143
2005 UU406
2005 UW406
2005 UA414
2005 UM415
2005 UD418
2005 UD422
2005 UW422
2005 UZ163
2005 UO424
2005 UF169
2005 UC171
2005 UZ172
2005 UF434
2005 UH174
2005 UW444
2005 UH186
2005 UP193
2005 UT195
2005 UV195
2005 UO197
2005 UP197
2005 UV202
2005 UR468
2005 UZ211
2005 UO212
2005 UE474
2005 UA478
2005 UN219
2005 US219
2005 UD220
2005 UT224
2005 UJ225
2005 US226
2005 UC227
2005 UA489
2005 UP489
2005 UL233
2005 UT236
2005 UD246
2005 UT253
2005 UX253
2005 UQ518
2005 UB520
2005 UC521
2005 UF261
2005 UX521
2005 UT523
2005 UW523
2005 UK524
2005 UX264
2005 UP525
2005 UU525
2005 UU265
2005 UD526
2005 UB268
2005 UD529
2005 UG529
2005 UY279
2005 UD281
2005 UW283
2005 UR285
2005 UO286
2005 UE287
2005 UR291
2005 UB307
2005 UD330
2005 UD332
2005 UG353
2005 UP359
2005 VQ2
2005 VE9
2005 VU15
2005 VF17
2005 VE23
2005 VF23
2005 VF24
2005 VN24
2005 VK25
2005 VY27
2005 VM29
2005 VT46
2005 VO50
2005 VO52
2005 VD68
2005 VO91
2005 VU114
2005 VM117
2005 VL126
2005 VE127
2005 VE131
2005 VW131
2005 WH
2005 WF2
2005 WU9
2005 WV15
2005 WR24
2005 WS25
2005 WW32
2005 WT45
2005 WN48
2005 WX49
2005 WH59
2005 WN71
2005 WZ82
2005 WR84
2005 WN102
2005 WK106
2005 WS124
2005 WK127
2005 WM127
2005 WD130
2005 WJ133
2005 WY135
2005 WN145
2005 WK150
2005 WR153
2005 WZ154
2005 WV164
2005 WD170
2005 WD172
2005 WP179
2005 WO198
2005 WW210
2005 XH9
2005 XL16
2005 XQ30
2005 XG40
2005 XF49
2005 XO61
2005 XT74
2005 XU81
2005 XC103
2005 YY26
2005 YM28
2005 YV34
2005 YG37
2005 YL43
2005 YW45
2005 YQ51
2005 YK58
2005 YE62
2005 YM63
2005 YE74
2005 YM87
2005 YD96
2005 YW113
2005 YB115
2005 YC132
2005 YA140
2005 YZ141
2005 YF147
2005 YD166
2005 YM166
2005 YZ175
2005 YA192
2005 YP215
2005 YA216
2005 YO227
2005 YP262
2005 YR267
2005 YF271
2005 YS271
2005 YQ292
2006 AU13
2006 AV17
2006 AD35
2006 AN49
2006 AP52
2006 AM85
2006 BL68
2006 BL105
2006 BY195
2006 BB211
2006 BH234
2006 CB11
2006 DQ26
2006 DS111
2006 HL75
2006 KZ31
2006 RU72
2006 SS366
2006 SD401
2006 SE165
2006 UF311
2006 WR75
2006 WJ161
2006 XQ44
2006 XA71
2006 YN28
2007 BR24
2007 BC55
2007 BV78
2007 BU86
2007 DF45
2007 DP84
2007 FH25
2007 GC2
2007 RC29
2007 RQ76
2007 TQ51
2007 TX367
2007 TD432
2007 TJ433
2007 TU177
2007 TS445
2007 TU198
2007 UD49
2007 US79
2007 UM131
2007 VM74
2007 VB169
2007 YK29
2007 YU62
2008 EO84
2008 FS51
2008 FF58
2008 FA133
2008 GA22
2008 GP39
2008 GB43
2008 HJ2
2008 RT145
2008 SG23
2008 SL273
2008 TS33
2008 UK27
2008 UM106
2008 UY210
2008 UW282
2008 UW347
2008 UW348
2008 WO53
2008 WT97
2008 XG3
2008 XE11
2009 BP36
2009 BW73
2009 BK121
2009 CF35
2009 DR26
2009 DH72
2009 DP119
2009 EJ30
2009 FJ48
2009 HL47
2009 PF2
2009 QC24
2009 ST116
2009 SF129
2009 ST132
2009 SC146
2009 SG257
2009 ST286
2009 SW344
2009 SG351
2009 UR7
2009 UX9
2009 UO14
2009 UY14
2009 VF29
2009 VB107
2009 WG70
2009 WJ188
2010 AO48
2010 AW96
2010 BT27
2010 CG41
2010 CL79
2010 CJ81
2010 DO70
2010 FP2
2010 JC39
2010 JZ134
2010 JK157
2010 LT48
2010 LT51
2010 MW31
2010 MB49
2010 MM93
2010 NV31
2010 NH56
2010 NC75
2010 NM109
2010 NH112
2010 OS33
2010 OE43
2010 OY125
2010 OH127
2010 PJ73
2010 PU80
2010 QG7
2010 RA11
2010 RV43
2010 RR77
2010 RX86
2010 RQ91
2010 RM111
2010 RA139
2010 RA155
2010 RM183
2010 SG
2010 SN12
2010 SF39
2010 TQ22
2010 TB23
2010 TY33
2010 TP39
2010 TO48
2010 TJ79
2010 TS84
2010 TO86
2010 TW90
2010 TX98
2010 TK100
2010 TX100
2010 TT109
2010 TD113
2010 TT113
2010 TV114
2010 TL120
2010 TN173
2010 TW175
2010 TA177
2010 TL187
2010 UB33
2010 UC53
2010 UV53
2010 UD68
2010 UX80
2010 UE104
2010 VF15
2010 VG19
2010 VT37
2010 VZ42
2010 VU52
2010 VQ84
2010 VD87
2010 VE89
2010 VK110
2010 VG123
2010 VB157
2010 VQ218
2010 WQ2
2010 WU47
2010 XP8
2010 XV8
2010 XN22
2010 XO28
2010 XO71
2010 XN78
2011 AH26
2011 AA40
2011 BG61
2011 BU117
2011 BT122
2011 BB129
2011 CH6
2011 CM42
2011 CO45
2011 DC15
2011 ET52
2011 EM86
2011 FV29
2011 FX60
2011 FK95
2011 FR144
2011 FR145
2011 GQ56
2011 GZ59
2011 HR9
2011 HN58
2011 HA59
2011 HE61
2011 HA64
2011 HT65
2011 HE97
2011 KW13
2011 KL33
2011 KH38
2011 PX7
2011 QP32
2011 QA77
2011 SO34
2011 SC88
2011 SD106
2011 SX108
2011 SW182
2011 SE186
2011 SY188
2011 SH192
2011 SF195
2011 SZ206
2011 SN259
2011 SH275
2011 UM1
2011 UZ2
2011 UJ37
2011 UJ48
2011 UL56
2011 UG66
2011 UF122
2011 UA226
2011 UV236
2011 UF362
2011 UK364
2011 UZ369
2011 UB119
2011 UR383
2011 UF132
2011 US139
2011 UC406
2011 UA154
2011 UJ163
2011 UB176
2011 UU180
2011 UR192
2011 UQ198
2011 UU198
2011 UA226
2011 UV236
2011 UC250
2011 UC314
2011 UH316
2011 UO317
2011 UM331
2011 VM21
2011 VW21
2011 WT16
2011 WW36
2011 WC63
2011 WM83
2011 WF87
2011 WR109
2011 WY118
2011 WX128
2011 WO135
2011 WA139
2011 YW17
2011 YC66
2012 AY13
2012 AE17
2012 AV17
2012 BD23
2012 BJ35
2012 BV35
2012 BN48
2012 BH54
2012 BJ89
2012 BK100
2012 BE129
2012 BK142
2012 BM143
2012 CA16
2012 CQ16
2012 DJ7
2012 DQ59
2012 DY96
2012 DB97
2012 DU97
2012 EO2
2012 FK13
2012 GR3
2012 GY6
2012 GV32
2012 JU8
2012 KF23
2012 PR7
2012 PE21
2012 SY8
2012 TP17
2012 TJ30
2012 TT33
2012 TP67
2012 TB84
2012 TH89
2012 TP93
2012 TO108
2012 TA113
2012 TP198
2012 TJ235
2012 TZ246
2012 TB275
2012 TJ299
2012 UY25
2012 UY35
2012 UY139
2012 VC32
2012 VH43
2012 VN47
2012 XH105
2012 XC139
2013 AY1
2013 AQ3
2013 AT20
2013 AA36
2013 AH148
2013 AB173
2013 BW28
2013 BU46
2013 BE73
2013 CU13
2013 CD23
2013 CO40
2013 CF51
2013 CE67
2013 CY68
2013 CS70
2013 CA79
2013 CT101
2013 CD107
2013 CN116
2013 CH122
2013 CT137
2013 CS147
2013 CS160
2013 CQ190
2013 CM200
2013 DP15
2013 EP30
2013 EN92
2013 EX111
2013 EY125
2013 GM34
2013 GZ48
2013 GE99
2013 GN102
2013 GD124
2013 HZ8
2013 HT42
2013 HU45
2013 HK55
2013 HQ85
2013 HL117
2013 HL131
2013 HF142
2013 JR47
2013 LQ5
2013 PG11
2013 PH21
2013 PV24
2013 PC59
2013 QE8
2013 QS20
2013 QX28
2013 QJ57
2013 RE16
2013 RQ23
2013 RU64
2013 TC15
2013 TB134
2013 WY25
2013 WU26
2013 WY65
2013 WT78
2013 YR39
2013 YC104
2013 YF107
2013 YV139
2014 BV20
2014 BX30
2014 DP11
2014 DH13
2014 DE24
2014 DK40
2014 DH47
2014 DN62
2014 DJ83
2014 DK83
2014 DE89
2014 DQ90
2014 DY90
2014 DT91
2014 DE128
2014 DH129
2014 DT135
2014 EZ12
2014 EH39
2014 FK15
2014 FD39
2014 FK43
2014 FD47
2014 GL3
2014 GO7
2014 HH8
2014 HB13
2014 HU17
2014 HL24
2014 HP25
2014 HX29
2014 HO49
2014 HP55
2014 HP114
2014 HH125
2014 HZ130
2014 HE136
2014 HJ161
2014 HF185
2014 JQ9
2014 JN26
2014 JV36
2014 JM59
2014 JU72
2014 KO9
2014 KW19
2014 KY68
2014 KY79
2014 LP5
2014 MQ8
2014 MA21
2014 MR24
2014 MM36
2014 ME40
2014 MK59
2014 NM62
2014 OE
2014 OC27
2014 OQ46
2014 OK62
2014 OL361
2014 OC375
2014 OP154
2014 OG190
2014 OA204
2014 OL210
2014 OO299
2014 OF341
2014 ON351
2014 OV357
2014 PD3
2014 PR26
2014 PY39
2014 PA42
2014 PE45
2014 QG31
2014 QZ39
2014 QO40
2014 QQ360
2014 QT104
2014 QF105
2014 QK378
2014 QU121
2014 QY134
2014 QM136
2014 QQ144
2014 QC148
2014 QQ414
2014 QM415
2014 QL423
2014 QU437
2014 QA216
2014 QF228
2014 QU247
2014 QV281
2014 QW288
2014 RA11
2014 RT36
2014 SV21
2014 SR22
2014 SF27
2014 SU81
2014 SZ82
2014 SD83
2014 SL84
2014 ST118
2014 SA124
2014 SR172
2014 ST179
2014 SZ202
2014 SF308
2014 SP339
2014 TC2
2014 TP11
2014 TQ14
2014 TZ18
2014 TT49
2014 TB61
2014 TF75
2014 UU8
2014 UK41
2014 UM41
2014 UO48
2014 UW55
2014 UE66
2014 UH80
2014 UP88
2014 UR89
2014 UY95
2014 UD102
2014 UX126
2014 UZ152
2014 UC157
2014 UM162
2014 UW165
2014 UE168
2014 UT186
2014 UP193
2014 UG204
2014 VX7
2014 VA21
2014 VT32
2014 WK28
2014 WU53
2014 WE58
2014 WQ63
2014 WL64
2014 WX67
2014 WB261
2014 WL112
2014 WB123
2014 WP123
2014 WG132
2014 WR137
2014 WX150
2014 WM165
2014 WB166
2014 WZ188
2014 WH449
2014 WF459
2014 WM213
2014 WB220
2014 WV232
2014 WC503
2014 WB270
2014 WL281
2015 AS12
2015 AO25
2015 AR34
2015 AZ34
2015 AK70
2015 AG137
2015 AC176
2015 AQ177
2015 AD179
2015 AE257
2015 BR27
2015 BP74
2015 BX120
2015 BT398
2015 BD169
2015 BT215
2015 BL303
2015 CT10
2015 CK14
2015 DJ80
2015 DS149
2015 DP194
2015 EV4
2015 ES9
2015 FL74
2015 FR94
2015 FX139
2015 FE144
2015 FS147
2015 FM158
2015 FN302
2015 FP336
2015 GE36
2015 HJ42
2015 HV173
2015 HF180
2015 KZ80
2015 KK90
2015 LR7
2015 LE8
2015 LR8
2015 LQ14
2015 LD33
2015 MN
2015 MU23
2015 MO49
2015 MK66
2015 ML74
2015 MN79
2015 MN115