id
6675
8583
10815
11761
12781
12969
13845
14491
15183
15640
16269
16716
17526
17536
18221
20916
20986
22206
22287
22883
23376
23560
23700
23878
23889
24631
24792
25157
27904
27988
28496
28789
29046
29824
30440
30592
30740
30865
31089
31299
31633
32152
32609
32669
32859
32939
32981
33220
33359
33567
33589
33695
34107
34142
34187
34430
34431
34441
34449
34666
34915
34921
34943
34965
35201
35299
35326
35635
35984
36033
36054
36109
36736
36914
37028
37049
37162
37314
37421
37503
37895
38037
38252
38297
39339
39601
40003
40225
40435
40488
41237
41702
42440
42769
43243
43651
43729
44557
45717
45829
46208
46225
46228
46249
46348
46417
46431
46733
46736
46741
47085
47912
47927
48791
48839
49220
49561
50306
50319
50617
50693
50904
51101
51798
51804
52018
52320
52363
52364
52548
52708
52714
52733
53292
54799
54932
55107
55239
55300
55368
55435
55512
55698
55906
55914
55932
57028
57263
57316
57369
57567
57570
57589
57591
57602
57621
57634
57641
57691
57999
58063
58172
58210
58528
58530
58556
58740
58796
58916
58928
59862
59875
59936
60010
60013
60023
60026
60066
60179
60577
60822
60869
61418
61475
61679
62606
62608
62696
62825
62881
62969
62971
63097
63145
63250
63258
63305
63390
63534
63564
63650
63680
63848
63876
63999
64379
64432
64740
64862
64986
65025
65044
65076
65129
65195
65269
65307
65319
65387
65447
65464
65634
65746
65812
66000
66052
66065
66105
66113
66124
66717
66878
66903
66904
67125
67176
67916
68029
68367
68473
68821
68868
68955
69429
69780
69790
69818
69907
69918
69920
69929
69977
69991
70000
71417
71479
71483
71527
71535
71559
71561
71564
71568
71583
71586
71589
71611
71614
71625
71650
71699
71700
72485
72686
72889
73234
73330
73389
73482
73497
73718
73847
73851
73949
73957
73967
74353
74364
74411
74442
74455
74463
74476
75972
75994
76128
76532
76633
76645
76726
76729
77848
77936
78206
78275
78323
78334
78349
78354
78376
78435
78453
78528
78533
78568
78605
78607
78619
78625
78744
78953
79112
79113
79280
79347
79925
80048
80095
81576
81589
81673
81951
81955
81970
81981
81999
82033
82038
82047
82514
82807
82835
82983
83006
83101
83154
83164
83246
83342
83344
83357
83505
83701
83820
83825
83893
83930
83939
83966
84010
84059
84220
84324
84407
84497
84543
84550
84736
84788
84807
84829
84869
84973
85026
85194
85218
85240
85260
85287
85420
85575
85601
85614
85984
86060
86064
86215
86233
86242
86251
86254
86262
86304
86323
87117
87349
87390
87409
87532
87703
87745
87759
87780
87813
87816
87847
87848
87993
88025
88041
88061
88212
88231
88255
89110
89148
89310
89593
89650
89788
89892
89899
89999
90062
90137
90155
90156
90221
90269
90286
90306
90409
90645
90646
90710
90762
90914
91150
91170
91177
91366
91583
91618
91659
91713
91774
91900
91904
91913
91934
91935
91948
91955
91966
91977
91990
92045
92053
92105
92111
92125
92139
92144
92146
92195
92208
92224
92256
94066
94069
94178
94217
94274
94297
94307
94329
95188
95232
95582
95767
95864
95937
96059
96220
96243
96525
96544
96545
96556
96557
96575
96579
96595
97022
97283
97328
97349
97363
97373
97376
97402
97431
97463
97477
97500
97539
97555
97560
97565
97611
97622
97626
97632
97684
97694
97706
97715
97716
97722
97760
97763
99085
99098
99158
99271
99386
99591
99600
99614
99683
99778
99829
99961
100033
100111
100234
100239
100406
100431
100638
100880
100887
101544
101559
101601
101628
101632
101692
101704
101758
101761
101764
101767
101776
101833
101849
101856
102009
102536
103001
103002
103136
103241
103557
103645
103670
104034
104184
104204
104287
104516
104542
104547
104606
104669
104833
104853
104859
104900
104945
104952
104967
104975
105026
105034
105077
105091
105093
105115
105168
105244
105346
105381
105396
105520
105586
105639
105656
105692
105707
105710
105781
105804
105823
105826
105834
105861
105881
105979
105989
106031
106147
106373
106376
106496
106527
106571
106575
106593
106683
106743
106822
106860
106961
107011
108561
108607
108668
108719
108911
108986
109096
109133
109213
109342
109516
109800
109812
109860
109919
109958
109960
109978
109989
109999
110078
110140
110458
110465
110505
110528
111125
111304
111305
111343
111406
111472
111592
111645
111658
111719
111761
111802
111825
112051
112347
112360
112452
112500
112672
112819
113013
113358
113371
113388
113555
113705
113829
113848
113896
113949
113976
114035
114120
114196
114248
114293
114626
114669
114697
114700
114775
114865
115027
115141
115165
115176
115217
115232
115433
115479
115496
115502
115532
115555
115620
115676
115683
115707
115736
115743
115902
115997
116145
116164
116188
116228
116245
116364
116421
116449
116456
116572
116594
116622
116839
116891
116914
116925
116940
116957
116995
117000
117097
117129
117150
117161
117166
117265
117300
117598
117623
117885
117945
118027
118042
118186
118238
118400
118437
118441
118448
118464
118812
118829
118954
118955
118987
118995
119008
119024
119038
119845
119848
119873
119884
119936
120251
120569
120635
120861
120927
121217
121282
121299
121317
121336
121366
121389
121396
121497
121538
121548
121556
121593
121601
121607
121633
121645
121695
121706
121729
121752
121763
121781
121795
121808
121831
121836
121858
121859
121869
121907
121908
121933
121935
121941
122340
123351
123386
123565
123610
123623
123667
123686
123702
123728
123786
123800
123809
123811
123841
123914
123918
123946
123974
123982
123985
123987
124037
124056
124087
124092
124096
124111
126447
126474
126744
127049
127065
127363
127381
127395
127427
127470
127487
127664
127702
127806
127817
127858
128027
128165
128176
128231
128248
128435
128546
128633
128869
128884
129059
129176
129254
129291
129341
129362
130185
130194
130256
130290
130308
130312
130323
130342
130382
130991
131283
131305
131333
131336
131352
131361
131379
131385
131435
131437
131483
131492
132755
132836
132865
132937
132981
133012
133014
133019
133110
133280
133415
133482
133629
133698
133786
133860
133866
133979
134086
134140
134164
134375
134393
134852
134868
135130
135222
135318
135330
135338
135359
135390
135403
135407
135411
135430
135449
135453
135480
135669
136066
136091
136293
136331
136491
136513
136553
136889
137181
138527
138566
138573
138579
138606
138607
138611
138644
138646
138651
138653
138657
138696
138725
138736
138754
138756
138763
138765
138783
138809
138826
138865
138870
138874
138923
139560
139566
139574
139772
139998
140109
140271
140278
140357
140399
140445
140660
140681
140719
140768
140818
140866
140898
140940
140994
141019
141025
141063
141139
141177
141201
141215
141235
141286
141317
141341
141397
141420
141422
141769
142251
143462
143464
143513
143566
143629
144260
144336
144446
144469
144532
144842
145137
145144
145420
145507
145514
145678
145864
146100
146114
146211
146216
146218
146785
146937
147776
147779
147830
147859
148355
148413
148438
148455
148468
149137
149155
149156
149159
149179
149537
149746
149762
149769
149784
150041
150301
150608
150622
150633
150647
150655
151461
151496
151497
151504
152353
152360
152418
152459
152559
152694
152781
152798
152833
153265
153269
153280
154177
154186
154592
154604
154608
154852
154870
154941
154943
154955
154969
154974
155465
155482
155484
155520
155861
155863
155878
155906
156671
156693
156695
157029
157036
157043
157065
157069
157398
157616
157627
157732
157769
157844
157946
158119
158583
158779
158804
159045
159136
159225
159284
159401
159528
159800
159815
159851
159919
159996
160153
160202
160246
160254
160255
160318
160358
160581
160884
161187
161188
161209
161352
161714
162437
162448
162919
162925
162945
162950
162952
162954
162967
162971
163467
163484
163588
163597
163627
163675
164128
164191
164410
164467
164508
164513
164555
164776
165113
165136
165677
165689
165720
165725
165739
165761
165802
165811
165817
165828
165839
165848
165897
165910
165937
165945
166478
166811
166815
166817
166887
167576
167682
168022
168262
169143
169227
169294
169339
169345
169350
169354
169358
169388
169410
170093
170132
170772
171115
171528
171980
171997
172065
172075
172777
172970
172994
173045
173056
173061
173712
173907
173934
173970
174007
174023
174039
174049
174531
174563
175085
175101
175300
175802
175806
175812
176617
177104
177110
177113
178251
178284
178752
179379
179446
179465
179503
179542
179573
179577
180166
180540
180775
181177
181212
181245
181911
182211
182912
182962
183555
184169
184193
184238
184245
184682
185053
185300
185464
185708
185938
186289
186327
186331
186958
186974
186990
186996
187406
187465
187729
187768
187783
187797
187804
188177
188564
189023
189203
189244
189422
189499
189501
189786
189814
189882
189910
189945
189954
189963
189971
190711
191215
191219
191375
191386
191415
191480
191488
191571
191573
192097
192219
193011
193028
193759
193943
195625
195664
195726
195738
195765
195801
195897
195928
195995
196065
196074
196098
196103
196117
196128
196151
196166
196200
196802
196809
196925
196927
196960
197147
197208
197276
197296
197306
197341
197344
197391
197444
197473
197488
197506
198607
198677
198764
198815
198845
199636
200033
201296
201366
201416
201419
201621
201793
201823
201892
201927
202376
202613
203809
204214
204255
204263
204281
205056
205217
205576
206285
206648
206905
207565
208204
208482
209003
209015
209479
210504
210698
211472
211476
211479
211732
211903
212669
213039
213199
213734
214087
214452
214453
214717
214798
214840
215348
215510
215584
216014
217121
217481
217554
217735
217740
218075
218292
218304
218413
218417
218440
218444
218754
218787
218889
219086
219257
219264
219483
219523
219969
219981
220366
220382
220396
220403
220407
220677
220705
220732
222053
222171
222187
222197
222921
223313
223328
223376
223458
223925
223980
223982
223990
224722
224775
224780
225084
226507
226525
226581
226990
228945
228977
229019
229815
230206
230700
230771
230787
231468
231483
231625
231870
231957
232079
232550
233910
234064
234223
234226
234370
234400
234984
235366
235392
235415
235452
235876
235919
235937
236032
236057
236692
236754
237723
238398
238407
239360
239934
239939
240231
240263
240505
240511
241076
241724
241731
241739
241797
242106
242151
242228
242667
242739
242746
242966
243241
243374
243470
243531
243630
243649
243705
243871
243923
243930
244558
244960
245080
245113
245119
245348
245574
245602
245824
245930
246803
247136
247150
247153
247163
247470
247961
248056
248411
248468
248526
248552
249027
249221
249446
249480
249543
249556
249807
249967
250071
250537
250562
250780
251934
252176
254245
255540
256520
256524
256536
256541
257227
257373
257719
257979
258005
258494
258715
258810
258817
258936
260179
260221
260230
260400
261675
261679
262966
263678
264019
264211
266465
268692
269517
269545
270667
270864
271320
271371
277078
278434
280118
281107
283135
283188
285943
288038
290127
290165
290954
291299
292569
293097
293125
295033
299284
299379
299760
301563
301968
302091
302764
306187
306540
306554
307006
307200
307395
307989
308597
310517
310523
310532
310540
314556
314956
315152
315184
316100
316111
316829
316830
316962
317720
319253
321369
322386
328871
329674
329802
330785
331020
332428
334190
334695
344380
344405
344613
347065
347710
353628
362926
363506
363712
366199
366670
370299
370420
377217
379425
380403
401850
409119
438964
2003 AW72
2005 TJ30
2009 PS8
2010 AM106
2010 BA71
2010 JO69
2010 PU71
2013 PU72
2013 QA6
2015 FB77
2000 SY76
2001 UQ67
2004 BW24
2008 UB225
2009 XN2
2010 BC89
2010 FX117
2010 GA42
2010 KE15
2010 KZ60
2010 KK73
2010 KN95
2010 LE29
2010 MR23
2010 VF78
2011 SJ176
2011 TL8
2013 NK11
2014 LH21