id
128295
145397
148234
154971
155125
174114
174121
177941
181778
181940
184780
187003
187477
194384
194742
194927
198722
210149
212337
216408
222587
226602
230294
231745
235567
236118
239692
246178
247563
248004
250142
252466
253068
253819
261919
269368
279110
279434
289661
290252
290742
295562
307464
316720
318011
328054
341830
343070
377648
393263
431336
2013 DM4
2014 GB40
2014 NP55
2014 WL227
2010 AM92
2010 BB106
2010 CZ6
2010 CW194
2010 CL210
2010 CS244
2010 DU81
2010 JJ135
2010 JJ145
2010 LO52
2010 LK60
2010 LS81
2010 MP73
2010 NY7
2010 NY71
2010 ON123