id
2329
7488
9554
12390
12494
16562
17590
19234
19536
20136
22793
24702
24819
26317
26383
26787
30779
31823
35134
35198
37721
40243
40250
41577
41672
41792
42111
42298
42344
42501
42808
43355
47037
48016
48470
49043
49264
49787
52722
53025
53454
53530
54328
54390
54740
54789
56114
57110
62129
62135
67230
67354
67385
68731
70055
74353
77046
78085
79472
79506
82354
83989
85141
85300
85505
86706
88813
89834
91281
92483
93944
95202
95759
97034
97257
97504
98379
98463
98522
98861
99067
100244
101167
101181
101184
103500
105234
106350
106691
111811
112612
114501
114820
114822
115649
116194
116716
117538
117666
118470
120973
121177
124081
124197
128490
129220
129688
131276
135390
135407
136034
136840
138182
139574
141091
143395
146194
146441
148156
150137
151296
155331
159338
160131
160358
160869
163006
164980
165404
165709
166727
167555
168554
170731
172387
173501
173709
173717
175453
180757
182129
182162
188838
189071
189152
189447
190349
192142
196072
196138
196200
196921
197296
197308
197497
202006
202789
204265
204458
204905
206849
206909
208972
209479
210215
211476
213199
214717
214840
218285
218295
218304
219455
220362
220889
220898
223317
223330
223357
223431
224906
231799
232277
232663
232904
234165
238177
238283
238427
239413
239622
239850
239939
240263
241343
241872
242106
242158
242318
243633
245095
246505
246992
247567
248085
248651
249512
250722
250947
253196
254413
257918
261640
264401
268234
269343
275811
276687
277050
282173
282739
284315
293641
299238
299279
301968
307254
308106
311146
311980
317804
317840
321804
329466
347783
352407
376061
379425
381143
381699
405300
417875
428352
2004 TB172
2004 XJ11
2007 RJ198
2010 AS115
2013 EW127
2006 HT133
2010 BP23
2010 BA62
2010 BZ105
2010 BO120
2010 CA131
2010 GW72
2010 GL74
2010 JL65
2010 JB81
2010 JS81
2010 JX93
2010 KZ88
2010 LN26
2010 MZ109
2010 NV84
2010 PS56