id
14
1391
1426
1888
1948
2317
2337
2599
2783
2927
3932
4018
4615
4937
4963
5516
5542
5657
5700
5776
5819
5973
6102
6496
6568
6746
7237
7440
7593
7819
8073
9299
9493
9500
9587
9942
10260
10549
10801
10893
10944
11138
11605
11752
11815
11905
11939
11979
12232
12239
12350
12514
12724
13029
13049
13134
13452
13547
13953
14124
14208
14273
14378
14546
14583
14899
14909
14929
15026
15089
15135
15422
15427
15590
15666
15814
16334
16355
16363
16555
16586
16854
17191
17513
17581
17765
17792
17888
17917
18003
18363
18615
18783
19137
19240
19469
19557
19747
19811
19837
19920
20046
20117
20190
20196
20201
20349
20384
20699
21024
21072
21662
21698
22359
22414
22468
22474
22560
22854
23490
23689
23950
24043
24072
24102
24700
25486
25538
25716
25735
26002
26089
26149
26160
26162
26314
26727
26775
26790
26897
27014
27278
27325
27647
27749
27861
27883
27961
27981
28080
28151
28344
28455
28458
28554
28556
28573
29056
29161
29240
29300
29501
29502
29503
29742
30227
30375
30387
30634
30692
30803
31172
31590
31606
31912
31980
31983
31999
32310
32565
32921
33123
33131
33178
33541
33544
33636
33745
33814
34006
34057
34373
34422
34423
34588
34656
34754
34996
35005
35293
35441
35487
35543
35725
35854
35911
35952
35960
35987
36276
36443
36550
36926
37163
37318
37350
37377
37741
37880
37907
37910
37930
37945
37958
38201
38437
38718
38785
38807
38837
38864
38896
39142
39824
40048
40318
40523
40547
40702
40731
41333
41411
41520
41521
41767
41892
42502
42509
42706
42863
42971
42996
43275
43304
43435
43867
44204
44326
45011
45116
45135
45194
45203
45212
45240
45258
45335
45540
45941
45955
45981
46181
46488
46575
46600
46893
46924
46962
47365
47457
47492
47602
47659
47817
47935
48050
48081
48200
48594
48687
48941
49249
49328
49882
50053
50289
50317
50655
50841
51522
51645
51713
51805
51883
52021
52148
52152
52208
52393
52517
52579
52596
52618
53510
53651
53660
53966
54097
54118
54455
54727
55000
55009
55067
55086
55117
55176
55268
55285
55424
55480
55541
56135
56153
56640
56707
56722
56844
56882
56908
57086
57165
57225
57228
57242
57322
57343
57349
57399
57612
57702
57712
57784
57863
57975
58087
58729
58871
59435
59551
59604
59643
59683
59703
59710
59747
59827
60333
60764
61015
61141
61242
61247
61248
61402
61515
61598
61631
61909
62122
62175
62326
62515
62542
62827
62849
62963
63017
63079
63140
64195
64269
64522
64840
64909
65233
65385
65466
65529
65649
65664
65778
65830
66503
66538
66555
66565
66573
66784
67296
67773
68693
68774
68871
68981
69280
69631
69711
69855
70232
70507
70556
70563
70668
70671
70725
70787
71089
71427
72549
73122
73138
73341
73775
74080
74083
74094
74325
75230
75247
75343
75375
75433
75447
75597
75604
75645
75652
75672
75702
75712
75720
75729
75772
75917
76253
76293
76442
77139
77302
77391
77551
78077
78171
78265
78373
78825
78874
79060
79291
79319
79429
79671
79700
80880
80919
81224
81252
81280
81436
81455
81502
81671
81703
81860
82083
82321
82864
83199
83203
83231
83458
84144
84281
84824
84878
85038
85554
85581
85704
85935
85944
87011
87029
87048
87155
87219
87261
87405
87440
87640
87671
87682
87689
87725
87855
87902
88006
88496
88560
88606
88777
88925
88927
89023
89052
89315
89482
89540
89554
89814
89837
90150
91112
91316
91344
91494
92564
92613
92701
92799
92945
92988
93011
93069
93117
93149
93200
93248
93281
93313
93576
93607
93707
94028
94259
94766
95167
95178
95821
96175
96207
96466
96785
96809
97047
97177
97182
98157
98233
98459
98487
98538
98586
98616
98713
98872
98981
98992
99035
99394
99451
99577
99638
99774
99813
99959
99980
100023
100159
100224
100280
100435
100565
100589
100674
101123
101192
101202
101249
101701
101725
102000
102444
102524
102611
102918
103078
103335
103959
104411
104489
104546
104609
104650
104773
104923
104961
105125
106169
106943
107445
107600
107739
107762
107776
107951
108135
108256
108346
108362
108426
108680
108749
108901
108938
108997
109060
109074
109130
109279
109315
109323
109443
109608
109673
109789
110028
110047
110079
110135
110137
110422
110519
110558
110579
110629
110781
110938
112228
112253
112357
112364
112600
112823
112909
112919
113149
113277
113356
113674
113745
114205
114304
114334
114391
114841
115126
115169
115210
115300
115944
116260
116289
116517
116641
116799
117024
117093
117410
117700
117796
117834
117910
118090
118362
118669
118795
119208
119370
119435
119460
119467
119578
119607
119713
119829
120259
120519
120732
120744
120811
120825
121273
121286
121792
122252
122330
122378
122395
122413
122429
122446
122537
122735
122995
123074
123105
123163
123178
123193
123270
124653
125184
125363
125394
125395
125523
125605
125628
125889
126109
126117
126178
126236
126272
126278
126363
126435
126611
126659
126728
126892
127181
127547
127974
127998
128047
128394
128817
128875
129000
129189
129520
129524
129557
129711
129937
129981
130014
130032
130036
130045
130779
130903
130957
130989
131095
131109
132302
132310
132320
132359
132394
132493
132501
132570
132583
132599
132612
132665
132946
133151
133502
133514
133690
133807
133872
133928
133972
134423
134481
134722
135095
135147
135715
135738
135767
135821
135935
136003
136254
136763
136766
136998
137023
137026
137097
137889
137919
137980
137982
138038
138194
138227
138316
138326
138376
138414
139066
139379
139417
139825
140683
141615
141751
142406
142431
142492
142519
142535
142541
142578
142599
142612
142665
142691
142707
142726
142736
142754
142806
142811
143115
143116
143147
143148
143151
143269
143890
144045
144186
144601
144713
145296
145372
145556
145682
145771
145845
146095
146322
146324
146364
146463
147291
147372
147620
147621
147773
147802
147958
147967
148520
148562
148601
148618
148622
148687
149392
149420
149464
150518
150553
150775
150871
150919
150983
151021
151054
151096
151721
151822
151851
151953
151990
152021
152540
152546
152548
152755
153035
153137
153152
153399
153559
153601
153639
153645
153667
153701
153749
153772
153909
153937
154510
154542
154548
154942
155389
155701
155719
155732
156305
156322
156327
156345
156380
156910
157222
157234
157425
157589
157875
158040
158075
158094
158099
158100
158340
158354
158405
158424
159087
159108
159242
159278
159650
160291
160416
160469
160521
160839
160846
160901
161021
161310
161434
161589
161704
161709
161880
162029
162060
162200
162203
162234
162268
162296
162302
162348
162373
163783
163790
163855
164340
164535
164542
164642
164818
164848
164852
164870
164919
164920
164973
165539
165649
166272
166375
167105
167173
167185
167234
167243
167335
167381
167447
167938
168067
168108
168156
168245
168346
168532
168679
169044
169061
169089
170514
170539
170774
170954
171015
171052
171172
171542
171590
171631
171643
172202
172250
172555
172702
172870
173201
173214
173270
173338
173352
173398
173408
173595
173649
174205
174218
174235
174240
174244
174677
174848
174896
174967
175218
175473
176220
176404
176833
176835
176915
177368
177411
177428
178072
178384
178406
178878
178883
178911
179047
179807
179893
179974
180460
180567
180867
181053
181399
181561
181686
182035
182093
182407
182433
182521
182564
182578
182606
182711
183237
183338
183345
183392
183408
183825
183894
183974
184046
184058
184121
184442
184445
185146
185841
186071
186177
186224
186254
186257
186882
187182
187626
187735
188013
188017
188039
188251
188358
188468
188476
188681
188774
189050
189115
189179
189573
189755
190024
190272
190321
190350
190362
190545
191297
191299
191648
191675
191804
191826
193249
193259
193260
193265
193271
193339
193377
193379
193438
193442
193470
193679
193740
195005
195034
195091
195275
195359
195442
195527
196419
196427
196430
196566
197027
197920
198032
198154
198234
198251
198362
198365
198398
198624
199118
199177
199530
199671
199782
199918
199978
200202
200396
200501
201502
201618
202139
202168
202184
202224
202442
202520
202521
203001
203182
203225
203685
203933
204030
204409
204429
204813
204815
204968
204988
205008
205088
205305
205385
205420
205837
206421
206428
206505
206517
206520
207125
207163
207456
207953
208004
208070
208292
208745
208748
208760
208767
209220
209297
209663
209716
209814
210140
210219
210370
210464
210514
210583
211328
211592
211608
211654
211656
211690
211697
212106
212153
212174
212235
213193
213340
213591
213623
213638
213706
213950
213965
214016
214305
214319
214336
214347
214594
214935
215118
215252
215465
215524
215662
215943
216248
216742
217026
217468
217567
217904
217910
217921
217924
217974
218009
218336
218611
218621
218703
218745
219068
219329
219533
219565
219660
221013
221055
221057
221169
221648
221983
222499
222540
222557
222591
222671
223255
223621
223649
224235
224329
224338
224362
224443
224500
224561
224647
224991
225794
225797
225816
225828
225831
225835
225841
225853
225882
225895
225911
225991
226335
226336
226351
227267
227364
227382
227433
227459
227478
227491
227961
228314
228317
228495
228529
228564
228577
228597
230034
230052
230223
230261
230886
231181
231300
231306
231605
231695
231838
232090
232141
232185
232187
232193
232197
233405
233495
233656
233899
233963
234255
234271
234286
234299
234300
234558
234589
234720
235640
235683
235728
235774
236451
236462
236766
236992
237216
237756
237777
237857
238115
238593
238989
239075
239137
239145
239150
239363
239631
239705
239769
239809
239820
240150
240152
240413
240604
240636
240900
240952
240986
240988
241010
241374
241447
242385
242480
242527
242847
242874
242895
243197
243254
243415
243624
243661
243678
243786
243845
243859
243876
244203
244796
245228
245252
245688
245778
245806
245908
246594
247365
247413
247608
247623
247950
248234
248236
248253
248902
249829
250173
250188
250228
251053
251073
251114
251226
251275
251465
251559
251720
251989
251995
252015
252021
252290
253085
253120
253182
253228
253257
253274
254012
254638
254671
255751
255810
255930
255948
256011
256089
256110
256185
256225
256256
256260
256372
256451
256942
257306
257332
257569
258026
258240
258243
259005
259064
259092
259110
259172
259624
259866
260576
260657
260868
262434
262518
262574
262762
263596
263609
264483
264511
264534
264549
264551
264615
264914
266272
266546
266596
266694
267210
267212
267320
267339
267342
267348
267366
267384
267735
268355
268357
268482
269007
269072
269344
269709
269968
270069
270353
270412
271052
271610
271650
271867
272546
272605
272610
272818
273366
273687
273756
273799
273905
273957
274399
275138
275144
275211
275524
275699
275887
275995
276008
276030
276103
276335
276849
276894
276912
277331
277439
277531
277534
277960
278091
278298
278368
278578
278700
278859
279228
279314
279404
279762
279843
280045
280055
280563
280580
280587
280588
280970
281012
281225
281552
281592
281659
281684
281962
282543
282732
282829
283096
283185
283300
283776
283789
283836
284048
284216
284220
284222
284223
284246
284247
284497
284506
284766
284831
285029
285125
285167
285245
287161
287647
287862
287884
288059
288551
288955
289292
289349
289672
289706
289803
290277
290292
290369
290653
291704
291717
291723
291809
291846
292405
292500
292697
292711
293319
293359
293755
293856
294077
294133
294167
294171
294604
294867
294972
295590
296015
296074
296171
296247
296400
296839
296876
297523
298391
298411
298413
298415
298421
298422
298496
298517
298583
298621
299006
299022
299106
299186
299587
299638
300346
300633
301187
301388
301390
301454
301727
301919
301941
301949
302534
302549
302550
302560
302908
302957
302963
302996
303009
303019
303038
303046
303060
303478
303493
303651
304035
305008
305013
305040
305156
305237
305618
305625
305675
305698
306022
306437
306507
306740
306747
306758
306885
306959
306986
307106
307281
307284
307339
307348
307455
307716
307736
307761
307766
307770
307808
307838
307881
307946
308018
308288
308305
308807
309057
309112
309130
309235
309244
309461
309508
309513
309515
310741
310989
311013
311050
311058
311059
311063
311085
311092
311644
311775
312199
312267
312291
312534
312704
312831
313030
313035
313174
313821
313837
313862
314683
314715
314929
315407
315445
315482
315487
315496
315536
315563
315627
315634
315704
316486
316501
316719
316729
316785
316848
317588
318041
318065
318104
318147
318169
318243
318256
318647
318889
319521
319677
319761
319843
320687
320711
320790
320944
321192
321789
322008
322349
322473
322779
322819
323108
323726
323754
324398
324443
324475
324477
324588
325180
325275
325435
325494
325815
325824
325832
326422
326687
326698
326923
326966
327279
327759
327872
327895
328288
328296
328298
328344
328987
329147
329152
329362
329772
330055
330285
330958
330994
331002
331153
331207
331609
331611
332088
332097
332119
332132
332234
332787
332891
332914
333073
333295
333297
333594
333825
333975
334019
334335
334386
334396
334710
335058
335060
335099
335591
335753
336136
336297
336766
336860
337268
337289
337291
337317
337982
338024
338488
338702
339094
339221
339263
339267
339274
339291
339326
340362
340946
341034
341093
341117
341977
342070
342095
342121
342139
342326
342413
342523
342556
342565
342588
342655
342667
342733
343600
343624
343788
343920
343931
344063
344092
344160
344433
344634
344960
345359
345393
346424
346433
346466
346490
346492
346512
346650
346669
347030
347263
347462
347490
347952
348068
348722
348743
349040
349156
349613
349756
349981
350026
350319
350563
350871
351108
351341
351418
352195
352285
352308
352886
353031
353098
353781
354013
354237
354248
354259
354291
354612
354621
354629
354635
355311
355343
355408
355454
355982
356030
356104
356944
356954
357250
357255
357419
357620
357627
357639
357645
357659
358142
358171
358188
358610
358618
358675
359214
359219
359251
359267
359430
359666
359947
360003
360241
360448
360454
360470
360556
360820
360828
361719
361729
362238
362540
362667
362967
364348
364369
364389
364393
364457
364757
365686
365904
366389
366392
366602
366734
366844
367186
367778
368223
368232
368249
368676
368983
368995
369081
369506
369784
369938
370096
370097
370460
370950
370999
371106
371621
371661
372473
372506
372555
373328
373406
373528
373539
373541
373558
373569
373576
373584
374300
374303
374326
374335
374349
374394
374416
374458
374493
374501
375223
375283
375285
375723
375812
375840
375903
375906
375978
376184
376280
376409
376887
376895
376900
376922
377133
377641
377746
377758
377803
378262
379222
379225
379249
379350
379369
379593
379678
379907
379924
380032
380258
380269
380277
380290
380553
380555
380597
380861
381151
381175
382025
382074
382558
382600
383145
383212
383238
383246
383862
383863
384567
384776
385087
385740
385790
385798
385824
386276
386317
386423
386755
386820
387544
387622
387902
388206
388228
388962
388975
389019
389037
389445
390634
390748
390873
391188
391206
391232
391836
391946
391953
392303
392315
392353
392784
392926
393008
393201
393270
393581
393729
394116
394145
394478
394539
394554
394556
394944
394970
395196
395211
395223
395384
395587
395733
395756
395813
395841
396468
396742
396908
397500
397546
397550
397569
397920
398438
398567
398899
399050
399237
399256
399734
400072
400358
400616
400623
401225
401539
401652
401959
402563
402629
403037
403059
403061
403375
403649
404423
404532
404658
404755
404844
405138
405375
405950
405976
406082
406163
406670
406924
407489
407703
407944
408559
408660
408774
408983
409420
409844
409894
409916
409938
409991
410000
410494
411255
411296
411411
411465
411705
411748
412120
412278
412328
412367
412800
413012
413488
413886
413900
413901
413906
413920
414190
414191
414272
414819
414834
414845
414851
414875
414888
414970
415147
415308
415354
415512
415514
415519
415578
415590
415881
415912
416244
416246
416251
416919
416920
417599
417603
417606
417682
417709
417781
418174
419064
419665
419746
419802
419810
419817
419831
419946
419953
420031
420388
420508
421310
421818
421879
422085
422736
422788
423500
424076
424077
424169
424187
424556
424628
424654
425193
425195
425282
425652
425764
425811
425858
426099
426222
426324
426466
426533
426876
427229
427455
427506
427873
427915
427932
428780
428872
429136
429528
429609
429875
430751
430764
430878
430953
430966
430976
430980
430990
431017
431019
431039
431386
431399
431814
431884
432331
432380
432391
432395
432784
432862
432990
433024
433182
433518
434660
435691
435749
435762
435815
436182
436238
436292
436547
437036
437126
437196
437248
438302
438722
439077
439081
439255
439299
439356
439806
1995 UK81
1995 WE12
1999 TM309
2000 AT210
2000 GV118
2000 SO320
2001 FF214
2001 MO28
2001 SS224
2001 SD353
2002 GR27
2002 NO76
2002 OC30
2002 PC20
2002 PW106
2002 PL157
2002 QP10
2002 QZ12
2002 QF96
2002 QD102
2002 QH144
2002 QO144
2002 QM149
2002 SN66
2002 TM154
2002 TQ367
2002 TM154
2002 VK148
2003 SO71
2003 SW276
2003 SJ358
2003 TG26
2003 UC332
2003 UX176
2003 UV277
2003 UT322
2003 UC332
2003 UX355
2003 WG51
2003 WH159
2003 WM167
2003 YD5
2003 YL24
2004 CT25
2004 PT14
2004 RK202
2004 RK241
2004 TQ26
2004 TN233
2004 TX274
2004 XN3
2005 CF13
2005 EG137
2005 NG125
2005 SR185
2005 TC34
2005 TH97
2005 TX116
2005 TK123
2005 TR157
2005 UX37
2005 UJ371
2005 UE380
2005 UD131
2005 UG184
2005 UB192
2005 UW199
2005 UU248
2005 WG34
2005 WY35
2005 WE49
2005 XL82
2005 YP20
2005 YL28
2005 YH41
2005 YN88
2006 AK39
2006 AH47
2006 BX40
2006 BS196
2006 CM13
2006 DE32
2006 DX74
2006 DC119
2006 ET48
2006 GE28
2006 KJ26
2006 KE105
2006 QF5
2006 QD88
2006 QR158
2006 RX105
2006 SZ105
2006 SS116
2006 SB410
2006 SR180
2006 SP215
2006 SG246
2006 SM303
2006 SC335
2006 TW116
2006 UQ122
2006 US133
2006 UB138
2006 UD165
2006 UX190
2006 UU325
2006 VQ70
2006 VQ111
2006 VB133
2006 WD44
2006 WD66
2006 WT80
2006 WA206
2006 YC4
2006 YA54
2006 YP55
2007 AT24
2007 CT28
2007 DY77
2007 HR37
2007 JA7
2007 RU5
2007 RV64
2007 RJ98
2007 RW210
2007 RR240
2007 TV10
2007 TS71
2007 TK76
2007 TS96
2007 TX277
2007 TL126
2007 TN388
2007 TQ440
2007 TC189
2007 TV261
2007 TX271
2007 TX277
2007 TE324
2007 TY330
2007 TE342
2007 UN86
2007 UJ100
2007 VM67
2007 VH107
2007 VZ164
2007 VR194
2007 VL279
2007 VD296
2007 VB325
2007 WY59
2007 XS16
2007 XG46
2007 YR18
2007 YT22
2007 YY40
2007 YH57
2007 YX62
2007 YH72
2008 AJ55
2008 AT59
2008 AS96
2008 BW35
2008 CB191
2008 CJ204
2008 EZ98
2008 EW153
2008 FQ113
2008 GF100
2008 GR102
2008 GO128
2008 HD56
2008 HL62
2008 LX9
2008 PO10
2008 QB15
2008 RH100
2008 RW123
2008 SJ23
2008 SV27
2008 SE32
2008 SX117
2008 SF132
2008 SY175
2008 SW200
2008 SP273
2008 SC281
2008 TD51
2008 TQ88
2008 TH104
2008 TN119
2008 TG146
2008 TN164
2008 UR36
2008 UY65
2008 UA113
2008 UQ139
2008 UA164
2008 UB164
2008 UG242
2008 UA243
2008 UP245
2008 UF306
2008 UL325
2008 UM349
2008 UG358
2008 WL9
2008 WK25
2008 WC73
2008 WV73
2008 WC96
2008 YQ14
2008 YE22
2008 YT25
2008 YK31
2008 YS33
2008 YY70
2008 YL99
2008 YA106
2008 YT145
2008 YW172
2009 BU48
2009 BP65
2009 BC83
2009 BT152
2009 BM176
2009 CY3
2009 CN10
2009 CJ50
2009 EV6
2009 FO34
2009 HM3
2009 HA50
2009 SC36
2009 SK61
2009 SE101
2009 SW136
2009 SG212
2009 SS290
2009 UP46
2009 UA143
2009 VG42
2009 VK55
2009 VJ66
2009 VC70
2009 WM15
2009 WT32
2009 WW52
2009 WC73
2009 WM75
2009 WF83
2009 WU135
2009 WJ163
2009 WL198
2009 YC19
2010 AQ68
2010 CO12
2010 CG125
2010 GO126
2010 GK159
2010 KS54
2010 KR128
2010 LZ14
2010 PV63
2010 RM5
2010 RT20
2010 RS150
2010 RN165
2010 RP179
2010 SR22
2010 TN41
2010 TB77
2010 TT168
2010 TX179
2010 UC2
2010 UY95
2010 UJ97
2010 UJ103
2010 UR107
2010 VJ15
2010 VH29
2010 VO122
2010 VK164
2010 VT206
2010 WU35
2010 WR69
2010 YU4
2011 AK28
2011 AQ40
2011 BR30
2011 CS85
2011 DO51
2011 EE24
2011 EW60
2011 EE66
2011 EN76
2011 FE32
2011 GD5
2011 GC49
2011 HM19
2011 HU30
2011 HO73
2011 KK8
2011 KL23
2011 KS45
2011 MT6
2011 PQ13
2011 QX1
2011 QM24
2011 QS39
2011 QT40
2011 QA55
2011 QH59
2011 RH8
2011 RV13
2011 SD3
2011 SD22
2011 SM74
2011 SH84
2011 SZ142
2011 SD155
2011 SW272
2011 UE8
2011 UP38
2011 UK103
2011 UP385
2011 UU129
2011 UL396
2011 UQ168
2011 UJ193
2011 UG204
2011 UQ215
2011 US282
2011 UH318
2011 UG338
2011 UP345
2011 UQ359
2011 WD5
2011 WY15
2011 WU34
2011 WD59
2011 WZ72
2011 WN120
2011 WB148
2011 WS151
2012 BW5
2012 BG98
2012 BZ104
2012 BY116
2012 BX130
2012 CA26
2012 CP26
2012 CB30
2012 CW51
2012 DC30
2012 DM39
2012 DZ56
2012 DA96
2012 EJ9
2012 EC16
2012 FG50
2012 FH50
2012 GL20
2012 HE44
2012 JV1
2012 JC20
2012 JU20
2012 JB51
2012 KA1
2012 KS34
2012 KS45
2012 QX9
2012 RU27
2012 SG16
2012 SR16
2012 SD18
2012 TK67
2012 TU83
2012 TB95
2012 TS142
2012 TD197
2012 TX239
2012 TU242
2012 TH295
2012 UN36
2012 UC81
2012 VA21
2012 VX80
2012 WQ33
2012 XX27
2012 XK44
2012 XN57
2012 XJ126
2012 XL135
2013 AR10
2013 AB21
2013 AZ24
2013 AV29
2013 AL37
2013 AE41
2013 AV56
2013 AD57
2013 AV129
2013 AQ136
2013 AB140
2013 CT11
2013 CT48
2013 CV57
2013 CJ181
2013 CD186
2013 CF197
2013 DS7
2013 EM40
2013 EP57
2013 EJ58
2013 GL90
2013 GN104
2013 GS108
2013 GW109
2013 GK114
2013 GQ114
2013 HT11
2013 HW25
2013 HX85
2013 JY33
2013 KJ15
2013 LM22
2013 LF35
2013 QO70
2013 RG9
2013 RV33
2013 RX50
2013 SW41
2013 SN44
2013 SK74
2013 TL32
2013 TT73
2013 TG76
2013 TH113
2013 UH14
2013 VS1
2013 VQ18
2013 WP
2013 WT4
2013 WW11
2013 WT21
2013 WH57
2013 XE3
2013 XW17
2013 YG66
2013 YZ114
2014 AV1
2014 AX21
2014 AY54
2014 BV12
2014 BR35
2014 BM47
2014 CL22
2014 CH23
2014 DM64
2014 DV137
2014 EK29
2014 FC35
2014 GS18
2014 GO22
2014 HD14
2014 HG18
2014 HN24
2014 HC27
2014 HV82
2014 HT183
2014 HX183
2014 JY10
2014 JJ42
2014 JR68
2014 JP75
2014 KZ41
2014 KV87
2014 KR95
2014 KR99
2014 LB14
2014 MW13
2014 MU14
2014 MZ27
2014 MG36
2014 MQ37
2014 MG66
2014 NU36
2014 NU54
2014 ND55
2014 NK55
2014 OH8
2014 OB13
2014 ON18
2014 OB29
2014 OB89
2014 OY95
2014 OT159
2014 OB189
2014 OK237
2014 OM241
2014 OG292
2014 OA336
2014 PH42
2014 PE57
2014 PF69
2014 QA97
2014 QR389
2014 QN144
2014 QO174
2014 QG437
2014 QY203
2014 QS205
2014 QH237
2014 QN263
2014 QV340
2014 QE358
2014 RJ5
2014 RL19
2014 SH31
2014 SM141
2014 SF188
2014 SA208
2014 SA210
2014 SW216
2014 SY220
2014 SW230
2014 SY311
2014 SN320
2014 SK328
2014 TY20
2014 TG27
2014 TD71
2014 UZ22
2014 UU32
2014 US39
2014 UU55
2014 UO142
2014 UD171
2014 VQ5
2014 VU10
2014 VN24
2014 WB3
2014 WY9
2014 WF19
2014 WS43
2014 WE65
2014 WT101
2014 WE106
2014 WK145
2014 WV372
2014 WC118
2014 WM121
2014 WP125
2014 WE135
2014 WN447
2014 WD467
2014 WV467
2014 WW211
2014 WF479
2014 WS270
2014 WX320
2014 XJ39
2014 YN4
2014 YH6
2014 YE48
2015 AB240
2015 AS279
2015 BV8
2015 BQ36
2015 BC58
2015 BO65
2015 BF181
2015 BV441
2015 BN232
2015 BT299
2015 BU355
2015 CJ11
2015 DV114
2015 DC207
2015 DG209
2015 EW13
2015 ET16
2015 FA6
2015 FT298
2015 FY334
2015 FD335
2015 GW43
2015 HK15
2015 HY26
2015 HQ38
2015 HS60
2015 HD105
2015 HM152
2015 KV8
2015 KP17
2015 KR23
2015 KT23
2015 KQ27
2015 KA61
2015 LO10
2015 LV21
2015 MF56
2015 MS57
2015 MY74
2015 MQ75
2015 OK47
1995 FW11
1998 TV7
1999 FK69
2000 EX98
2000 RD59
2000 YN4
2001 FE153
2001 SR337
2001 TH203
2001 UV188
2002 EZ150
2002 NC67
2002 QR10
2002 QU125
2002 QH136
2002 RV209
2002 RW256
2002 TQ103
2002 TC377
2002 XM24
2003 SX9
2003 SH418
2003 ST428
2003 UP203
2003 UH315
2003 UE331
2003 UJ340
2003 YC108
2004 AA24
2004 CT46
2004 GQ8
2004 MA5
2004 RK20
2004 RE108
2004 RL133
2004 RA244
2004 TG9
2004 TR28
2004 TF209
2005 EY102
2005 EH140
2005 GA50
2005 GD87
2005 GL96
2005 JW57
2005 MS43
2005 NM10
2005 NU33
2005 OE28
2005 PZ27
2005 QH67
2005 SP113
2005 SO176
2005 TU4
2005 TB164
2005 UA361
2005 UX401
2005 UX144
2005 UL413
2005 UZ162
2005 VW77
2005 WC53
2006 AX39
2006 AQ63
2006 BP21
2006 BV47
2006 BC209
2006 BM221
2006 CC16
2006 DB137
2006 JN41
2006 KY4
2006 KR57
2006 KQ80
2006 KQ99
2006 OA25
2006 OJ30
2006 SM3
2006 SV109
2006 SN385
2006 SC406
2006 SG163
2006 SN321
2006 UG66
2006 UH175
2006 UL267
2006 UO279
2006 WW83
2006 WA147
2006 WN182
2006 XR31
2007 BV96
2007 EL38
2007 RD
2007 RQ116
2007 RF126
2007 RA160
2007 TR117
2007 TN128
2007 TU173
2007 TP188
2007 TU449
2007 TD320
2007 UE117
2007 VY31
2007 VE160
2007 VH160
2007 VT230
2007 WM16
2007 WM46
2007 XA52
2007 XV57
2008 AP60
2008 CS58
2008 CV74
2008 CU90
2008 CG121
2008 ED118
2008 HS4
2008 KO4
2008 KM11
2008 LS9
2008 QU15
2008 QY21
2008 RJ38
2008 TF19
2008 TQ78
2008 TZ86
2008 UQ170
2008 UY206
2008 UW275
2008 VX10
2008 WL5
2008 WO119
2008 XN54
2008 YM19
2008 YN30
2008 YT57
2008 YZ82
2008 YG83
2009 BJ92
2009 BX129
2009 BH190
2009 DC10
2009 FH62
2009 JZ14
2009 KO6
2009 RU31
2009 SE18
2009 SM62
2009 SW154
2009 SS284
2009 US100
2009 WV24
2009 WJ179
2009 XQ4
2009 YV22
2010 AP131
2010 BQ53
2010 BV82
2010 BN123
2010 CH40
2010 CB111
2010 CJ187
2010 CB213
2010 ET19
2010 FH51
2010 FC115
2010 GP25
2010 GF38
2010 GV166
2010 JU41
2010 JD104
2010 JA128
2010 JR135
2010 JB147
2010 KB3
2010 LY3
2010 LC42
2010 LD131
2010 MT59
2010 NS47
2010 NP72
2010 OX92
2010 OT119
2010 OB127
2010 PM17
2010 RQ11
2010 RC19
2010 RQ24
2010 RH65
2010 RO70
2010 RZ154
2010 TO52
2010 VF164
2010 WV5
2010 WP62
2011 AX39
2011 AE55
2011 BE67
2011 BX154
2011 DR46
2011 FL50
2011 FW61
2011 GE53
2011 OU8
2011 OV13
2011 RX18
2011 SE139
2011 SW176
2011 SG255
2011 SQ259
2011 TL1
2011 UM9
2011 UU32
2011 UP103
2011 UR134
2011 UJ147
2011 US203
2011 WZ
2011 WF63
2011 WL120
2011 YL31
2011 YH41
2011 YA52
2012 BQ6
2012 DZ93
2012 HY26
2012 HJ30
2012 JY50
2012 JL63
2012 KM27
2012 MY9
2012 OW
2012 PQ40
2012 QO23
2012 QQ42
2012 QS46
2012 TA95
2012 TY107
2012 TT163
2012 TQ227
2012 UT70
2012 UH107
2012 UN118
2012 UY137
2012 VW19
2012 VG21
2012 XW65
2012 XQ99
2013 AZ27
2013 AC122
2013 AS138
2013 AW139
2013 AC142
2013 AQ143
2013 AU147
2013 AA149
2013 AN152
2013 AB157
2013 AV178
2013 AD180
2013 BR2
2013 CF8
2013 CV70
2013 CD82
2013 CB111
2013 CH128
2013 CC132
2013 EN26
2013 EW58
2013 EE112
2013 GA1
2013 GZ25
2013 GW31
2013 GD59
2013 GG83
2013 GD91
2013 GM123
2013 HT36
2013 HY63
2013 HZ97
2013 HB104
2013 HB113
2013 HC115
2013 HC128
2013 HV131
2013 LM3
2013 MU3
2013 NN2
2013 OT
2013 PW57
2013 QT16
2013 QX32
2013 QT43
2013 QB54
2013 QS66
2013 QY92
2013 RX8
2013 SB23
2013 SB44
2013 TX52
2013 TK74
2013 TA124
2013 WM92
2013 WE109
2013 XF13
2013 XC14
2013 YB7
2013 YB61
2013 YE98
2014 AP2
2014 AM8
2014 BP17
2014 BW58
2014 DG69
2014 DA74
2014 ED18
2014 EM27
2014 FX14
2014 FS16
2014 FL28
2014 FW68
2014 GJ30
2014 HL1
2014 HN12
2014 HV33
2014 HO35
2014 HB45
2014 HA87
2014 HX119
2014 HG176
2014 HG187
2014 JV14
2014 JT19
2014 JK50
2014 KX4
2014 KD13
2014 KT17
2014 KS43
2014 KB97
2014 MM9
2014 MA27
2014 MU51
2014 ND1
2014 NW42
2014 OB
2014 OL12
2014 OT35
2014 OH43
2014 OP113
2014 OJ145
2014 OJ149
2014 OQ176
2014 OF202
2014 OK210
2014 OR242
2014 OM313
2014 OP326
2014 OX331
2014 QY55
2014 QO114
2014 QR127
2014 QQ130
2014 QO136
2014 QC142
2014 QD274
2014 SH19
2014 SZ26
2014 SZ58
2014 SD90
2014 SU101
2014 SX109
2014 SC171
2014 SV300
2014 SV303
2014 TN13
2014 TC68
2014 UC19
2014 UQ47
2014 UF105
2014 UC121
2014 VY19
2014 VL32
2014 WB55
2014 WF77
2014 WP92
2014 WP216
2014 WV234
2014 WV303
2014 WT101
2014 WU403
2014 WK145
2014 WF165
2014 WX431
2014 WP216
2014 WV234
2014 WV303
2014 WQ308
2014 WP331
2014 YA7
2014 YH7
2014 YF35
2015 AZ181
2015 AW230
2015 AO235
2015 AD252
2015 BQ5
2015 BF84
2015 BS100
2015 BV106
2015 BA452
2015 BY205
2015 BR217
2015 BU218
2015 BM228
2015 BG243
2015 BK259
2015 CG22
2015 CW23
2015 DB76
2015 DR85
2015 DT116
2015 DA117
2015 DD123
2015 DU131
2015 DP150
2015 DM160
2015 DY170
2015 DZ219
2015 FA61
2015 FM154
2015 FZ171
2015 FZ322
2015 HH72
2015 HV79
2015 HN82
2015 HS83
2015 HO88
2015 HZ92
2015 KT4
2015 KX13
2015 KF15
2015 KB16
2015 KD16
2015 KV64
2015 KL131
2015 MH2
2015 MX24
2015 MZ56
2015 MM65
2015 MC128
2015 NC16
2015 NY24
2015 OV16
2015 OW18
2015 OG28
2015 OS44
2015 PS12
2015 PU42
2015 PT43
2015 PF44
2015 PB48
2015 PN53
