id
25
220
290
1080
1192
1568
1694
2343
2484
3879
3888
4082
4121
4482
4511
4711
5431
6092
6932
7885
8530
9245
9566
9619
9947
10155
10261
10476
10586
10597
10615
10705
10772
11788
11919
12060
13155
13737
14001
14487
14493
15180
16548
16742
17509
18005
18089
18595
19140
19204
19912
19976
19980
20139
21182
21621
22321
22522
22548
22800
23233
23514
23519
24717
24842
24939
25164
25396
25991
26290
26698
26723
27599
28887
29077
29222
29909
31868
32103
32115
32568
32572
32666
32735
32780
33496
33848
33860
33916
34692
35135
36333
36778
37348
37569
37735
38106
38109
38727
38776
39236
39815
40357
40598
40680
41210
41792
43349
43421
43583
43659
43913
44142
44435
45001
45209
45279
45357
46437
46544
46807
48010
48377
48899
48931
49264
51516
52331
52797
52814
52905
52998
54821
55590
55970
55995
56349
56431
57038
57154
57868
58211
58250
58474
58727
60796
61643
61934
62006
62140
62736
63255
63412
64842
64973
65083
65102
65235
66204
66270
66283
66397
66401
66518
67073
67371
68094
68127
68767
69354
69447
69695
70158
70208
70634
72931
72932
72949
73009
73866
74540
74585
74625
74634
74768
74805
74962
75049
75077
75683
78095
78826
78889
79572
79586
79603
79657
79741
79769
79801
80601
80629
80706
80862
80977
81298
82325
82425
83986
83989
85481
86406
86823
86869
86923
86991
87091
88339
88358
88659
88769
88885
89477
89518
89630
89704
89781
89827
90243
90326
90698
90759
90770
90944
90945
92400
92443
92463
92491
92522
92543
95985
95987
96639
97815
97864
97871
98338
98600
100084
100140
100192
100640
100702
100828
100852
100998
101125
101168
101201
101274
101352
101435
101545
101575
101943
101975
101999
102088
102298
102307
102322
102352
102866
103091
103165
103257
105319
105929
105939
106158
106557
106868
106870
106905
107283
107902
107973
108166
108218
108343
108411
111996
112073
112300
112312
112387
112428
112440
112541
112544
112552
112593
112832
113236
114215
114311
114491
114512
114577
114596
114787
114836
114867
114925
114982
115076
116579
117262
117340
117877
118069
118144
118671
119059
120095
120438
120501
120623
120637
120640
121081
121116
121965
121997
122583
122836
123240
124135
124143
124144
124145
124156
124170
124255
124278
124327
124364
124590
125118
125742
126028
126229
127822
128057
128273
128314
128520
128542
129473
129601
129796
129818
129862
129980
130445
130534
130535
130685
131844
132083
132383
132399
132539
133272
133342
133365
133418
133541
133706
133910
134068
134346
134365
134543
134558
134621
134649
134651
134653
134700
134729
135030
135565
135599
136360
136406
136756
136901
136907
136922
137322
137554
137603
137607
137623
137659
137742
137781
137790
137826
138116
141719
141727
141731
141758
141795
141829
141849
141985
142069
142083
142114
142182
142223
142276
142287
142668
144478
144979
145573
145636
145713
145976
146070
146301
146976
146989
147015
147033
147112
147316
148039
148059
148567
149285
150055
150100
150113
150136
150402
150688
151506
151580
152576
152718
152880
153402
154365
154595
155134
155692
155911
156150
156787
156902
157968
157979
158277
158848
158871
158873
158885
158898
159476
159724
159924
160010
160103
160107
160113
160123
160133
160764
160774
160815
160829
160848
161467
161506
161559
161815
162492
162609
162717
163698
164799
165159
165169
165227
165344
165355
165365
165461
165478
166955
166958
167081
168842
168856
168876
169565
170215
170276
170287
170577
171744
171791
172423
172450
172466
172469
172498
173544
174588
174594
174633
174658
174683
174788
175799
176094
176642
176647
176712
177189
177214
178307
179608
179621
179696
179714
181126
181809
181823
182012
182031
183000
183087
183125
183325
183727
184469
185134
185498
185707
185719
185819
186399
186408
187139
187778
187985
188690
188709
189111
189176
189302
189450
189641
189647
189649
189710
189742
190317
190349
190741
190759
190954
190999
191025
192181
192282
192310
192331
193048
193106
193840
193843
193844
193878
193906
194003
194120
194171
194273
194278
194404
194409
194454
194593
194727
194801
195001
197637
197641
197646
197688
197700
197811
197980
199470
200582
200763
200844
200989
201140
201964
201998
202895
203065
203102
203500
204640
205240
205242
205251
205259
205291
205370
205689
205748
206389
206920
206929
206952
207416
207437
208058
208176
208182
209063
209106
209542
210080
210659
210685
211117
211178
211601
212006
212514
212704
213078
213560
213567
213572
214206
214538
214871
215136
215154
215512
216073
216121
216410
216979
217187
217223
217309
217516
218101
218115
218149
218190
218205
218219
219132
220084
220092
220120
220129
220162
220189
220196
220223
221616
222185
222190
223024
223125
223136
224026
224076
224159
225330
227125
227139
227292
228433
228523
228847
229085
229331
229409
229417
230152
231063
231064
231093
231129
232069
232073
232792
232922
233547
234184
234198
234572
235058
236110
236185
237515
237653
238451
238500
238536
239294
239317
239902
239924
239931
239968
240328
240547
240896
241128
241286
241625
241672
242202
242207
242247
242434
242557
242786
242855
243078
243766
243843
243846
244207
244708
244808
244847
245139
245481
246132
246948
247139
247348
247839
248110
249177
249564
249659
250098
250306
250319
250356
250376
250420
251775
251777
251783
251829
251837
251873
252952
252970
253420
253431
253473
253485
253622
253724
253872
253986
255572
255580
255600
257599
257600
257626
257692
257723
257788
259685
261929
261966
261990
262009
264347
264794
264859
264886
264926
265301
267252
267253
267517
267589
267605
268245
269716
269739
269779
269807
270061
270101
270128
270194
270674
270746
270760
272168
272591
273385
273458
273475
275535
275547
275614
275615
275764
275873
276290
276677
277346
277391
277393
278515
278644
278646
278716
278998
279842
279867
279993
281569
282086
282138
282197
282212
282483
282488
282540
283379
283428
283937
283953
283985
285280
285285
285346
285417
285419
285570
285575
285583
285647
285682
285783
285829
286275
286509
286584
286777
286835
287126
287302
287669
287848
288629
288922
288939
289116
289255
289691
289739
289759
289789
290361
291712
291769
291891
291964
292216
292290
293602
293660
294045
294136
297206
297284
297408
297496
298775
298880
298884
298898
298932
300274
301621
301979
301995
302029
302059
303261
304026
304780
304907
304963
306073
307111
307208
307233
307592
308086
308093
308101
309220
309222
309226
309338
309772
310263
310473
310486
310888
310896
310950
311301
312000
312034
312040
312649
313048
313626
313671
313702
313779
314069
314146
314169
314180
316182
316947
317378
317394
317464
317493
317509
317702
317707
318317
319465
319481
320284
320321
320415
321365
321961
322980
323009
323026
323813
324416
324965
325771
325924
326616
327637
328529
329447
331526
331561
331797
332039
332048
332768
333040
333329
333335
333517
333635
333730
334052
334114
334115
334908
335300
335305
335372
335416
335423
335440
336106
337378
337562
337650
337724
337845
337921
338348
338410
338462
339584
339609
339813
339826
339873
339942
340025
340226
340232
341902
341937
341943
344050
344059
344196
344205
344282
345108
345788
346295
346301
346393
347395
347480
347547
347609
347611
347670
347695
347713
348074
348175
348180
348448
348562
349560
350246
350441
350602
350614
351214
351277
351295
351317
351675
353924
353988
354055
354064
354074
354090
354371
355265
355827
355917
356373
356387
357347
357350
357352
357356
357368
357498
357563
358011
358497
358537
359724
360218
360413
360511
361164
361672
362389
362438
363035
363426
363428
363436
363468
363493
363977
365211
365428
366344
366349
367106
367147
367582
367750
368287
368415
368871
368882
368885
370004
370008
370239
370316
370384
371360
371367
371380
371502
371571
371912
373441
373749
373755
374702
374774
374813
374831
374895
375692
376400
377001
377058
377978
378052
378064
378129
378168
378205
379180
380080
380130
380383
380394
381049
381105
381782
382630
382661
382713
382720
382727
384351
384356
384638
385217
385376
385407
385731
387007
387537
387735
388081
388505
388545
388995
389003
389593
390535
390580
391100
391901
392557
392643
392954
393349
393435
393454
393455
393550
393638
393640
393645
393661
393666
393672
393686
393700
393937
394831
395392
395406
396802
396822
396855
398338
398340
398637
399296
399345
399357
399916
399958
400240
400268
400327
400332
401017
402011
402844
402848
402877
403543
404878
405002
405009
405210
405251
405311
405328
406387
406405
406423
406424
406460
409178
409203
410325
410333
410355
410356
412504
412590
413226
413237
413273
413307
414064
414155
414216
414755
415278
415723
415788
416300
416302
416319
416333
416334
416405
416759
417442
417456
417460
418106
419566
419577
419622
421575
422405
422442
422681
422857
422877
423031
423041
423173
423424
423842
423845
423851
423932
426794
427597
427631
428617
428633
429125
429420
429427
430683
431301
432263
432374
432599
433204
433312
433316
433785
434421
434434
434445
434457
434477
434553
436828
436912
436949
436978
436989
437133
437857
437876
437881
438049
438066
438137
438160
439325
1996 TL34
1998 RD10
1998 XR98
1998 YM19
1999 TH60
1999 TU82
1999 TB183
2000 UK83
2001 PC53
2001 QY53
2001 QE119
2001 QG166
2001 QE213
2001 RB14
2001 RR18
2001 RJ36
2001 SR35
2001 ST62
2001 SZ119
2001 SL187
2001 SN221
2001 SU245
2001 SO309
2001 SW309
2001 SX339
2001 SY349
2001 SV353
2001 TO5
2001 TJ59
2001 TK109
2001 TE131
2001 TT140
2001 TZ146
2001 TO184
2001 TX189
2001 TQ232
2001 UW45
2001 UO159
2001 UA205
2001 VL39
2001 VF60
2001 WC43
2001 WP91
2001 XT20
2001 XB235
2001 YO92
2002 LH64
2002 NW11
2002 NV78
2002 PJ76
2002 QN32
2002 QT96
2002 QC114
2002 QQ139
2002 RF9
2002 RV78
2002 SW8
2002 TZ17
2002 TP91
2002 TM132
2002 TB233
2002 TR278
2002 XW71
2003 AT55
2003 QN8
2003 QG31
2003 QL81
2003 SX8
2003 SC121
2003 SR278
2003 SG298
2003 SP307
2003 SV359
2003 UD1
2003 UO32
2003 UM34
2003 UD40
2003 UP106
2003 UB138
2003 YA15
2004 ER20
2004 EB72
2004 FF21
2004 JC44
2004 NX9
2004 NJ11
2004 PY4
2004 PV22
2004 PY32
2004 PZ33
2004 PG55
2004 PN110
2004 QR10
2004 QQ15
2004 RE17
2004 RD30
2004 RV39
2004 RX74
2004 RH76
2004 RR85
2004 RX101
2004 RX213
2004 SB21
2004 SR28
2004 TG14
2004 TL54
2004 TT368
2004 TL119
2004 TB159
2004 TD201
2004 XN78
2004 XH126
2005 GY87
2005 JQ130
2005 JY184
2005 LK10
2005 LW41
2005 LK52
2005 ML40
2005 NU1
2005 NA22
2005 NT38
2005 OA10
2005 OR17
2005 QU6
2005 QZ45
2005 QL53
2005 QR71
2005 QQ78
2005 QZ78
2005 QC96
2005 QA108
2005 QM112
2005 SH4
2005 SG81
2005 SG231
2005 SC232
2005 SX268
2005 SH272
2005 SN279
2005 TT43
2005 TK114
2005 TC162
2005 TC171
2005 UB9
2005 UE25
2005 UQ41
2005 UT46
2005 UR122
2005 UR405
2005 UW224
2005 US487
2005 UD488
2005 UP240
2005 UJ250
2005 UO337
2005 VU85
2005 VL127
2005 VG130
2005 WK17
2005 WE37
2005 WR72
2005 WL184
2005 YO153
2006 AX5
2006 AS43
2006 AA54
2006 BC79
2006 BM162
2006 DA106
2006 DT197
2006 PQ4
2006 PY25
2006 QF35
2006 QT61
2006 QH85
2006 QA99
2006 QW133
2006 QP154
2006 RT1
2006 RB10
2006 RF42
2006 RP64
2006 RS101
2006 SK26
2006 SP26
2006 SH47
2006 SQ55
2006 SB106
2006 SG390
2006 ST135
2006 SJ181
2006 SY262
2006 SV269
2006 TW16
2006 TJ43
2006 TG86
2006 TA87
2006 TP129
2006 UD48
2006 UP49
2006 UB51
2006 UW61
2006 UP95
2006 UH101
2006 UQ151
2006 UL178
2006 WP41
2006 WF53
2006 WF177
2007 BW69
2007 DH87
2007 HB41
2007 PA16
2007 PM31
2007 PZ48
2007 RH15
2007 RY23
2007 RO33
2007 RA40
2007 RE84
2007 RO209
2007 SV4
2007 TJ44
2007 TF46
2007 TG58
2007 TM61
2007 TA77
2007 TL91
2007 TK367
2007 TJ369
2007 TC114
2007 TU122
2007 TX399
2007 TL151
2007 TU421
2007 TB431
2007 TL443
2007 TO224
2007 TV225
2007 UA10
2007 UP11
2007 UE35
2007 VE9
2007 VX125
2007 VV126
2007 VM148
2007 VP151
2007 VZ212
2007 VZ231
2007 VR237
2007 VS252
2007 VU306
2007 WH28
2007 YF28
2008 CX140
2008 EY34
2008 GL70
2008 HC28
2008 OK23
2008 OX24
2008 PU8
2008 QJ45
2008 QL46
2008 RE13
2008 RB87
2008 RY119
2008 SC1
2008 SZ25
2008 SK42
2008 SG64
2008 SC103
2008 SU122
2008 ST151
2008 SD183
2008 ST220
2008 SJ245
2008 SB254
2008 SM304
2008 TQ97
2008 TB163
2008 UV9
2008 US96
2008 UJ186
2008 UO207
2008 UO300
2008 UL130
2008 UX165
2008 UJ186
2008 UO207
2008 UW207
2008 UM222
2008 UQ252
2008 UO300
2008 VZ1
2008 VM53
2008 VW61
2008 WS28
2008 WG37
2008 YV
2008 YL37
2008 YV112
2009 BO81
2009 FD49
2009 KZ2
2009 OZ6
2009 PN3
2009 QY12
2009 QB25
2009 RQ23
2009 RM39
2009 RD48
2009 RY74
2009 SR27
2009 SD72
2009 SV124
2009 SM148
2009 SR202
2009 SX233
2009 SF234
2009 SD257
2009 SN268
2009 SG269
2009 SR345
2009 TO20
2009 TG21
2009 TH22
2009 TH39
2009 UA5
2009 UO18
2009 UX25
2009 UK35
2009 UP40
2009 UE137
2009 UV151
2009 VM3
2009 VF51
2009 VZ79
2009 VH115
2009 WE15
2009 WE35
2009 WM58
2009 WX82
2009 YL2
2010 AE18
2010 BA4
2010 CN23
2010 CB173
2010 CS215
2010 FK88
2010 JR99
2010 JC101
2010 LJ10
2010 LR53
2010 LS130
2010 MU24
2010 MY65
2010 MA94
2010 MF113
2010 NQ4
2010 NP42
2010 NO69
2010 OW37
2010 OG87
2010 PQ8
2010 PV22
2010 PC23
2010 PR60
2010 PZ76
2010 RZ50
2010 RU77
2010 RE137
2010 RH183
2010 SO10
2010 ST22
2010 TR2
2010 TZ20
2010 TM116
2010 TO120
2010 TG177
2010 TP186
2010 UH12
2010 UT14
2010 UM69
2010 VQ27
2010 VX142
2010 VQ215
2010 XE50
2011 AU7
2011 AO69
2011 EU68
2011 FD154
2011 HP5
2011 KX
2011 KZ13
2011 MF9
2011 NR2
2011 OJ6
2011 QQ60
2011 QF65
2011 QB68
2011 QG97
2011 RH9
2011 SP66
2011 SV83
2011 SA103
2011 SS129
2011 SY157
2011 SP159
2011 SF218
2011 UE20
2011 UJ85
2011 UZ101
2011 UM117
2011 UQ159
2011 UZ164
2011 UD189
2011 UD194
2011 UV194
2011 US198
2011 UB242
2011 UW296
2011 US339
2011 WJ32
2011 WZ112
2011 WO120
2011 WU132
2012 AE22
2012 BG72
2012 CB13
2012 FN44
2012 KT43
2012 PF20
2012 QH42
2012 RC4
2012 RY6
2012 RM8
2012 RD14
2012 RE25
2012 RU35
2012 SB55
2012 SD56
2012 TU8
2012 TW33
2012 TN315
2012 UG15
2012 UO120
2012 UB131
2012 UY132
2012 UT163
2012 VM34
2012 VU34
2012 VM49
2012 VS75
2012 VF93
2012 VA108
2012 WX8
2012 XY48
2013 AK9
2013 AC97
2013 AW122
2013 CT34
2013 EZ23
2013 EY87
2013 EA89
2013 GS9
2013 GZ99
2013 HO28
2013 JX30
2013 LM9
2013 NN21
2013 OX6
2013 OB8
2013 PZ33
2013 PZ47
2013 PY71
2013 QM44
2013 QA51
2013 QH83
2013 RL22
2013 RB71
2013 RQ75
2013 SJ49
2013 SG51
2013 SG75
2013 SS76
2013 TT90
2013 TA95
2013 TN116
2013 TK143
2013 UW12
2013 VJ6
2013 VN20
2013 WQ64
2013 YP21
2013 YE65
2013 YY75
2013 YO102
2013 YS129
2014 DJ20
2014 DP109
2014 GL42
2014 HB132
2014 JE42
2014 KR21
2014 KJ26
2014 KX46
2014 KC79
2014 KN99
2014 MY40
2014 MF50
2014 MO62
2014 NO28
2014 OQ5
2014 OX5
2014 OZ90
2014 OU92
2014 OP94
2014 OA367
2014 OB391
2014 OK134
2014 OX189
2014 OO191
2014 OM195
2014 OQ197
2014 OZ199
2014 OJ220
2014 OA299
2014 OO343
2014 PA
2014 PV23
2014 PT40
2014 PJ61
2014 PH67
2014 QA107
2014 QA368
2014 QJ392
2014 QR399
2014 QX147
2014 QD425
2014 QY429
2014 QK267
2014 QU300
2014 QQ304
2014 QC308
2014 QF312
2014 QF359
2014 RX41
2014 SS84
2014 SA229
2014 SD337
2014 TR43
2014 TB51
2014 UW
2014 UM4
2014 UO86
2014 UJ105
2014 UB118
2014 UV144
2014 US153
2014 UA158
2014 UR199
2014 UB209
2014 VB10
2014 WH34
2014 WH96
2014 XL39
2015 BG128
2015 KA58
2015 MG10
2015 NP8
2015 NS8
2015 OK13
2015 OT22
1995 SD10
1995 TG7
1998 MR
1998 SG7
1999 TL38
1999 VX83
2000 OX2
2000 QJ56
2000 SK
2000 SP194
2001 FD212
2001 FV215
2001 FX222
2001 FC234
2001 QW121
2001 QG236
2001 RH47
2001 RQ107
2001 UK74
2001 UJ231
2001 VQ2
2002 EA92
2002 OK35
2002 OR37
2002 PZ192
2002 QJ64
2002 QB75
2002 QT75
2002 QB124
2002 QN131
2002 RX217
2002 RL265
2002 SJ37
2002 SE50
2002 TL35
2002 TN296
2002 TY356
2002 UU53
2003 SW68
2003 SL397
2003 SU399
2003 SH402
2003 SN161
2003 UL345
2003 YQ9
2004 CY6
2004 DO9
2004 GX59
2004 MZ2
2004 PT104
2004 RU14
2004 RE282
2004 RF340
2004 SD8
2004 SC47
2004 SN56
2004 TH38
2004 TY68
2004 TE144
2004 TS148
2004 TP328
2005 GB33
2005 NP28
2005 ND67
2005 QG94
2005 QX134
2005 RZ15
2005 SM15
2005 SP31
2005 SZ72
2005 SH84
2005 SR86
2005 SO170
2005 SU187
2005 SH270
2005 SL270
2005 ST274
2005 SS290
2005 TQ52
2005 UP28
2005 UZ43
2005 UQ45
2005 UT97
2005 UH98
2005 UC122
2005 UF191
2005 UK249
2006 BW1
2006 DQ194
2006 KV36
2006 KU54
2006 PK37
2006 QA134
2006 RC51
2006 RF81
2006 RM96
2006 SW50
2006 SX171
2006 SW199
2006 UM28
2006 UC159
2006 UF169
2006 UJ208
2006 UM262
2006 UP263
2006 VQ114
2006 WQ42
2006 WT145
2006 WO166
2007 CM12
2007 FO13
2007 GH1
2007 JO1
2007 JK29
2007 JD33
2007 JG40
2007 QN4
2007 RY65
2007 RN108
2007 RH151
2007 RQ320
2007 TY14
2007 TB32
2007 TL106
2007 TF376
2007 TL139
2007 TN193
2007 TH203
2007 TO207
2007 TW310
2007 TV331
2007 UR82
2007 UA135
2007 VW71
2007 VK294
2007 VJ314
2007 XL41
2008 EJ168
2008 LA15
2008 QJ3
2008 QD9
2008 RY12
2008 RD55
2008 RO78
2008 RN128
2008 SR18
2008 SV40
2008 SU92
2008 SR183
2008 SZ275
2008 SS291
2008 TK17
2008 TB34
2008 TH72
2008 TW132
2008 TV154
2008 UH83
2008 UZ86
2008 UY110
2008 US116
2008 UQ141
2008 UO198
2008 UU268
2008 UK285
2008 UZ322
2008 WM124
2009 AX29
2009 BF60
2009 DX89
2009 FZ42
2009 HY22
2009 OQ
2009 OL10
2009 PS19
2009 QF42
2009 RO11
2009 SR16
2009 SL60
2009 SE365
2009 SG157
2009 SK181
2009 SM237
2009 SX268
2009 TQ1
2009 TM47
2009 UT20
2009 UL42
2009 UR87
2009 VO11
2009 VJ33
2009 VM63
2009 WL32
2009 WJ54
2009 WQ60
2009 WT91
2009 WZ96
2009 WK98
2009 WH105
2009 WQ117
2010 AS92
2010 BE16
2010 BH25
2010 BJ38
2010 BR62
2010 BZ94
2010 BA105
2010 CK46
2010 CA115
2010 DM17
2010 DY60
2010 DM68
2010 DO79
2010 EY19
2010 EP20
2010 ER148
2010 FA47
2010 GG25
2010 GK151
2010 HB24
2010 HR43
2010 HQ50
2010 JK68
2010 JY88
2010 JS99
2010 JN132
2010 JM143
2010 KY19
2010 KU54
2010 KO90
2010 LU34
2010 LN55
2010 LP60
2010 MR71
2010 MG76
2010 ME84
2010 MG105
2010 NH53
2010 OE57
2010 OC105
2010 RP104
2010 RQ104
2010 RZ111
2010 RE114
2010 TJ36
2010 TD40
2010 TB65
2010 TT73
2010 US36
2010 UU98
2010 VE50
2010 VZ165
2010 VC175
2010 VA212
2011 AN47
2011 CS54
2011 CK82
2011 DV13
2011 GA71
2011 KL5
2011 ND2
2011 OG30
2011 PJ1
2011 PW10
2011 QR29
2011 QA56
2011 QO78
2011 SP3
2011 SO100
2011 SO122
2011 SM123
2011 SZ141
2011 SN169
2011 SK201
2011 SS203
2011 SC221
2011 SW274
2011 TF8
2011 UF18
2011 UC32
2011 UQ46
2011 UK99
2011 UR129
2011 UQ408
2011 UG151
2011 UX166
2011 UU175
2011 UR176
2011 UW314
2011 UP315
2011 VR8
2011 YG35
2011 YN78
2012 GU29
2012 GG38
2012 JV5
2012 JL59
2012 PK11
2012 PT25
2012 PB26
2012 PV28
2012 QZ14
2012 QB21
2012 RQ4
2012 SR42
2012 TC3
2012 TO28
2012 TU70
2012 TM90
2012 TW299
2012 TF322
2012 UK25
2012 UR29
2012 VY38
2012 VW51
2013 AQ117
2013 AS120
2013 AG151
2013 BG24
2013 CB171
2013 FS6
2013 GG29
2013 HY7
2013 ND7
2013 NS21
2013 PM4
2013 PK27
2013 PU65
2013 QJ21
2013 QC72
2013 RV8
2013 RF19
2013 RL95
2013 SX13
2013 ST15
2013 SY78
2013 SU83
2013 TJ29
2013 TL104
2013 TD136
2013 WX29
2013 XS24
2013 YF30
2013 YS119
2014 AB14
2014 GT32
2014 GT52
2014 HV195
2014 JS2
2014 JU66
2014 KF43
2014 MJ23
2014 MQ43
2014 NA56
2014 OF2
2014 OF6
2014 OO101
2014 OS115
2014 OK133
2014 OX133
2014 OX240
2014 OZ258
2014 OP310
2014 OL345
2014 PJ2
2014 PX34
2014 PM44
2014 QE37
2014 QB40
2014 QU365
2014 QJ370
2014 QD431
2014 QJ175
2014 QJ295
2014 QT331
2014 RR22
2014 SC151
2014 SL189
2014 SX229
2014 SX300
2014 TU5
2014 TH16
2014 TR81
2014 UX206
2014 WT9
2014 WP37
2014 WO42
2014 WF178
2015 AJ35
2015 AT36
2015 BV91
2015 BW135
2015 BU156
2015 BE275
2015 HJ99
2015 KH136
2015 LO32
2015 MM7
2015 MN17
2015 MY117
2015 OM14
2015 OH28
2015 OM30
2015 OX71
2015 OC77
2015 PR5
2015 PP37
