id
11530
12353
13097
13676
14532
14646
15100
16189
18465
19272
19338
20066
20177
21257
22698
24789
25636
28061
28596
30138
31145
34193
35470
37398
38932
40817
41275
43575
43626
45091
47631
50613
51272
51938
52369
54211
57955
62274
63158
63444
64982
65922
69337
71981
72214
73946
75825
76350
78258
78570
81790
83624
84553
84633
84649
85266
87336
90576
91633
93839
111475
111737
111852
113482
114611
115718
116857
117321
118253
119794
123971
125260
126596
128721
128969
131944
134272
135529
139814
145780
152503
154106
156554
157374
161740
169907
170759
171106
175618
178147
180432
181214
185268
189376
190410
191136
202633
204971
214416
214813
219900
222901
223948
224769
226008
227938
229183
231582
231685
231690
236344
241524
246254
248938
250019
250547
261009
261020
279544
281982
283562
292027
293467
294000
295795
296359
299832
300683
318554
319611
319993
321587
322248
324068
324163
327571
342569
346467
350096
359847
377823
378322
379973
392514
395530
398505
401123
407977
411886
412788
439703
2009 DT111
2012 AY4
2014 BM61
2015 BP242
2015 FX142
2015 FB342
2015 LD35
2015 OU66