id
782
2496
2556
2712
5184
5781
6679
6969
7398
7983
10130
11674
13708
15821
16016
17043
17586
19368
21158
21298
21412
21629
29103
29114
30851
31927
33024
33025
33358
33474
40251
40287
41733
42588
42883
45808
45890
46765
48020
50536
52855
53496
55773
59850
60901
60998
71768
73103
73112
73276
76872
80212
82261
86545
91231
92290
94394
94632
97909
97935
98015
99376
100051
100336
106173
112174
118233
118479
127543
129741
131568
131742
133964
136181
136442
136865
138675
143736
143791
149240
150257
151924
155581
155601
156736
156737
157550
169432
170224
174092
175198
176494
176572
180801
180851
182866
187525
187933
198978
204401
204635
211921
212719
212949
222375
222945
222947
226088
229026
233159
239267
243392
245739
246626
256599
257525
258398
258643
260605
263403
265105
266485
267852
269183
273353
274165
285132
290811
290884
295970
297589
301083
303960
307977
308668
309375
309758
311550
312503
314621
315976
317165
320363
324910
336052
336560
338913
339618
350272
351559
354789
357834
357904
361021
361053
362002
365060
365825
365842
372817
373238
373882
378517
378529
380059
380684
386864
389879
392448
399114
406817
408206
409768
411623
411652
412033
417313
420953
426092
426129
429774
429779
430102
435414
437352
437798
2003 SQ330
2005 QM180
2005 SX17
2005 UO444
2006 SZ94
2007 EG64
2009 VZ14
2010 CD249
2011 AK41
2011 BT105
2012 BF92
2012 SC26
2013 GN28
2013 HS78
2013 QC8
2014 DJ1
2014 DN58
2014 OZ16
2014 WY67
2014 WO310
2015 KT122
1995 SF8
2001 FE214
2005 QX28
2005 UJ184
2006 BM13
2006 HJ98
2006 UL169
2007 ER119
2007 JY31
2008 SS216
2008 TP137
2009 VC73
2010 BA30
2010 BF66
2010 CT211
2010 DZ30
2010 EY11
2010 FN82
2010 FE104
2010 GM43
2010 GO96
2010 GH155
2010 JZ10
2010 JE108
2010 KK13
2010 LG86
2010 NM10
2010 NT67
2010 OG50
2010 OO66
2010 PO31
2010 WQ8
2011 AS69
2011 ET66
2012 TC253
2013 GW135
2014 EV5
2014 JR75
2014 OC318
2014 QA224
2014 TB52
2014 UW88
2015 BX81
2015 BS427
2015 DM83
2015 GX16
2015 HS66
2015 LP27