id
1830
1990
2380
2540
2703
3209
3676
4011
4310
4780
5018
6333
7117
7882
9138
9560
10390
10985
12057
12364
12770
12988
14710
16026
16728
17898
21630
22311
22532
23990
24887
27791
28088
28927
29425
30059
31447
31945
32865
34027
35355
35680
38065
38850
40297
41663
41731
44054
44071
44098
44114
44662
44674
47170
48729
49030
49700
49704
53437
53593
53594
56035
56551
60585
61191
66956
68745
70096
71787
71833
73068
73118
74022
74770
76823
84253
86528
86587
88490
91217
92467
94392
97917
97983
98000
99400
100763
102328
106442
107081
107149
107618
111726
111874
112156
113623
115288
115822
119969
119993
124583
124687
124895
124956
131528
131578
135534
135536
143778
147167
155106
155584
157091
157586
168222
169423
169426
169431
172083
175637
176604
177261
180842
181344
183650
184358
185230
187727
188848
190717
198997
199023
201428
202422
202464
204666
205572
207444
207463
209520
210962
212398
216310
218930
218957
220926
223487
224006
229025
229389
231425
231766
232311
233099
233509
236697
238865
240814
241430
241550
243602
245527
246582
246605
251352
252120
254439
257875
260234
260618
262470
263149
263235
265495
266665
267842
269158
270433
273450
274205
275043
276204
276723
278549
285411
286356
290867
291374
292020
294502
299385
305548
306109
310587
312858
313032
313974
315248
315994
315996
316022
317198
317226
319396
321282
322479
325972
331136
333763
336561
340831
341860
343185
343231
343233
343741
343978
344124
344818
347242
349075
350520
351497
351520
352110
353854
354792
355772
356977
359398
359728
361993
362009
362702
364097
364128
365826
365911
371275
376074
376082
379538
385897
385940
386273
388413
389838
395732
398724
401474
402320
403222
405745
408151
408210
409435
414379
418908
424270
430388
432177
437497
438111
438417
439011
1995 CD10
2004 DM8
2005 VY94
2005 YM83
2006 BW34
2006 DT206
2006 ES47
2006 JR11
2007 BZ2
2007 BA11
2007 DD31
2008 GF29
2008 SO216
2008 UO291
2009 AB15
2010 TA91
2011 CR61
2011 EY9
2011 EG74
2011 SL57
2012 TJ181
2013 AC113
2013 BT54
2013 GD79
2013 YV44
2014 BQ7
2014 DG103
2014 ER9
2014 GU33
2014 HO163
2014 JV72
2014 SQ96
2014 UF21
2014 UP38
2014 UY134
2014 UB147
2015 DV214
2015 FA180
2015 HV104
2015 HM174
2015 MO64
2002 GP29
2004 DU70
2005 EN147
2006 BE114
2006 XQ22
2007 BH59
2008 AJ117
2009 DY62
2009 SA316
2010 AH113
2010 AX118
2010 BF106
2010 BL125
2010 CJ210
2010 DA73
2010 EC
2010 EW151
2010 EM170
2010 FR65
2010 HN35
2010 JA52
2010 JK70
2010 JW145
2010 KW16
2010 KC30
2010 KN66
2010 KP71
2010 LC18
2010 LD52
2010 LS116
2010 LB126
2010 MN34
2010 MH105
2010 NW20
2010 NU41
2010 NA118
2010 OY21
2010 OL78
2010 OS91
2010 PZ2
2010 PT28
2010 PA29
2010 PM68
2010 RV8
2010 VF167
2011 HD2
2011 HH62
2011 KZ3
2012 HP44
2013 AS109
2013 CN201
2013 GW43
2013 HL34
2013 HD63
2013 HG125
2013 JJ3
2014 JH14
2014 JO70
2014 SZ171
2014 WK39
2015 AC63
2015 BD44
2015 BW149
2015 BN155
2015 BA347
2015 CP29
2015 KF51