id
172
1995
2328
2733
4904
7274
9111
9468
9993
13189
16432
16594
16902
17224
17559
18808
20080
21977
22145
22184
23299
24339
24382
27230
27540
28006
29305
33635
35497
36676
37077
37839
38826
40668
41647
42320
42702
42810
43272
44994
45061
45942
46163
46331
47461
47625
48285
48380
49189
49322
49396
49904
49939
50199
50846
51510
51591
54236
54898
54901
56218
56371
57166
57298
57772
58173
59721
60961
61160
61287
61894
62627
63376
63681
65490
70136
70146
70638
70979
70980
71809
72026
72059
72515
73049
73391
73872
75245
75383
75483
75900
77121
77998
80454
80626
80675
80835
81268
82297
85318
85760
85966
86673
86763
89818
90022
92444
92973
94578
96304
96390
96481
96484
96724
98489
99817
102925
103704
103750
106656
106797
107090
108273
109744
111349
113942
115274
115563
116322
116986
117085
120020
120376
122045
122522
122837
124901
125392
125659
125678
125786
126600
126731
127646
130873
131602
132633
136185
137218
137778
138945
142324
142609
145130
145932
146309
148763
148841
149830
151620
151759
156078
156180
157296
160476
162254
162608
165421
165997
166141
167089
167359
167514
168540
169079
170481
171283
172617
173576
174659
175684
176688
177677
178043
178983
179001
181903
183744
183745
185404
186724
188385
189078
190809
190815
191256
192040
192174
192532
192584
193991
194024
194834
195044
197770
198619
199373
205688
205745
208202
213504
213562
215429
215898
220265
221172
221268
222932
223166
223252
227914
228501
230542
232396
233283
234701
235599
236406
241639
241703
245708
248938
256606
257316
257512
259421
259922
260061
263741
264950
265220
265527
266129
266259
266323
268084
268861
269071
271024
272714
275546
275698
276313
278209
278603
284244
284701
284938
286146
286465
287208
288719
294720
294758
295397
295940
303607
304061
304808
306231
310918
311009
311207
315328
315498
316076
316911
317351
317822
318511
319680
319854
323436
323443
323679
326229
329974
330271
331784
335506
335682
336599
337760
337933
339920
343290
343856
345200
345450
346358
347794
348599
349675
349975
353190
353899
355385
358067
361633
361682
362147
362706
362765
363178
363295
364820
365035
365232
367206
368661
368702
371386
371454
371490
371509
371913
373150
376866
377277
377525
377660
377845
378048
379904
381866
382642
386673
390199
391477
391849
395214
395857
397210
397219
398926
399030
399925
400043
400642
401493
401865
405496
411680
414200
414243
415523
417661
418163
418317
418349
418370
419696
420441
420509
420602
421967
423960
424095
429117
430872
431339
431715
433528
434440
434618
435474
436490
438692
439061
1995 SW5
2000 SJ314
2001 QM226
2001 TA258
2001 XH230
2002 PE17
2003 SZ345
2004 BF101
2004 VC81
2005 LQ40
2005 ST86
2005 WP57
2005 YP282
2006 BE128
2006 DV113
2007 GQ3
2007 TO451
2007 UH46
2007 YK59
2007 YS70
2008 AN36
2008 BY34
2008 EN37
2008 GJ118
2008 HQ8
2008 JN18
2008 XP
2008 YG93
2009 BX76
2009 BP95
2009 DD2
2009 QD56
2009 SO74
2009 UT103
2009 VV28
2010 CH19
2010 CK51
2010 EH104
2010 GP97
2010 NO117
2010 VV140
2011 AT38
2011 CV4
2011 UT53
2011 UA337
2012 AN8
2012 BJ19
2012 DY43
2012 HJ42
2012 HA47
2012 HM59
2012 JT37
2012 KZ
2012 TM281
2012 VD83
2013 BE9
2013 CJ107
2013 EX35
2013 EM110
2013 OW
2013 SC25
2013 SK64
2013 SZ71
2013 SO84
2013 WL
2013 WA58
2013 YX83
2013 YQ90
2014 DL121
2014 GC45
2014 JC14
2014 KQ33
2014 KM81
2014 KM93
2014 QO296
2014 RQ40
2014 SX160
2014 UM78
2014 VH23
2014 WC286
2014 YY30
2014 YT37
2015 AT165
2015 BL91
2015 BW275
2015 BH353
2015 CM59
2015 DF36
2015 DN212
2015 FN19
2015 FP111
2015 FX304
2015 FG322
2015 FQ344
2015 HG105
2015 HC174
2015 KM123
2015 NT18
1997 EH7
2001 FT235
2002 SW64
2003 BV3
2004 TT82
2005 UB15
2005 VZ66
2005 WK210
2006 BP20
2006 HO68
2006 RB77
2006 TT62
2006 VY93
2007 CQ69
2007 HK40
2007 TM123
2008 CF57
2008 GU139
2009 BF1
2009 CS62
2009 DD5
2009 FO13
2009 FM19
2009 QT18
2009 SM124
2009 ST157
2009 UT112
2010 BJ27
2010 BX50
2010 BV64
2010 BF65
2010 BY69
2010 BD82
2010 BZ88
2010 BX92
2010 BC103
2010 BN110
2010 BS130
2010 CE46
2010 DB80
2010 EC130
2010 EK162
2010 FX42
2010 FY58
2010 FF107
2010 FT108
2010 GB52
2010 GT77
2010 GU94
2010 GA150
2010 HM53
2010 HK86
2010 HU99
2010 JY97
2010 JC136
2010 KM12
2010 KQ102
2010 KG121
2010 LW4
2010 LS7
2010 LO8
2010 LS37
2010 LW37
2010 LY41
2010 LV59
2010 LH77
2010 LL90
2010 LY128
2010 MS14
2010 MJ27
2010 MA41
2010 MM44
2010 ME86
2010 MW95
2010 MP96
2010 MX97
2010 MZ98
2010 MC109
2010 ND20
2010 NC39
2010 NZ70
2010 OR33
2010 OZ47
2010 OO67
2010 OY101
2010 OX106
2010 OX108
2010 OP121
2010 PH41
2010 QP4
2010 RU81
2010 VU203
2011 FW22
2011 FK94
2011 FG155
2011 NB2
2011 SL200
2011 UB80
2012 HW18
2012 HM72
2012 RC14
2012 UB21
2012 XW96
2013 BG8
2013 HD103
2013 LO2
2013 PP71
2014 GQ4
2014 KP1
2014 NT52
2014 OU28
2014 ON140
2014 OP237
2014 UL19
2014 WA312
2014 WC190
2014 WA312
2015 AG41
2015 AB95
2015 AH119
2015 BA98
2015 DS6
2015 DG35
2015 DZ41
2015 DY112
2015 DA136
2015 DY161
2015 DS197
2015 FW272
2015 FD319
2015 KV80
2015 KD151
2015 NM18
2015 PN41
2015 PD44
