id
33
570
988
1253
2057
2394
4309
4814
8613
8717
8735
8906
9118
9163
9398
9903
10289
11295
11783
11826
12213
13324
13499
13759
13805
14730
14732
18202
18446
19508
21014
22433
22732
22986
23043
23848
23919
26746
27500
27696
29267
30469
32055
32172
33212
34067
34721
34803
36140
36876
37528
38960
39309
39593
40198
40200
40211
40214
46338
46721
48809
48827
57937
58091
58476
63186
63799
63862
64452
65768
65828
71592
71731
74480
78892
80049
81838
83371
84810
89175
95835
96201
96532
96560
99639
100258
101284
103240
105302
106238
109912
109929
110216
111160
113477
116451
117245
117470
118826
120425
128925
129348
131443
132791
135436
136627
138627
138695
138745
140233
141140
141371
142176
145209
148385
154199
154617
156665
157917
163513
163668
163684
165705
165789
165847
171908
173482
173876
176411
177628
180759
182682
182819
185455
188541
191383
191515
191518
195922
197483
198752
201215
203053
208470
210897
212911
214467
217738
220857
222026
223389
225282
228240
228985
229731
230669
232259
233013
234941
236086
236690
239220
241646
243360
245984
246873
247080
248565
249801
252037
254228
260258
266612
268173
269743
269866
275571
276550
281774
282155
282666
282849
287196
293214
294418
297590
299816
299994
300141
303677
303782
303805
304756
311404
316298
316931
319127
321000
321350
322304
323038
324825
337886
338416
341681
341809
341822
343749
345596
348517
350546
350681
357740
365382
371774
372065
374654
375062
375124
376993
377000
377238
378415
378480
379128
381316
383759
383792
388705
393668
396880
403181
403183
405239
405460
409063
410805
411108
416479
418692
418725
418760
419395
422884
424301
424701
428110
429041
430057
430148
431173
438173
2001 KF54
2003 ST359
2003 UW5
2004 TX265
2004 VO41
2005 NJ78
2005 QU139
2005 TE27
2005 VA
2005 WP142
2005 XM27
2005 XH37
2006 AU13
2006 SS117
2006 UA5
2006 XQ70
2006 XA71
2007 BU12
2007 DQ96
2007 RR104
2007 SA17
2007 TW105
2007 UG122
2007 VE3
2007 VG254
2007 YM
2008 AL33
2008 GW20
2008 ST226
2008 TG
2008 TP73
2008 UR63
2008 UA150
2008 UT334
2008 WM86
2009 AM19
2009 BE38
2009 HQ21
2009 JL7
2009 RZ10
2009 TR12
2009 UE50
2009 UH120
2009 WD7
2009 WO40
2009 WO100
2009 WZ207
2009 WV242
2010 PD1
2010 RZ11
2010 TL23
2010 VZ23
2010 VK103
2010 VF139
2010 WU71
2010 XA23
2011 GQ59
2011 QE38
2011 SM102
2011 SU140
2011 SZ172
2011 UG10
2011 UJ48
2011 UF120
2011 WL105
2011 WA134
2011 YZ56
2012 BA77
2012 BT137
2012 CY6
2012 HB25
2012 TG79
2012 TW219
2013 AF22
2013 QK43
2013 RR9
2013 RU64
2013 TC49
2014 BX63
2014 OZ24
2014 SS89
2014 SZ144
2014 SH310
2014 TB4
2014 UW31
2014 VM17
2015 HR1
1999 TB79
2002 QK88
2003 OC29
2003 SZ346
2004 RL221
2004 TZ48
2004 TO215
2004 TG331
2004 VU68
2005 NV56
2005 QR116
2005 UX157
2005 UD222
2005 UW259
2006 FY5
2006 RX115
2006 SK104
2006 SY191
2006 SM210
2007 EB20
2007 RT108
2007 RH111
2007 RQ111
2007 UC53
2008 EG44
2008 EU57
2008 SN24
2008 SP70
2008 YJ148
2009 BM180
2009 DR75
2009 FK12
2009 HZ94
2009 QQ54
2009 SQ50
2009 SP273
2009 UN55
2009 UL81
2009 VH82
2010 DE5
2010 SV14
2011 BC36
2011 EJ19
2011 FM60
2011 SS52
2011 SW122
2011 SL152
2011 SK217
2011 UR88
2011 VF22
2011 WT141
2012 FT7
2012 JV39
2012 TS228
2012 UJ113
2012 UB149
2012 VS24
2012 WB1
2013 FO16
2013 HO71
2013 SS53
2014 CK3
2014 DO106
2014 DY111
2014 OU140
2014 PP10
2014 PQ16
2014 QA125
2014 QD278
2014 SA106
2014 SN124
2014 SV273
2014 SP343
2014 TF42
2014 TB81
2014 WB103
2015 AW33
2015 BK2
2015 BG15
2015 BA173
2015 BQ435
2015 CO27
2015 GW14
2015 MS60