id
6
42
67
79
135
182
474
477
647
865
889
914
969
1493
1643
1665
1689
1740
1928
1963
1964
2133
2170
2298
2313
2441
2501
2509
2588
2639
2642
2751
2775
2794
2809
2821
2998
3006
3038
3081
3114
3130
3137
3146
3381
3403
3462
3486
3559
3574
3612
3719
3839
3891
3958
3963
3984
4251
4265
4371
4589
4646
4675
4734
4797
4913
4956
5075
5095
5158
5163
5364
5376
5412
5522
5597
5699
5724
5792
5822
5860
6007
6059
6111
6145
6154
6179
6180
6217
6278
6291
6395
6440
6535
6551
6578
6608
6673
6754
6815
6854
6991
7093
7105
7134
7135
7147
7150
7160
7281
7362
7375
7380
7401
7406
7425
7426
7497
7557
7591
7594
7673
7697
7713
7725
7737
7760
7802
7806
7858
7866
7914
7918
8002
8098
8120
8134
8143
8262
8271
8320
8424
8446
8549
8617
8671
8782
8816
8876
8898
8927
8948
9045
9091
9190
9200
9206
9279
9286
9314
9569
9586
9605
9624
9642
9651
9658
9692
9693
9696
9716
9722
9751
9754
9768
9778
9831
9886
9979
10012
10060
10100
10137
10158
10186
10187
10209
10324
10359
10382
10405
10702
10706
10719
10799
10854
10871
10900
10983
11018
11032
11073
11075
11076
11169
11236
11246
11268
11272
11276
11333
11344
11345
11354
11361
11384
11435
11491
11492
11632
11782
11837
11900
12016
12040
12079
12123
12127
12155
12160
12256
12295
12403
12409
12413
12414
12416
12458
12465
12471
12485
12496
12523
12588
12601
12720
12734
12792
12866
12903
12932
12976
13028
13100
13109
13161
13170
13172
13208
13232
13278
13283
13397
13408
13415
13418
13422
13434
13577
13603
13657
13663
13703
13752
13783
13853
13858
13910
13977
13991
13997
14054
14059
14084
14102
14115
14135
14145
14199
14217
14285
14311
14333
14351
14391
14589
14678
14746
14803
14812
14872
14878
14928
14965
14972
15022
15203
15204
15265
15280
15328
15334
15354
15387
15389
15402
15424
15458
15479
15492
15635
15669
15701
15793
15798
15801
15842
15911
15912
15924
15937
15938
16002
16075
16077
16114
16209
16260
16393
16670
16673
16746
16751
16804
16886
16944
17022
17557
17564
17646
17728
17791
17924
17960
17983
18081
18230
18260
18266
18313
18328
18343
18392
18435
18496
18502
18517
18583
18611
18757
18760
18761
18771
18781
18787
18826
18837
18908
18920
18945
18951
18983
18995
19057
19173
19205
19208
19236
19238
19303
19556
19566
19578
19727
19729
19732
19769
19892
19903
19960
19972
20033
20036
20040
20166
20168
20182
20264
20270
20275
20280
20287
20293
20439
20440
20480
20562
20678
20804
20927
20931
21009
21016
21068
21075
21086
21118
21176
21240
21244
21292
21303
21415
21452
21628
21635
21644
21668
21689
21695
21744
21823
21825
21882
21943
22103
22166
22320
22352
22407
22413
22466
22469
22533
22572
22582
22596
22609
22628
22734
22767
22786
22788
22795
22804
22814
22860
22873
22876
22975
23018
23034
23037
23079
23088
23184
23193
23197
23232
23240
23354
23366
23377
23415
23446
23447
23554
23583
23731
23741
23924
24009
24034
24169
24187
24294
24318
24332
24483
24490
24520
24543
24567
24622
24656
24657
24699
24707
24770
24771
24773
24799
24804
25006
25024
25046
25135
25140
25158
25162
25207
25225
25226
25328
25616
25626
25659
25759
25782
25805
25810
25905
25944
26005
26014
26033
26043
26082
26090
26103
26104
26130
26157
26245
26269
26301
26366
26509
26539
26575
26658
26682
26686
26690
26853
26888
26890
27007
27120
27176
27200
27273
27290
27327
27350
27357
27399
27619
27635
27659
27676
27689
27707
27742
27748
27782
27858
27953
27958
28065
28072
28123
28171
28204
28276
28382
28434
28498
28503
28541
28690
28748
28767
28805
28989
29081
29094
29122
29139
29145
29330
29335
29457
29461
29679
29723
29804
29812
29817
30028
30043
30154
30157
30168
30195
30320
30337
30360
30364
30509
30533
30537
30573
30624
30725
30726
30774
30921
30926
31146
31167
31179
31365
31425
31673
31848
31911
31921
31924
31955
31985
31987
32002
32004
32028
32037
32045
32061
32100
32145
32148
32193
32519
32604
32736
32790
32793
32887
33031
33081
33318
33424
33461
33513
33723
33862
33864
33883
33890
33901
33961
33985
33988
33990
34011
34024
34071
34109
34137
34306
34587
34741
35001
35042
35187
35189
35226
35227
35362
35385
35395
35416
35661
35759
35784
35869
35885
35891
35901
35949
36294
36296
36340
36370
36378
36421
36422
36446
36455
36457
36466
36468
36538
36585
36783
36784
37130
37354
37362
37399
37409
37507
37511
37559
37646
37719
37724
37740
37825
37844
37867
37917
37919
38120
38131
38286
38328
38618
38633
38688
38705
38731
38747
38763
38764
38768
38771
38773
38808
38813
38815
38846
38854
38866
39125
39144
39150
39182
39230
39246
39316
39366
39426
39428
39464
39542
39614
39697
39718
39719
39721
39722
39729
39892
39957
39981
40326
40334
40337
40338
40349
40353
40377
40409
40422
40470
40503
40525
40622
40643
40647
40685
40748
40750
40773
40800
40830
40874
41133
41468
41562
41622
41642
41675
41826
41864
42109
42110
42163
42177
42254
42258
42328
42351
42358
42369
42382
42421
42431
42565
42568
42570
42572
42578
42598
42814
42845
42934
42935
42962
43029
43073
43088
43103
43222
43296
43332
43335
43403
43572
43589
43678
43707
43724
43746
43752
43755
43808
43895
43898
43901
43907
43914
43951
43967
43977
44004
44020
44110
44205
44238
44278
44791
44899
44920
44943
44989
45070
45130
45146
45183
45230
45262
45278
45287
45302
45309
45315
45401
45505
45702
45783
45789
45944
45991
46119
46124
46172
46186
46213
46385
46398
46454
46458
46469
46473
46683
46829
46832
46835
46843
46847
46848
46851
46853
46884
46888
46967
47002
47185
47237
47335
47362
47370
47377
47455
47526
47642
47695
47993
48059
48125
48199
48340
48471
48525
48581
48582
48720
48738
48756
48920
48928
48933
48934
48948
48955
48958
48964
48971
48974
49037
49049
49084
49103
49104
49124
49141
49149
49154
49164
49198
49237
49262
49290
49306
49309
49320
49355
49583
49911
49921
49963
49968
49982
50058
50175
50236
50299
50348
50417
50447
50557
50812
51137
51355
51455
51476
51515
51637
51657
52089
52137
52143
52160
52254
52269
52318
52385
52429
52442
52445
52449
52499
52522
52572
52606
52948
53008
53046
53074
53098
53179
53445
53541
53615
53671
53685
53725
53748
53786
53787
53841
53902
54022
54032
54103
54419
54710
54713
54722
54766
54770
54773
54810
54819
54849
54853
54862
54891
54922
55605
55641
55655
55665
55669
55791
55836
55838
55863
55864
56017
56024
56026
56044
56066
56086
56104
56109
56112
56150
56201
56430
56451
56468
56490
56523
56542
56591
56595
56635
56761
56803
57043
57057
57140
57156
57175
57317
57318
57742
57902
57936
57949
57992
58022
58094
58159
58171
58189
58257
58270
58341
58372
58467
58884
58935
58939
58974
58991
58995
59014
59021
59026
59041
59069
59083
59105
59129
59176
59186
59222
59232
59252
59262
59263
59315
59343
59373
59408
59458
59534
59606
59656
59692
59841
59873
59970
60046
60248
60427
60495
60639
60642
60643
60665
60762
60769
60801
61011
61091
61092
61096
61146
61147
61148
61152
61178
61179
61214
61218
61240
61269
61312
61315
61330
61345
61351
61378
61384
61395
61425
61430
61445
61447
61458
61506
61529
61530
61564
61623
61699
61730
61849
61858
61863
61944
62049
62083
62099
62228
62235
62237
62279
62289
62299
62301
62332
62361
62362
62433
62548
62553
62602
62793
62799
62937
62987
63317
63365
63399
63427
63432
63493
63563
63571
63621
63728
63765
63798
63861
63864
63870
63878
63924
63944
63985
64020
64070
64075
64314
64394
64440
64461
64475
64476
64480
64546
64602
64669
64710
64751
64757
64758
64775
64888
64889
64908
65293
65500
65506
65562
65574
65626
65716
65765
65890
65903
65933
66104
66278
66335
66355
66361
66379
66394
66395
66410
66422
66426
66435
66467
66495
66499
66533
66561
66564
66589
66598
66605
66834
66847
67346
67460
67624
67803
67896
67915
67933
67957
67971
68019
68034
68048
68049
68052
68056
68073
68074
68075
68076
68143
68161
68189
68275
68329
68423
68508
68562
68585
68658
68667
68677
68727
68747
68770
68836
68839
68938
68954
69156
69173
69198
69207
69404
69409
69465
69499
69505
69598
69663
69733
70124
70131
70173
70177
70188
70197
70206
70210
70225
70235
70259
70260
70287
70307
70314
70322
70335
70343
70350
70379
70383
70428
70436
70466
70480
70486
70500
70511
70542
70711
70733
70750
70801
70876
70890
70961
71337
71370
71912
71966
71993
72158
72294
72363
72568
72954
72978
73002
73027
73034
73036
73042
73091
73126
73182
73249
73531
73592
73593
73620
73650
73661
73665
73670
73692
73728
73776
73783
73810
73880
73890
73901
73903
73912
74014
74027
74040
74044
74055
74058
74064
74102
74111
74196
74197
74615
74616
74643
74647
74787
74795
74878
74892
74909
74910
74943
74952
74978
74979
75013
75016
75021
75024
75025
75038
75052
75083
75084
75093
75098
75139
75172
75186
75190
75228
75235
75258
75279
75306
75326
75358
75393
75414
75445
75463
75476
75489
75501
75530
75541
75569
75576
75686
75718
75750
75752
75792
76866
77173
77209
77221
77362
77363
77513
77637
77655
77943
77951
77963
78140
78290
78324
78374
78439
78515
78523
78906
79030
79048
79122
79123
79127
79178
79183
79188
79228
79229
79252
79551
79573
79604
79609
79645
79653
79682
79687
79705
79719
79784
79798
79825
79827
79834
80208
80316
80512
80514
80539
80572
80649
80659
80674
80713
80714
80743
80792
80801
80811
80832
80837
80861
80873
80931
80936
80937
80971
81009
81035
81071
81092
81118
81149
81183
81226
81229
81267
81349
81476
82111
82140
82162
82292
82306
82368
82390
82542
82547
82550
82606
82610
82681
82740
82762
82789
82802
82916
82978
82999
83009
83030
83038
83239
84045
84047
84054
84087
84091
84099
84101
84106
84108
84146
84154
84283
84291
84293
84441
84753
84885
84943
85056
85128
85139
85152
85237
85253
85262
85263
85288
85299
85301
85354
85380
85382
85473
85477
85478
85501
85504
85510
85511
85514
85522
85536
85743
85759
85778
85781
85783
85815
85829
85832
85864
85945
86561
86627
86662
86664
86679
86717
86721
86723
86736
86742
86747
86748
86751
86814
86833
86848
86856
86865
86888
86898
86902
86912
86967
86989
87040
87051
87087
87096
87112
87139
87153
87164
87202
87210
87246
87304
87372
87378
87395
87475
87523
88282
88341
88342
88360
88404
88408
88432
88461
88530
88556
88614
88644
88687
88735
88738
88783
88830
88854
88974
88984
89153
89161
89258
89397
89442
89445
89517
89519
89525
89533
89538
89568
89584
89592
89608
89613
89616
89677
89682
89689
89724
89750
89807
89816
89822
89860
90161
90194
90313
90331
90756
90771
90773
90860
90879
90955
90964
90974
90992
90994
91019
91032
91096
91280
91284
91311
91318
92464
92474
92481
92492
92510
92535
92538
92550
92559
92567
92569
92570
92576
92585
92596
92615
92620
92624
92629
92632
92633
92637
92653
92655
92687
92691
92694
92697
92723
92725
92747
92750
92760
92770
92773
92774
92776
92780
92787
92790
92805
92807
92840
92848
92850
92857
92862
92872
92883
92885
92886
92952
92970
93002
93050
93067
93078
93088
93092
93123
93133
93177
93497
94552
94683
94732
94820
94951
94971
95064
95088
95111
95126
95177
95357
95450
95723
95728
95739
95743
95842
95858
95904
95964
95965
95971
95976
95996
96001
96014
96039
96204
96205
96241
96259
96300
96392
96394
96424
96434
96470
96496
96497
96667
96676
96708
96731
97953
97960
98056
98095
98127
98151
98177
98180
98188
98196
98223
98274
98363
98400
98408
98453
98504
98526
98531
98567
98590
98641
98661
98680
98726
98745
98754
98796
98818
98863
99234
99503
99568
99794
99911
99912
99964
99965
100021
100026
100047
100113
100118
100203
100245
100260
100277
100334
100344
100361
100367
100370
100382
100385
100386
100442
100531
100577
100594
100666
100860
100899
100941
100944
100969
100972
100981
101024
101047
101049
101071
101085
101113
101118
101127
101128
101173
101197
101271
101300
101317
101355
101388
101440
101452
101459
101518
101524
101542
101548
101587
101592
101619
101905
101906
101923
101948
101973
101995
102081
102086
102095
102098
102099
102104
102116
102118
102119
102162
102197
102200
102220
102221
102256
102258
102285
102317
102332
102340
102388
102400
102403
102406
102440
102448
102450
102455
102484
102560
102568
102587
102595
102601
102605
102615
102629
102677
102678
102696
102717
102726
102729
102755
102757
102826
102848
102887
102907
102911
102914
102930
102932
102945
102947
102954
102959
102961
102975
102992
103045
103092
103096
103126
103230
103256
103284
103405
103695
103898
103930
103986
104121
104323
104496
104647
105300
105325
105330
105397
105464
105778
105832
105940
105944
105987
106218
106300
106336
106396
106398
106407
106529
106579
106825
106865
106895
106904
106937
106993
107020
107044
107057
107093
107095
107107
107158
107179
107216
107217
107243
107300
107358
107394
107436
107470
107477
107593
107662
107794
107840
107860
107939
108017
108040
108080
108108
108180
108328
108369
108389
108448
108525
108582
108592
108604
108609
108627
108635
108651
108656
108665
108692
108710
108711
108713
108761
108795
108797
108826
108832
108840
108854
108865
108890
108931
108944
108945
108948
108952
109003
109030
109034
109037
109040
109051
109054
109062
109115
109159
109161
109165
109251
109253
109282
109344
109388
109458
109471
109484
109488
109504
109515
109531
109611
109642
109839
109879
109947
110037
110160
110375
110761
111890
111943
111951
112025
112032
112147
112243
112267
112275
112294
112350
112356
112388
112419
112470
112618
112639
112641
112644
112646
112654
112657
112658
112662
112700
112734
112744
112802
112861
112879
112987
113004
113019
113031
113057
113066
113105
113110
113116
113153
113247
113360
113399
113452
113508
113522
113527
113553
113658
113670
113856
114040
114098
114203
114276
114341
114406
114411
114415
114448
114452
114456
114476
114826
114839
114845
114916
114927
114942
114970
115144
115186
115265
115322
115409
115414
115424
115447
116404
116445
116609
116648
116688
116759
116786
116829
116856
117088
117109
117110
117182
117388
117538
117612
117626
117662
117712
117745
117775
117839
117886
117888
117955
117967
117969
117983
117995
118009
118010
118038
118039
118134
118146
118150
118166
118198
118244
118245
118247
118485
118545
118578
118579
118582
118607
118620
118629
118633
118642
118648
118667
118687
119117
119145
119149
119155
119157
119160
119167
119170
119172
119173
119188
119207
119219
119221
119230
119244
119246
119266
119277
119278
119288
119291
119294
119305
119353
119356
119426
119530
119536
119549
119591
119710
120010
120066
120135
120206
120241
120302
120359
120429
120439
120481
120502
120506
120515
120518
120556
120629
120646
120731
120735
120751
120757
121020
121073
121080
121131
121146
121147
121163
121164
121165
121181
121185
121189
121246
121268
121404
121960
122011
122053
122062
122068
122076
122090
122136
122148
122161
122175
122213
122263
122275
122289
122291
122314
122326
122327
122338
122342
122352
122370
122389
122411
122416
122422
122451
122474
122484
122526
122534
122541
122542
122580
122595
122600
122605
122624
122645
122665
122727
122748
122764
122829
122936
122976
122983
123114
123127
123145
123182
123210
123225
123500
123505
123542
123591
124169
124220
124288
124370
124383
124386
124416
124423
124448
124459
124475
124478
124495
124528
124567
124579
124612
124704
124715
124772
124778
124856
124886
124889
124904
124907
124916
124917
124966
124994
125056
125074
125083
125109
125121
125138
125205
125272
125292
125299
125309
125314
125331
125384
125416
125493
125517
125617
125620
125705
125723
125793
125827
125834
125840
125863
125871
125918
125936
125947
125970
126020
126046
126057
126124
126153
126167
126213
126310
126365
126399
126402
126413
126510
126536
126549
126583
126588
126687
126807
126964
126965
127037
127581
127596
127733
127759
127763
127843
127845
127851
127889
128021
128023
128077
128227
128330
128396
128489
128523
128541
128638
128644
128658
128664
128736
128866
129212
129240
129290
129371
129414
129549
129621
129783
129807
129814
129819
129829
129832
129838
129855
129930
129999
130026
130079
130081
130105
130122
130433
130468
130470
130485
130488
130573
130585
130621
130629
130645
130670
130675
130804
130816
130817
130829
130831
130888
130889
130893
130899
130900
130960
131036
131040
131058
131078
131085
131102
131119
131189
131633
131701
131794
131807
131851
131888
131934
131936
132007
132050
132120
132157
132191
132218
132239
132251
132252
132258
132265
132270
132281
132290
132308
132311
132325
132348
132362
132365
132366
132382
132385
132405
132417
132421
132446
132475
132509
132614
133100
133105
133124
133149
133169
133189
133198
133202
133207
133245
133273
133302
133331
133387
133414
133464
133470
133500
133547
133849
133881
133903
133996
134011
134318
134321
134322
134333
134376
134418
134645
134659
134662
134666
134687
134688
134689
134691
134698
134699
134711
134724
134731
134740
134745
134755
134886
134922
135200
135556
135568
135649
135652
135664
135665
135676
135679
135680
135681
135696
135704
135727
135732
135746
135752
135916
136093
136124
136273
136284
136303
136330
136403
136415
136432
136434
136463
136466
136478
136479
136485
136625
136629
136721
136752
136812
136929
136936
136942
136946
136949
136955
136962
136967
136973
136977
136979
136995
136997
137001
137005
137036
137040
137045
137061
137073
137090
137254
137387
137436
137513
137584
137591
137595
137709
137719
137813
137817
137833
137836
137877
137895
137898
137900
137904
137952
137958
137978
137990
138014
138015
138016
138056
138061
138075
138085
138100
138107
138110
138180
138497
138838
138987
139055
139107
139149
139197
139239
139264
139543
139714
140008
141521
141705
141706
141721
141760
141782
141785
141804
141817
141828
141872
141898
141913
141920
141929
141938
141939
141967
141969
141970
141975
141991
141993
142042
142047
142063
142068
142070
142075
142081
142082
142104
142112
142117
142124
142134
142143
142163
142166
142172
142174
142175
142181
142183
142189
142193
142197
142202
142203
142230
142241
142247
142295
142313
142322
142343
142352
142396
142404
142428
142435
142442
142444
142445
142446
142465
142488
142523
142556
142593
142596
142616
142638
142674
142696
142698
142699
142794
142946
143003
143241
143282
143291
143682
143869
143918
144026
144028
144136
144153
144162
144206
144255
144628
144838
144930
145032
145033
145043
145146
145165
145206
145207
145211
145249
145295
145308
145309
145466
145532
145563
145570
145577
145584
145585
145586
145594
145604
145609
145633
145648
145714
145727
145728
145787
145796
145801
145804
145807
145809
145810
145816
145820
145822
145826
145827
145837
146034
146042
146043
146062
146328
146352
146374
146986
146987
147017
147018
147046
147081
147100
147102
147115
147116
147136
147144
147146
147153
147166
147184
147277
147302
147322
147352
147479
147521
147530
147540
147722
147723
147729
147744
147753
147774
147964
148007
148040
148043
148047
148076
148173
148211
148273
148274
148288
148289
148498
148525
148529
148534
148546
148569
148591
149210
149212
149224
149347
149355
149412
149413
149444
149724
149739
149813
149822
149843
149846
149848
149850
149879
150054
150163
150208
150225
150234
150437
150458
150468
150470
150720
150727
150737
150744
150750
150751
150760
150772
150805
150815
150834
150842
150888
151004
151544
151669
151684
151698
152000
152027
152030
152149
152151
152174
152187
152392
152557
152646
152731
153017
153020
153027
153032
153036
153150
153352
153355
153381
153394
153410
153412
153429
153439
153455
153466
153508
153541
153543
153586
153595
153598
153617
153626
153633
153646
153670
153699
153702
153710
153714
153751
153802
153806
153843
153856
153895
153907
153927
154378
154403
154419
154420
154449
154463
154478
154494
154499
154713
154719
154720
154727
154728
154733
154747
154777
154784
154819
154849
155012
155033
155067
155097
155384
155433
155434
155683
155689
155693
155696
155703
155724
155739
155784
155967
155972
155974
155981
155991
155993
156001
156010
156018
156021
156052
156058
156076
156080
156087
156088
156103
156128
156144
156165
156179
156225
156259
156262
156288
156308
156313
156331
156342
156362
156396
156449
156797
156898
156940
157119
157133
157136
157151
157154
157163
157166
157169
157171
157175
157181
157217
157281
157300
157305
157372
157481
157506
157509
157664
157686
157712
158001
158003
158004
158005
158008
158015
158018
158029
158030
158053
158190
158197
158226
158266
158273
158275
158276
158304
158313
158344
158350
158391
158422
158450
158639
158669
158671
158678
158703
158711
158719
158842
158843
158857
158863
158866
158878
158886
158896
158902
158909
158926
158930
158934
159068
159175
159274
159481
159485
159486
159597
159617
159662
159775
159778
159879
160039
160075
160104
160110
160125
160127
160134
160154
160215
160287
160391
160419
160507
160576
160577
160797
160801
160805
160818
160819
160822
160835
160937
160957
160992
161155
161168
161270
161298
161302
161319
161475
161544
161558
161591
161669
161670
161674
161681
161903
161978
161980
162005
162052
162191
162197
162198
162204
162206
162674
162689
162760
162763
162764
162767
162797
162800
162816
162827
162850
163146
163226
163230
163255
163755
163757
163765
163771
163774
163775
163784
163786
163787
163791
163794
163806
163844
163880
164308
164313
164317
164324
164330
164337
164353
164383
164426
164474
164532
164589
164607
164612
164705
164819
164821
164827
164831
164839
164868
164898
164909
165318
165353
165361
165417
165424
165429
165452
165469
165474
165487
165489
165495
165511
165533
165542
165545
165546
165567
166075
166085
166144
166206
166242
166270
166293
166957
166966
166975
166977
166988
167014
167018
167024
167035
167036
167038
167042
167048
167050
167052
167053
167055
167057
167060
167086
167087
167088
167090
167094
167097
167107
167116
167117
167132
167137
167145
167164
167172
167176
167186
167218
167240
167301
167786
167804
167880
167886
168077
168104
168118
168269
168281
168481
168484
168485
168492
168494
168495
168503
168505
168506
168515
168524
168528
168537
168539
168559
168561
168600
168905
168914
168958
168973
168991
169007
169010
169013
169021
169033
169084
169099
169540
169593
169633
169681
170180
170226
170227
170230
170239
170242
170244
170260
170273
170280
170295
170297
170303
170308
170318
170323
170326
170338
170339
170344
170345
170347
170352
170356
170373
170399
170441
170471
170505
170567
170574
170684
170694
170976
171169
171221
171288
171326
171345
171373
171430
171445
171473
171483
171538
171539
171548
171552
171554
171555
171556
171575
171578
171588
171592
171596
171698
171773
171792
171817
171832
172145
172148
172480
172488
172501
172515
172528
172531
172532
172559
172565
172595
172878
172977
172985
172990
172995
173070
173088
173139
173141
173149
173170
173254
173256
173264
173295
173311
173312
173313
173314
173326
173336
173341
173350
173511
173563
173612
173645
173648
173654
173655
173666
174119
174127
174132
174133
174137
174199
174612
174673
174690
174706
174719
174735
174777
174797
174855
174877
175200
175217
175249
175264
175382
175384
175385
175389
175399
175401
175403
175412
175413
175415
175430
175472
175683
175697
175723
175750
175789
175819
175834
175844
175872
175890
175892
175898
175901
175903
175904
175911
176127
176148
176162
176640
176648
176666
176668
176672
176675
176680
176687
176694
176698
176765
176890
176907
176994
177139
177293
177303
177357
177370
177407
177423
177472
177725
177745
177986
177987
177994
178038
178190
178217
178236
178340
178347
178349
178401
178415
178418
178425
178590
178595
178604
178609
178847
178853
178879
178913
178928
178931
178945
179602
179618
179647
179665
179691
179695
179703
179710
179746
179754
179790
179812
179837
179844
179870
180368
180384
180414
180417
180420
180433
180437
180458
180476
180519
180572
180832
180858
180926
180927
180941
180961
180962
180972
180985
180993
181008
181028
181029
181030
181049
181070
181100
181292
181307
181340
181348
181744
181746
181763
181822
181830
181859
181923
182015
182018
182021
182045
182291
182303
182312
182320
182321
182324
182335
182349
182352
182353
182363
182371
182372
182377
182381
182389
182395
182404
182462
182495
182499
183016
183036
183051
183054
183060
183079
183083
183091
183092
183103
183118
183129
183133
183145
183180
183192
183271
183347
183350
183356
183387
183413
183580
183583
183607
183649
183679
183691
183706
183711
183728
183767
183768
183784
183809
183837
183851
183861
183871
183940
183956
183977
184000
184007
184059
184315
184374
184395
184413
184447
184450
184471
184482
184498
184499
184511
184551
184606
184611
184991
184992
185013
185047
185111
185495
185712
185718
185725
185844
185845
185855
185977
185984
185985
185988
185991
185996
186003
186004
186006
186007
186014
186018
186019
186021
186038
186043
186047
186049
186052
186059
186068
186075
186119
186452
186456
186529
186547
186714
186782
186794
186806
186832
186854
187064
187074
187075
187078
187110
187126
187155
187218
187232
187267
187292
187520
187556
187610
187629
187688
187956
187959
187967
187970
187987
187989
187992
188047
188102
188238
188291
188370
188407
188410
188430
188432
188592
188600
188632
188634
188677
188958
189039
189093
189102
189103
189113
189128
189129
189133
189381
189411
189412
189518
189520
189708
189716
189720
189721
189729
189731
189737
189741
189747
189750
189751
189752
189754
190185
190196
190204
190280
190313
190515
190517
190518
190525
190556
190930
190936
190939
190964
190976
190979
190980
190981
190983
190984
190993
190996
191004
191011
191012
191066
191624
191627
191666
191672
191752
191987
192002
192008
192022
192052
192065
192093
192163
192273
192274
192311
192385
192439
192444
192447
192461
192622
192625
193126
193187
193188
193189
193191
193210
193214
193218
193225
193244
193250
193256
193274
193275
193284
193285
193297
193322
193334
193336
193342
193348
193361
193388
193424
194043
194164
194243
194400
194402
194452
194464
194484
194540
194561
194584
194600
194652
194659
194670
194685
194732
194749
194781
194799
194816
194842
194851
194866
194903
194907
194913
194939
194951
194958
194960
194965
195004
195019
195025
195033
195046
195050
195055
195067
195072
195090
195092
195105
195107
195109
195115
195125
195185
195223
195271
195302
196224
196267
196309
196323
196371
196444
196459
196479
196486
197660
197664
197674
197675
197689
197690
197696
197702
197714
197719
197720
197729
197733
197734
197735
197756
197760
197765
197773
197785
197788
197793
197796
197802
197805
197813
197819
197820
197821
197825
197863
197873
197875
197876
197880
197881
197882
197885
197888
197891
197893
197908
197911
197922
197924
197932
197934
197936
197944
197976
197978
197983
197993
198043
198054
198074
198080
198085
198089
198091
198101
198118
198119
198128
198156
198197
198212
198232
198272
198274
198287
198325
198839
199107
199134
199171
199183
199232
199237
199243
199345
199346
199469
199516
199547
199650
199836
199845
199879
199884
199909
199934
199957
200049
200145
200177
200178
200179
200362
200369
200387
200394
200395
200399
200407
200410
200411
200412
200420
200428
200429
200431
200435
200439
200440
200443
200463
200817
200898
201021
201087
201124
201129
201481
201492
201969
201982
202007
202010
202016
202018
202028
202038
202045
202056
202068
202081
202082
202105
202109
202127
202128
202132
202141
202148
202151
202160
202175
202205
202232
202516
202689
202699
202707
202718
202735
202736
202741
202744
202849
202880
202922
203091
203095
203105
203107
203108
203116
203120
203121
203126
203130
203136
203137
203139
203143
203146
203149
203163
203165
203172
203176
203636
203643
203664
203896
203898
203915
203923
203930
204298
204348
204356
204363
204419
204425
204438
204456
204647
204678
204682
204694
204696
204712
204724
204818
204819
204828
204841
204942
204994
205279
205298
205313
205318
205323
205324
205327
205328
205330
205346
205347
205356
205359
205371
205373
205824
205867
205870
205877
205912
205928
205943
205970
206068
206314
206325
206352
206353
206355
206390
206409
206417
206451
206470
207132
207412
207422
207426
207440
207458
207460
207474
207549
207654
207658
207664
207665
207667
207668
207669
207675
207686
207713
207734
207880
207891
207908
207940
207941
207946
207954
208081
208260
208267
208272
208663
208716
208723
208730
209037
209040
209048
209056
209068
209088
209113
209163
209602
209630
209644
209664
209755
209972
210033
210040
210055
210195
210196
210199
210203
210231
210248
210250
210264
210406
210453
210471
210473
210477
210503
210552
210558
210585
210740
210752
210772
210776
210778
210781
211190
211199
211203
211215
211216
211220
211224
211225
211230
211237
211255
211296
211513
211515
211551
211568
211571
211574
211595
211628
211963
212017
212030
212035
212048
212060
212067
212129
212132
212358
212400
212412
212426
212441
212461
212470
212701
212703
212941
213074
213075
213076
213079
213085
213089
213098
213105
213110
213241
213254
213570
213573
213574
213582
213586
213589
213601
213611
213624
213625
213626
213630
213664
213682
213856
213861
213865
213878
214187
214234
214238
214245
214344
214389
214398
214408
214537
214541
214548
214576
214581
214626
214657
214711
214876
215042
215065
215072
215093
215106
215116
215135
215244
215335
215368
215448
215455
215468
215470
215477
215497
215649
215697
215809
215847
215872
216033
216036
216053
216072
216129
216164
216330
216591
216597
216598
216605
216610
216724
216728
216808
216862
216931
216932
216968
217019
217020
217131
217221
217226
217227
217403
217524
217530
217562
217586
217659
217822
217831
217834
217841
217843
217888
218223
218231
218232
218234
218243
218244
218245
218252
218254
218258
218264
218585
218587
218588
218603
218604
218606
218616
218876
218878
218881
218932
218940
218944
218947
218968
218971
218975
219029
219097
219137
219142
219514
219516
219520
219521
219537
219620
220212
220243
220245
220246
220264
220268
220275
220279
220282
220284
220449
220458
220481
220493
220538
220547
220954
220959
220962
220963
220968
220971
220973
220974
220979
220981
220984
220988
220996
220998
221000
221010
221011
221019
221022
221028
221033
221036
221049
221056
221078
221109
221116
221540
221626
221639
221641
221652
221687
221714
221806
221810
221841
221856
221862
221947
222431
222435
222436
222438
222439
222446
222449
222451
222456
222462
222467
222468
222477
222489
222531
222976
223157
223165
223176
223210
223221
223226
223227
223229
223523
223544
223591
223611
224030
224036
224080
224087
224090
224098
224099
224103
224105
224110
224113
224116
224117
224120
224122
224127
224132
224133
224141
224152
224153
224154
224157
224158
224161
224169
224171
224176
224178
224186
224189
224197
224200
224204
224205
224207
224212
224213
224217
224221
224222
224231
224270
224271
224363
224820
224867
224941
224945
225036
225321
225361
225455
225473
225484
225666
225667
225670
225674
225676
225683
225688
225689
225692
225697
225701
225707
225714
225719
225720
225722
225725
225727
225729
225734
225735
225738
225741
225742
225746
225748
225752
225756
225757
225759
225779
225781
225782
225788
225804
226274
226304
226306
226311
226651
226665
227084
227103
227120
227163
227164
227179
227185
227186
227187
227206
227214
227235
227249
227269
227271
227280
227281
227288
227316
227368
227790
227818
228176
228309
228423
228431
228434
228441
228442
228443
228464
228466
228471
228473
228474
228476
228481
228487
228488
228490
228491
228503
228504
228508
228509
228521
228526
228531
228538
228543
228562
228794
228850
228856
229068
229336
229346
229356
229357
229379
229405
229406
229408
229418
229419
229434
229710
229724
229852
229908
229910
229917
229930
229933
230123
230167
230181
230186
230188
230189
230191
230196
230197
230198
230204
230210
230225
230239
230249
230263
230275
230279
230283
230304
230412
230604
230828
230846
231169
231195
231224
231227
231232
231255
231601
231677
231687
231839
231846
232024
232047
232049
232052
232058
232061
232066
232071
232087
232092
232097
232104
232106
232109
232110
232118
232128
232472
232477
232760
232847
232851
232864
233174
233230
233240
233276
233293
233333
233403
233553
233555
233647
233650
233654
233655
233697
233701
233897
234014
234181
234200
234212
234215
234220
234221
234241
234244
234279
234472
234550
234552
234563
234574
234578
234580
234581
234582
234590
234595
234601
234605
234627
234630
234664
235105
235107
235634
235649
235664
235775
236208
236212
236258
236269
236292
236298
236341
236347
236353
236414
236425
236434
236705
236771
236774
236783
236801
236815
236846
236987
236988
236998
237019
237214
237317
237355
237357
237432
237501
237534
237537
237544
237545
237549
237767
237788
237789
237794
237813
238107
238122
238132
238137
238156
238176
238445
238549
238859
238934
238962
239008
239022
239032
239037
239038
239042
239043
239048
239050
239080
239289
239292
239297
239323
239325
239328
239335
239556
239678
239816
239841
239899
239929
240056
240083
240110
240331
240338
240347
240348
240351
240358
240368
240851
240864
240884
240893
240895
240903
240905
240912
240913
240944
241120
241134
241145
241168
241193
241198
241220
241252
241289
241300
241629
241631
241659
241929
241931
241932
241953
241959
241966
241970
242205
242219
242224
242324
242772
242893
242912
242915
243135
243305
243331
243545
243680
243832
243860
243874
243888
244068
244172
244199
244225
244276
244293
244341
244380
244384
244632
244667
244675
244676
244690
244698
244706
244711
244729
244753
244782
244832
244849
244924
245094
245199
245698
245704
245740
245754
245768
245771
245798
245840
245858
245874
246140
246143
246163
246216
246224
246781
246789
246864
246867
246905
246966
246970
246972
246973
246974
246978
247000
247004
247011
247013
247023
247046
247287
247376
247451
247452
247473
247478
247486
247506
247698
247833
247852
247885
247927
247933
247936
247953
248174
248212
248678
248701
248993
249026
249107
249147
249242
249378
249401
249450
249560
249579
249643
249653
249665
249669
249674
249821
250114
250116
250121
250127
250133
250135
250170
250405
250407
250425
250442
250452
250456
250467
250598
250994
250996
250998
250999
251000
251004
251005
251007
251010
251014
251016
251017
251018
251020
251021
251023
251026
251342
251443
251444
251474
251570
251653
251682
251688
251730
251745
251908
251942
251982
252211
252887
252914
252920
252921
252941
252945
252962
252963
252968
252975
252976
252979
252981
252983
253002
253003
253004
253010
253022
253035
253036
253039
253045
253050
253051
253079
253084
253088
253090
253115
253116
253148
253194
253226
253839
253849
253860
253870
253871
253878
253881
253904
253908
253909
253931
253946
254509
254512
254513
254533
254536
254615
254625
254645
255565
255597
255607
255609
255612
255620
255648
255653
255666
255667
255685
255686
255689
255690
255700
255702
255707
255715
255716
255717
255720
255727
255729
255737
255738
255747
255748
255750
255760
255817
255894
255912
255940
256099
256117
256590
256591
256718
256805
256918
257065
257226
257244
257256
257285
257365
257426
257498
257502
257547
257551
257555
257558
257565
257630
257635
257677
257684
257707
257711
257773
257774
257781
257806
257814
257823
258003
258016
258017
258038
258726
258767
258788
258809
258822
258830
258840
258841
258851
258855
258860
258864
258876
258879
258885
258889
258892
258905
258916
258917
258918
258927
258929
258943
258948
258950
258954
258972
258981
258986
258989
258991
258992
258993
259003
259015
259024
259027
259033
259038
259039
259040
259079
259080
259081
259083
259115
259165
259193
259499
259519
259548
259559
259580
259622
259692
259721
259810
259967
259991
260563
260587
260649
260656
260662
260671
260708
260710
260847
261951
261958
262012
262018
262040
262063
262077
262078
262119
262147
262149
262169
262174
262241
262259
262309
262310
262321
262387
262402
262423
262435
262483
262496
262547
262569
262580
262594
262606
262748
263185
263198
263336
263501
263518
263535
263733
263926
264000
264011
264172
264205
264222
264267
264286
264292
264365
264403
264596
264893
264899
264911
264912
264918
264928
264929
264939
264954
264955
265259
265530
265542
265545
265596
265635
266124
266137
266186
266228
266249
266251
266254
266289
266293
266344
266349
266497
266516
266537
266549
266583
266687
266692
266705
266720
266756
266872
266970
266999
267026
267178
267240
267271
267272
267280
267293
267298
267303
267304
267324
267332
267713
267987
267995
268001
268003
268006
268024
268258
268262
268267
268284
268313
268346
268350
268365
268409
268460
268897
268905
268920
269161
269269
269387
269394
269459
269702
270064
270086
270103
270112
270130
270148
270159
270164
270169
270204
270223
270228
270230
270252
270256
270261
270264
270271
270275
270298
270311
270841
270849
270860
270980
270987
271009
271020
271026
271038
271574
271578
271587
271595
271596
271599
271600
271605
271612
271623
271648
271651
272139
272170
272180
272193
272198
272203
272220
272222
272263
272274
272319
272362
272385
272386
272491
272529
272624
272626
272638
272676
273272
273357
273427
273483
273490
273494
273512
273517
273586
273590
273619
273639
273653
273654
273691
273735
273757
273764
273776
273786
273804
274080
274084
274212
274258
274262
274268
274270
274306
274323
274818
274821
274828
274880
274916
274931
274956
275224
275255
275328
275329
275419
275452
275465
275483
275492
275521
275657
275806
275836
275877
275894
275897
275911
275955
276001
276015
276231
276371
276401
276404
276407
276663
276713
276792
276793
276796
276798
276802
276808
276820
276831
276837
276847
276857
276875
277168
277178
277219
277224
277234
277250
277275
277283
277290
277357
277358
277404
277418
277520
277525
277585
278151
278160
278201
278211
278227
278241
278252
278307
278326
278505
278601
278702
278703
278712
278722
278723
278882
279123
279146
279173
279177
279490
279535
279812
279822
279989
280002
280030
280124
280210
280257
280281
280297
280430
280499
280502
280509
280511
280524
280525
280533
280534
280535
280537
280541
280542
280555
280556
280559
280561
280562
280564
280911
280913
280922
280933
281101
281176
281181
281233
281397
281434
281586
281644
281661
281692
281698
281725
281803
281810
281979
282087
282101
282104
282106
282108
282110
282322
282357
282519
282526
282535
282548
282664
282718
282844
282904
282927
282961
283062
283225
283263
283271
283285
283391
283406
283411
283415
283420
283430
283431
283436
283446
283447
283750
283763
283768
283769
283988
283998
284000
284008
284009
284014
284025
284027
284031
284165
284198
284212
284242
284492
284511
284761
284794
284797
284808
284889
284894
285066
285108
285122
285134
285217
285231
285250
285258
285288
285342
285371
285380
285400
285401
285415
285427
285435
285441
285659
285670
285686
285701
285709
285715
285740
285759
285767
285769
285801
285858
285867
285927
286076
286158
286217
286218
286229
286236
286299
286367
286389
286653
286702
286793
286884
286942
286948
286955
286966
286996
287060
287103
287110
287145
287173
287199
287206
287219
287221
287225
287227
287229
287325
287354
287404
287410
287436
287494
287514
287696
287699
287719
287757
287762
287767
287785
287827
287849
287853
287983
287996
288114
288134
288192
288224
288244
288260
288327
288399
288730
288761
288784
288794
288878
288904
288972
289024
289161
289167
289251
289263
289291
289295
289310
289343
289369
289376
289478
289509
289551
289598
289657
289837
289895
290150
290193
290216
290224
290411
290438
290622
290791
291006
291022
291107
291307
291333
291342
291441
291454
291468
291504
291512
291541
291580
291637
291671
291683
291729
291767
291789
291806
291813
291858
291881
291885
291892
291899
291932
291949
291950
291952
291990
292002
292052
292105
292108
292110
292137
292194
292229
292246
292309
292363
292379
292392
292419
292427
292429
292444
292515
292629
292633
292784
292821
292901
292915
292930
292967
293033
293043
293130
293200
293638
293639
293650
293717
293738
293739
293753
293767
293770
293793
293822
293879
293976
294164
294404
294442
294490
294650
294812
294816
295064
295135
295157
295215
295327
295492
295508
295533
295543
295758
295879
295895
295985
296133
296145
296156
296170
296243
296338
296380
296469
296472
296497
296521
296542
296544
296548
296678
296697
296716
296898
297000
297044
297100
297127
297135
297137
297275
297453
297473
297499
297521
298372
298380
299008
299015
299019
299021
299039
299049
299074
299503
299536
299539
299553
299556
299559
300283
300288
300291
300295
300296
300300
300301
300303
300306
300310
300314
300318
300324
300327
300335
300339
300341
300358
300361
300366
300368
300373
300378
300381
300382
300383
300417
300435
301161
301185
301190
301252
301255
301270
301275
301335
301599
301608
301644
301657
301759
301806
301810
301878
301883
302065
302068
302089
302359
302376
302400
302886
302887
302894
302895
302896
302897
302900
302907
302911
302914
302921
302926
302928
302931
302946
302952
302955
303396
303407
303431
303462
303480
304028
304033
304042
304062
304071
304085
304098
304099
304790
304818
304819
304827
304829
304830
304841
304844
304852
304854
304855
304861
304863
304866
304867
304871
304874
304880
304895
304901
304927
304946
304951
304992
305045
305144
305815
305939
306046
306107
306115
306172
306191
306193
306214
306237
306252
306284
306293
306313
306320
306328
306332
306335
306340
306423
306432
306446
306466
306481
306496
306498
306502
306520
306526
306867
307047
307229
307242
307337
307345
307429
307550
307602
307604
307614
307625
307626
307628
307641
307646
307678
307711
307718
307769
307955
308058
308172
308221
308235
308400
308712
308723
308724
308731
308741
308744
308753
308795
309219
309231
309257
309262
309277
309299
309327
309349
309357
309361
309365
309371
309393
309399
309434
309465
310021
310038
310098
310174
310193
310311
310316
310339
310376
310383
310386
310407
310411
310414
310417
310418
310430
310481
310543
310887
310912
310917
310929
310932
310935
310938
310944
310945
310946
310948
310949
310951
310954
310959
310967
310970
310972
310976
310980
311267
311272
311282
311575
311604
311632
312038
312056
312095
312108
312113
312116
312119
312121
312122
312124
312133
312167
312191
312245
312677
312935
312982
312990
312991
312992
312993
312997
313009
313015
313016
313019
313153
313167
313387
313420
313449
313453
313488
313635
313697
313704
313706
313729
313730
313734
313738
313759
313762
313763
313765
313786
313790
314142
314171
314182
314189
314194
314655
314676
314689
314757
315379
315387
315391
315443
315450
315490
316032
316211
316287
316288
316423
316588
316620
316662
316710
316766
316775
316780
316782
316791
316793
316794
316805
316853
316865
316886
316891
316984
317021
317037
317064
317067
317183
317358
317459
317506
317564
317575
317787
317788
317861
317892
317914
317930
317950
317966
317969
317973
317993
318156
318166
318184
318285
318386
318466
318546
318581
318586
318646
318649
318651
318655
318784
318924
318994
319176
319287
319326
319331
319456
319483
319790
319794
319868
319939
320188
320230
320328
320413
320465
320471
320520
320554
320569
320577
320589
320591
320630
320636
320641
320691
320820
321045
321061
321151
321162
321181
321232
321246
321357
321364
321367
321386
321434
321726
321811
321813
321834
321874
322209
322380
322391
322417
322420
322549
322596
322637
322689
322992
323032
323037
323061
323064
323076
323093
323362
323383
323398
323401
323721
323724
323731
323736
323737
323739
323751
323760
323774
323800
323842
324338
324417
324540
324560
324571
324989
324996
325007
325026
325036
325043
325054
325058
325081
325085
325108
325121
325131
325155
325425
325431
325465
325466
325468
325531
325587
325786
325794
325834
326093
326185
326254
326296
326574
326575
326611
326641
326642
326647
326684
326926
326944
327166
327179
327187
327190
327198
327199
327202
327208
327212
327214
327219
327222
327223
327226
327227
327233
327721
327846
328177
328183
328185
328210
328215
328217
328266
328487
328495
328509
328518
328560
328571
328619
328664
328665
328677
328910
329039
329263
329285
329356
329473
329525
329567
329744
329753
329922
329948
329952
329959
329962
329969
330044
330290
330324
330341
330342
330345
330356
330654
330689
330690
330847
330850
330870
330871
330874
330921
330938
330952
330972
331340
331382
331478
331569
331582
331595
331612
331733
331742
331888
331891
332030
332051
332077
332093
332213
332324
332331
332337
332503
332517
332523
332671
332680
332719
333018
333023
333028
333030
333038
333042
333043
333047
333061
333064
333068
333071
333080
333133
333278
333279
333337
333342
333347
333352
333353
333356
333357
333361
333363
333547
333758
333782
333964
333972
334117
334144
334146
334153
334159
334161
334162
334183
334198
334212
334213
334217
334223
334224
334225
334232
334251
334253
334269
334270
334271
334275
334279
334282
334287
334296
334321
334322
334330
334333
334334
334341
334343
334344
334350
334355
334356
334373
334716
335006
335015
335374
335417
335441
335462
335467
335474
335475
335485
335497
335501
335505
335531
336090
336111
336121
336122
336124
336128
336137
336139
336155
336162
336653
336677
336787
336815
336841
337063
337243
337261
337549
337603
337634
337709
337745
337768
337771
337802
337829
337830
337840
337857
337873
337892
337895
337907
337918
337924
337926
337935
337940
337948
337949
337961
337969
338002
338439
338486
338998
339043
339048
339052
339055
339056
339057
339058
339059
339060
339063
339068
339071
339076
339078
339086
339098
339113
339121
339135
339161
339217
340044
340123
340147
340158
340161
340167
340169
340186
340190
340192
340199
340212
340243
340269
340279
340908
340921
341930
341936
341941
341945
341950
341956
341957
341958
341960
341961
341966
341969
341970
341975
341981
341988
341990
341997
342002
342004
342015
342032
342049
342050
342054
342057
342058
342064
342067
342068
342075
342082
342097
342098
342161
342164
342166
342202
342203
342239
342286
342309
342320
342324
342404
342724
342902
343336
343350
343379
343698
343713
343719
343720
343722
343757
343759
343762
343845
343864
343880
343925
343943
344034
344090
344155
344216
344220
344231
344344
344414
344416
344432
344594
344601
344875
344878
344880
344881
344884
344886
344889
344890
344892
344894
344906
344912
344932
344937
344941
345318
345357
345361
345381
345382
345404
345405
345406
345426
345436
345439
345455
345740
345779
345821
345824
345830
346313
346321
346333
346349
346363
346364
346365
346369
346372
346376
346379
346382
346389
346394
346407
346429
346430
346432
346455
346474
347025
347239
347342
347343
347345
347354
347357
347359
347370
347381
347387
347394
347406
347408
347493
347550
347551
347554
347557
347559
347651
347689
347768
347775
347990
348181
348199
348206
348210
348211
348212
348213
348221
348227
348230
348235
348244
348246
348252
348253
348262
348272
348275
348428
348439
348656
348666
348692
348702
348709
349111
349122
349134
349157
349197
349549
349554
349555
349566
349570
349573
349574
349579
349610
349627
349628
349635
349662
349768
349954
349957
350075
350209
350355
350540
350543
350550
350553
350555
350564
350567
350795
350829
350833
350844
350849
350854
351066
351236
351245
351250
351258
351271
351279
351280
351283
351305
351308
351313
351314
351320
351329
351330
351683
351792
351796
352127
352145
352147
352149
352660
352749
352779
352808
352821
352835
352850
352853
352883
352924
353097
353232
353284
353286
353289
353297
353375
353385
353392
353396
353397
353417
353485
353491
353523
353629
353790
353792
353795
353811
353950
353990
353998
353999
354002
354005
354409
354424
354514
354554
354563
354574
354576
354577
354579
354581
354589
354596
354966
355288
355351
355410
355883
355913
355918
355920
355922
355924
355935
355941
355942
355958
355963
355976
355978
355981
356022
356024
356531
356731
357013
357054
357055
357238
357339
357373
357381
357383
357395
357593
357596
357597
357601
358071
358099
358121
358482
358485
358486
358563
358583
358615
359079
359088
359090
359096
359129
359144
359158
359178
359236
359644
359671
359673
359755
360011
360062
360176
360220
360224
360226
360286
360529
360543
360573
360751
360771
360773
360777
360787
361173
361176
361177
361181
361577
361579
361610
361612
361625
361663
361700
361715
362092
362123
362131
362137
362144
362154
362155
362171
362360
362423
362424
362425
362437
362611
362630
363015
363037
363055
363309
363314
363322
363331
363333
363334
363337
363340
363345
363353
363362
363364
363372
363381
363450
363751
363757
363759
363772
363784
364183
364188
364190
364191
364193
364195
364203
364206
364227
364231
364280
364340
364366
364643
364649
364651
364654
364656
364769
364779
365095
365139
365162
365498
365502
365544
365575
365861
365985
366274
366323
366348
366530
366539
366540
366541
366542
366543
366554
366556
366566
366571
366572
366573
366578
366594
366596
366598
366829
367111
367117
367119
367120
367121
367129
367132
367133
367136
367137
367145
367149
367158
367159
367483
367501
367505
367510
367571
367923
368104
368320
368387
368393
368394
368399
368403
368417
368420
368423
368424
368431
368437
368660
368667
368903
368906
368918
368922
368926
368927
368928
368929
368936
368950
368951
368959
369049
369510
369593
369687
369712
369815
369939
369985
370373
370418
370421
370427
370440
370444
370449
370451
370457
370686
370913
370915
370927
371503
371517
371569
371570
371593
371596
371607
371612
371615
371617
371620
371629
371645
371652
372373
372374
372380
372384
372390
372541
372920
373136
373164
373233
373255
373418
373458
373515
373533
373752
373800
373822
373823
373824
373831
373836
373839
373926
374033
374268
374278
374282
374295
374299
374332
374866
374918
374924
374926
374950
374951
374954
374956
374974
375258
375693
375696
375702
375706
375707
375712
375714
375715
375719
375721
375724
375728
375754
375757
375761
375772
375777
375784
375807
376120
376132
376200
376551
376574
376579
376591
376612
376630
376646
376693
376702
376728
376870
377102
377125
377268
377314
377577
377578
377580
377583
377584
377590
377591
377592
377595
377598
377602
377609
377617
378161
378213
378227
378260
378414
378615
378631
378661
379152
379153
379157
379158
379167
379172
379176
379177
379178
379181
379200
379205
379215
379217
379221
379224
379226
379231
379232
379235
379236
379237
379242
379250
379265
379267
379332
379617
379621
379625
379885
380012
380030
380031
380037
380042
380100
380106
380159
380216
380218
380224
380226
380229
380231
380242
380244
380250
380251
380528
380708
380722
380725
380732
380734
380737
380738
380743
380744
380745
380746
380747
380751
380752
380753
380754
380756
380760
380762
380766
380771
380777
381088
381108
381389
381398
381421
381727
381730
381734
381760
381765
381766
381768
381770
381778
381816
381833
381870
382314
382336
382361
382369
382386
382398
382401
382425
382499
382500
382506
382507
382512
382515
382516
382517
382518
382519
382520
382521
382522
382524
382527
382528
382530
382531
382532
382536
382543
382544
382548
382556
382752
382919
383034
383050
383054
383067
383071
383077
383082
383083
383085
383086
383105
383108
383111
383112
383118
383119
383121
383128
383133
383139
383154
383161
383164
383168
383170
383189
383511
383520
383525
383540
383567
383586
383830
383852
384061
384299
384300
384307
384324
384334
384359
384382
384384
384390
384391
384787
384835
385044
385147
385153
385255
385275
385280
385281
385296
385299
385307
385316
385662
385667
385670
385674
385676
385688
385693
385702
385712
385717
385720
385725
385730
385735
385743
385747
385767
386049
386292
386667
386680
386726
386882
386899
386980
386996
386999
387004
387005
387020
387401
387408
387573
387579
387590
387595
387597
387747
387829
387847
387892
387986
388045
388046
388138
388162
388163
388182
388186
388531
388550
388863
389075
389357
389385
389434
389586
389650
389654
389660
389667
389669
389702
389828
389855
389873
390200
390509
390524
390529
390557
390606
390620
390850
391144
391150
391165
391178
391459
391495
391525
391793
391851
391857
391958
391999
392184
392295
392304
392306
392324
392494
392500
392503
392504
392515
392516
392521
392533
392555
392567
392582
392592
392736
393023
393072
393132
393330
393399
393400
393403
393663
394074
394079
394095
394435
394442
394443
394449
394451
394818
394849
394866
394918
394971
394993
395127
395161
395177
395190
395305
395308
395313
395316
395322
395324
395325
395333
395335
395340
395348
395358
395367
395375
395383
395435
395460
395464
395746
395775
395831
395943
395999
396200
396252
396329
396396
396503
396510
396513
396549
396648
396733
396861
396900
397194
397202
397482
397498
397502
397519
397530
397538
397544
397845
397873
397886
397911
397963
397976
398131
398155
398164
398191
398257
398336
398339
398351
398359
398378
398387
398450
398484
398528
398544
398563
398617
398939
398940
398953
399136
399150
399244
399328
399334
399358
399557
399558
399568
399574
399583
399584
399585
399586
399591
399593
399594
399595
399607
399709
399732
399752
400009
400010
400011
400015
400258
400259
400260
400265
400269
400270
400273
400279
400281
400285
400295
400300
400310
400319
400323
400331
400339
400362
400364
400373
400399
400571
400583
400764
400782
400814
400855
401056
401078
401081
401124
401131
401218
401498
401573
401716
401819
401841
401842
401844
401942
401944
401948
402016
402017
402022
402030
402033
402041
402043
402046
402063
402072
402077
402078
402079
402082
402083
402090
402092
402093
402098
402099
402105
402107
402542
402553
402555
402562
402879
402899
402907
402933
402962
402969
402982
403005
403023
403029
403043
403048
403057
403281
403340
403561
403591
403592
403595
403834
403856
403869
403888
403917
403922
403932
403933
403977
404047
404267
404308
404600
404638
404666
404697
404900
404905
404922
404968
405256
405322
405343
405369
405503
405520
405523
405531
405922
405923
405926
406352
406409
406469
406488
406532
406551
406557
406569
406576
406589
406605
406608
406842
406947
407289
407306
407329
407330
407368
407744
407789
407877
407898
407902
408115
408172
408235
408358
408423
408479
408778
408779
408781
408782
408785
408958
408973
409153
409171
409186
409206
409233
409826
409833
409838
410364
410376
410388
410419
410424
410435
410444
410452
410477
410730
410786
411190
411195
411196
411208
411233
411236
411237
411238
411239
411243
411245
411246
411266
411300
411301
411317
411612
411685
411858
412041
412072
412107
412140
412147
412169
412181
412511
412517
412524
412610
412627
412637
412638
412650
412652
412664
412699
412711
412715
412735
412748
412776
412862
412870
412967
412981
413000
413007
413171
413175
413178
413285
413310
413354
413355
413356
413455
413459
413815
413818
413819
413822
413828
413830
413832
413845
414160
414175
414189
414195
414198
414426
414427
414783
414787
414792
414794
415084
415280
415325
415498
415524
415545
415613
415662
415728
415738
415742
415798
415800
416074
416100
416107
416113
416115
416124
416125
416130
416143
416153
416159
416160
416161
416164
416174
416177
416540
416554
416565
416579
417455
417457
417459
417466
417472
417473
417474
417476
417480
417481
417483
417489
417490
417494
417497
417499
417502
417504
417506
417509
417523
417533
417538
417542
417567
417576
417587
417588
417594
417616
417653
418147
418289
419540
419575
419592
419599
419605
419610
419631
419634
419651
419656
419659
419673
419674
419686
419689
419693
419726
419729
419744
419755
419759
419762
419771
419774
419787
419794
420365
420399
420642
420656
420807
420889
420943
421112
421244
421463
421500
421520
421529
421581
421589
421629
421668
421671
421672
421721
421866
421882
421953
421963
421986
422009
422011
422054
422074
422079
422137
422161
422163
422171
422176
422186
422193
422225
422230
422277
422281
422314
422360
422383
422386
422409
422463
422471
422490
422522
422535
422539
422553
422560
422660
422687
422878
422881
422888
422898
422899
422901
422919
422924
422951
422952
423150
423152
423177
423396
423453
423461
423503
423848
423881
423900
423915
423919
423947
423948
423961
423967
423971
423977
423978
423982
423983
423986
423989
423993
423994
423996
424001
424002
424008
424011
424015
424031
424049
424056
424096
424407
424508
424509
424547
424595
424600
424604
424614
424637
425042
425533
425608
425612
425654
425698
425918
426130
426175
426209
426235
426300
426365
426423
426428
426430
426498
426633
426652
426995
427008
427037
427126
427145
427182
427208
427273
427398
427441
427444
427550
427886
428130
428183
428188
428206
428210
428219
428222
428240
428252
428253
428258
428624
428679
428690
429155
429433
429488
429492
429533
429538
429559
429564
429802
429860
430018
430025
430027
430064
430080
430112
430124
430437
430438
430472
430475
430476
430484
430487
430493
430502
430572
430576
430742
430870
430883
430917
430921
430942
430946
430959
430991
431178
431242
431270
431319
431329
431338
431344
431360
431734
432244
432351
432626
432667
432681
432687
432713
432745
432765
432812
432977
432987
433010
433314
433318
433335
433338
433358
433385
433601
433610
433683
433826
433930
433990
433991
434024
434043
434044
434063
434066
434306
434340
434345
434347
434348
434354
434478
434636
435013
435066
435072
435118
435125
435128
435136
435545
435556
435561
435564
435566
435571
435578
435581
435588
435609
435612
435629
435685
436092
436155
436177
436455
436461
436479
436502
436504
436552
436572
436578
436619
436792
436801
436807
436808
436818
436836
436838
436861
436871
436908
436920
436922
436934
436972
436973
437057
437131
437132
437330
437780
437837
437864
438051
438052
438060
438062
438064
438065
438073
438085
438090
438091
438093
438459
438474
438487
438491
438492
438699
438702
438707
438742
438755
438762
438781
439033
439069
439204
439261
439264
439269
439273
439586
439643
439670
439828
1995 SZ8
1995 SW26
1995 SA43
1995 SL51
1995 WA15
1995 WP21
1998 QD60
1998 WL36
1999 RP4
1999 UU55
1999 VX18
1999 VA40
1999 VZ72
1999 WH23
2000 AM211
2000 EH23
2000 SR8
2000 SZ207
2000 SZ207
2000 SR229
2000 SF247
2000 SO322
2000 SZ338
2000 WY136
2000 WG170
2001 FF198
2001 FT199
2001 PG54
2001 QL72
2001 QR92
2001 QB146
2001 QH208
2001 QW317
2001 RB55
2001 RJ130
2001 RW155
2001 SZ86
2001 SE102
2001 SK172
2001 SX182
2001 SD185
2001 SC189
2001 SM193
2001 SX193
2001 SH217
2001 SK255
2001 SO306
2001 SC331
2001 SK351
2001 SX354
2001 TY23
2001 TW69
2001 TK157
2001 TW158
2001 TY207
2001 TN225
2001 TJ262
2001 UK31
2001 UV55
2001 US56
2001 UN76
2001 UO90
2001 UG91
2001 UM106
2001 UV137
2001 UM141
2001 UO195
2001 UE210
2001 VG79
2001 WD26
2001 WG51
2001 WE62
2001 WG64
2001 WL65
2001 WR101
2001 XD32
2001 XN122
2002 AM129
2002 CR67
2002 CE258
2002 CG268
2002 CQ295
2002 EO65
2002 FW4
2002 FZ15
2002 FM21
2002 FB27
2002 GM74
2002 GR186
2002 NV71
2002 OM30
2002 OH33
2002 OS34
2002 OB35
2002 PX51
2002 PL155
2002 PC179
2002 PT197
2002 PF198
2002 QO32
2002 QQ51
2002 QM58
2002 QD70
2002 QJ70
2002 QE73
2002 QU75
2002 QW82
2002 QD86
2002 QD99
2002 QX99
2002 QH100
2002 QH114
2002 QH127
2002 QQ138
2002 QO143
2002 QU148
2002 RO53
2002 RJ146
2002 RM148
2002 RD156
2002 RR157
2002 RS212
2002 RF241
2002 RM242
2002 RS247
2002 RV251
2002 SM10
2002 SZ72
2002 TF87
2002 TU87
2002 TB99
2002 TO366
2002 TU106
2002 TR107
2002 TA374
2002 TY384
2002 TD193
2002 TQ224
2002 TF243
2002 TT299
2002 TV328
2002 TB338
2002 TB342
2002 UH64
2002 VK41
2002 VR98
2002 VT145
2002 WA7
2002 WG7
2002 WH20
2002 WX23
2002 WA29
2002 WP30
2002 WW31
2002 XG19
2002 XZ53
2002 XS118
2003 DJ5
2003 GS56
2003 HC14
2003 HQ24
2003 PQ
2003 QC68
2003 QN96
2003 RG21
2003 SK48
2003 SN72
2003 SO366
2003 SO377
2003 SR388
2003 SD423
2003 SN167
2003 SJ429
2003 SX170
2003 ST431
2003 SE433
2003 SE203
2003 SG205
2003 SE214
2003 SG231
2003 SD240
2003 SR290
2003 SW290
2003 SB327
2003 SJ328
2003 SD334
2003 SE334
2003 SF335
2003 SU335
2003 SG338
2003 TH1
2003 TP7
2003 UA4
2003 UC12
2003 UH57
2003 UU70
2003 UD77
2003 UV366
2003 UT108
2003 UG374
2003 UD377
2003 UH379
2003 UY119
2003 UK380
2003 UM149
2003 UN169
2003 UK178
2003 UC207
2003 UL210
2003 UM210
2003 UZ268
2003 UR288
2003 UH300
2003 UH340
2003 UB347
2003 UH359
2003 WY14
2003 WJ28
2003 WP36
2003 WZ44
2003 WF173
2003 WN176
2003 WH178
2004 BV6
2004 EM
2004 EE88
2004 EN93
2004 FV55
2004 HV23
2004 HW28
2004 PG30
2004 RQ19
2004 RD23
2004 RC34
2004 RG81
2004 RB88
2004 RD117
2004 RH131
2004 RH154
2004 RJ161
2004 RR204
2004 RS240
2004 RG245
2004 RX263
2004 RF299
2004 RQ302
2004 RV356
2004 SC20
2004 SQ23
2004 SY23
2004 TH29
2004 TF35
2004 TR36
2004 TV47
2004 TH48
2004 TG51
2004 TN62
2004 TJ83
2004 TV96
2004 TK98
2004 TA124
2004 TL182
2004 TQ197
2004 TT200
2004 TU227
2004 TH265
2004 TL287
2004 TE297
2004 TL366
2004 TU121
2004 TA124
2004 TY165
2004 TL182
2004 TQ197
2004 TH206
2004 TU227
2004 TH265
2004 TL287
2004 TE297
2004 TJ334
2004 TR336
2004 VC21
2004 VX39
2004 XU32
2004 XR47
2004 XS93
2004 YT
2004 YK8
2004 YS13
2005 BS22
2005 CT3
2005 DG1
2005 EY16
2005 ET306
2005 GA25
2005 GP105
2005 GG134
2005 GL190
2005 JD
2005 JJ34
2005 JF80
2005 JM85
2005 JX85
2005 JL112
2005 JL141
2005 JB155
2005 JX172
2005 JV185
2005 LU2
2005 LJ36
2005 MY13
2005 NX15
2005 NL30
2005 NM54
2005 NV101
2005 QF18
2005 QT21
2005 QV23
2005 QL34
2005 QY59
2005 QB76
2005 QG118
2005 QF122
2005 QZ130
2005 QV136
2005 RW18
2005 RZ42
2005 RZ45
2005 SW1
2005 SX6
2005 SL7
2005 SX33
2005 SL35
2005 SO38
2005 SF53
2005 SH57
2005 SC58
2005 SB77
2005 SE87
2005 SB91
2005 SO92
2005 SG110
2005 SS125
2005 SR135
2005 SQ138
2005 SE139
2005 SQ140
2005 SP145
2005 SR145
2005 SZ153
2005 SN173
2005 SP188
2005 SU189
2005 SZ191
2005 SG211
2005 SC213
2005 SO227
2005 SF230
2005 ST233
2005 SQ237
2005 SD239
2005 SH239
2005 SH244
2005 SS263
2005 SO264
2005 SK286
2005 SY289
2005 SW292
2005 TR14
2005 TF23
2005 TE31
2005 TB39
2005 TG40
2005 TC43
2005 TF79
2005 TF89
2005 TU102
2005 TA113
2005 TZ135
2005 TZ145
2005 TX147
2005 TR148
2005 TE177
2005 TN181
2005 UV20
2005 UQ21
2005 UB24
2005 UF27
2005 UZ38
2005 UC45
2005 UH47
2005 UQ52
2005 UQ57
2005 UO61
2005 UU62
2005 UB86
2005 UO92
2005 UN118
2005 UL125
2005 UZ132
2005 UQ405
2005 UE418
2005 UV164
2005 UA168
2005 UU175
2005 UW440
2005 UX193
2005 UC200
2005 UQ207
2005 UT208
2005 UC209
2005 UP217
2005 UQ226
2005 UO488
2005 UV231
2005 UA243
2005 UE507
2005 UJ510
2005 UM254
2005 UO522
2005 UN267
2005 UV298
2005 UJ323
2005 UL337
2005 UU343
2005 UC359
2005 VH29
2005 VT53
2005 VC71
2005 VZ111
2005 VH126
2005 VQ128
2005 VJ129
2005 WU86
2005 WY95
2005 WX105
2005 WT129
2005 WG168
2005 WL191
2005 XB2
2005 XJ32
2005 XJ33
2005 XM50
2005 XN62
2005 YM11
2005 YU29
2005 YA33
2005 YD82
2005 YO149
2005 YB158
2005 YZ199
2005 YV200
2005 YJ207
2006 AO11
2006 AR28
2006 AC38
2006 AR38
2006 AR60
2006 AH72
2006 BV100
2006 BJ107
2006 BA123
2006 BA183
2006 BK278
2006 BC282
2006 CR3
2006 CM58
2006 DL79
2006 DL129
2006 EW66
2006 HO27
2006 HM46
2006 HM63
2006 JL9
2006 JX42
2006 KW47
2006 KQ54
2006 KY93
2006 KN100
2006 KL117
2006 PH22
2006 PD34
2006 QT8
2006 QB10
2006 QB27
2006 QS77
2006 QY80
2006 QZ93
2006 QZ112
2006 QM186
2006 RR10
2006 RY41
2006 RH42
2006 RJ51
2006 RU54
2006 RV69
2006 RZ70
2006 RR76
2006 RY78
2006 RW82
2006 RL87
2006 RL108
2006 RD114
2006 SH9
2006 SF11
2006 SN32
2006 SP66
2006 SR70
2006 SZ75
2006 SA91
2006 SP98
2006 SG102
2006 SA106
2006 SE382
2006 SF393
2006 SJ395
2006 SU407
2006 SS182
2006 SG190
2006 ST199
2006 SL200
2006 SJ203
2006 SL207
2006 SE213
2006 SA223
2006 SF240
2006 SF251
2006 SL254
2006 SW257
2006 SZ278
2006 SR290
2006 SL294
2006 SS319
2006 SY319
2006 SE326
2006 SU327
2006 SV347
2006 SA357
2006 TB4
2006 TK8
2006 TD14
2006 TB21
2006 TX31
2006 TE38
2006 TC43
2006 TX52
2006 TY79
2006 TX83
2006 TV87
2006 TP103
2006 TF104
2006 TN104
2006 TJ118
2006 TE121
2006 TQ126
2006 UM14
2006 UB15
2006 UW17
2006 UT18
2006 UU19
2006 UM39
2006 UX39
2006 UP65
2006 UL79
2006 UC96
2006 UQ103
2006 UO118
2006 US122
2006 UN130
2006 UB155
2006 UG155
2006 UC162
2006 UL163
2006 UH164
2006 UN196
2006 UC251
2006 UX261
2006 UU275
2006 UB283
2006 UT358
2006 VJ6
2006 VF17
2006 VB22
2006 VN26
2006 VQ40
2006 VG46
2006 VD55
2006 VA56
2006 VQ57
2006 VT59
2006 VF62
2006 VF79
2006 VT117
2006 VU119
2006 VP125
2006 VS141
2006 VW171
2006 WX28
2006 WF31
2006 WO38
2006 WD54
2006 WK59
2006 WY59
2006 WS72
2006 WA83
2006 WB85
2006 WR95
2006 WS96
2006 WW105
2006 WB110
2006 WV110
2006 WQ135
2006 WU150
2006 WP172
2006 XX12
2006 XO18
2006 YO12
2006 YJ13
2006 YE28
2007 BJ45
2007 BA56
2007 BG72
2007 CW47
2007 CW65
2007 DH16
2007 DZ33
2007 DG79
2007 ES48
2007 EA55
2007 EM69
2007 EM160
2007 EX217
2007 FB24
2007 GG21
2007 GC54
2007 GL54
2007 GE62
2007 GE74
2007 HC41
2007 HM45
2007 HD67
2007 JZ5
2007 JN43
2007 LH21
2007 LE34
2007 PP30
2007 QF13
2007 QO17
2007 RL13
2007 RS18
2007 RY18
2007 RA19
2007 RB21
2007 RF27
2007 RN28
2007 RA45
2007 RQ51
2007 RG54
2007 RY86
2007 RY102
2007 RD107
2007 RG112
2007 RB118
2007 RM119
2007 RB130
2007 RW131
2007 RD140
2007 RZ147
2007 RR153
2007 RX153
2007 RZ156
2007 RJ159
2007 RH168
2007 RN171
2007 RS182
2007 RP187
2007 RE195
2007 RU199
2007 RC209
2007 RV209
2007 RP213
2007 RB236
2007 RL244
2007 RM244
2007 RG256
2007 RW266
2007 RX287
2007 RZ291
2007 RC297
2007 RW300
2007 RK301
2007 RS319
2007 RF322
2007 RU322
2007 RK323
2007 SL3
2007 SW5
2007 SE6
2007 TZ12
2007 TU19
2007 TU21
2007 TS28
2007 TC31
2007 TP32
2007 TY38
2007 TH48
2007 TY50
2007 TG51
2007 TM56
2007 TZ57
2007 TE59
2007 TO69
2007 TD72
2007 TF79
2007 TR83
2007 TA96
2007 TZ98
2007 TU99
2007 TW103
2007 TW104
2007 TX109
2007 TP375
2007 TV118
2007 TY378
2007 TU382
2007 TM383
2007 TJ128
2007 TZ392
2007 TA393
2007 TO401
2007 TQ145
2007 TO147
2007 TJ410
2007 TP155
2007 TU155
2007 TK163
2007 TR168
2007 TV429
2007 TY172
2007 TE175
2007 TL444
2007 TO449
2007 TY191
2007 TD200
2007 TM201
2007 TA205
2007 TC210
2007 TR232
2007 TQ236
2007 TC240
2007 TJ256
2007 TN256
2007 TG260
2007 TA261
2007 TZ262
2007 TJ265
2007 TU266
2007 TD267
2007 TH278
2007 TD288
2007 TZ289
2007 TL291
2007 TT291
2007 TE318
2007 TL318
2007 TZ321
2007 TO331
2007 TK333
2007 TC334
2007 TE346
2007 UU4
2007 UH11
2007 UW12
2007 UP15
2007 UK24
2007 UX27
2007 UX33
2007 UM40
2007 UG43
2007 UV61
2007 UZ63
2007 UX75
2007 UV88
2007 UQ107
2007 UD111
2007 UD113
2007 UU136
2007 UG141
2007 VC13
2007 VX27
2007 VZ48
2007 VT49
2007 VS52
2007 VB55
2007 VV60
2007 VJ61
2007 VM68
2007 VP76
2007 VY91
2007 VX93
2007 VC104
2007 VF110
2007 VR129
2007 VU129
2007 VP137
2007 VQ152
2007 VC167
2007 VS170
2007 VC174
2007 VV185
2007 VT216
2007 VG226
2007 VS230
2007 VS236
2007 VZ277
2007 VR278
2007 VC281
2007 VW291
2007 VA304
2007 VE314
2007 VQ331
2007 WB24
2007 WY48
2007 WR59
2007 XK10
2007 XU17
2007 XS29
2007 YU43
2007 YV58
2007 YZ73
2008 AN18
2008 AC39
2008 AW43
2008 AW48
2008 AF52
2008 AA64
2008 AV68
2008 AE82
2008 AF89
2008 AF92
2008 BZ36
2008 CJ14
2008 CE15
2008 CY39
2008 CO80
2008 CW165
2008 CE181
2008 DP16
2008 DU42
2008 DH75
2008 EX39
2008 EY75
2008 EZ117
2008 EU135
2008 EW138
2008 EA165
2008 EJ165
2008 FB45
2008 FE53
2008 FZ54
2008 FG85
2008 FZ104
2008 FY127
2008 GO23
2008 GV48
2008 GW52
2008 GU68
2008 GH75
2008 GG99
2008 HW17
2008 HQ39
2008 HR50
2008 HC55
2008 JJ11
2008 JW23
2008 JJ25
2008 JE31
2008 KA25
2008 LO2
2008 MW1
2008 NZ2
2008 PF15
2008 PC19
2008 PF19
2008 PL20
2008 QP7
2008 QN8
2008 QD34
2008 QF36
2008 QL48
2008 RG
2008 RF32
2008 RJ32
2008 RT43
2008 RF47
2008 RV62
2008 RV67
2008 RE90
2008 RV90
2008 RB91
2008 RM104
2008 RF111
2008 RL111
2008 RO111
2008 RV117
2008 RM120
2008 RF121
2008 RQ135
2008 RJ136
2008 RS136
2008 RJ145
2008 SO3
2008 SD4
2008 SW4
2008 SR13
2008 SL19
2008 SN21
2008 SS21
2008 SU21
2008 SF28
2008 SH40
2008 SE45
2008 SK46
2008 SX72
2008 SQ89
2008 SE95
2008 SV96
2008 SJ103
2008 ST108
2008 SV112
2008 SL116
2008 SS119
2008 SJ130
2008 ST132
2008 SR137
2008 SW153
2008 SA155
2008 SD157
2008 SY160
2008 SC163
2008 SD164
2008 ST172
2008 SG173
2008 SE175
2008 SN188
2008 SC190
2008 SG195
2008 SX200
2008 SD238
2008 SF238
2008 SK242
2008 SV242
2008 SL243
2008 SU243
2008 SN247
2008 ST253
2008 SJ254
2008 SG261
2008 SQ263
2008 SW280
2008 SV281
2008 SX284
2008 SX288
2008 SL299
2008 SQ303
2008 SQ304
2008 SG307
2008 SX307
2008 SP309
2008 TR36
2008 TH38
2008 TZ38
2008 TC42
2008 TY43
2008 TQ52
2008 TW54
2008 TO61
2008 TV61
2008 TC66
2008 TL66
2008 TS66
2008 TW66
2008 TH71
2008 TV73
2008 TC74
2008 TY81
2008 TN84
2008 TS85
2008 TV88
2008 TB90
2008 TG90
2008 TO91
2008 TS92
2008 TF101
2008 TZ101
2008 TU102
2008 TC114
2008 TR127
2008 TE135
2008 TR136
2008 TR146
2008 TH150
2008 TD162
2008 TX164
2008 TL172
2008 TP176
2008 TY176
2008 TW184
2008 UC8
2008 UZ24
2008 UJ29
2008 UY29
2008 UJ31
2008 UT31
2008 UC40
2008 UQ40
2008 UP41
2008 UJ42
2008 UU53
2008 UP68
2008 UG85
2008 UG91
2008 UN93
2008 UY156
2008 UM184
2008 UW287
2008 UU315
2008 UN343
2008 UT104
2008 UB125
2008 UF125
2008 UD135
2008 UX135
2008 UY156
2008 UJ171
2008 UE172
2008 UM184
2008 UO185
2008 UC187
2008 UO197
2008 UM206
2008 UB211
2008 US242
2008 UA251
2008 UE255
2008 UG261
2008 UY261
2008 UC263
2008 UA282
2008 UW287
2008 UU315
2008 UC340
2008 UN343
2008 UK355
2008 VN18
2008 VK20
2008 VC78
2008 WR1
2008 WR7
2008 WZ15
2008 WW20
2008 WF24
2008 WQ43
2008 WR59
2008 WG65
2008 WZ68
2008 WC79
2008 WZ87
2008 WY89
2008 WH90
2008 WP107
2008 WE112
2008 WK124
2008 WV126
2008 WE135
2008 WO138
2008 XG1
2008 XK48
2008 YW
2008 YO6
2008 YE8
2008 YV9
2008 YE14
2008 YK17
2008 YC27
2008 YQ46
2008 YW47
2008 YT64
2008 YL83
2008 YU89
2008 YU100
2008 YQ103
2008 YN123
2008 YN124
2008 YG135
2008 YH160
2008 YZ168
2009 AP9
2009 AS16
2009 AQ22
2009 AN37
2009 BW
2009 BP64
2009 BM82
2009 BZ91
2009 BL93
2009 BZ108
2009 BA112
2009 BN139
2009 BE156
2009 CM10
2009 CO25
2009 CU54
2009 DN22
2009 DF92
2009 DZ121
2009 DY124
2009 DP142
2009 FL33
2009 FP44
2009 FS69
2009 GU5
2009 HS
2009 HE31
2009 HH60
2009 KC19
2009 MZ7
2009 OK13
2009 OV22
2009 PK10
2009 PY12
2009 PQ13
2009 PU20
2009 QK5
2009 QX5
2009 QX8
2009 QZ9
2009 QZ19
2009 QT37
2009 QN46
2009 QH55
2009 QC60
2009 QT62
2009 RY15
2009 RQ48
2009 RZ71
2009 SN29
2009 SR38
2009 SV38
2009 SA51
2009 SC60
2009 SZ63
2009 SC71
2009 SQ95
2009 SC104
2009 SM130
2009 SG136
2009 SV143
2009 SH144
2009 SF145
2009 SV146
2009 SZ152
2009 SK156
2009 SV166
2009 SC168
2009 SD170
2009 SR190
2009 SO205
2009 SJ213
2009 SR216
2009 SA218
2009 SM252
2009 SH258
2009 SA268
2009 SZ275
2009 SV281
2009 SA284
2009 SZ323
2009 SS333
2009 SG341
2009 SJ342
2009 SC350
2009 SG358
2009 TR4
2009 TD48
2009 UZ7
2009 UG31
2009 UG33
2009 UQ47
2009 UU51
2009 UE58
2009 UB68
2009 UC72
2009 UW75
2009 UQ84
2009 UP85
2009 UM95
2009 UB98
2009 UE98
2009 UL111
2009 UT128
2009 UD152
2009 UF152
2009 VJ40
2009 VM49
2009 VR59
2009 VT65
2009 VO97
2009 WF15
2009 WW32
2009 WU36
2009 WF37
2009 WO37
2009 WY45
2009 WN47
2009 WO88
2009 WX88
2009 WJ121
2009 WP142
2009 WT145
2009 WJ181
2009 WB248
2009 XV5
2009 YH7
2010 AD15
2010 AG33
2010 AG38
2010 AU49
2010 BU3
2010 DA79
2010 DR79
2010 EO36
2010 EY42
2010 ER110
2010 FH15
2010 GT110
2010 GX114
2010 JA30
2010 JY64
2010 JO85
2010 JG153
2010 JH155
2010 KF22
2010 KV87
2010 LH1
2010 NG5
2010 OO9
2010 PA24
2010 PH24
2010 PC47
2010 PE58
2010 PH74
2010 QD7
2010 RS2
2010 RK21
2010 RK39
2010 RY43
2010 RQ47
2010 RC52
2010 RX64
2010 RR98
2010 RM107
2010 RC114
2010 RV116
2010 RL124
2010 RV125
2010 RX126
2010 RR127
2010 RQ134
2010 RR134
2010 RQ139
2010 RW140
2010 RZ140
2010 RT145
2010 RX145
2010 RQ151
2010 RN156
2010 RJ163
2010 RH164
2010 RE166
2010 RH181
2010 SP18
2010 SU25
2010 SV25
2010 SL27
2010 SE29
2010 SM29
2010 SW34
2010 SD38
2010 TO4
2010 TE20
2010 TX22
2010 TY22
2010 TC24
2010 TG26
2010 TA30
2010 TT31
2010 TZ33
2010 TK38
2010 TV61
2010 TP71
2010 TO75
2010 TF91
2010 TU98
2010 TR142
2010 TL159
2010 TY159
2010 TX163
2010 TX171
2010 TA174
2010 UB28
2010 UT28
2010 UB52
2010 UL55
2010 UO86
2010 VY13
2010 VN27
2010 VQ37
2010 VR53
2010 VJ55
2010 VB76
2010 VN87
2010 VT96
2010 VX96
2010 VJ101
2010 VQ133
2010 VX152
2010 VV153
2010 VO157
2010 VV165
2010 VO214
2010 WU22
2010 WP49
2010 XR5
2010 XT35
2010 XA77
2010 YG5
2011 AR11
2011 AN45
2011 AZ45
2011 AD59
2011 AZ62
2011 AG76
2011 BM1
2011 BM13
2011 BS76
2011 BE154
2011 CH16
2011 CB30
2011 CR43
2011 DG18
2011 EA32
2011 ET44
2011 FO3
2011 FE10
2011 FF24
2011 FR42
2011 FL140
2011 FD145
2011 GW49
2011 HT3
2011 HV31
2011 HP32
2011 HW68
2011 HS81
2011 HF91
2011 JH16
2011 KS
2011 KH23
2011 KF37
2011 MQ5
2011 OW
2011 OD4
2011 OG4
2011 ON10
2011 OK17
2011 OV27
2011 OF35
2011 OC56
2011 QS1
2011 QL2
2011 QH7
2011 QL8
2011 QD11
2011 QA12
2011 QT19
2011 QN24
2011 QZ34
2011 QP36
2011 QR41
2011 QX41
2011 QL51
2011 QW55
2011 QH65
2011 QX69
2011 QR72
2011 QY72
2011 QH74
2011 QL74
2011 QP76
2011 QV77
2011 QS80
2011 QT88
2011 RS4
2011 RG18
2011 SS10
2011 SK11
2011 SW32
2011 SX39
2011 SS44
2011 SA67
2011 SL78
2011 SB82
2011 SZ83
2011 SM89
2011 SS105
2011 SW112
2011 SD118
2011 SJ123
2011 SO124
2011 SO139
2011 SU144
2011 SK146
2011 SJ168
2011 SL175
2011 SP175
2011 SV179
2011 SO180
2011 SL192
2011 SH194
2011 SQ195
2011 ST196
2011 SH205
2011 SZ207
2011 SN208
2011 SD213
2011 SW232
2011 SV238
2011 SQ240
2011 SV242
2011 SK250
2011 SK253
2011 SC255
2011 SH256
2011 SN268
2011 SE275
2011 TC1
2011 TG6
2011 TC8
2011 TU8
2011 TS10
2011 TB17
2011 UF6
2011 UV9
2011 UC10
2011 UR24
2011 UA25
2011 UH25
2011 UN25
2011 UD27
2011 UD37
2011 UV39
2011 UN41
2011 UY48
2011 UP52
2011 UJ55
2011 UU55
2011 UL61
2011 UX66
2011 UJ67
2011 UN79
2011 UW101
2011 UD103
2011 UA367
2011 UG114
2011 UN120
2011 UH123
2011 UE127
2011 UG406
2011 US146
2011 UY146
2011 UE152
2011 UG161
2011 UV163
2011 UG179
2011 UV184
2011 UV189
2011 UH195
2011 UC198
2011 UE230
2011 UJ237
2011 UL239
2011 UG241
2011 UK244
2011 UH246
2011 UH254
2011 UL260
2011 UQ265
2011 UU265
2011 UA277
2011 UJ283
2011 UE293
2011 UH294
2011 UN297
2011 UQ298
2011 UW305
2011 UM317
2011 UR318
2011 UX337
2011 VL18
2011 WR7
2011 WN9
2011 WV13
2011 WK39
2011 WH52
2011 WT54
2011 WS59
2011 WY65
2011 WB81
2011 WE85
2011 WL119
2011 WE143
2011 YZ24
2011 YY25
2011 YJ26
2011 YU27
2011 YC35
2012 AY2
2012 AH13
2012 BO
2012 BS8
2012 BA24
2012 BR88
2012 BM102
2012 BG105
2012 BU125
2012 BV130
2012 BZ148
2012 CY26
2012 CR30
2012 CF34
2012 CA47
2012 DQ37
2012 DD50
2012 DW79
2012 DK83
2012 DR92
2012 DE94
2012 EH2
2012 FW12
2012 FC22
2012 FY25
2012 FT40
2012 GH2
2012 HJ14
2012 HD27
2012 JP6
2012 JT13
2012 JF24
2012 JL24
2012 JM46
2012 JE64
2012 JF64
2012 KL2
2012 KN9
2012 KL22
2012 KU25
2012 KN48
2012 ML1
2012 OV2
2012 PV10
2012 PF16
2012 PT27
2012 PY39
2012 QZ5
2012 QZ12
2012 QE14
2012 QP26
2012 QJ33
2012 RT17
2012 RY17
2012 RD22
2012 RS22
2012 RU22
2012 RW30
2012 RC31
2012 RB40
2012 SX
2012 SJ3
2012 SO3
2012 SL5
2012 SM12
2012 SC13
2012 SW27
2012 SV28
2012 SZ33
2012 ST39
2012 SR46
2012 SF48
2012 SM55
2012 SB56
2012 SU60
2012 SK61
2012 SM61
2012 SO65
2012 TG1
2012 TB2
2012 TV2
2012 TN6
2012 TP10
2012 TW11
2012 TO21
2012 TO55
2012 TW57
2012 TG60
2012 TX67
2012 TE76
2012 TF81
2012 TJ81
2012 TK100
2012 TH105
2012 TL117
2012 TG134
2012 TO134
2012 TL137
2012 TR137
2012 TN141
2012 TL150
2012 TK151
2012 TA152
2012 TM153
2012 TG154
2012 TC159
2012 TN162
2012 TS166
2012 TJ173
2012 TQ198
2012 TA208
2012 TL223
2012 TL232
2012 TZ232
2012 TT240
2012 TQ243
2012 TE246
2012 TW247
2012 TB256
2012 TY257
2012 TW267
2012 TB274
2012 TX298
2012 TD302
2012 TE302
2012 TO310
2012 UQ1
2012 US5
2012 UB35
2012 UH35
2012 UM40
2012 UU42
2012 UW44
2012 UB45
2012 UO45
2012 UG55
2012 UY56
2012 UK63
2012 UD66
2012 UZ66
2012 UA70
2012 UY98
2012 US99
2012 UF106
2012 UA117
2012 UZ130
2012 UX147
2012 UE164
2012 VM9
2012 VN14
2012 VX17
2012 VV18
2012 VC35
2012 VB36
2012 VR55
2012 VW55
2012 VB61
2012 VT67
2012 VD72
2012 VZ79
2012 VP85
2012 VN89
2012 VR97
2012 VP104
2012 VY104
2012 VX109
2012 WT9
2012 WN12
2012 WT18
2012 WS23
2012 WH31
2012 XP1
2012 XH7
2012 XC9
2012 XJ12
2012 XA44
2012 XL57
2012 XF79
2012 XY140
2012 XL142
2012 XS152
2012 XB155
2013 AU4
2013 AM14
2013 AW19
2013 AE21
2013 AP40
2013 AD41
2013 AF50
2013 AU54
2013 AP73
2013 AO96
2013 AB100
2013 AV116
2013 AF135
2013 AH137
2013 AA174
2013 AX174
2013 BQ6
2013 BB23
2013 BL23
2013 BH32
2013 BN70
2013 BT70
2013 BE77
2013 BT80
2013 CE2
2013 CQ6
2013 CR7
2013 CF49
2013 CH73
2013 CU97
2013 CA109
2013 CO115
2013 CP118
2013 CV122
2013 CV147
2013 CV173
2013 CG186
2013 DN4
2013 EN9
2013 ER17
2013 EG49
2013 EH67
2013 EO88
2013 EY97
2013 EF118
2013 EW121
2013 EY152
2013 FT4
2013 FW10
2013 FW11
2013 GT74
2013 GM91
2013 GA95
2013 GY112
2013 HF4
2013 HJ34
2013 HX36
2013 HN65
2013 HP75
2013 HJ87
2013 HH107
2013 JS31
2013 JC37
2013 JA42
2013 JN42
2013 JF55
2013 JY60
2013 KZ5
2013 LD4
2013 MX3
2013 MN4
2013 MO4
2013 MA5
2013 MQ5
2013 NV3
2013 OZ4
2013 OX5
2013 OF6
2013 OQ9
2013 PL11
2013 PN13
2013 PU19
2013 PJ25
2013 PC26
2013 PB29
2013 PX30
2013 PM37
2013 PR38
2013 PG39
2013 PN62
2013 PE66
2013 PR69
2013 PA70
2013 QS4
2013 QD12
2013 QM28
2013 QQ28
2013 QZ31
2013 QH39
2013 QP44
2013 QA60
2013 QV61
2013 QC62
2013 QG63
2013 QN64
2013 QS64
2013 QH69
2013 QN69
2013 QP70
2013 QQ72
2013 QJ74
2013 QU74
2013 QA79
2013 QJ80
2013 QP81
2013 QM84
2013 RO4
2013 RZ12
2013 RL14
2013 RW14
2013 RB19
2013 RH19
2013 RM22
2013 RN22
2013 RU29
2013 RN32
2013 RG33
2013 RS36
2013 RJ40
2013 RU41
2013 RR44
2013 RF46
2013 RM49
2013 RG54
2013 RV61
2013 RO64
2013 RC66
2013 RS70
2013 RC75
2013 RD75
2013 RY85
2013 RF91
2013 RC96
2013 RE97
2013 SL14
2013 SY14
2013 SB15
2013 SF15
2013 SP16
2013 SL23
2013 SU25
2013 SG26
2013 SO28
2013 SC29
2013 SD31
2013 SK32
2013 SP34
2013 SL36
2013 SC41
2013 SC47
2013 SY48
2013 SG49
2013 SK56
2013 SD62
2013 SO68
2013 ST68
2013 ST72
2013 SQ82
2013 SM85
2013 TZ14
2013 TZ18
2013 TB20
2013 TC21
2013 TM30
2013 TA33
2013 TO44
2013 TU49
2013 TE50
2013 TO66
2013 TJ72
2013 TS72
2013 TH80
2013 TB83
2013 TT88
2013 TB93
2013 TA100
2013 TX103
2013 TH108
2013 TU111
2013 TM112
2013 TK128
2013 TL132
2013 TC134
2013 TR134
2013 TR139
2013 TX140
2013 TL157
2013 UV4
2013 UL11
2013 UL13
2013 UL14
2013 VX10
2013 VJ22
2013 VS23
2013 WF30
2013 WH30
2013 WK46
2013 XR13
2013 XO14
2013 YB26
2013 YE30
2013 YR40
2013 YB42
2013 YS62
2013 YQ83
2013 YM84
2013 YD95
2013 YK96
2013 YX109
2013 YR125
2014 AN7
2014 AH25
2014 AV29
2014 BW16
2014 BO23
2014 BX35
2014 BP42
2014 BB58
2014 CB9
2014 CY11
2014 DS4
2014 DJ16
2014 DL98
2014 DN100
2014 DD103
2014 DP107
2014 DG109
2014 DB120
2014 DG120
2014 DK134
2014 DP141
2014 ED7
2014 EB9
2014 EG13
2014 EJ49
2014 FB43
2014 FF50
2014 FE54
2014 FT55
2014 FT57
2014 GC27
2014 GO36
2014 HK
2014 HC4
2014 HT8
2014 HL11
2014 HX12
2014 HS37
2014 HX44
2014 HY45
2014 HD77
2014 HR106
2014 HD123
2014 HS130
2014 HH135
2014 HC149
2014 HZ152
2014 HQ156
2014 HG161
2014 HB183
2014 JF8
2014 JG8
2014 JN9
2014 JS9
2014 JE10
2014 JO17
2014 JM18
2014 JZ32
2014 JW48
2014 JP51
2014 JS69
2014 JC71
2014 JD74
2014 JW74
2014 KE8
2014 KN11
2014 KJ15
2014 KP27
2014 KP54
2014 KY74
2014 KP85
2014 KN89
2014 KB90
2014 KK90
2014 LE15
2014 LQ15
2014 LY19
2014 LM26
2014 ME4
2014 MB7
2014 MK7
2014 MB13
2014 ME20
2014 MN22
2014 MH24
2014 MU25
2014 MS36
2014 MS43
2014 MS49
2014 MX52
2014 MU59
2014 ME61
2014 MS61
2014 NK8
2014 NX17
2014 NS29
2014 NG30
2014 NN31
2014 NS31
2014 NL33
2014 NV37
2014 NC51
2014 NN51
2014 NA55
2014 NS57
2014 NL60
2014 OJ
2014 OP15
2014 OU15
2014 OY20
2014 OE24
2014 OG29
2014 OF33
2014 OS35
2014 OB36
2014 OZ45
2014 ON46
2014 OZ47
2014 OR71
2014 OX89
2014 OE96
2014 OY360
2014 OC372
2014 OM373
2014 OP373
2014 OD375
2014 OY377
2014 OY378
2014 OD379
2014 ON381
2014 OO388
2014 OH129
2014 OW392
2014 OY134
2014 OG139
2014 OH146
2014 OY146
2014 OL147
2014 OX150
2014 OX155
2014 OK174
2014 OT180
2014 OR181
2014 OU188
2014 OD189
2014 OB192
2014 OG194
2014 OQ194
2014 OX194
2014 OT195
2014 OD197
2014 OE198
2014 OX202
2014 ON225
2014 OU228
2014 OL230
2014 OJ231
2014 OU231
2014 OR232
2014 OB233
2014 OE239
2014 OY240
2014 OS285
2014 ON294
2014 OF295
2014 ON295
2014 OK299
2014 OE307
2014 OH307
2014 ON310
2014 OM315
2014 OW317
2014 OS318
2014 OL337
2014 OR343
2014 OS343
2014 PS3
2014 PV3
2014 PC6
2014 PQ9
2014 PT9
2014 PX9
2014 PF17
2014 PV17
2014 PQ20
2014 PX20
2014 PZ25
2014 PE26
2014 PQ26
2014 PV29
2014 PP30
2014 PU30
2014 PM32
2014 PW33
2014 PG35
2014 PR36
2014 PY37
2014 PH38
2014 PC42
2014 PW44
2014 PG47
2014 PL48
2014 PS48
2014 PO55
2014 PP55
2014 PD56
2014 PM56
2014 PZ65
2014 PY66
2014 PN67
2014 PH68
2014 PD70
2014 QP19
2014 QQ22
2014 QN23
2014 QZ27
2014 QX29
2014 QF35
2014 QL35
2014 QA47
2014 QW63
2014 QF100
2014 QY361
2014 QD103
2014 QS366
2014 QM369
2014 QX109
2014 QR375
2014 QM117
2014 QN377
2014 QB378
2014 QL119
2014 QF122
2014 QF389
2014 QR130
2014 QJ393
2014 QZ134
2014 QU136
2014 QZ136
2014 QH398
2014 QK138
2014 QB408
2014 QH412
2014 QA153
2014 QO419
2014 QE420
2014 QJ421
2014 QZ164
2014 QE166
2014 QH172
2014 QL172
2014 QF177
2014 QK213
2014 QY224
2014 QE226
2014 QY230
2014 QB238
2014 QX269
2014 QG276
2014 QP276
2014 QT279
2014 QL280
2014 QZ306
2014 QJ307
2014 QS307
2014 QC311
2014 QC313
2014 QS313
2014 QF323
2014 QJ327
2014 QK328
2014 QD331
2014 QH331
2014 QR336
2014 QL340
2014 QD344
2014 QG349
2014 QO350
2014 QC352
2014 QA353
2014 QB355
2014 QD357
2014 QH357
2014 QB358
2014 RX8
2014 RF12
2014 RK21
2014 RU21
2014 RQ22
2014 RB26
2014 RG32
2014 RJ32
2014 RR34
2014 RG47
2014 RB48
2014 RE49
2014 RV49
2014 RQ57
2014 SX21
2014 SQ27
2014 ST43
2014 SF45
2014 SS64
2014 SQ79
2014 SU134
2014 SZ135
2014 SM136
2014 SU152
2014 SM156
2014 SZ156
2014 SO157
2014 SD163
2014 SD165
2014 SP195
2014 SW213
2014 SS216
2014 SD218
2014 SS228
2014 SC256
2014 SN263
2014 SH279
2014 SN279
2014 SB280
2014 SE280
2014 SZ280
2014 SZ284
2014 SK289
2014 SW309
2014 SE310
2014 SM310
2014 SQ311
2014 ST315
2014 SC323
2014 SO337
2014 SP338
2014 SY347
2014 TR1
2014 TZ3
2014 TJ15
2014 TK27
2014 TJ38
2014 TL43
2014 TG45
2014 TV45
2014 TM46
2014 TW46
2014 TB48
2014 TS53
2014 TJ58
2014 TP60
2014 TZ65
2014 TR68
2014 TU70
2014 TH71
2014 TZ71
2014 TM72
2014 TC82
2014 UE6
2014 UC7
2014 UZ9
2014 UP11
2014 UB13
2014 UZ17
2014 UN21
2014 UU28
2014 UK32
2014 UY32
2014 UO42
2014 UK46
2014 UE48
2014 UL54
2014 UC56
2014 UU58
2014 UD61
2014 UB69
2014 UF88
2014 UV95
2014 UD96
2014 UK96
2014 UQ102
2014 UG106
2014 UR106
2014 UA109
2014 UH118
2014 UY120
2014 UT124
2014 UV126
2014 UW138
2014 UM163
2014 UR163
2014 UO176
2014 UE184
2014 UC186
2014 UQ187
2014 UE197
2014 UF198
2014 UO199
2014 VR4
2014 VM7
2014 VT11
2014 VZ11
2014 VC21
2014 VV22
2014 VV27
2014 VQ32
2014 VT34
2014 WK9
2014 WY20
2014 WA34
2014 WF51
2014 WM53
2014 WJ54
2014 WS55
2014 WA59
2014 WM65
2014 WD71
2014 WM76
2014 WV83
2014 WY223
2014 WB111
2014 WQ374
2014 WN146
2014 WP427
2014 WS428
2014 WX446
2014 WO194
2014 WG480
2014 WT220
2014 WD228
2014 WD495
2014 WJ252
2014 WK253
2014 WH264
2014 WD273
2014 YC43
2015 AH38
2015 AE40
2015 AU125
2015 AX181
2015 AX237
2015 AM244
2015 BM1
2015 BU17
2015 BL21
2015 BQ25
2015 BJ26
2015 BW48
2015 BX85
2015 BQ90
2015 BK91
2015 BP209
2015 BO126
2015 BM402
2015 BR152
2015 BP181
2015 BR185
2015 BZ459
2015 BF474
2015 BT243
2015 BU263
2015 BM276
2015 BL277
2015 BR277
2015 BC292
2015 BU321
2015 CN10
2015 CH59
2015 DR28
2015 DN33
2015 DL99
2015 DT111
2015 DJ166
2015 DK206
2015 DT206
2015 DU208
2015 DU219
2015 DL223
2015 EZ2
2015 EG9
2015 FX6
2015 FK142
2015 FW156
2015 FS164
2015 FN221
2015 FC287
2015 GS27
2015 HC8
2015 HE14
2015 HA56
2015 HF100
2015 HT170
2015 HL172
2015 HT175
2015 KT67
2015 KW125
2015 KF148
2015 KB150
2015 LM9
2015 LF15
2015 LE22
2015 MS6
2015 MW9
2015 MR31
2015 MM54
2015 MR56
2015 MV57
2015 MC58
2015 MD68
2015 MV80
2015 MP103
2015 MA106
2015 NZ3
2015 NC18
2015 NT24
2015 OD2
2015 OX2
2015 OP25
2015 OD27
1994 RK8
1994 SH7
1995 QS9
1995 SQ15
1995 SZ15
1995 SL33
1995 UD17
1995 UJ58
1996 RK7
1996 RY13
1997 SV24
1998 TL21
1998 TT25
1999 SF1
1999 TP24
1999 TZ47
1999 TU70
1999 TG239
1999 VZ119
1999 VJ121
2000 BK20
2000 CF73
2000 QP245
2000 SH57
2000 SO370
2000 TH30
2000 UY15
2000 WD65
2000 WB74
2001 FB140
2001 FG198
2001 FT203
2001 FO204
2001 FY213
2001 FO218
2001 FK225
2001 PD52
2001 QZ212
2001 QH274
2001 QG302
2001 RQ95
2001 RF106
2001 SX88
2001 SV216
2001 SD217
2001 SB226
2001 SY283
2001 SQ320
2001 SS332
2001 TC14
2001 TH157
2001 TV184
2001 TD212
2001 TK250
2001 UH139
2001 UM199
2001 US200
2001 UK211
2001 UV231
2001 XS128
2001 XY241
2001 YU48
2002 EY95
2002 GQ31
2002 GP89
2002 GF94
2002 GN147
2002 GX188
2002 NS65
2002 NX71
2002 PZ172
2002 PJ199
2002 QV62
2002 QD76
2002 QT105
2002 QD125
2002 QQ136
2002 QB140
2002 QK141
2002 RU145
2002 RB192
2002 RT230
2002 RJ276
2002 RZ279
2002 RU287
2002 RO291
2002 SH68
2002 TK36
2002 TB363
2002 TY200
2002 TN303
2002 TV308
2002 TO337
2002 UD30
2002 UK36
2002 UD77
2002 VS
2002 VN37
2002 VA147
2002 WE23
2002 XN99
2002 XT118
2002 XT120
2003 BW21
2003 BZ75
2003 RT27
2003 ST74
2003 SH105
2003 SP105
2003 SG370
2003 SE373
2003 SW374
2003 SN386
2003 SV165
2003 SE220
2003 SE241
2003 SN328
2003 SC332
2003 SB350
2003 TH52
2003 UJ71
2003 UP384
2003 UM403
2003 UN208
2003 UL235
2003 UO337
2003 UA346
2003 WW160
2003 YH107
2004 CD2
2004 EE70
2004 FY68
2004 GQ47
2004 GK66
2004 GZ88
2004 KM8
2004 PQ114
2004 RV46
2004 RC159
2004 RA224
2004 RP241
2004 RU241
2004 RG243
2004 RO267
2004 RN273
2004 RO311
2004 SS43
2004 SB51
2004 TH37
2004 TP58
2004 TX72
2004 TM77
2004 TW95
2004 TV368
2004 TU147
2004 TD156
2004 TC163
2004 TO171
2004 TE189
2004 TE192
2004 TT200
2004 TU211
2004 TZ234
2004 TE260
2004 TH266
2004 TK275
2004 VU123
2004 XG30
2004 XG91
2005 AM24
2005 CQ14
2005 CZ24
2005 ES88
2005 EF331
2005 GM25
2005 GZ84
2005 JQ18
2005 JK143
2005 JR161
2005 JW185
2005 LF29
2005 MK35
2005 MW49
2005 NW18
2005 NJ46
2005 NJ75
2005 NX93
2005 PX12
2005 PY23
2005 QQ9
2005 QN133
2005 QR185
2005 RN46
2005 SB59
2005 SU75
2005 SB83
2005 SF110
2005 SX115
2005 SE125
2005 ST132
2005 SK158
2005 SP161
2005 SB175
2005 SR176
2005 SM197
2005 ST224
2005 SB225
2005 SD236
2005 SL236
2005 SZ241
2005 SX242
2005 SB283
2005 SW290
2005 TG22
2005 TO39
2005 TQ39
2005 TF44
2005 TS98
2005 TK113
2005 TN117
2005 TQ122
2005 TM123
2005 TR126
2005 TF137
2005 TS140
2005 TR147
2005 TJ150
2005 TO151
2005 TK166
2005 TT195
2005 UE7
2005 UU20
2005 UR34
2005 UQ88
2005 UN96
2005 UN363
2005 UP366
2005 UF122
2005 UR123
2005 UH129
2005 UA394
2005 UA137
2005 UQ146
2005 UW148
2005 UH149
2005 UV150
2005 UK415
2005 UB158
2005 UH419
2005 UM166
2005 UO173
2005 UL438
2005 UN188
2005 UQ194
2005 UN202
2005 UA222
2005 UD228
2005 UP249
2005 UR263
2005 UZ529
2005 UW530
2005 UR271
2005 UE282
2005 UJ283
2005 UY298
2005 UY306
2005 UU310
2005 UA312
2005 UJ331
2005 UD333
2005 UX345
2005 VC9
2005 VZ11
2005 VE12
2005 VG31
2005 VP50
2005 VW68
2005 VP73
2005 VK109
2005 VP120
2005 VS125
2005 VA128
2005 VO128
2005 WB14
2005 WF27
2005 WW39
2005 WZ45
2005 WC49
2005 WN77
2005 WU94
2005 WX99
2005 WN130
2005 WE145
2005 WK145
2005 WV149
2005 WK157
2005 WO187
2005 WU210
2005 XU32
2005 XU68
2005 XV80
2005 XC108
2005 YQ77
2005 YL104
2005 YE150
2005 YK272
2006 AN29
2006 AA103
2006 BM26
2006 BC68
2006 BZ85
2006 BJ126
2006 BX137
2006 BK202
2006 CA9
2006 CJ29
2006 DB78
2006 DM107
2006 DT165
2006 EC22
2006 ER38
2006 GN12
2006 HM102
2006 HX126
2006 HR130
2006 JE8
2006 JD25
2006 JL38
2006 KB55
2006 OE26
2006 OK26
2006 OG27
2006 QC17
2006 QE26
2006 QO42
2006 QZ91
2006 QB103
2006 QJ124
2006 RW50
2006 RM51
2006 RY51
2006 RZ53
2006 RX65
2006 RK85
2006 RD97
2006 RQ111
2006 RA112
2006 RD119
2006 RA121
2006 SZ6
2006 SC35
2006 SN46
2006 SR85
2006 SW99
2006 SV102
2006 SN378
2006 SC384
2006 SX396
2006 SW397
2006 SA143
2006 SM146
2006 SQ413
2006 SE157
2006 SH177
2006 SZ195
2006 SK199
2006 SX206
2006 SP252
2006 SQ253
2006 SS261
2006 SJ274
2006 SL295
2006 SU323
2006 TQ15
2006 TZ41
2006 TW77
2006 TP125
2006 TF127
2006 TH127
2006 UG16
2006 UZ58
2006 UR81
2006 UN82
2006 UY95
2006 UU115
2006 UM129
2006 UV133
2006 UR142
2006 UK245
2006 UN277
2006 UA280
2006 UH286
2006 UB288
2006 UF330
2006 VP54
2006 VL58
2006 VE62
2006 VQ74
2006 VX79
2006 VV89
2006 VS98
2006 VY104
2006 VC120
2006 VU126
2006 VZ170
2006 VD173
2006 WC31
2006 WX36
2006 WR47
2006 WP76
2006 WS92
2006 WM165
2006 WX181
2006 WU200
2006 XB28
2006 XA46
2006 XJ68
2006 YP11
2006 YV32
2007 BO26
2007 CJ67
2007 DO59
2007 DW96
2007 DA117
2007 EE18
2007 EH23
2007 EU74
2007 EO80
2007 EJ132
2007 EQ132
2007 HA89
2007 MR9
2007 NP
2007 OX3
2007 QM12
2007 RF4
2007 RH49
2007 RZ73
2007 RN77
2007 RL100
2007 RB117
2007 RV172
2007 RW180
2007 RA292
2007 SX21
2007 TU1
2007 TE30
2007 TE31
2007 TU62
2007 TW73
2007 TN98
2007 TY157
2007 TP162
2007 TF427
2007 TE171
2007 TQ433
2007 TH204
2007 TW224
2007 TS258
2007 TZ266
2007 TJ269
2007 TH276
2007 TT283
2007 TY302
2007 TL316
2007 TO350
2007 UM5
2007 UF15
2007 UX24
2007 UE26
2007 UV40
2007 UN72
2007 UQ74
2007 UD122
2007 UM127
2007 UZ136
2007 VM1
2007 VW19
2007 VV25
2007 VN57
2007 VZ76
2007 VL86
2007 VU99
2007 VA108
2007 VH130
2007 VH135
2007 VW161
2007 VV176
2007 VA194
2007 VD201
2007 VD211
2007 VJ236
2007 VW250
2007 VN307
2007 VJ315
2007 VR328
2007 WF5
2007 XD40
2007 YB6
2008 AX31
2008 AC119
2008 CN59
2008 CE131
2008 EX114
2008 EY149
2008 FT10
2008 FS19
2008 FE43
2008 FN62
2008 FH99
2008 FP105
2008 GM17
2008 HO40
2008 HK56
2008 KY15
2008 QH39
2008 RX31
2008 RC63
2008 RF95
2008 RB105
2008 SE24
2008 SC34
2008 SK53
2008 SB86
2008 SW116
2008 SD122
2008 SQ124
2008 SW130
2008 SZ261
2008 SM298
2008 SA309
2008 TW45
2008 TA50
2008 TD54
2008 TP60
2008 TX60
2008 TT88
2008 TB105
2008 TH128
2008 TF143
2008 TY158
2008 TE161
2008 TJ168
2008 TT171
2008 TB174
2008 UC18
2008 UU18
2008 UE21
2008 UB22
2008 UO32
2008 UA85
2008 UA107
2008 UP367
2008 UV118
2008 UL134
2008 UU137
2008 UZ137
2008 UW153
2008 UH164
2008 UK165
2008 UV176
2008 UD190
2008 UO221
2008 UH237
2008 UZ247
2008 UL261
2008 UT267
2008 UT269
2008 UD283
2008 UM284
2008 UX291
2008 UM301
2008 UP308
2008 UP312
2008 UU342
2008 UQ359
2008 VP10
2008 VX18
2008 VU31
2008 VJ62
2008 VD63
2008 WO25
2008 WR40
2008 WK44
2008 WV53
2008 WY53
2008 WQ70
2008 WV110
2008 XK5
2008 YM16
2008 YW25
2008 YC26
2008 YP73
2008 YM82
2008 YN117
2008 YY143
2008 YJ156
2008 YY162
2009 AE10
2009 AK18
2009 AD41
2009 AP42
2009 AK50
2009 BO26
2009 BM55
2009 BG67
2009 BP111
2009 BX142
2009 CC41
2009 DH
2009 DD8
2009 DJ20
2009 DC41
2009 DH86
2009 DJ141
2009 EZ30
2009 FZ14
2009 HD2
2009 HL39
2009 JX11
2009 JH18
2009 KK7
2009 KN11
2009 KC21
2009 KN33
2009 MV2
2009 OW23
2009 OT24
2009 QF7
2009 QW40
2009 QH46
2009 QO64
2009 RR8
2009 RC11
2009 RH16
2009 SR13
2009 SZ49
2009 SL62
2009 SB63
2009 SE64
2009 SH67
2009 SF73
2009 SV112
2009 SK133
2009 SC144
2009 SB157
2009 SV185
2009 SN194
2009 SQ216
2009 SH229
2009 SE244
2009 SK256
2009 SX267
2009 SA269
2009 SR346
2009 SB348
2009 TG13
2009 TQ23
2009 TB29
2009 UE38
2009 UG45
2009 UU45
2009 UP73
2009 UE84
2009 UK98
2009 UB155
2009 VU12
2009 WS41
2009 WV52
2009 WO72
2009 WS111
2009 WQ143
2009 WJ144
2009 WC189
2009 WV199
2009 WX263
2010 AD85
2010 AO88
2010 AU93
2010 AF118
2010 BZ20
2010 BU38
2010 BF50
2010 BH105
2010 BU117
2010 BB125
2010 CU6
2010 CO50
2010 CA54
2010 CQ78
2010 CK116
2010 CZ116
2010 CN157
2010 CL192
2010 CR219
2010 CT232
2010 CL238
2010 CF240
2010 DP35
2010 DX50
2010 DD54
2010 DL82
2010 EC2
2010 EY5
2010 EG26
2010 EC71
2010 EX87
2010 ED147
2010 EE156
2010 EX157
2010 EM169
2010 FO69
2010 GX57
2010 GM69
2010 GB78
2010 GH80
2010 GT140
2010 GK142
2010 GP148
2010 GJ168
2010 HY2
2010 HQ3
2010 HB12
2010 HU44
2010 HQ47
2010 HT47
2010 HH48
2010 HJ58
2010 HJ61
2010 HC65
2010 HD66
2010 HK93
2010 HD95
2010 HQ96
2010 JE9
2010 JT20
2010 JD63
2010 JN70
2010 JN90
2010 JT96
2010 JB100
2010 JL138
2010 JV138
2010 JH145
2010 JM164
2010 KT
2010 KV5
2010 KV13
2010 KN25
2010 KA41
2010 KW42
2010 KA48
2010 KH54
2010 KK55
2010 KH69
2010 KO71
2010 KN79
2010 KT84
2010 KP90
2010 KC92
2010 KD92
2010 KP105
2010 KD117
2010 LX4
2010 LP9
2010 LS12
2010 LL24
2010 LR29
2010 LT39
2010 LU69
2010 LB70
2010 LA73
2010 LB84
2010 LD84
2010 LG99
2010 LM128
2010 LX129
2010 LA132
2010 MP27
2010 MD33
2010 MR33
2010 MH34
2010 ME53
2010 MQ62
2010 MQ63
2010 MB64
2010 MQ73
2010 MK89
2010 MY90
2010 MF101
2010 MS115
2010 NC10
2010 NN24
2010 NY25
2010 NT86
2010 NK92
2010 NK103
2010 NG104
2010 NP107
2010 NW109
2010 ND112
2010 OY3
2010 OX10
2010 OH28
2010 OV32
2010 OX47
2010 OV69
2010 OJ83
2010 OM102
2010 PK1
2010 PM20
2010 PU31
2010 PD68
2010 PN79
2010 RM2
2010 RA3
2010 RJ21
2010 RN42
2010 RG57
2010 RX80
2010 RL81
2010 RB116
2010 RK179
2010 SH4
2010 SV22
2010 SX25
2010 SP32
2010 SN33
2010 TT9
2010 TQ17
2010 TV22
2010 TZ28
2010 TG57
2010 TA90
2010 TQ91
2010 TS98
2010 TE104
2010 TZ106
2010 TV108
2010 TU123
2010 TH127
2010 TQ151
2010 TX157
2010 UH10
2010 UH15
2010 UT33
2010 UV84
2010 UN92
2010 UL93
2010 UG103
2010 VH42
2010 VY56
2010 VA77
2010 VC77
2010 VJ130
2010 VX177
2010 VV182
2010 VG215
2010 WY6
2010 WA20
2010 WN21
2010 WV29
2011 AO9
2011 AX54
2011 AT66
2011 BE23
2011 BF31
2011 BF32
2011 BQ66
2011 BY75
2011 BP103
2011 BX111
2011 BX113
2011 BO115
2011 BG134
2011 BF135
2011 BV141
2011 CU7
2011 CY35
2011 CZ37
2011 CD52
2011 CR56
2011 CY103
2011 CU107
2011 DH32
2011 EG29
2011 EC46
2011 FY63
2011 FR79
2011 FE157
2011 GC50
2011 GD71
2011 GF79
2011 HV5
2011 HR17
2011 HB18
2011 HO32
2011 HX70
2011 HK89
2011 JQ10
2011 JM25
2011 KL26
2011 KQ26
2011 LK17
2011 OX11
2011 OT20
2011 OU31
2011 OW34
2011 OW42
2011 OZ43
2011 OB51
2011 OY57
2011 QT
2011 QX5
2011 QW29
2011 QL52
2011 QX59
2011 QQ62
2011 QA63
2011 QZ68
2011 QC69
2011 QA73
2011 QO79
2011 QT83
2011 RY7
2011 RD12
2011 RN17
2011 SN4
2011 SQ22
2011 SM34
2011 SW46
2011 SD53
2011 SV78
2011 SY88
2011 SF110
2011 SM110
2011 SF113
2011 SP113
2011 SQ130
2011 SB142
2011 SD144
2011 SH144
2011 SS144
2011 SX149
2011 SQ156
2011 SO168
2011 SH169
2011 SD170
2011 SP170
2011 SC174
2011 SG184
2011 SY186
2011 SZ186
2011 SX187
2011 SQ193
2011 SU193
2011 SP196
2011 SD223
2011 SO232
2011 SZ255
2011 SA276
2011 TC
2011 TX16
2011 UV1
2011 UE3
2011 UW9
2011 UM16
2011 UQ25
2011 UR31
2011 UK41
2011 UE81
2011 UO83
2011 UY94
2011 UR100
2011 UE103
2011 UB106
2011 UP380
2011 UB123
2011 UK125
2011 UT138
2011 UP399
2011 UO406
2011 UY407
2011 UM167
2011 UU189
2011 UJ204
2011 UM223
2011 UX237
2011 UO241
2011 UQ245
2011 UD246
2011 UU257
2011 UK263
2011 UW274
2011 UB275
2011 UV301
2011 UH332
2011 UC359
2011 VO14
2011 WG92
2011 WQ93
2011 WJ143
2011 WY153
2012 AO17
2012 BW4
2012 BZ65
2012 BF73
2012 CG2
2012 CT26
2012 DA24
2012 DG41
2012 DY41
2012 DX64
2012 FF9
2012 FT11
2012 GJ14
2012 HH7
2012 HP30
2012 HY78
2012 JX5
2012 JD9
2012 JP61
2012 KU47
2012 LA1
2012 LR9
2012 MQ9
2012 PE18
2012 PK18
2012 PR22
2012 PY23
2012 PD41
2012 PB44
2012 QK3
2012 QV4
2012 QR6
2012 QQ12
2012 QR12
2012 QF34
2012 QH35
2012 QF38
2012 QK40
2012 RC30
2012 RL30
2012 RH35
2012 RY35
2012 RP39
2012 RF40
2012 SJ10
2012 SD21
2012 SK25
2012 SK26
2012 SA27
2012 SH30
2012 ST37
2012 SH49
2012 SJ49
2012 SP51
2012 ST65
2012 TT1
2012 TS9
2012 TK18
2012 TE19
2012 TW21
2012 TM22
2012 TP26
2012 TV28
2012 TB49
2012 TK51
2012 TB64
2012 TT84
2012 TK92
2012 TT97
2012 TS102
2012 TC108
2012 TV112
2012 TQ128
2012 TU130
2012 TP145
2012 TL146
2012 TO157
2012 TT161
2012 TX163
2012 TB174
2012 TS183
2012 TN193
2012 TL200
2012 TH222
2012 TP223
2012 TA226
2012 TR242
2012 TU249
2012 TG258
2012 TD270
2012 TF273
2012 TY274
2012 TX295
2012 TR297
2012 TK309
2012 TT320
2012 UU2
2012 UJ4
2012 UL8
2012 UG28
2012 UA43
2012 UD43
2012 UT51
2012 UU65
2012 UV75
2012 UU81
2012 UF91
2012 UV96
2012 UZ99
2012 UN100
2012 UY102
2012 UL176
2012 VK4
2012 VU5
2012 VC8
2012 VP9
2012 VZ13
2012 VE14
2012 VW31
2012 VW38
2012 VY58
2012 VO68
2012 VM69
2012 VN73
2012 VG75
2012 VW85
2012 VT103
2012 VY103
2012 VE108
2012 VW110
2012 VL113
2012 WF3
2012 WU9
2012 XK6
2012 XV19
2012 XY141
2013 AX1
2013 AR13
2013 AH54
2013 AO99
2013 AD101
2013 AX137
2013 AQ158
2013 AE164
2013 AC173
2013 AV174
2013 BO74
2013 BD79
2013 CJ17
2013 CL32
2013 CL33
2013 CF37
2013 CA38
2013 CF44
2013 CE46
2013 CF68
2013 CW104
2013 CA110
2013 CS142
2013 CQ172
2013 CX173
2013 CQ185
2013 CO190
2013 EY1
2013 EV8
2013 ER21
2013 EM30
2013 EV31
2013 ER65
2013 EV118
2013 GB29
2013 GZ40
2013 GM65
2013 HO2
2013 HD17
2013 HC22
2013 HW39
2013 HN49
2013 HM55
2013 HN63
2013 HN64
2013 HU64
2013 HB66
2013 HD67
2013 HG73
2013 HV77
2013 HM93
2013 HY95
2013 HJ101
2013 HL101
2013 HK105
2013 HU109
2013 HL116
2013 HG120
2013 HA129
2013 HR130
2013 HH142
2013 HJ142
2013 JZ16
2013 JU44
2013 LP9
2013 LN23
2013 NL13
2013 NY20
2013 PJ30
2013 PG66
2013 PQ68
2013 PY68
2013 QJ5
2013 QX16
2013 QP18
2013 QE25
2013 QT28
2013 QR29
2013 QD35
2013 QK35
2013 QQ42
2013 QT42
2013 QE73
2013 QG73
2013 QK75
2013 QZ78
2013 QO79
2013 RF12
2013 RO38
2013 RR40
2013 RL41
2013 RE50
2013 RP51
2013 RR52
2013 RS61
2013 RE63
2013 RW65
2013 RZ67
2013 RP77
2013 RW77
2013 RT93
2013 RJ94
2013 RO95
2013 SG14
2013 SY17
2013 SM25
2013 SC33
2013 SL34
2013 SU34
2013 SC36
2013 SK36
2013 SN43
2013 SH45
2013 SN45
2013 SZ47
2013 SF53
2013 SN53
2013 SF57
2013 TW
2013 TR10
2013 TG13
2013 TE20
2013 TZ21
2013 TH22
2013 TC23
2013 TF32
2013 TR36
2013 TV45
2013 TO70
2013 TS80
2013 TT97
2013 TB98
2013 TB102
2013 TU106
2013 TJ107
2013 TO107
2013 TG132
2013 TE144
2013 UR12
2013 VL15
2013 WR28
2013 WK31
2013 XA15
2013 YD62
2013 YD65
2013 YX93
2013 YL102
2013 YS114
2014 AB1
2014 AR13
2014 AR21
2014 AG44
2014 BL44
2014 CN4
2014 CS14
2014 DQ19
2014 DX22
2014 DX40
2014 DR48
2014 DA51
2014 DS62
2014 DM120
2014 EA3
2014 EW32
2014 FS10
2014 FV34
2014 FE68
2014 HL18
2014 HM18
2014 HE27
2014 HA36
2014 HY37
2014 HU43
2014 HG47
2014 HT83
2014 HO188
2014 JK2
2014 JT38
2014 JW40
2014 JE46
2014 JG59
2014 JB64
2014 JT70
2014 KE16
2014 KH19
2014 KE25
2014 KE32
2014 KS92
2014 KA93
2014 LA
2014 LK
2014 MH39
2014 NU6
2014 NH10
2014 NV12
2014 NO18
2014 NL31
2014 NQ45
2014 NH51
2014 OS6
2014 OT12
2014 OG13
2014 OR15
2014 OK17
2014 OM21
2014 OP21
2014 OT23
2014 OP27
2014 OF31
2014 OE32
2014 OX32
2014 OV35
2014 OW36
2014 OZ36
2014 OF37
2014 OM41
2014 OV41
2014 OJ43
2014 OT43
2014 OX43
2014 OR44
2014 OO45
2014 OS46
2014 OX48
2014 OU50
2014 OK51
2014 OL51
2014 ON52
2014 OZ52
2014 OG61
2014 OW64
2014 OL67
2014 OA68
2014 OS103
2014 OW371
2014 OS113
2014 OX116
2014 OH117
2014 OE133
2014 OW136
2014 OC138
2014 OA140
2014 OL144
2014 OC145
2014 OS145
2014 OR146
2014 OP148
2014 OU148
2014 OK173
2014 OC181
2014 OE187
2014 OB200
2014 OJ200
2014 OA205
2014 OW205
2014 OD206
2014 OF206
2014 OY208
2014 ON213
2014 OU240
2014 OA241
2014 OH278
2014 OR302
2014 OR309
2014 OZ311
2014 OG312
2014 OQ313
2014 OZ313
2014 OK319
2014 OY321
2014 OQ325
2014 OX325
2014 OG326
2014 OK327
2014 OL330
2014 OV340
2014 OW357
2014 PX2
2014 PJ3
2014 PA11
2014 PC16
2014 PC23
2014 PE28
2014 PJ31
2014 PC35
2014 PK46
2014 PH65
2014 PZ68
2014 QS3
2014 QE47
2014 QH85
2014 QN361
2014 QZ361
2014 QA372
2014 QX126
2014 QS129
2014 QB131
2014 QA137
2014 QA397
2014 QS137
2014 QV398
2014 QX138
2014 QY141
2014 QF143
2014 QR143
2014 QH147
2014 QM148
2014 QP148
2014 QQ148
2014 QQ150
2014 QC427
2014 QQ170
2014 QV170
2014 QP174
2014 QK175
2014 QB178
2014 QP188
2014 QH225
2014 QB229
2014 QM231
2014 QO236
2014 QE238
2014 QY240
2014 QJ244
2014 QG265
2014 QJ283
2014 QX303
2014 QK313
2014 QW313
2014 QC315
2014 QU315
2014 QQ316
2014 QY321
2014 QS348
2014 QX353
2014 RQ3
2014 RO29
2014 RQ45
2014 RC46
2014 RJ46
2014 SA13
2014 SC24
2014 SM25
2014 SF31
2014 SZ36
2014 SF61
2014 SQ92
2014 SW96
2014 SD100
2014 SN101
2014 SU118
2014 SE125
2014 SG125
2014 SN128
2014 SL140
2014 SP156
2014 SS156
2014 SC165
2014 SM172
2014 SF180
2014 SR186
2014 SC196
2014 SF233
2014 SC264
2014 SV286
2014 SA287
2014 SQ313
2014 SX325
2014 SC339
2014 SL341
2014 TT4
2014 TS5
2014 TM28
2014 TW38
2014 TN43
2014 TV62
2014 TC85
2014 UR3
2014 US63
2014 UQ80
2014 UY80
2014 UC99
2014 UJ103
2014 UU118
2014 UE153
2014 VM29
2014 WD1
2014 WN25
2014 WK29
2014 WT30
2014 WR56
2014 WL68
2014 WJ72
2014 WU83
2014 WJ93
2014 WS165
2014 WM101
2014 WX102
2014 WJ134
2014 WH136
2014 WO401
2014 WE165
2014 WS165
2014 WP430
2014 WA444
2014 WL201
2014 WX222
2014 WY223
2014 YJ7
2014 YK7
2014 YN12
2015 AO28
2015 AY31
2015 AG34
2015 AW37
2015 AX37
2015 AD39
2015 AV43
2015 AY220
2015 AU245
2015 AU264
2015 BL31
2015 BE33
2015 BC66
2015 BU73
2015 BG100
2015 BR100
2015 BR109
2015 BE128
2015 BM129
2015 BJ134
2015 BO401
2015 BS404
2015 BJ148
2015 BU411
2015 BY159
2015 BQ425
2015 BQ451
2015 BR196
2015 BZ457
2015 BO201
2015 BP201
2015 BN210
2015 BL211
2015 BZ472
2015 BX221
2015 BG224
2015 BX232
2015 BY236
2015 BF248
2015 BA249
2015 BB249
2015 CD12
2015 CW40
2015 CW43
2015 CR48
2015 CQ61
2015 DP35
2015 DS47
2015 DD55
2015 DR55
2015 DG72
2015 DT74
2015 DF90
2015 DK114
2015 DG120
2015 DG214
2015 EN3
2015 EF4
2015 EK11
2015 EF22
2015 EM57
2015 FJ1
2015 FK11
2015 FR15
2015 FA21
2015 FD88
2015 FU139
2015 FE151
2015 FC252
2015 FG296
2015 FZ316
2015 FX322
2015 FX324
2015 GM17
2015 GP21
2015 GH29
2015 GQ29
2015 GF31
2015 GB37
2015 HF25
2015 HN30
2015 HA39
2015 HP42
2015 HJ62
2015 HL66
2015 HO69
2015 HE79
2015 HA84
2015 HL92
2015 HA93
2015 HT101
2015 HZ126
2015 HY142
2015 HM162
2015 HD173
2015 HU174
2015 HH175
2015 KF20
2015 KA25
2015 KJ25
2015 KW38
2015 KQ39
2015 KY45
2015 KQ49
2015 KZ58
2015 KW60
2015 KN74
2015 KD110
2015 KA125
2015 KF128
2015 KA146
2015 KO149
2015 KC154
2015 KC160
2015 LG30
2015 MY8
2015 MA10
2015 MQ46
2015 MW48
2015 MA51
2015 MC51
2015 MT56
2015 MR58
2015 MY62
2015 MQ65
2015 MQ68
2015 MR69
2015 MW79
2015 MF81
2015 MN85
2015 MA90
2015 MV103
2015 MB129
2015 ND5
2015 NL17
2015 NN25
2015 NQ25
2015 OA
2015 OQ6
2015 OU25
2015 OB36
2015 OX40
2015 OJ42
2015 OM47
2015 OC71
2015 OJ74
2015 OE76
2015 PK1
2015 PW1
2015 PB4
2015 PJ6
2015 PA31
2015 PQ31
2015 PP36
2015 PK38
2015 PZ38
2015 PH39
2015 PG40
2015 PF48
