id
2705
4788
5728
5915
6413
6716
7295
7675
8448
8655
8801
8880
8954
9121
9435
9961
10053
10185
11537
11567
11723
11940
12009
12085
12661
12834
13313
13798
14170
14513
15355
16443
16495
16518
16848
17088
17785
19230
20791
21992
22417
22571
22838
23499
24740
25058
25371
26263
26290
26333
26632
27065
27714
27981
28227
28845
29329
29642
30812
30821
31387
33480
35024
35047
35679
35839
36472
36695
36946
38348
39723
40719
42174
43907
44357
45830
47991
48008
49074
49362
49683
50310
50315
53224
54172
55577
56626
58715
60280
61991
63700
63767
64061
74719
76884
94540
95035
111953
136193
145532
217886
222695