id
9084
12267
18882
18929
20043
24481
24644
25337
26714
27601
28441
29996
33322
33831
34745
39563
40231
40241
40264
41574
41660
43334
43357
43869
44583
44590
44641
45839
46513
46625
47135
49762
51377
51385
51418
51424
51634
52460
53421
53422
53427
53432
53440
53452
54684
54881
56334
56352
56358
58107
58468
58920
59978
61097
63513
63762
64031
65750
65844
66152
67284
67335
67378
68350
68613
68724
69142
69935
69961
71734
71745
72938
73924
74440
74510
74511
74537
76841
76848
76858
77961
79135
79447
80022
80024
80091
80101
80108
82061
82070
82076
82077
83990
85047
86025
86035
86193
86279
86296
86321
86419
88226
88242
88243
89992
90215
90216
91091
91450
92166
92207
94345
95712
95779
96298
96322
96334
96535
96573
97203
97342
97515
97784
99047
99270
99286
100211
100598
101185
101331
101737
101806
101808
101815
101820
101821
101861
103803
104581
104770
105122
105174
105377
105440
105536
105947
106189
106541
106769
106821
107148
107373
110758
111200
111692
111693
111828
115900
116401
117323
117692
119962
121228
121351
124141
127541
127586
128346
128424
130350
131413
133058
134422
138526
141491
144911
146135
146695
150609
160138
160609
160847
160939
170140
173374
175902
176348
177660
188077