id
870
1710
3203
6146
6192
7239
9144
9514
10107
10318
12336
13709
14083
14923
16244
18503
19398
19516
19761
21008
21265
22254
25041
26857
29068
29235
29286
29289
31538
31906
32154
32802
34546
36403
37133
37274
40398
42404
42517
42685
42821
42843
47443
47466
47580
48663
49334
51595
52015
52812
53024
53025
53090
54936
55058
55881
56013
57192
58200
58573
58779
58982
59192
59225
59249
59491
60948
61029
61245
61306
62838
63157
63507
63630
63963
64782
65034
66194
68051
69349
70291
72156
72957
73541
74047
74093
74121
74740
75544
77928
79142
79152
79230
79865
80389
81211
83141
84480
85178
85195
86454
86853
86860
87089
88433
88607
88697
89005
89273
89703
90084
90118
90700
92361
92771
94955
96813
98215
100034
100891
101391
102495
102703
103367
104802
106350
106873
107579
108619
113074
113479
113801
113871
114425
114708
117101
118304
119238
120007
120297
120355
120458
122195
124363
124641
126322
129774
130169
132388
133087
133113
133120
133260
133318
137413
137454
137597
137661
141911
142547
144032
144142
145785
147041
147055
147059
148034
148199
148301
148758
149265
149267
150135
150191
150694
151919
152702
153383
155678
155679
155994
156207
157109
157116
157176
157994
158991
159006
159473
159487
159629
160100
160101
160115
160745
160768
160804
161103
162525
162757
163754
164392
164451
165221
165269
165312
165397
171774
172534
173244
173539
174571
174572
174672
174793
175829
176083
177161
178153
183095
183262
183313
183675
185704
186505
187780
189216
189637
189643
189644
189667
190754
190756
190816
190865
190889
190937
191599
193149
193883
194029
194568
194586
194594
194625
194668
194689
197543
197923
200350
200762
201961
204285
204354
204418
205924
209104
210050
210065
210667
210725
211116
211137
211492
212455
213554
213561
214554
214604
214878
216814
217182
217210
217502
217951
218104
218114
218129
219096
219235
219288
219292
220005
220062
220101
220123
221615
223065
223066
223139
224021
224083
226176
226275
229353
229944
230142
231128
232070
232255
234228
234516
234973
236113
237493
237624
237762
238104
239905
240336
240589
241667
242442
244327
244697
244735
245190
245218
246149
246665
246886
247752
247766
247775
248536
248627
250300
250359
250370
250385
252154
253597
253607
253620
253744
255586
257669
257948
257997
259877
259974
260033
264830
266059
267241
267539
267985
269641
269725
273466
275536
276379
277226
279883
279919
279936
279971
280006
282484
282499
284775
285372
285566
285589
285607
286814
287376
287702
287904
288756
289844
290068
290869
291965
292163
292619
293595
297132
297485
298834
298850
300277
301162
301813
302005
304814
304955
306676
310377
310461
313677
314158
316879
317516
317692
317789
321206
322242
323063
323684
326544
326560
326640
326673
326829
327175
329523
329552
329554
329564
331474
331482
331719
331751
332038
332040
332745
332749
334531
334616
335289
335290
336051
337739
339645
339657
339781
339844
339956
339994
340062
340069
340877
344243
345292
347665
347699
347818
350251
350278
350646
350675
350739
350745
351004
352652
354081
354138
357346
357509
357579
358529
359382
359713
361640
361738
362344
363033
366350
366706
366716
367066
368921
370009
371371
371383
371436
371439
371608
373506
374893
376973
376994
378165
378183
380706
382430
382641
384407
385351
386685
387855
390829
395399
395405
396809
396858
397527
398571
399288
399347
399349
402219
402872
402947
403024
404995
405467
405474
406407
406441
408818
409036
410323
410377
410379
410402
412019
414060
416326
416447
417418
417934
418060
419535
419737
420822
423040
423861
424411
427700
430052
430462
430913
434282
434533
434587
434891
435078
435515
435537
435635
436135
436790
437873
438254
438285
1991 TT16
2000 SV345
2000 YM141
2001 QK211
2001 QE261
2001 QY264
2001 ST139
2001 TT99
2001 TP162
2001 VU5
2001 VR83
2001 WC65
2001 XF169
2002 LC35
2002 OL37
2002 PH11
2002 PJ66
2002 PE120
2002 PX180
2002 QU
2002 RR58
2002 RY75
2002 RY224
2002 RA279
2002 SG36
2002 SM69
2002 TR55
2002 TT60
2002 TB368
2002 VU98
2002 WH2
2002 WY26
2003 SF164
2003 SL205
2003 UY26
2003 YC87
2004 PT8
2004 PE40
2004 PK114
2004 QB14
2004 QR27
2004 RQ48
2004 RY65
2004 RE226
2004 RH334
2004 TG42
2004 TQ273
2004 VF30
2004 VH37
2005 MK15
2005 MD23
2005 QM140
2005 SA16
2005 SB63
2005 SY64
2005 SN71
2005 SX174
2005 SH223
2005 TA10
2005 TV54
2005 TA154
2005 UA24
2005 UD61
2005 UG450
2005 UC480
2005 UW220
2005 UX530
2005 UR336
2005 UQ351
2006 OP8
2006 PM12
2006 QR
2006 QA18
2006 RA5
2006 RH48
2006 SE18
2006 SZ35
2006 SU124
2006 SV250
2006 UG63
2006 UR200
2006 UY220
2006 US227
2006 UV255
2006 UA282
2006 VV100
2006 WQ38
2006 WT78
2006 XC36
2007 DE1
2007 HF88
2007 OQ5
2007 OB11
2007 QJ16
2007 RU48
2007 RT119
2007 RZ298
2007 TA11
2007 TW75
2007 TZ102
2007 TA374
2007 TP133
2007 TN171
2007 TF199
2007 TC246
2007 TA286
2007 TJ288
2007 UP10
2007 VY44
2007 VZ82
2007 VD105
2007 VA113
2007 VM155
2007 VT334
2008 KJ35
2008 PX6
2008 RC57
2008 SZ33
2008 ST66
2008 SJ123
2008 SR159
2008 TN4
2008 TB153
2008 TL166
2008 UB129
2008 UA142
2008 UC323
2008 VG5
2008 VB68
2008 WX132
2008 YG35
2009 BE69
2009 GH3
2009 HB49
2009 KQ37
2009 SM57
2009 SS271
2009 TS12
2009 TX31
2009 UB13
2009 WS69
2009 WW82
2009 WL159
2010 JP125
2010 MK5
2010 MN25
2010 OT25
2010 OF88
2010 QF5
2010 RO176
2010 UR16
2010 VA13
2010 VP22
2010 XO3
2010 XD5
2010 XR56
2011 BU22
2011 HQ12
2011 QS10
2011 QV12
2011 QE26
2011 QM49
2011 QC68
2011 SL129
2011 SS247
2011 UB3
2011 UD79
2011 UO405
2011 UH279
2011 UW321
2011 US336
2011 VR12
2011 WE82
2012 BN40
2012 HV33
2012 JP66
2012 LG5
2012 QM16
2012 RE4
2012 RM24
2012 SV54
2012 TV29
2012 TB90
2012 TM294
2012 UB2
2012 UD29
2012 US143
2012 UJ162
2013 AN28
2013 CJ94
2013 GZ76
2013 LO6
2013 PB20
2013 QV83
2013 RY43
2013 WZ26
2013 WG106
2013 XV21
2014 KU8
2014 KU33
2014 KZ75
2014 LR15
2014 LZ15
2014 MC44
2014 NP51
2014 NV52
2014 NZ59
2014 OQ43
2014 OJ45
2014 OH132
2014 OC170
2014 OM190
2014 OQ288
2014 PY23
2014 PO44
2014 PZ52
2014 PX55
2014 QT46
2014 QH87
2014 QW406
2014 QO297
2014 QU321
2014 SW156
2014 ST299
2014 TF22
2014 TL75
2014 UC114
2014 VV13
2014 VA23
2014 WB370
2015 CT61
2015 DA100
2015 FA296
2015 LT26
2015 LM39
1997 SM14
1998 RT43
1999 UH20
2001 QE288
2001 RU56
2001 RE109
2001 TB62
2002 QQ24
2002 QE91
2002 VW137
2003 SA24
2003 SW227
2004 EV96
2004 PT5
2004 PA110
2004 QW13
2004 RU288
2005 QG138
2005 TV176
2005 UJ34
2005 UF215
2005 VQ41
2005 VZ59
2005 VQ125
2006 BB26
2006 BP28
2006 BW189
2006 CR5
2006 KN53
2006 QA32
2006 RW113
2006 SM148
2006 SV152
2006 SE324
2006 VD124
2006 WV77
2006 XN72
2007 AF24
2007 LE4
2007 RX107
2007 RV135
2007 TG433
2007 TC177
2007 UY66
2007 VT82
2007 YS34
2008 CQ69
2008 QO19
2008 QT27
2008 RG92
2008 RC145
2008 SV10
2008 SG85
2008 SS120
2008 TT151
2008 UR155
2008 UH173
2008 UH227
2008 UT282
2008 UW325
2008 UC358
2009 HP40
2009 JM17
2009 KZ32
2009 PM2
2009 QQ36
2009 SN271
2009 TD23
2009 UK39
2009 VN94
2009 VF115
2009 WC14
2010 AW86
2010 AW93
2010 AG120
2010 BX11
2010 BJ54
2010 DZ6
2010 HQ23
2010 HU32
2010 HF35
2010 HQ38
2010 HL72
2010 LA34
2010 MZ63
2010 ME93
2010 OZ59
2010 QG5
2010 RN2
2010 RM43
2010 RD73
2010 RC88
2010 TU177
2010 VM101
2010 VA214
2011 AR28
2011 BB18
2011 BX115
2011 EE44
2011 HJ30
2011 OB19
2011 OO20
2011 OJ25
2011 PZ6
2011 QW33
2011 QG35
2011 QF54
2011 SV257
2011 UG63
2011 UG255
2011 WP50
2011 WS73
2012 BO114
2012 BR140
2012 QJ1
2012 SJ14
2012 TN16
2012 TQ26
2012 US31
2012 UV39
2012 VT91
2012 XL58
2013 AE124
2013 AW150
2013 CV38
2013 GM131
2013 HZ59
2013 HK63
2013 HL120
2013 HU137
2013 MQ4
2013 PA4
2013 PS26
2013 PA48
2013 RV66
2013 XU15
2014 HZ34
2014 HX81
2014 KQ12
2014 KH22
2014 OT211
2014 PN65
2014 QH
2014 QW205
2014 QV228
2014 TV4
2014 UN195
2014 WN71
2014 WZ276
2014 WY273
2014 WZ276
2015 AM158
2015 BB7
2015 BH53
2015 BE122
2015 BB203
2015 HD72
2015 KB26
2015 MF7
2015 MC78
2015 ON26
2015 OR40
2015 PC41
