id
12837
14535
16791
20182
20493
20850
21747
22469
22473
22489
22873
23246
23314
23677
23722
23881
25129
25664
25770
26312
26371
26600
27084
27620
28321
28633
28878
29486
29812
30154
30195
30552
31111
31127
31189
31951
31955
31967
32547
32607
33026
33063
33072
33687
34058
34487
36460
36692
38636
38638
38693
38797
39799
39846
40158
40475
40738
41317
42109
42129
42181
42576
42815
43050
43499
44205
44430
45302
45749
45991
46010
48273
48324
48738
48769
49456
49659
49753
51056
52650
52809
53317
53671
54063
54205
54223
54336
54724
54739
54865
54929
54999
55168
55585
56477
56711
57414
57791
58057
58571
58602
58754
59349
60378
60973
61023
61072
61196
61240
61262
61640
62631
63759
63765
63985
64594
64655
64730
64940
65033
65244
66230
66553
66904
67021
68199
68396
69064
69505
70424
70838
70952
71102
71335
72316
72713
73479
73890
73901
73908
73918
73941
73949
73962
74505
74594
74643
74826
74896
75228
75263
75476
76229
77158
77206
77568
77880
77959
78179
79375
79457
79764
80259
80460
80559
80820
81152
81678
82165
82345
82388
82400
82447
82591
83279
83429
83921
84118
84339
84895
84900
84935
84952
85427
85428
85440
85443
85644
86091
86132
86753
87166
87349
87672
88166
88287
88429
88576
88921
89073
89153
89258
89573
90316
90354
90946
90993
91595
91840
92313
92559
92694
92987
93073
94056
94404
94432
94808
94814
94823
94836
94918
95086
95095
95100
95107
95507
95748
95756
96352
96354
96370
96372
97818
97964
98047
98390
98453
98929
99062
99487
99860
100518
100537
100579
100606
100634
101061
101108
101645
102224
102911
102945
103005
103571
103986
103987
104966
106727
107039
107538
108353
108548
108691
108711
108747
108803
108925
109148
109165
109404
109436
109866
109945
110012
110114
110284
110720
111108
111580
111768
111915
112146
113360
113508
113670
114968
115040
115613
115855
116301
116546
116617
116688
117165
117199
117335
118247
118312
119083
119703
120301
120912
121054
122498
122963
124132
124456
125193
125331
125471
125611
125798
125918
125962
127345
127454
127459
128070
128144
128366
128805
128901
129312
130409
131153
131349
131371
131795
131920
132006
132080
132761
133078
133438
134274
134578
134838
136228
137497
137520
137633
138149
138425
138814
139689
139783
140260
141291
142760
143316
144206
144377
145311
145820
146348
146721
147145
147573
147881
148452
148534
149203
149683
150280
150576
150598
150740
150996
151004
151137
152748
153523
153756
153907
155740
156144
156179
157076
157223
157230
157664
158350
158392
159003
159325
159676
160204
160244
160415
160697
162065
162079
162206
162817
162838
163318
163423
163721
164290
164685
165598
166418
166470
166542
167784
168380
168513
169944
170138
170399
171695
172624
172786
173654
174797
175819
175988
176142
176189
176191
176801
176957
177206
177972
177986
178766
178931
179619
179959
180026
180074
181062
181070
181858
182342
182372
182941
183104
183367
183739
183878
183923
184428
185640
186011
186758
187176
187639
188676
189069
189465
189908
190097
190313
190781
190913
190943
190945
190979
190984
191230
192037
192203
192431
192667
193502
193664
194628
194635
195113
195980
196603
197460
197467
197556
197663
197789
197854
198241
198448
198954
199683
200060
200124
200247
201613
201968
202011
202501
202913
202920
203190
203298
203540
204310
204571
204769
205005
205019
205139
205973
206125
206464
206980
207100
207258
207985
208293
209323
210059
210134
210994
213079
213160
213211
213608
213856
217822
218497
221688
222678
223465
224236
225316
225781
225932
226190
228415
230176
230263
230283
230514
231925
232104
232118
232984
233650
233754
234029
234314
234963
235061
236556
236635
237037
238039
238358
239169
239541
239692
239811
240354
244214
244248
245689
245831
246263
246422
246893
246897
247295
249465
249653
250387
250445
251879
252360
252473
253275
256559
256605
259062
259232
259597
259628
262781
262840
264479
265147
266997
267124
267927
267965
267987
269269
269415
270223
272356
273698
275521
275522
275523
275743
276023
277525
277959
278160
278896
280030
280911
281194
281454
282264
283088
283962
283983
284012
284413
284799
285217
285435
285524
285874
285906
285951
286185
287187
287779
288641
288735
288787
288973
289027
289640
289860
290791
291906
291982
292068
292075
293669
293956
295508
295717
295959
296339
297291
298772
298785
300894
300927
301880
303282
306414
306598
306845
306867
307007
310388
310543
310875
311573
311645
313180
314853
315154
315250
315270
315295
315387
316423
316712
316780
317093
317183
317796
317945
322478
322929
323842
325026
325853
328509
328974
329512
331612
333278
333361
334036
334161
335456
336278
337392
337840
338189
339015
341969
343258
343801
344978
346369
347585
348709
350454
350892
352658
355098
357162
358045
364583
365636
368592
370081
371650
372736
375460
378331
385305
385391
385725
388162
389312
391396
393132
394388
394930
398442
399693
400916
404559
405326
407310
408483
409309
411379
411401
411420
412427
414324
414374
415878
416540
417243
417887
419465
419504
422651
424600
424854
426463
427169
427398
430217
434512
435561
435709
436310
436801
436920
437560
438450
438834
439273
1997 HB4
2001 PX3
2002 SM61
2003 SD240
2004 FK67
2004 RT24
2004 RY153
2006 DO120
2006 KL117
2006 SW44
2006 SZ402
2006 VL9
2007 JB41
2007 RR199
2008 GV48
2008 RE87
2008 SY160
2008 TC19
2008 TH113
2008 UD130
2008 UB283
2010 SB23
2010 TF21
2010 UK50
2011 BN31
2011 SE86
2011 SH179
2011 UW39
2011 UD247
2011 UY362
2011 UL236
2011 UD247
2012 TO21
2012 TV21
2012 TG125
2013 BP8
2013 BA26
2013 CK137
2013 HQ84
2013 PZ53
2013 QS16
2013 YD75
2014 OQ94
2014 QP27
2014 QS413
2014 TX81
2015 BY
2015 FA
2015 MC52