id
136
244
254
281
287
291
298
317
336
345
367
440
453
525
540
553
700
703
707
722
728
823
841
851
871
929
1063
1089
1139
1185
1219
1307
1377
1446
1486
1492
1494
1513
1549
1562
1602
1621
1696
1717
1729
1744
1790
1793
1798
1804
1806
1810
1855
1856
2030
2094
2108
2122
2194
2195
2233
2280
2283
2284
2367
2371
2383
2411
2438
2472
2480
2486
2500
2535
2564
2581
2635
2656
2665
2668
2675
2678
2689
2691
2719
2736
2746
2764
2806
2812
2828
2841
2854
2862
2883
2912
2916
2955
2975
3029
3031
3033
3057
3100
3121
3166
3200
3233
3260
3272
3307
3356
3364
3370
3410
3414
3435
3437
3448
3465
3517
3521
3533
3590
3605
3607
3644
3653
3668
3672
3706
3749
3762
3763
3764
3810
3825
3840
3912
3917
3927
4023
4032
4033
4055
4087
4089
4137
4146
4148
4171
4172
4185
4204
4225
4231
4276
4320
4329
4362
4387
4403
4415
4443
4475
4488
4541
4548
4552
4586
4604
4606
4610
4634
4640
4670
4689
4693
4710
4743
4774
4798
4806
4810
4824
4858
4881
4979
4987
5003
5015
5044
5073
5086
5112
5124
5179
5195
5214
5227
5237
5278
5313
5365
5404
5440
5456
5481
5491
5500
5524
5536
5543
5593
5598
5601
5665
5713
5728
5743
5766
5782
5827
5829
5858
5875
5887
5911
5915
5930
5933
5978
5990
6055
6089
6123
6126
6151
6171
6196
6197
6226
6244
6253
6258
6274
6290
6303
6305
6319
6330
6347
6367
6436
6460
6494
6506
6555
6558
6584
6629
6640
6658
6728
6779
6808
6817
6851
6863
6873
6935
6943
6954
6970
7068
7116
7148
7154
7185
7190
7228
7242
7283
7296
7309
7319
7343
7360
7436
7441
7470
7475
7479
7484
7500
7515
7590
7619
7632
7672
7929
7945
7974
7976
7978
8003
8107
8121
8129
8139
8164
8177
8190
8237
8298
8299
8309
8310
8311
8331
8335
8349
8367
8394
8395
8396
8425
8426
8441
8448
8460
8488
8506
8554
8649
8686
8687
8702
8703
8705
8761
8796
8817
8820
8837
8853
8918
8936
8964
8977
9044
9050
9062
9147
9182
9197
9198
9204
9223
9231
9249
9329
9336
9345
9365
9382
9420
9432
9450
9477
9508
9541
9698
9703
9704
9723
9748
9780
9791
9933
9946
9949
9958
9961
9971
10003
10047
10067
10070
10101
10127
10136
10161
10181
10202
10238
10250
10254
10300
10301
10312
10364
10365
10373
10403
10432
10438
10446
10480
10493
10503
10510
10519
10523
10524
10538
10542
10585
10617
10650
10661
10677
10720
10730
10758
10760
10796
10822
10834
10835
10845
10849
10853
10895
10898
10901
10905
10939
10958
10960
10961
10973
11006
11010
11042
11068
11120
11160
11174
11194
11230
11240
11242
11270
11297
11365
11430
11450
11460
11593
11595
11623
11626
11630
11635
11673
11681
11690
11697
11715
11724
11727
11737
11802
11806
11809
11811
11842
11871
11877
11891
11920
11952
12007
12017
12078
12093
12094
12099
12110
12118
12143
12210
12288
12289
12297
12335
12338
12369
12399
12430
12450
12457
12459
12464
12469
12474
12581
12599
12604
12723
12727
12785
12833
12863
12883
12895
12934
12947
13036
13163
13191
13194
13198
13213
13234
13235
13241
13280
13302
13316
13371
13374
13455
13498
13530
13600
13607
13624
13635
13655
13661
13662
13696
13719
13721
13727
13733
13751
13824
13847
13877
13894
13929
13943
13993
14023
14085
14155
14209
14221
14292
14301
14307
14312
14369
14381
14412
14419
14423
14523
14784
14786
14798
14884
15095
15133
15145
15228
15238
15253
15289
15295
15375
15513
15547
15548
15608
15624
15632
15634
15711
15734
15741
15749
15776
15812
15819
15852
15854
15884
15885
15902
15910
15999
16043
16062
16095
16106
16127
16136
16301
16321
16341
16396
16409
16416
16475
16530
16574
16580
16600
16617
16633
16643
16700
16731
16737
16811
16813
16820
16830
16869
16957
16966
16973
16980
16982
17015
17041
17044
17056
17072
17240
17290
17331
17345
17379
17409
17472
17495
17499
17504
17546
17548
17631
17709
17710
17712
17716
17875
17882
17892
17895
17896
17913
17916
17926
17936
17956
17962
17995
17996
18056
18118
18162
18243
18247
18251
18259
18265
18267
18308
18327
18415
18423
18456
18494
18500
18508
18570
18575
18576
18580
18581
18584
18585
18679
18747
18749
18752
18755
18767
18772
18773
18836
18840
18878
18926
18965
18991
19039
19073
19084
19098
19115
19138
19143
19157
19165
19167
19202
19229
19230
19233
19300
19391
19392
19395
19409
19438
19484
19542
19547
19577
19637
19809
19816
19838
19857
19883
19885
19924
19949
19969
19988
20004
20005
20035
20073
20074
20076
20142
20145
20152
20156
20171
20228
20230
20246
20252
20266
20276
20279
20294
20305
20308
20318
20323
20329
20337
20352
20360
20381
20431
20491
20507
20537
20571
20574
20595
20616
20771
20856
20881
20886
20914
20917
20919
20921
20935
20957
20990
21032
21103
21163
21185
21263
21280
21286
21289
21291
21295
21300
21301
21318
21325
21328
21379
21382
21388
21417
21434
21435
21440
21442
21449
21451
21458
21483
21501
21505
21513
21612
21615
21619
21657
21658
21702
21707
21709
21715
21716
21729
21730
21739
21770
21781
21803
21814
21843
21864
21935
21936
21969
22065
22167
22207
22210
22212
22244
22268
22269
22272
22281
22333
22348
22354
22375
22402
22459
22460
22467
22515
22526
22528
22545
22561
22576
22619
22771
22780
22781
22789
22811
22819
22834
22839
22858
22859
22862
22874
22875
22885
22897
22905
22908
22911
22944
22945
23110
23111
23231
23249
23259
23310
23329
23330
23332
23345
23346
23423
23580
23584
23625
23626
23627
23628
23630
23631
23637
23641
23645
23723
23734
23751
23753
23761
23798
23981
24006
24025
24051
24052
24074
24084
24096
24105
24113
24130
24138
24157
24170
24189
24422
24527
24632
24673
24679
24681
24708
24744
24746
24814
24834
24893
24896
24901
24903
24909
24911
24985
25161
25345
25348
25354
25374
25377
25391
25400
25415
25417
25426
25433
25436
25437
25444
25454
25511
25515
25544
25550
25577
25629
25679
25717
26022
26116
26127
26199
26233
26236
26237
26259
26391
26401
26404
26409
26413
26416
26425
26431
26436
26438
26448
26611
26748
26865
26881
26901
26941
27018
27025
27036
27039
27054
27060
27065
27066
27078
27080
27104
27121
27162
27246
27254
27262
27328
27347
27377
27380
27468
27593
27632
27646
27717
27775
27834
27924
28042
28043
28090
28101
28129
28132
28135
28136
28140
28160
28170
28179
28196
28199
28256
28450
28478
28486
28488
28522
28535
28555
28563
28624
28625
28713
28736
28771
28795
28855
29105
29152
29213
29272
29332
29361
29369
29608
29613
29637
29642
29661
29682
29693
29712
29717
29747
30015
30033
30101
30137
30156
30177
30217
30380
30416
30424
30544
30614
30618
30649
30652
30709
30749
30780
30846
30894
30916
30948
30952
31022
31023
31035
31122
31131
31362
31376
31383
31386
31405
31411
31417
31418
31422
31435
31462
31471
31487
31491
31508
31559
31573
31575
31595
31627
31643
31678
31892
31946
31948
31972
32056
32059
32069
32074
32121
32178
32302
32319
32341
32626
32638
32652
32785
32786
32840
32870
32908
32912
32914
32940
33022
33040
33082
33362
33376
33380
33397
33399
33417
33455
33462
33481
33487
33499
33522
33525
33556
33630
33642
33805
33810
33817
33882
33895
33941
33949
33954
34002
34021
34088
34090
34150
34161
34163
34164
34191
34229
34242
34259
34462
34505
34509
34544
34681
34702
34752
34837
34876
34884
34900
34950
34969
34982
34983
35067
35082
35113
35121
35166
35217
35232
35255
35259
35271
35356
35364
35365
35386
35425
35684
35698
35712
35714
35718
35722
35726
35739
35744
35751
35764
35770
35800
35802
35807
35820
35830
35866
35874
35878
35927
35934
35972
35974
36311
36355
36362
36391
36396
36419
36429
36436
36547
36558
36581
36594
36607
36619
36632
36636
36640
36651
36711
36731
36751
36767
36787
36793
36798
36802
36834
36908
36938
36947
37142
37305
37402
37406
37488
37497
37516
37672
37786
37791
37814
37819
37852
38082
38103
38115
38116
38127
38134
38137
38148
38150
38154
38159
38160
38162
38588
38643
38698
38699
38712
38779
38822
38824
38827
38838
38839
38843
38863
38882
38890
38917
38940
38941
38946
38950
38993
39025
39044
39051
39061
39318
39380
39418
39421
39424
39445
39465
39471
39476
39493
39494
39519
39556
39608
39611
39637
39683
39707
39708
39792
39813
39822
39825
39826
39848
39852
39854
39874
40257
40258
40267
40295
40301
40306
40335
40374
40406
40559
40715
41428
41495
41506
41534
41550
41556
41560
41565
41569
41572
41610
41643
41646
41649
41664
41689
41699
41712
41729
41736
41737
41760
41783
41821
41857
41870
41883
41903
41915
41917
41949
42001
42017
42023
42098
42285
42326
42329
42461
42475
42530
42557
42601
42602
42612
42614
42629
42632
42633
42638
42653
42656
42658
42659
42660
42680
42804
42826
42827
42869
42897
42909
42911
42914
42920
42921
42948
42953
43157
43268
43300
43326
43361
43374
43380
43388
43400
43415
43425
43443
43444
43446
43447
43451
43458
43463
43594
43649
43671
43702
43711
43719
43759
43789
43819
43861
43862
43885
43941
43942
43946
43953
43955
43964
44012
44031
44033
44035
44039
44041
44046
44048
44056
44058
44062
44066
44068
44069
44076
44082
44083
44123
44135
44141
44144
44147
44150
44155
44162
44166
44180
44188
44296
44522
44591
44598
44601
44603
44605
44606
44610
44621
44622
44626
44627
44633
44638
44644
44649
44651
44655
44656
44658
44660
44664
44668
44670
44673
44675
44680
44686
44690
44695
44698
44701
44703
44752
44755
44758
44762
44763
44764
44768
44775
44783
44785
44787
44812
44819
44823
44826
44828
44838
44859
44875
44906
44958
44965
44979
44995
45005
45042
45083
45086
45167
45196
45219
45797
45819
45821
45830
45836
45843
45854
45863
45869
45870
45876
45879
45891
45895
45896
45905
45916
45922
45926
45940
45947
45974
45985
45993
46002
46007
46049
46116
46117
46118
46370
46378
46423
46440
46476
46498
46501
46510
46529
46532
46593
46679
46680
46689
46690
46693
46694
46696
46700
46710
46758
46761
46768
46777
46784
46785
46796
46823
47148
47156
47161
47162
47163
47173
47174
47176
47179
47196
47197
47207
47208
47213
47229
47242
47251
47254
47258
47269
47285
47287
47288
47289
47297
47299
47302
47306
47317
47321
47345
47350
47357
47359
47384
47390
47399
47405
47427
47442
47446
47453
47459
47467
47477
47479
47498
47506
47562
47986
47989
48005
48026
48027
48043
48047
48051
48063
48082
48094
48150
48163
48170
48191
48291
48345
48347
48472
48496
48507
48510
48567
48641
48659
48664
48725
48730
48732
48733
48739
48846
48852
48871
48891
48903
48918
48938
48946
48957
48968
48976
48977
48986
48991
49005
49039
49069
49072
49123
49125
49129
49132
49156
49160
49170
49193
49201
49214
49219
49226
49271
49685
49687
49691
49696
49705
49711
49712
49726
49727
49736
49754
49755
49759
49765
49769
49776
49788
49791
49814
49815
49816
49825
49835
49842
49853
49873
49884
49891
49895
49899
49907
49908
49924
49941
49944
49946
49949
49951
49955
49970
49979
49990
50002
50016
50021
50027
50063
50070
50072
50081
50082
50084
50091
50101
50110
50132
50206
50213
50216
50217
51080
51441
51454
51499
51502
51598
51633
51640
51663
51676
51678
51687
51702
51737
52041
52097
52102
52125
52216
52240
52357
52369
52380
52493
52584
52796
52807
52835
52840
52841
52880
52881
52894
52907
52915
52953
52995
53000
53004
53029
53032
53067
53084
53093
53151
53425
53442
53459
53463
53476
53491
53493
53504
53506
53538
53540
53582
53591
53616
53661
53663
53696
53708
53717
53719
53731
53759
53763
53784
53785
53793
53824
53829
53854
53892
53893
53894
53895
53896
53900
53945
53972
53981
54002
54031
54067
54135
54169
54192
54195
54199
54215
54265
54283
54347
54417
54679
54876
54944
55082
55085
55096
55249
55260
55448
55778
55812
55983
55998
56045
56126
56140
56292
56295
56329
56364
56401
56408
56410
56411
56414
56424
56443
56510
56538
56544
56571
56602
56619
56625
56644
56658
56666
56672
56690
56706
57064
57301
57315
57379
57380
57384
57390
57396
57398
57496
57504
57638
57911
57939
57962
57965
58049
58113
58222
58232
58255
58317
58415
58423
58429
58469
58580
58607
58643
58708
58949
59031
59090
59209
59268
59309
59444
59476
59521
59537
59605
59607
59856
59918
60033
60061
60170
60185
60245
60283
60294
60326
60371
60394
60517
60564
60633
60653
60683
60710
60783
60884
60894
60905
60933
60950
60959
60962
60966
60988
60994
61002
61007
61051
61105
61130
61176
61193
61224
61274
61279
61280
61326
61344
61406
61516
61851
62186
62261
62280
62302
62401
62447
62521
62755
62809
62850
62856
62893
62898
62996
63011
63037
63174
63233
63282
63512
63551
63557
63558
63574
63579
63611
63633
63904
63941
63956
63962
63970
64008
64146
64187
64236
64260
64280
64338
64346
64425
64465
64569
64571
64573
64744
64789
64853
64920
64998
65010
65048
65180
65304
65317
65318
65324
65491
65542
65552
65642
65645
65663
65719
65721
65744
65781
65857
65878
65896
65957
65966
65976
66111
66197
66200
66224
66226
66236
66253
66260
66265
66279
66308
66319
66329
66340
66351
66563
66571
66593
66697
66972
67000
67265
67300
67321
67373
67406
67409
67427
67432
67436
67443
67452
67456
67469
67490
67501
67503
67507
67529
67541
67543
67546
67549
67553
67557
67558
67561
67567
67578
67580
67582
67584
67587
67592
67594
67595
67602
67605
67610
67622
67663
67688
67695
67711
67723
67749
67761
67764
67788
67862
67895
67967
67969
67993
68006
68009
68068
68139
68142
68309
68342
68401
68443
68491
68510
68563
68609
68689
68761
68783
68943
68958
68978
69012
69147
69161
69165
69253
69340
69348
69441
69442
69449
69454
69458
69459
69565
69569
69570
69571
69588
69593
69595
69596
69611
69612
69619
69623
69640
69642
69643
69646
69647
69653
69676
69710
69722
69725
70046
70057
70058
70059
70060
70070
70085
70087
70098
70102
70138
70145
70152
70186
70199
70233
70248
70267
70292
70306
70392
70478
70487
70647
70693
70700
70703
70864
71751
71756
71762
71772
71783
71786
71788
71795
71802
71803
71811
71812
71817
71823
71825
71827
71829
71835
71846
71852
71854
71857
71863
71874
71877
71887
71888
71889
71890
71892
71895
71900
71904
71906
71909
71913
71939
71941
71944
71946
71949
71950
71951
71961
71974
71987
72002
72005
72006
72023
72024
72028
72045
72063
72086
72089
72099
72111
72134
72136
72142
72144
72160
72190
72198
72237
72281
72284
72304
72312
72387
72423
72450
72929
72980
72996
72999
73048
73089
73095
73097
73100
73101
73108
73130
73133
73140
73181
73190
73192
73208
73240
73255
73268
73271
73285
73287
73326
73329
73381
73383
73423
73565
73591
73594
73667
73743
73747
73846
73849
73861
73971
73973
73978
73985
73986
73988
73994
73998
74009
74030
74033
74036
74037
74043
74048
74061
74103
74186
74536
74542
74556
74565
74566
74568
74604
74608
74611
74649
74672
74709
74716
74731
74734
74754
74785
74841
74876
74877
74881
74924
74926
74934
74936
74941
74949
74951
74956
74969
74971
74984
74986
74988
74993
75004
75032
75040
75055
75069
75087
75103
75117
75122
75140
75149
75150
75156
75163
75170
75208
75214
75217
75221
75227
75242
75260
75264
75288
75290
75295
75324
75408
75424
75435
75521
75535
75543
75561
75568
75585
75593
75617
75632
75653
75749
76829
76844
76851
76860
76879
76882
76886
76890
76894
76925
76931
76936
76942
76950
76959
76960
76962
76966
76970
76974
76976
76980
76982
76984
77000
77003
77013
77025
77027
77039
77067
77078
77084
77088
77101
77102
77105
77111
77114
77132
77134
77143
77151
77170
77174
77176
77187
77189
77203
77215
77227
77229
77230
77233
77238
77256
77264
77269
77271
77292
77317
77324
77341
77394
77400
77405
77406
77414
77428
77434
77436
77483
77485
77542
77543
77582
77585
77924
77968
77976
77987
77991
78011
78019
78031
78033
78124
78236
78358
78427
78542
78563
78597
78661
78827
78894
78916
78922
78929
78930
78944
78979
78995
79016
79062
79080
79208
79210
79250
79292
79306
79352
79353
79362
79363
79369
79377
79379
79381
79387
79393
79507
79568
79595
79651
79711
79752
80103
80115
80116
80118
80126
80135
80151
80221
80230
80235
80236
80243
80247
80270
80288
80290
80291
80312
80317
80326
80331
80334
80337
80338
80349
80362
80365
80367
80401
80407
80408
80413
80416
80417
80419
80425
80474
80476
80491
80498
80501
80509
80525
80533
80543
80550
80571
80576
80589
80621
80622
80637
80652
80679
80692
80702
80704
80750
80767
80795
80939
81002
81033
82072
82116
82129
82241
82254
82263
82282
82353
82452
82466
84082
84107
84112
84161
84165
84190
84193
84205
84279
84282
84292
84295
84421
84453
84485
84486
84496
84503
84506
84520
84521
84541
84564
84570
84627
84633
84715
84729
84746
84748
84968
84989
85004
85121
85199
85203
85216
85219
85277
85292
85352
85435
85449
85457
85462
85494
85565
85594
85728
85753
85806
85810
85835
85837
85922
85954
86067
86336
86347
86349
86350
86395
86400
86416
86421
86434
86458
86469
86475
86478
86492
86493
86504
86531
86540
86567
86592
86596
86601
86639
86658
86661
86700
86754
86758
86890
86945
86946
86949
88191
88290
88348
88373
88459
88494
88654
88905
88931
89056
89082
89189
89466
89984
90039
90047
90088
90094
90101
90138
90526
90531
90549
90792
90802
90843
90854
90859
90932
91209
91219
91230
91235
91238
91240
91256
91257
91259
91271
91290
91300
91308
91332
91364
92286
92288
92295
92305
92307
92318
92338
92358
92371
92393
92402
92414
92420
92501
92599
92623
92657
94368
94371
94395
94399
94427
94448
94450
94476
94480
94485
94487
94490
94493
94494
94525
94538
94543
94580
94613
94633
94638
94644
94658
94685
94705
94756
94761
94839
94861
94877
94884
94911
94943
94989
95001
95009
95081
95740
96079
96199
96208
96252
96349
96357
96611
96619
96622
96633
96637
96663
96665
96678
96707
96710
97633
97664
97703
97752
97782
97792
97800
97801
97811
97836
97847
97848
97853
97859
97876
97880
97898
97915
97919
97920
97958
97966
97967
97972
97980
97981
97990
97997
97998
98014
98019
98041
98042
98053
98096
98105
98110
98119
98126
98132
98156
98174
98185
98190
98195
98201
98217
98218
98242
98273
98278
98328
98330
98349
98353
98373
98403
98406
98424
98433
98443
98445
98446
98454
98455
98466
98469
98476
98484
98518
98556
98603
98605
98621
98683
98694
98701
98714
98737
99181
99337
99339
99347
99348
99349
99350
99355
99357
99358
99360
99363
99369
99374
99375
99445
99454
99478
99486
99500
99524
99526
99537
99541
99555
99572
99580
99594
99597
99642
99643
99650
99655
99676
99679
99727
99769
99772
99790
99804
100142
100193
100284
100287
100304
100441
100470
100576
100685
100701
100719
100744
100749
100764
100765
100771
100789
100798
100801
100829
100838
100902
101804
101822
101844
101853
101859
101935
101947
101966
101971
101989
102003
102030
102043
102073
102155
102176
102219
102236
102312
102365
102372
102398
102411
102572
102662
102751
102788
102824
102834
102976
103035
103064
103105
103111
103114
103134
103218
103248
103323
103333
103351
103360
103431
103486
103506
103526
103543
103544
103554
103589
103662
103675
103701
103822
103920
104006
104058
104080
104089
104242
104385
104396
104459
104577
105145
105169
105283
105292
105332
105355
105404
105470
105607
105631
105640
105669
105676
105684
105697
105780
105830
105863
105892
105918
106002
106008
106012
106106
106202
106220
106250
106263
106277
106289
106321
106322
106329
106377
106397
106409
106411
106431
106434
106437
106480
106482
106488
106512
106515
106524
106539
106572
106591
106594
106608
106680
106734
106747
106748
106788
106802
106834
106837
106842
106854
106858
106872
106878
106910
106911
106929
106950
106951
106976
106994
106999
107023
107074
107089
107100
107165
107166
107187
107193
107240
107242
107262
107304
107333
107404
107428
107440
107449
107455
107463
107478
107497
107500
107501
107505
107509
107516
107523
107555
107573
107597
107745
107766
107790
107791
107811
107820
107941
107947
107986
108009
108013
108021
108041
108062
108107
108136
108162
108255
108265
108267
108370
108400
108520
108887
108888
109457
109521
109653
110034
111051
111206
111325
111336
111622
111641
111655
111728
111730
111786
111826
111837
111861
111863
111870
111893
111919
111927
111947
111979
111982
111983
111984
112002
112028
112038
112050
112057
112072
112075
112077
112101
112104
112116
112124
112128
112129
112132
112136
112140
112144
112151
112171
112182
112206
112210
112212
112222
112235
112238
112246
112249
112251
112252
112280
112285
112326
112611
112693
112736
112875
112920
112937
113017
113211
113485
113567
113799
113865
113879
113960
113990
113991
113997
114038
114058
114088
114233
114321
114331
114344
114372
114375
114764
114860
115024
115026
115096
115110
115134
115143
115155
115164
115237
115258
115267
115280
115293
115376
115397
115421
115446
115490
115566
115570
115650
115652
115698
115719
115758
115779
115799
115803
115820
115864
115869
115911
115934
115947
115972
116002
116029
116058
116102
116105
116106
116107
116136
116440
116528
116610
116611
116614
116660
116715
116731
116739
116743
116765
116775
116801
116809
116841
116899
116960
116977
117031
117064
117082
117456
117491
117506
117606
117693
117719
117723
117724
117725
117737
117786
117819
117827
117845
117911
117925
117981
118092
118287
118508
118547
118548
118567
118606
119098
119127
119171
119193
119211
119400
119970
119980
119983
120023
120189
120264
120401
120533
120612
120871
120899
120910
120984
121511
121802
121889
121953
121999
122044
122074
122077
122089
122163
122170
122171
122863
122992
124140
124180
124305
124381
124444
124480
124563
124614
124621
124622
124694
124708
124741
124892
124932
124958
124973
124974
125021
125029
125034
125071
125073
125090
125149
125177
125183
125206
125220
125233
125268
125357
125400
125450
125470
125480
125485
125658
125675
125681
125717
125756
125760
125804
125903
125979
125989
126317
127475
127516
127721
127766
127834
127891
127980
128017
128302
128316
128384
128386
128746
129181
129193
129313
129532
129600
129735
129743
129744
129747
129756
129795
129803
129811
130387
130398
130401
130412
130423
130451
130472
130519
130533
130560
130576
130600
130654
130655
130658
130662
130798
130875
131507
131513
131516
131525
131526
131527
131531
131533
131538
131541
131552
131554
131558
131560
131571
131579
131589
131591
131599
131614
131620
131623
131630
131642
131651
131659
131689
131718
131725
131734
131745
131749
131753
131771
131778
131781
131820
131835
131852
131856
131921
131955
132031
132067
132070
132103
132141
132293
132396
133064
133075
134013
134053
134253
134514
134549
134604
134622
134761
134883
134906
134913
134917
134919
134920
134925
134926
134933
134950
134952
134955
135298
135382
135530
135535
135566
135586
135627
135638
135644
135656
135657
136164
136180
136189
136216
136420
136423
136430
136462
136490
136776
136780
136811
136846
136852
136858
136863
136910
137223
137233
137314
137318
137358
137373
137375
137388
137389
137390
137392
137400
137421
137445
137449
137476
137481
137534
137551
137552
137650
137708
137750
137802
137829
137844
137885
137916
138022
138724
138880
138882
138886
138891
138897
138902
138915
138928
138929
138934
138936
138938
138940
138952
138967
138993
138994
139001
139005
139011
139014
139019
139022
139028
139033
139041
139043
139049
139050
139053
139057
139071
139075
139097
139099
139103
139123
139128
139132
139133
139134
139137
139140
139148
139160
139193
139209
139232
139261
139281
139337
141453
141457
141527
141536
141540
141541
141543
141561
141568
141579
141582
141599
141617
141633
141637
141644
141647
141658
141659
141663
141667
141676
141677
141689
141713
141716
141739
141759
141773
141845
141856
141861
141884
142003
142019
142101
142107
142153
142167
142387
142482
142654
142885
142954
143091
143666
143668
143674
143683
143689
143693
143702
143709
143713
143714
143716
143717
143722
143729
143732
143739
143744
143746
143748
143762
143774
143786
143790
143796
143802
143805
143811
143812
143814
143817
143824
143826
143828
143834
143837
143840
143842
143845
143857
143863
143871
143872
143882
143894
143898
143907
143929
143935
143940
143946
143949
143965
143966
144023
144030
144065
144109
144146
144219
144246
144563
144896
144939
144974
145004
145049
145052
145054
145072
145143
145169
145177
145204
145243
145248
145271
145288
145300
145359
145447
145623
145694
145738
145749
145900
145906
145909
145910
145923
145940
145941
146037
146254
146270
146294
146963
146972
147009
147011
147021
147047
147064
147070
147074
147077
147130
147142
147450
147506
147508
147513
147515
147533
147553
147584
147602
147603
147707
147718
147737
147748
147961
147963
148003
148129
148134
148145
148181
148195
148208
148222
149226
149264
149284
149286
149332
149333
149359
149363
149378
149414
149565
149566
149568
149570
149577
149585
149586
149591
149631
149642
149651
149660
149675
149722
149732
149790
149795
149806
149829
149841
149856
149938
150060
150077
150275
150346
150348
150355
150365
150371
150388
150445
150796
150860
151514
151543
151567
151571
151639
151664
151882
151889
151951
151959
151962
152001
152147
152153
152186
152243
152244
152253
152313
152569
152689
152911
152926
152951
152984
153326
153425
153438
153553
153556
153719
154274
154374
154636
155061
155124
155456
155602
155653
156023
156042
156109
156234
156762
156825
156880
157596
157600
158239
158242
158619
158840
159344
159557
159574
159753
159764
160003
160028
160072
160073
160074
160079
160384
160387
160431
160896
160919
160921
160922
161269
161473
161488
161615
161735
161742
161745
161767
162000
162017
162072
162078
162154
162482
162490
162535
162629
162699
162709
163009
163017
163020
163025
163027
163031
163036
163041
163047
163048
163049
163055
163061
163062
163068
163092
163096
163099
163105
163137
163140
163141
163159
163172
163237
163709
163712
163728
164229
164241
164242
164244
164251
164254
164260
164281
164431
164488
164636
164655
164688
164694
164790
165178
165181
165186
165189
165205
165230
165240
165256
165267
165270
165277
165299
165316
165341
165875
165950
165957
165958
165961
165962
165972
165974
165976
165982
165988
166001
166020
166029
166030
166033
166034
166035
166049
166051
166053
166054
166056
166063
166067
166077
166089
166100
166103
166105
166106
166134
166185
166220
166254
166258
166281
166283
166287
166923
166930
166931
166935
166942
167722
167726
167736
167741
167750
167759
167764
168055
168076
168092
168098
168106
168122
168140
168152
168161
168179
168390
168457
168763
168776
168800
168808
168827
168834
168845
168868
168931
168945
169413
169435
169445
169452
169453
169458
169474
169485
169488
169491
169500
169506
169511
169512
169518
169527
169534
169536
169549
169555
169560
169562
169573
169574
169575
169583
169585
169594
169595
169608
169614
169626
169644
169656
169666
169719
170331
170349
170353
170391
170398
170400
170411
170457
170521
170572
170900
170901
170909
170911
170913
170920
170928
170931
170942
171085
171261
171292
171293
171306
171319
171327
171409
171462
171480
171672
171699
171707
171708
171717
171737
171739
171746
171754
171781
172077
172078
172080
172082
172091
172093
172095
172100
172102
172104
172110
172112
172117
172123
172124
172135
172139
172142
172454
172484
172487
172506
172553
172558
172571
172615
172623
172639
172847
172856
172866
172884
172951
172982
172983
173092
173104
173125
173160
173177
173238
173277
173333
173496
173517
173528
173531
173533
173534
173541
173548
173555
173566
173569
173596
173689
174091
174093
174094
174102
174108
174111
174117
174122
174186
174583
174609
174616
174623
174624
174627
174629
174631
174660
174682
174687
174697
174734
174758
174759
174762
174763
174764
174792
174798
174875
175143
175146
175159
175163
175174
175193
175195
175205
175208
175210
175212
175213
175214
175216
175220
175221
175224
175255
175273
175315
175467
175540
175543
175567
175783
175842
175850
175874
175973
176010
176018
176065
176071
176072
176073
176075
176078
176090
176092
176097
176111
176115
176129
176139
176524
176600
176605
176614
176626
176629
176659
176662
176711
176731
176781
177150
177156
177169
177176
177180
177181
177185
177187
177190
177191
177199
177208
177209
177217
177218
177219
177239
177248
177260
177265
177306
177312
177337
177379
177388
177406
177426
177664
177673
177683
177684
177691
177694
177696
177698
177699
177705
177714
177726
177735
177742
177746
177750
177751
177752
177777
177779
177959
177966
178027
178058
178060
178081
178095
178102
178194
178328
178362
178368
178462
178483
178547
178763
178765
178773
178774
178785
178786
178794
178813
178816
179417
179589
179651
179653
179675
179685
179771
179809
180193
180203
180209
180212
180218
180221
180223
180229
180231
180249
180250
180253
180259
180262
180266
180268
180272
180282
180286
180287
180306
180307
180323
180338
180343
180354
180355
180387
180395
180400
180412
180421
180431
180797
180817
180828
180829
180833
180838
180840
180846
180854
180857
180860
180862
180875
180878
180880
180894
180906
180921
180924
180933
181002
181284
181328
181365
181370
181401
181404
181438
181452
181468
181469
181486
181491
181520
181604
181733
181784
181786
181791
181875
181880
181896
181897
181962
182003
182120
182190
182234
182236
182237
182249
182251
182254
182963
182964
183004
183024
183038
183046
183052
183055
183059
183110
183132
183142
183186
183196
183213
183264
183321
183548
183571
183598
183611
183619
183631
183637
183652
183653
183670
183671
183672
183690
183698
183731
183755
183800
183805
183840
183842
183856
183857
183885
183890
183900
183922
183944
183988
183997
184291
184294
184304
184310
184329
184335
184338
184347
184354
184357
184360
184363
184368
184377
184383
184386
184396
184397
185031
185058
185077
185084
185090
185093
185095
185108
185119
185126
185157
185184
185190
185192
185208
185223
185243
185262
185268
185298
185307
185313
185335
185370
185401
185551
185560
185562
185579
185581
185589
185597
185634
185639
185950
185956
185958
185965
186409
186411
186414
186441
186507
186650
186669
186674
186676
186678
186679
186682
186687
186718
186720
186743
186752
186772
186802
186827
187032
187038
187079
187495
187501
187507
187515
187521
187545
187552
187559
187565
187566
187602
187668
187673
187685
187704
187827
187936
188205
188232
188253
188354
188361
188362
188366
188371
188382
188439
188582
188590
188641
188665
188855
188857
188895
188973
188979
189314
189323
189348
189393
190156
190157
190170
190232
190342
191932
192256
193038
193785
193806
194130
194143
194259
194353
194480
194587
194870
196349
197598
198873
199015
199018
199019
199173
199306
199420
199822
199828
200730
200854
202009
202032
202398
202528
202685
202710
202928
203276
203288
203395
203397
203398
203894
204282
204710
204723
205213
205294
205309
205476
205550
205602
205618
205644
205650
205651
205662
205676
205684
205691
205713
205752
205801
205880
205918
206343
206930
206939
206977
206981
207036
207191
207395
207400
207406
207409
207415
207430
207435
207451
207473
207499
207695
207738
207752
208418
208469
208478
208489
208497
208498
208504
208512
208530
208533
208549
208571
208574
208578
208579
208590
208598
208599
208656
209030
209536
209543
209556
209579
209923
209955
209965
209984
209988
210010
210014
210192
210266
210308
210409
210538
210734
210801
210889
210981
211005
211006
211014
211015
211025
211026
211027
211029
211036
211049
211052
211055
211057
211070
211071
211075
211076
211084
211101
211124
211146
211168
211175
211206
211924
211930
211935
211937
211943
211945
211958
211967
211998
212033
212366
212371
212379
212383
212386
212387
212388
212391
212405
212407
212688
212721
212727
212749
212765
212878
212880
212970
213011
213205
213423
213428
213442
213452
213454
213456
213460
213461
213463
213467
213477
213481
213483
213485
213490
213500
213506
213508
213511
213518
213522
213523
213524
213854
214120
214122
214125
214129
214133
214136
214144
214146
214161
214185
214218
214254
214522
214525
214535
214881
214886
214915
214932
214939
214953
214954
215115
215191
215196
215233
215238
215383
215385
215386
215393
215403
215406
215414
215417
215434
215478
215603
215610
215631
215634
215647
215821
215832
215843
215845
215862
215864
215866
215868
215893
215916
216041
216068
216086
216185
216322
216326
216339
216349
216356
216399
216468
216471
216520
216570
216575
216582
216585
216659
216709
216716
216718
216774
216786
216857
216901
216902
216923
217263
217266
217500
217504
217513
217578
217637
218158
218177
218307
218310
218320
218325
218331
218339
218343
218558
218584
218816
218819
218822
218825
218827
218830
218941
218964
219032
219172
219179
219208
219277
219473
219482
219990
220010
220012
220025
220030
220031
220036
220045
220082
220093
220134
220174
220211
220454
220455
220460
220463
220464
220466
220468
220472
220476
220512
220520
220528
220548
220912
220919
220942
220946
220950
220965
221517
221522
221529
221534
221551
221562
221563
221564
221568
221582
221586
221590
221844
221875
221876
221884
221890
222098
222125
222147
222222
222400
222413
222913
222943
222944
222970
222973
222991
223009
223037
223046
223096
223104
223478
223493
223496
223497
223511
223518
223520
223534
223535
223545
223557
223559
223564
223581
223583
224023
224060
224092
224795
224796
224798
224799
224814
224815
224829
224831
224842
224843
224850
224856
225100
225105
225108
225123
225143
225145
225162
225168
225190
225201
225300
225315
225376
225406
225634
225653
225658
226114
226125
226149
226162
226174
226206
226230
226241
226579
226594
226600
226611
226622
226640
226660
226671
227067
227073
227080
227116
227138
227177
227243
227327
227422
227766
227780
227782
227786
227803
227822
228026
228052
228058
228060
228136
228212
228289
228426
228697
228698
228702
228745
228747
228750
228755
228763
228770
228771
228781
228804
228826
229314
229446
229888
229896
229923
229950
229989
229995
230000
230169
230455
230606
230796
230808
231131
231149
231183
231208
231445
231602
231607
232306
232411
233086
233109
233209
233543
234371
234555
234975
235732
236283
237014
237599
238082
238860
239520
239967
239969
239998
240791
241596
241833
242644
242790
243816
243830
244082
244236
244330
245157
245763
246077
246640
246773
247353
247407
247838
248209
248223
248595
248687
249041
249371
249373
249398
249457
249726
249741
249746
249781
250006
250016
250022
250027
250030
250034
250040
250059
250064
250067
250072
250282
250321
250345
250357
250572
250573
250586
250593
250594
250973
250984
250989
251347
251348
251368
251373
251381
251542
251547
251548
251549
251668
251794
252062
252066
252071
252072
252074
252088
252097
252104
252116
252128
252172
252184
252214
252677
252691
252693
252703
252707
252709
252721
252722
252734
252761
252769
252779
252802
252805
252824
252830
252854
252855
252867
252872
252875
252880
253025
253405
253443
253458
253460
253472
253509
253523
253558
253581
253605
253643
253646
253647
253682
253684
253686
253688
253727
253795
253812
254431
254432
254434
254435
254442
254450
254452
254457
254473
254477
254481
254487
254500
254505
254527
254547
254553
254554
254563
254566
254568
254584
254585
254592
254597
254614
254620
254651
255528
255533
255543
255559
255566
255788
255842
255852
256563
256569
256571
256573
256578
256594
256602
256604
256610
256611
256643
256656
256659
256661
256668
256669
256678
256679
256696
256762
256793
256797
256815
256843
256937
257220
257222
257250
257269
257275
257286
257287
257313
257331
257343
257353
257358
257478
257500
257582
257858
257865
257883
257893
257905
257934
257942
257944
258601
258603
258611
258626
258637
258645
258649
258659
258665
258680
258694
258697
258701
258703
258708
258710
258721
258724
258736
258738
258742
258754
258770
258786
258789
258895
258942
259426
259428
259434
259446
259471
259474
259486
259500
259507
259512
259557
259565
259568
259585
259608
259614
259640
259654
259656
259681
259699
259735
259737
259790
259803
259864
260406
260413
260441
260477
260484
260485
260487
260500
260503
260507
260517
260518
260523
260536
260554
260555
260569
260578
260579
260582
260586
260590
260597
260601
260614
260617
260622
260638
260639
260677
260681
260683
260722
260737
261875
261878
261912
261924
261975
262011
262070
262114
262141
262223
262245
262266
262303
262359
262371
262396
262446
262473
262476
262504
262551
262583
262828
263088
263089
263108
263109
263113
263123
263131
263133
263138
263151
263157
263168
263179
263183
263192
263196
263207
263233
263234
263245
263253
263256
263273
263284
263292
263328
263345
263363
263373
263375
263409
263452
263470
263484
263519
263613
263675
263919
263964
264224
264257
264449
264773
264774
264880
264921
265101
265107
265121
265122
265132
265141
265142
265151
265174
265184
265230
265237
265251
265496
265501
265503
265512
266091
266113
266117
266130
266139
266145
266146
266148
266151
266161
266164
266165
266167
266171
266180
266181
266190
266194
266210
266211
266264
266471
266472
266476
266481
266495
266500
266502
266503
266507
266509
266530
266563
266566
266575
266577
266593
266607
266782
266828
266870
266917
266981
267019
267092
267108
267110
267231
267528
267629
267630
267632
267673
267675
267824
267874
267882
267883
267889
267890
267898
267921
267929
267932
267939
267956
267967
267994
268255
268301
268329
268758
268780
268792
268797
268814
268816
268817
268823
268835
268842
268844
268859
268874
268892
268948
269050
269145
269159
269160
269166
269170
269180
269182
269191
269199
269201
269208
269212
269213
269392
269429
269445
269468
269515
269553
269815
270017
270235
270506
270542
270574
270609
270628
270678
270715
270806
270828
270834
271389
271394
271413
271424
271429
271433
271437
271444
271455
271456
271462
271466
271482
271489
271503
271517
271527
271552
272014
272036
272043
272051
272067
272107
272116
272120
272127
272196
272239
272240
272353
272390
272404
272540
272696
273289
273295
273303
273307
273329
273350
273382
273393
273402
273416
273431
273433
273440
273442
273443
273448
273465
273482
273502
273515
273521
273606
273645
273664
273693
274071
274078
274145
274150
274158
274166
274184
274187
274210
274216
274830
274872
274887
274921
274947
274953
274991
275088
275109
275147
275218
275223
275317
275331
275373
275437
275475
275497
275507
275539
275868
276130
276193
276225
276299
276406
276587
276639
276661
276704
276710
276728
276733
276737
276759
277021
277042
277140
277164
277165
277301
277303
277332
277337
277372
277410
277950
278004
278009
278024
278035
278051
278056
278081
278082
278100
278114
278126
278127
278149
278175
278522
278582
278587
279115
279152
279207
279252
279260
279488
279501
279635
279659
279686
279725
280061
280217
280251
280456
280463
280471
280476
280747
280765
280769
280792
280800
280803
280820
281102
281114
281147
281179
281197
281350
281386
281907
281978
282117
282338
282650
282887
282908
283043
283242
283258
283568
283752
284081
284401
284897
285087
285091
285190
285243
285674
285840
286124
286329
286561
286660
286715
286742
286744
286770
286775
286778
286780
286781
286940
286943
287025
287112
287164
287217
287373
287512
287698
287735
287911
287921
287956
287971
288031
288064
288128
288195
288196
288359
288816
288830
288987
289259
289300
289391
289419
289442
289448
289457
289472
289504
289505
289570
289631
289632
289678
290708
291037
291460
291611
291643
291700
291721
291783
291796
291837
291843
291970
291989
292049
292056
292066
292101
292121
292244
292292
292299
292704
292705
292774
292852
292873
292892
292913
292960
292974
293006
293007
293112
293183
293555
293614
293723
293746
293750
293776
293812
293843
293902
293992
294001
294202
294220
294252
294307
294309
294333
294436
294444
294494
294499
294501
294525
294526
294542
294578
294603
294608
294613
294703
294706
294732
294761
294775
294776
294783
294796
294814
294826
294827
294850
294853
294905
294910
294928
294948
295050
295127
295142
295143
295181
295189
295255
295292
295313
295341
295359
295363
295419
296331
296332
296368
296376
296398
296412
296421
296519
296624
296714
296739
297131
297143
297172
297187
297209
297267
302114
302115
302136
302822
304776
305999
306175
306181
306574
306843
306855
306987
307045
307166
307567
307821
307871
308051
308054
308055
308126
308133
308165
308183
308246
308641
308720
308899
308976
309389
309432
310108
310462
310535
310564
310588
310615
310626
310634
310635
310648
310669
310692
310985
311158
311208
311556
311561
311567
311572
311577
311578
312015
312019
312094
312120
312148
312217
312495
312496
312501
312529
312555
312558
312563
312567
312784
313262
313271
313285
313318
313321
313352
313739
313754
313994
313995
313997
314045
314058
314065
314067
314074
314092
314119
314144
314614
314625
314633
314637
314645
315207
315211
315232
315237
315240
315261
315311
315331
315421
315974
315978
315991
315995
316000
316002
316005
316007
316009
316013
316023
316025
316026
316035
316037
316055
316067
316080
316213
316315
316360
316691
317199
317201
317209
317220
317221
317233
317239
317250
317285
317291
317295
317297
317304
317329
317334
317621
317830
317961
318300
318360
318371
318410
318426
318464
318469
318568
318767
318902
319034
319419
319425
319432
319473
319602
319974
320298
320310
320312
320342
320364
320365
320369
320392
320407
320427
320433
320435
320440
320464
320518
320521
320538
320576
320585
320663
320686
320769
320878
321274
321276
321283
321287
321291
321294
321301
321307
321565
321853
321865
321875
321887
321922
321952
321953
321960
321985
322229
322277
322305
322517
322567
322681
322911
322912
322930
322933
322941
322944
322950
322958
323251
323271
323279
323291
323292
323294
323385
323638
323646
323652
323656
323661
323699
323702
324330
324357
324404
324451
324463
324863
324866
324867
324874
324875
324877
324881
324885
324898
324900
324902
324906
324913
324918
324930
324934
324935
324945
324948
324955
324957
324975
324986
325046
325057
325396
325397
325398
325401
325404
325408
325411
325412
325804
325809
325817
325821
325828
325830
325835
325843
325925
325931
325954
325964
325985
326132
326145
326170
326204
326278
326493
326494
326755
326801
326839
326854
326872
326875
326930
326940
327099
327102
327104
327110
327123
327130
327131
327135
327143
327683
327704
327713
327774
327801
327815
328056
328060
328064
328066
328067
328068
328069
328073
328076
328079
328084
328091
328095
328097
328099
328121
328131
328137
328149
328160
328163
328190
328202
328205
328274
328904
328916
328925
328948
328949
328950
328951
328959
328960
328988
329185
329192
329203
329209
329215
329645
329656
329680
329707
329727
329880
329882
329888
329890
329891
329896
330257
330269
330276
330283
330314
330315
330337
330519
330538
330546
330548
330549
330551
330553
330558
330568
330570
330583
330586
330591
330600
330605
330610
330635
330644
330897
331117
331133
331141
331143
331151
331164
331378
331393
331395
331401
331438
331550
331673
331875
331893
331976
331981
332258
332259
332266
332272
332281
332291
332298
332309
332314
332317
332441
332445
332447
332450
332453
332455
332460
332463
332733
332856
332860
332871
332911
333153
333169
333177
333179
333221
333254
333274
333370
333557
333839
333947
334516
334564
334968
334974
335196
335219
335274
335332
335667
335668
335670
335673
335676
335678
335700
335714
335716
335726
335845
336054
336055
336082
336573
336574
336575
336582
336587
336600
336620
336648
336768
336797
336805
336827
337048
337235
338124
338143
338281
338877
338910
338922
338947
338983
339588
339598
339612
339629
339672
339687
339778
339849
339968
340050
340091
340096
340833
340839
340887
340892
340926
340937
341062
341069
341097
341890
341905
341948
343168
343176
343237
343239
343246
343283
343291
343321
343726
343773
343784
343785
343831
343878
343923
343937
343950
343965
344022
344821
345136
345181
345192
345195
345258
345734
345798
345825
346368
346467
346896
346935
347251
347379
347396
347460
347667
347777
348237
348320
348512
349200
349500
349586
349600
350064
350365
350581
352848
353783
358468
358505
359772
360719
361098
361116
363030
363154
363159
363209
363235
363279
363656
364131
364572
364633
364642
365074
365148
365157
365158
365201
365510
365566
365582
365604
366150
366191
366635
366779
366790
367050
367059
367266
367270
367274
367284
367300
367310
367493
367686
367688
367694
367695
367707
367711
367717
367887
367893
367900
367944
367954
367955
368134
368145
368155
368198
368348
368647
369015
369023
369028
369034
369036
369041
369053
369061
369248
369453
369455
369458
369465
369469
369488
369489
369500
369516
369518
369519
369521
369691
369699
369701
369744
369764
369767
369769
369894
370507
370527
370548
370558
370568
370838
370856
370860
370867
370886
370891
370909
370911
371331
371400
371429
371478
371575
371790
371831
371835
371836
371841
371856
371858
371861
371874
371876
371891
371898
371902
371906
371947
372325
372348
372351
372370
372789
372793
372797
372807
372808
372812
372815
372818
372824
372828
372835
372838
372851
372855
372856
372864
372868
373135
373149
373167
373169
373171
373173
373176
373179
373201
373203
373257
373271
373498
373784
373899
373913
373929
373934
373949
374198
374207
374229
374234
374237
374252
374258
374655
374694
374701
374735
374749
374752
374755
374760
374768
374785
374809
374811
374812
374821
374840
374845
374891
375139
375145
375147
375156
375157
375159
375165
375170
375193
375203
375204
375212
375230
375235
375676
375699
375789
376072
376079
376080
376084
376085
376086
376088
376094
376096
376110
376114
376115
376116
376158
376377
376378
376381
376383
376388
376389
376391
376399
376408
376414
376426
376427
376485
376492
376662
376820
376948
376949
377148
377150
377158
377209
377228
377229
377262
377265
377302
377478
377485
377488
377517
377518
377529
377553
377574
378000
378008
378014
378025
378034
378035
378036
378055
378071
378112
378131
378133
378140
378158
378176
378182
378185
378305
378537
378542
378543
378555
378557
378559
378561
378562
378563
378575
378585
378589
378608
378609
378623
378646
378651
378666
378697
379148
379193
379523
379529
379530
379534
379535
379555
379570
379579
379606
379627
379629
379850
379858
379861
380039
380113
380176
380442
380461
380513
380661
380675
380686
380692
380970
380971
380981
380984
381002
381009
381011
381023
381028
381030
381039
381053
381060
381086
381338
381341
381348
381362
381364
381367
381368
381370
381371
381374
381387
381390
381391
381397
381399
381402
381405
381721
381738
381746
381811
382010
382011
382024
382031
382162
382163
382186
382187
382283
382367
382465
382837
383024
383147
383354
383356
383361
383425
383426
383428
383429
383432
383442
383450
383461
383470
383494
383816
383818
383824
383826
384272
384280
384301
384613
384616
384618
384621
384630
384651
384652
384655
384665
384676
384761
384762
385144
385361
385483
385489
385669
385690
385948
385969
385971
385994
386252
386261
386268
386269
386634
386664
386867
386880
387258
387397
387450
387476
387491
388070
388114
388115
388188
388338
388420
388436
388717
388877
389369
389398
389601
389609
389617
389631
389850
389898
390070
390461
390488
390918
391094
391308
391408
391416
391452
391465
391475
392251
392255
392479
392746
392959
393245
393289
393303
393312
393959
394802
394906
395299
395769
396234
396334
396390
396404
398643
398656
401791
402488
405879
407785
408938
410785
410790
411624
411681
411682
411689
411733
413096
413147
413391
413416
413447
413472
413788
414040
414097
414142
414380
414387
414414
414424
414436
414444
414447
414463
415035
415036
415044
415049
415050
415059
415072
415077
415080
415096
415366
416016
416022
416224
416231
416395
417248
417347
417357
417389
417920
417941
417956
417962
417979
417992
418007
418038
418044
418095
418118
418915
418916
418926
418937
418938
418940
418959
418966
418978
418982
419464
419596
419625
419736
419793
420310
420315
420320
420323
420325
420333
420338
420340
420343
420347
420353
420390
420409
420424
420452
420480
420883
420890
421005
421181
421327
422340
422607
422625
422671
422741
422748
422812
422996
423069
423253
423307
423312
423487
423804
423821
423917
423926
424072
424242
424257
424265
424309
424311
424339
424342
424360
424368
424385
424404
424406
424409
424412
424420
424432
424438
424451
424459
424493
424629
424936
424953
425008
425024
425028
425029
425030
425031
425035
425552
425553
425569
425573
425580
425591
425628
425646
425650
425651
425656
425662
426062
426065
426067
426070
426076
426083
426091
426093
426094
426097
426102
426105
426106
426109
426114
426118
426121
426123
426127
426144
426172
426207
426210
426349
426370
426378
426401
426403
426421
426441
426461
426473
426479
426499
426565
426588
426635
426649
426660
426671
426705
426716
426918
427116
427143
427148
427212
427241
427290
427400
427593
427782
427787
427788
427808
427820
428109
428120
428217
428232
428442
428470
428497
428517
428533
428562
428565
428567
428571
428578
428580
428587
428607
428614
428623
428628
428660
428678
429071
429072
429404
429414
429418
429425
429434
429456
429460
429468
429482
429510
429535
429762
429765
429784
429792
429798
429806
429812
429820
429985
430030
430032
430033
430048
430071
430099
430130
430192
430393
430644
430802
430819
430830
430841
430845
431174
431203
431218
431289
431325
431331
431485
431518
431636
431638
431640
431641
431645
431647
431649
431665
431668
431670
431672
431674
431676
431677
431679
431681
431682
431683
431690
431691
431703
431765
432235
432248
432251
432259
432592
432596
432606
432618
432620
432633
432646
432658
432660
432707
432947
432951
432963
432964
432973
433346
433352
433356
433389
433404
433413
433414
433417
433465
433477
433514
433617
433643
433736
433748
433786
433801
433881
433889
433912
433944
434003
434159
434235
434398
434403
434563
434792
434845
434847
434863
434880
434895
434903
434948
434967
434978
435003
435068
435075
435100
435422
435430
435435
435437
435440
435451
435454
435464
435476
435479
435481
435491
435506
435526
435533
436041
436048
436067
436078
436106
436141
436159
436166
436395
436402
436404
436407
436413
436415
436417
436421
436423
436425
436440
436459
436460
436507
436769
437135
437337
437345
437355
437379
437381
437382
437402
437416
437482
437556
437574
437784
437938
438026
438106
438145
438347
438377
438406
438453
438458
438642
438654
438668
438677
438678
438685
438888
438890
438892
438903
438909
438910
439010
439027
439032
439045
439058
439211
439235
439291
439447
439455
439463
439480
439487
439500
439517
439536
439553
439573
439609
439612
439763
439785
439789
439815
1999 VZ106
1999 XC146
2000 RJ60
2000 WU50
2001 RQ97
2001 SW185
2001 SC203
2001 TN144
2002 CD66
2002 FF15
2002 GU186
2002 NN79
2002 PR2
2002 PM190
2002 PZ195
2002 QY110
2002 RE7
2002 RL152
2002 RD260
2002 UY42
2002 VC93
2002 WG23
2003 OA3
2003 SY418
2003 SH433
2003 SP336
2003 TK19
2003 UL375
2003 UN334
2003 VU4
2003 WU153
2004 DM57
2004 GH13
2004 PJ41
2004 QV28
2004 RK336
2004 VS82
2004 WQ4
2005 CN30
2005 EH114
2005 ER208
2005 GO36
2005 GO95
2005 GW148
2005 GQ206
2005 QA99
2005 QB105
2005 RE48
2005 SD75
2005 SS113
2005 SK181
2005 TP57
2005 UK25
2005 UF95
2005 UL152
2005 UZ202
2005 UW526
2005 WB164
2005 XH63
2005 YU17
2005 YF119
2006 BB
2006 BE57
2006 CL10
2006 GT1
2006 KF89
2006 KO142
2006 OD3
2006 QP89
2006 QH105
2006 QG111
2006 QV176
2006 RH75
2006 SZ20
2006 SH38
2006 SX66
2006 SC68
2006 SP265
2006 SD106
2006 SF129
2006 SZ152
2006 SJ185
2006 SJ207
2006 SM216
2006 TQ39
2006 TY59
2006 UR320
2006 VA35
2006 VY56
2006 VP72
2006 VL80
2006 VD97
2006 WU
2006 WB4
2006 WL137
2006 XR51
2006 YQ52
2007 BS44
2007 BX79
2007 CX14
2007 CY20
2007 DV62
2007 EB6
2007 HV16
2007 PU40
2007 RR44
2007 RG297
2007 TH85
2007 TA87
2007 TZ106
2007 TT133
2007 TJ168
2007 TA185
2007 UH23
2007 UH101
2007 UU135
2007 VE46
2007 VE58
2007 VR96
2007 VX123
2007 VJ133
2007 VW138
2007 VN156
2007 VN264
2007 VN266
2007 VE280
2007 VT328
2007 WJ22
2007 XP12
2007 XG55
2007 YS39
2007 YW63
2008 AN9
2008 AC12
2008 AK18
2008 AU19
2008 AH39
2008 AM74
2008 AG81
2008 AM83
2008 AJ119
2008 AC121
2008 AU131
2008 BQ5
2008 BK31
2008 BS46
2008 CB27
2008 CT36
2008 CS37
2008 CD41
2008 CJ41
2008 CC42
2008 CS98
2008 CM107
2008 CQ138
2008 CT191
2008 DF21
2008 DN60
2008 DQ64
2008 DC67
2008 DR67
2008 DG72
2008 DV83
2008 DQ85
2008 DY88
2008 EW39
2008 EO95
2008 EU121
2008 EV139
2008 EJ156
2008 FF18
2008 FA56
2008 FH56
2008 FL98
2008 FQ102
2008 FE132
2008 GT11
2008 GK24
2008 GP70
2008 GE137
2008 GB141
2008 GP145
2008 HA2
2008 HP17
2008 HW43
2008 JJ
2008 JP3
2008 KW2
2008 KY4
2008 KW28
2008 KQ30
2008 SG129
2008 UT234
2008 YF160
2009 BM14
2009 DM53
2009 EW14
2009 FE8
2009 FG26
2009 HE99
2009 JN16
2009 RC5
2009 RE8
2009 RH9
2009 SJ52
2009 SG56
2009 SA88
2009 SJ244
2009 SO244
2009 SV144
2009 SH181
2009 SZ208
2009 SC210
2009 SJ244
2009 SD313
2009 SE342
2009 TG8
2009 TE29
2009 UT4
2009 UC82
2009 UM103
2009 VW68
2009 WB17
2009 WO20
2009 WL77
2009 WE80
2009 WZ84
2009 WH138
2009 WL153
2009 WM159
2009 WT163
2009 WE164
2009 WG173
2009 WD222
2009 WG225
2009 YG23
2010 AT24
2010 CL1
2010 CX73
2010 DP
2010 FQ48
2010 GF25
2010 GE119
2010 RT86
2010 RF152
2010 SA5
2010 TW16
2010 TX23
2010 TA28
2010 TN75
2010 TK84
2010 TH90
2010 TD99
2010 TO172
2010 UY20
2010 UO28
2010 UH43
2010 US56
2010 UB68
2010 UT89
2010 VH32
2010 VQ63
2010 VN123
2010 VH127
2010 VD150
2010 VA155
2010 VF160
2010 VC213
2010 WH29
2010 WG64
2010 WW69
2010 WD73
2010 XB65
2011 AP6
2011 AK8
2011 AX24
2011 AY37
2011 AB46
2011 AP56
2011 AS60
2011 AS66
2011 BD1
2011 BW29
2011 BZ56
2011 BZ72
2011 BN101
2011 BS104
2011 BD106
2011 BX157
2011 CA14
2011 CS44
2011 CM47
2011 CK52
2011 CM67
2011 CK87
2011 CP91
2011 CF109
2011 CZ111
2011 CL114
2011 ES2
2011 ED4
2011 EC42
2011 EJ45
2011 EP45
2011 EH46
2011 EK48
2011 EL50
2011 EH55
2011 ES71
2011 ES72
2011 EG78
2011 EP80
2011 FL55
2011 FK102
2011 FZ129
2011 FC153
2011 GK2
2011 GV48
2011 GL72
2011 GH80
2011 HA17
2011 HZ17
2011 HK34
2011 HD49
2011 HB66
2011 HB100
2011 JX20
2011 KT25
2011 LR9
2011 RC
2011 YK33
2012 AJ13
2012 AN20
2012 AH22
2012 BZ53
2012 BX67
2012 BE101
2012 BN109
2012 BP109
2012 CX6
2012 CV27
2012 CU36
2012 DH29
2012 DG51
2012 DH55
2012 DN58
2012 DW69
2012 DR73
2012 DJ74
2012 DD77
2012 DM87
2012 EB3
2012 EM6
2012 FM6
2012 FY26
2012 FP34
2012 FS37
2012 FM38
2012 FF39
2012 FA40
2012 FJ40
2012 FJ46
2012 FA52
2012 FC67
2012 FO67
2012 FC70
2012 GK8
2012 GP8
2012 GX26
2012 GK36
2012 GA39
2012 GW39
2012 HD44
2012 HW59
2012 HK63
2012 HY66
2012 HX73
2012 HB79
2012 JH37
2012 JE43
2012 JE51
2012 JV65
2012 KJ1
2012 KT13
2012 KM48
2012 LA10
2012 PO23
2012 QH9
2012 QO10
2012 QG20
2012 RG3
2012 RU34
2012 SD
2012 SQ44
2012 SD51
2012 SX56
2012 TB
2012 TD2
2012 TT6
2012 TU10
2012 TJ21
2012 TL28
2012 TD44
2012 TF45
2012 TO54
2012 TG66
2012 TH66
2012 TE86
2012 TX102
2012 TD105
2012 TX106
2012 TP117
2012 TM123
2012 TF136
2012 TR136
2012 TB150
2012 TV153
2012 TN166
2012 TZ193
2012 TU206
2012 TS209
2012 TO213
2012 TY226
2012 TN236
2012 TS251
2012 TX252
2012 TF255
2012 TS255
2012 TE288
2012 UU1
2012 UQ26
2012 UA36
2012 UT45
2012 UX45
2012 UH46
2012 UX78
2012 UN116
2012 UL122
2012 UT143
2012 UF156
2012 UC159
2012 UO163
2012 VZ
2012 VU8
2012 VT15
2012 VD44
2012 VY57
2012 VD68
2012 VK101
2012 VY101
2012 VH106
2012 XJ51
2012 XA115
2013 AL86
2013 BK18
2013 BY46
2013 GU126
2013 HA73
2013 JD42
2013 LG6
2013 MY5
2013 NW15
2013 OQ3
2013 PS1
2013 PO4
2013 PL32
2013 PL34
2013 PT37
2013 PH39
2013 PX46
2013 PB53
2013 QN20
2013 QE51
2013 QZ56
2013 QA80
2013 RR22
2013 RS26
2013 RT28
2013 RU34
2013 RQ51
2013 RS65
2013 RQ89
2013 RR97
2013 SO39
2013 SM43
2013 SL69
2013 TC25
2013 TY49
2013 TL67
2013 TN79
2013 TA85
2013 TU93
2013 TX97
2013 TL109
2013 TU124
2013 TM140
2013 UD13
2013 VZ20
2013 VP23
2013 WT10
2013 WK19
2013 WO25
2013 WE27
2013 WK30
2013 WY48
2013 WE61
2013 WZ91
2013 XH16
2013 YK13
2013 YG14
2013 YX38
2013 YT66
2013 YJ114
2013 YZ120
2013 YE123
2013 YM123
2013 YP143
2014 AP9
2014 AL27
2014 AE36
2014 AP41
2014 AD47
2014 AN54
2014 BR4
2014 BJ18
2014 BO20
2014 BO22
2014 BG29
2014 BQ35
2014 BB47
2014 CO6
2014 CF8
2014 CQ10
2014 CV16
2014 DN15
2014 DC26
2014 DR30
2014 DH33
2014 DY38
2014 DL41
2014 DP48
2014 DR58
2014 DJ64
2014 DS66
2014 DW73
2014 DQ97
2014 DD105
2014 DB136
2014 EZ5
2014 EG7
2014 EL18
2014 ED35
2014 EU38
2014 EW38
2014 EA46
2014 EM48
2014 FV14
2014 FF35
2014 FO36
2014 FP40
2014 GN8
2014 GH11
2014 GJ35
2014 GH39
2014 HQ45
2014 HS136
2014 HQ143
2014 HC160
2014 HR172
2014 JD21
2014 JL75
2014 LA22
2014 MT34
2014 NA1
2014 SS233
2014 SD299
2014 TM3
2014 TN32
2014 TG42
2014 UA18
2014 UV19
2014 UD68
2014 UO133
2014 UJ140
2014 UD163
2014 UY184
2014 UO201
2014 VJ36
2014 WH17
2014 WD50
2014 WW62
2014 WQ75
2014 WJ94
2014 WD121
2014 WA190
2014 WT122
2014 WA383
2014 WP412
2014 WL164
2014 WY426
2014 WS427
2014 WG444
2014 WG190
2014 WX473
2014 WC299
2014 XX37
2014 YA13
2014 YL21
2014 YG24
2014 YV28
2015 AQ24
2015 AV33
2015 AV54
2015 AU56
2015 AL179
2015 AZ193
2015 AT201
2015 AS261
2015 AX279
2015 BQ2
2015 BF7
2015 BT17
2015 BU22
2015 BZ26
2015 BD60
2015 BE61
2015 BG82
2015 BN85
2015 BY90
2015 BS92
2015 BZ218
2015 BD104
2015 BR122
2015 BP384
2015 BV129
2015 BT130
2015 BV150
2015 BX153
2015 BH160
2015 BT163
2015 BZ167
2015 BW436
2015 BF444
2015 BK479
2015 BP484
2015 BT485
2015 BE227
2015 BV487
2015 BX233
2015 BM242
2015 BK253
2015 BY259
2015 BV268
2015 BJ299
2015 BK300
2015 BT314
2015 BS327
2015 BS333
2015 BO356
2015 CC11
2015 CG17
2015 CX39
2015 CL41
2015 CA46
2015 DG
2015 DJ29
2015 DK34
2015 DM46
2015 DX47
2015 DJ93
2015 DU101
2015 DX102
2015 DW117
2015 DU141
2015 DL145
2015 DD146
2015 DV149
2015 DD198
2015 DB206
2015 DG212
2015 DT212
2015 DH218
2015 DM218
2015 DA219
2015 DT221
2015 EP12
2015 EX15
2015 EK23
2015 EV24
2015 EF41
2015 EK46
2015 FV61
2015 FS72
2015 FT73
2015 FV99
2015 FJ103
2015 FL109
2015 FT112
2015 FO113
2015 FX116
2015 FU149
2015 FS151
2015 FH154
2015 FX166
2015 FE173
2015 FR173
2015 FL183
2015 FD236
2015 FF257
2015 FO292
2015 FD293
2015 FK293
2015 FN298
2015 FP302
2015 FR302
2015 FW316
2015 FT318
2015 FA329
2015 FK341
2015 GZ3
2015 GV31
2015 GC34
2015 GQ35
2015 GK39
2015 GL39
2015 GP41
2015 GV42
2015 GP47
2015 HO6
2015 HL11
2015 HT15
2015 HJ31
2015 HC84
2015 HD88
2015 HX96
2015 HR150
2015 HQ169
2015 HH172
2015 HE173
2015 HO173
2015 HO175
2015 HF177
2015 JB2
2015 KF27
2015 KD30
2015 KR30
2015 KH32
2015 KM34
2015 KL43
2015 KK46
2015 KO50
2015 KC92
2015 KQ111
2015 KD112
2015 KK128
2015 KY144
2015 MN12
2015 MJ65
2015 MX65
2015 ML71
2015 MM72
2015 MU74
2015 MY81
2015 ME84
2015 MR107
2015 NK6
2015 NB8
2015 NR11