id
5879
7480
54690
69915
90005
90810
91044
91960
92268
100201
105217
111835
111997
117768
120218
123687
124112
127447
128327
131486
132874
133042
133043
133044
133046
133053
133911
134759
135005
138035
138143
138197
138259
139798
141398
141418
143653
143655
143663
145089
145170
147437
147705
149562
149809
150224
150485
151364
152693
153100
154154
154205
155503
155768
156710
157080
157528
158830
158832
158833
160898
162193
162840
163425
163902
164414
164854
164900
166834
166878
167687
167692
167695
168047
168531
170896
171285
171589
171810
173390
177040
177062
177063
178409
178594
178610
178611
178618
178619
179227
180101
180162
180756
181320
182048
182084
182314
183511
183568
184270
184275
185598
185863
186638
187002
187486
187490
187789
187855
187857
187859
188322
188338
188576
189037
189451
189784
190233
191030
191574
192416
192563
193201
193227
193290
193403
193429
195354
195383
196901
197191
197332
197359
197381
197510
197514
198855
198859
198862
199809
199855
199875
200363
200402
200447
200519
201116
201144
201931
203148
203679
204143
204202
205365
205381
205396
205954
206124
206133
206886
206900
207390
208291
208775
208822
208897
209311
209481
209493
209929
210773
210793
210794
211222
211275
211390
211910
211913
213102
213255
213258
213265
213266
213675
213716
214092
214105
214873
214879
215123
215132
215519
216305
216483
216528
216633
216695
216705
217315
217384
217486
217620
217645
217710
217748
218898
219528
219633
220305
220319
220393
220773
220780
220873
220878
221788
221813
221816
222103
222169
222440
222441
222442
222443
222461
222510
222512
222536
222546
222547
222751
223274
223286
223977
224787
225113
225489
225698
225699
225833
226375
227028
228030
229201
229275
229850
230023
230028
230297
231056
232132
232139
232166
232512
232584
234024
234420
234653
234670
234671
235278
235370
235963
236976
237540
237764
237797
237844
237848
237865
237888
238139
238165
238183
238205
238811
239260
239756
239907
240089
240114
240120
240130
240148
240342
240372
240388
240442
240455
240738
241650
242650
243053
243339
243751
243778
243862
244273
244324
244329
244347
244710
244786
244827
244935
245059
245473
245502
246107
247502
247569
248018
248337
248977
249785
249805
250460
250476
250479
250480
250494
251538
251539
251543
251544
252146
252160
252171
252193
252922
252965
252966
252967
253011
253042
253058
253093
253112
253127
254002
254036
254067
254073
254103
254107
255353
255441
256551
257253
257664
258019
258032
258804
258827
258964
258994
258998
259056
259098
259184
259211
259843
259965
259970
259971
260063
260099
260100
261463
261591
261598
261649
261695
263114
263975
264490
264496
264925
264966
264979
264981
264999
265882
266958
267107
267259
267705
267710
267721
268019
268026
268114
268585
268738
269132
269694
269855
270050
270092
270116
270179
270302
270986
270998
271042
271046
271056
271068
271773
271777
271833
271913
272832
273197
273199
274055
274067
274085
274092
275838
276131
276423
276835
276836
278502
279799
279885
279888
280048
280287
280293
280309
280597
280632
281363
281372
281791
282109
282130
282153
282161
282174
282199
282207
282222
282227
282360
282364
282581
282821
283047
283169
283355
283374
283375
283608
283755
283795
283973
284063
284070
284230
284377
284408
285282
285563
285626
285638
285812
286093
286095
286433
286463
286511
286620
287190
287257
287378
287523
287755
287831
287922
287942
288254
288299
288379
288479
289123
289357
290140
290233
291518
291654
293095
293096
293907
294080
294518
295777
296408
297585
297740
297914
297917
298385
298386
298428
298435
299073
299132
300243
301632
302028
302247
302250
302287
302339
302375
302381
302949
302950
303744
304747
306040
306052
306463
306637
306731
307250
307630
307764
307804
307834
307844
307857
307967
309165
309208
310456
310548
310751
310898
310904
311000
311005
311847
311946
311951
311991
312485
312489
313067
313145
313408
313632
313769
313772
313785
313791
313825
313844
314227
314278
314304
314318
314319
314431
314998
315156
315168
315183
315927
315955
315965
316704
316760
316858
316935
316983
317426
317462
317503
317994
318001
318012
318077
318119
318432
318438
318776
318850
319007
319008
319476
319688
321198
321793
321808
321821
322753
322761
322993
323381
323416
323420
323441
323450
323467
323809
323811
324047
324152
325405
325799
326925
326955
326956
328472
328929
329796
330110
330515
330829
331750
331904
332153
332164
332166
332427
333206
333215
333310
333458
333565
333566
333567
333621
333757
334097
334652
334677
334684
334686
334688
335019
335022
335032
335081
335491
335498
335539
335918
336047
336761
336762
337072
337139
337181
337383
338310
338407
338456
338484
339065
339070
339075
339080
339084
339089
339096
339119
339122
339151
339164
339190
339192
339262
339265
340312
340449
340466
341223
343165
344126
344140
344194
344201
344616
345528
345531
346217
346222
346257
346902
347238
347337
347778
348334
348613
350063
350077
350525
350586
350593
350616
350753
350970
351327
351362
351828
351829
351835
351872
351904
352241
352534
352575
352639
353376
353968
353974
354056
354113
354367
354418
354602
355006
355022
355134
355731
355732
356966
357034
357069
357121
357308
357603
357615
357644
357674
358172
358372
359624
360254
360368
360428
360435
360769
360785
360797
360806
363248
363569
364413
365040
365416
365418
366298
366377
367191
367193
367886
368558
368561
368965
370040
370612
370630
370631
370659
370971
372303
373140
373500
373950
376385
376816
377212
377254
377319
377634
377696
379016
380206
380494
380800
380810
382153
382494
382719
383166
383178
383190
383203
384220
384267
384269
384764
385353
385419
385501
385540
385734
385745
385748
385800
385808
386103
386587
386859
387526
387683
387707
387827
387882
388184
388588
388590
388618
390561
390567
390573
390693
390879
391185
391199
391596
393658
393717
394111
394112
394146
395291
396646
397164
397554
397665
398640
398736
399337
399432
399534
400411
400670
401304
402557
405211
405521
405525
408922
408933
409831
409954
410395
412474
413124
413196
413457
413870
413936
413946
414285
415319
415805
416001
416336
416381
416458
416494
416521
416729
416742
416780
417566
417630
417684
417742
418338
419400
422702
422816
422826
422828
423082
423325
424037
424088
424138
425333
427545
427651
428247
428271
428299
429770
430676
430730
431390
431901
431963
432932
432944
434283
434290
435119
435671
436744
436747
438546
438827
438843
438998
439006
439440
2001 DY8
2001 QB281
2001 UR165
2001 YW1
2002 DF21
2002 OV7
2002 PA7
2002 RJ66
2002 TA68
2002 UL79
2002 VM14
2002 VB15
2003 BS71
2003 EL47
2003 FM4
2003 WU24
2003 WG35
2004 BL28
2004 DH65
2004 EQ9
2004 GY76
2004 JR20
2004 QR5
2004 RA3
2004 RJ252
2004 SH
2005 AC3
2005 AA10
2005 AN27
2005 BY27
2005 UO441
2005 WO113
2005 YK94
2006 AC28
2006 BO98
2006 DA42
2006 PK5
2006 SB119
2006 WW123
2007 AP16
2007 BX7
2007 CZ12
2007 CU53
2007 RZ33
2007 TZ24
2007 TT165
2007 UA134
2007 VL309
2007 XW9
2007 XO42
2007 YB73
2007 YC74
2008 AT114
2008 CZ26
2008 SX207
2008 YG118
2008 YS166
2009 CD39
2009 HK82
2009 PP1
2009 QC33
2009 RR3
2009 WR215
2010 CN41
2010 GS161
2010 NH3
2010 SR38
2010 TU36
2010 TY38
2010 VB19
2010 VE95
2010 VA195
2010 VW197
2010 WD70
2011 AP37
2011 CH73
2011 EZ73
2011 FO17
2011 GM88
2011 HB36
2011 KK12
2011 MV5
2011 UG404
2012 AJ10
2012 AX10
2012 BM24
2012 BT132
2012 LX
2012 MA2
2012 MR6
2012 OL
2012 TJ140
2012 VP7
2013 AR50
2013 AB67
2013 BE16
2013 CH48
2013 SF20
2013 UX1
2013 WH67
2013 XL10
2014 AY15
2014 AT32
2014 CE9
2014 DT2
2014 FJ35
2014 HJ128
2014 KR45
2014 KF76
2014 TD34
2014 VC1
2014 WU69
2014 YO42
2015 BO513
1999 VH136
2001 XC225
2002 TK59
2003 UR13
2003 YU2
2004 BA68
2004 FX15
2004 FU39
2004 RU286
2005 GX73
2006 DS63
2006 VZ44
2007 WK
2008 WD13
2009 DA48
2009 XP23
2010 BS34
2010 DB
2010 DR59
2010 GM94
2010 HY14
2010 HD29
2010 JO127
2010 JE134
2010 LN16
2010 LW74
2010 MH57
2010 MZ81
2010 MR96
2010 NW51
2010 OY7
2010 OT17
2011 AM3
2011 TL
2011 YD16
2011 YY39
2012 CC55
2012 TW139
2012 VX6
2012 XW47
2013 AG4
2013 MH9
2013 SP20
2013 VZ1
2014 FZ68
2014 HB133
2014 KS34
2014 MN
2014 QJ
2014 UD33
2015 CF13
2015 DR53
2015 EM
2015 GN
2015 PH57
