id
56541
60752
62167
62941
71509
71566
72774
75979
76020
76095
76142
76233
76673
76674
76699
77366
77473
77480
77520
77725
78136
78197
78282
78284
78466
80705
80766
80779
80788
81026
81082
81127
81129
81318
81324
81568
81602
81618
81645
81802
81933
81948
81988
82410
82418
82779
82789
82844
82978
83173
83186
83303
83694
83877
84635
84686
84757
84821
85258
86455
86460
86644
86682
86717
86729
86759
86790
86907
86924
86970
86975
87185
87186
87263
87288
87289
87328
87348
87355
87562
87563
87781
87806
87841
87956
87980
88011
88030
88059
88115
88282
88322
88337
88404
88408
88461
88574
88611
88632
88687
88734
88740
88904
88988
89219
89388
89390
89761
89883
90114
90194
90346
90378
92294
92306
92341
92365
92368
92370
92393
92395
92407
92419
92429
92495
92576
92579
92644
92750
92852
92884
92944
93066
93112
93230
93298
93474
93530
93533
93622
93804
94165
94530
94665
94819
94912
95051
95072
95784
95791
95833
95901
97356
97369
97441
97484
97537
97540
97564
97615
97638
97796
97908
97909
97955
98007
98050
98274
98293
98311
98327
98509
98726
98752
98756
98796
99894
103273
103346
103460
103482
103486
103553
103556
103647
103702
103707
103780
103792
103805
103836
103852
103858
103944
103949
103960
103962
104018
104019
104027
104029
104183
104193
104234
104252
104275
104309
104362
104366
104399
104409
104521
104524
104528
104549
104625
104627
104678
104722
104780
104819
104877
104925
104947
104952
104972
105038
105040
105178
105256
105289
105291
105296
105314
105324
105358
105465
105473
105476
105496
105500
105563
105586
105634
105702
105708
105726
105729
105784
105826
105916
105934
106075
106105
106125
106179
106182
106190
106239
106277
106355
106377
106409
106412
106448
106653
106734
106856
106884
106907
106912
106914
106942
106962
106963
106965
106972
107012
107018
107044
107045
107239
107710
108446
108635
108643
108647
108726
108761
108887
108907
108908
108944
108945
108952
109025
109037
109038
109113
109115
109144
109154
109288
109368
109540
109796
109994
110077
110242
110660
110810
110900
110903
110949
110969
111034
111048
111157
111233
111307
111390
111400
111402
111405
111424
111437
111485
111501
111760
111861
111925
112037
112050
112160
112174
112216
112526
112639
112641
112769
112776
112779
112826
112853
112871
112900
112917
112918
113026
113128
113132
113147
113284
113318
113357
113363
113419
113455
113487
113529
113530
113568
113587
113685
113855
114006
114031
114104
114112
114132
114652
114681
114689
114734
115111
115326
115586
115682
115780
115812
115995
116272
116483
116488
116494
116511
116555
116643
116783
116909
117036
117456
117734
118500
118518
118572
118576
118621
118634
118650
118653
118715
118759
118836
118841
118850
118883
118889
118894
119125
119130
119277
119282
119286
119305
119346
119497
119514
119561
119587
119605
119763
119818
119820
119972
120016
120162
120190
120268
120274
121871
121880
121897
121905
121909
121958
121985
122002
122007
122011
122012
122017
122020
122024
122076
122108
122133
122158
122169
122217
122240
122275
122289
122314
122317
122326
122337
122339
122347
122362
122364
122372
122387
122407
122413
122417
122435
122440
122458
122505
122510
122534
122547
122553
122564
122619
122642
122644
122681
122710
122742
122747
122756
122763
122764
122806
122815
122827
122847
122885
122891
122895
122946
122962
122983
122987
123001
123010
123022
123041
123184
123194
123230
123251
123294
123300
123315
123316
123333
123338
123375
123398
123414
123420
123464
123485
123490
123513
123623
123646
123663
123705
123706
123778
123802
123964
124151
124273
124295
124350
124383
124411
124418
124427
124479
124547
124556
124576
124577
124600
124634
124691
124717
124764
124768
124808
124822
125375
125433
125763
125867
125869
126009
126061
126064
126071
126072
126087
126094
126168
126170
126173
126179
126203
126210
126300
126309
126310
126341
126354
126355
126356
126399
126439
126536
126591
126664
126668
126673
126678
126679
126688
126769
126804
126806
126822
126845
126870
126956
127042
127044
127060
127155
127205
127470
127560
127694
127766
127767
127851
127868
127876
127969
127974
128167
128397
128398
128487
128559
128564
128636
128638
128644
128652
128659
128671
128689
128798
128813
128864
128866
128893
128909
128987
129010
129021
129139
129246
129287
130215
130218
130272
130275
130293
130301
130315
130316
130320
130436
130454
130465
130470
130478
130485
130488
130500
130534
130535
130543
130564
130610
130611
130629
130692
130694
130702
130807
130812
130821
130828
130840
130853
130883
130912
130973
130981
131043
131055
131078
131581
131708
131713
131719
131755
131777
131840
131863
131876
131882
131891
131912
131923
131935
131985
131987
131993
132002
132004
132008
132009
132024
132060
132071
132105
132125
132131
132132
132150
132165
132184
132203
132212
132273
132362
132399
132519
132718
132878
132944
133106
133168
133304
133349
133417
133418
133449
133609
133613
133666
133739
133816
133916
133996
134018
134073
134080
134115
134122
134177
134191
134273
134755
134764
134796
134831
134876
134893
134902
134912
135082
135744
135750
135785
135837
135852
135959
136037
136069
136314
136335
137845
137857
137858
137870
137929
137931
137936
137945
137947
137956
137980
137992
138003
138012
138020
138023
138024
138031
138040
138055
138091
138092
138104
138141
138148
138167
138206
138207
138210
138271
138274
138277
138281
138284
138294
138309
138310
138316
138424
138483
138500
138546
138559
138570
138619
138679
138683
138723
138803
138839
138848
138897
139029
139251
139282
139485
139632
140612
140703
140760
140811
140893
140992
141003
141212
141285
141292
141295
141391
141413
141433
141445
141473
141520
141575
141625
141701
141706
141888
141992
142005
142008
142108
142119
142232
142278
142295
142313
142483
142582
142589
142680
142694
142797
142853
142874
143029
143061
143137
143659
143661
143675
143721
143723
143990
144015
144040
144051
144162
144216
144217
144269
144307
144312
144358
144467
144502
144616
144631
144832
145076
145354
145367
145423
145427
145507
145511
145996
146006
146009
146011
146047
146082
146113
146163
146168
146209
146256
146448
146476
146661
146741
146760
146857
146868
146893
146906
146921
146953
147024
147086
147158
147314
147368
147487
147512
147567
147595
147659
147761
147762
147764
147771
147787
147869
148187
148210
148213
148215
148232
148245
148287
148367
148368
148369
148386
148405
148612
148753
148969
149069
149198
149227
149228
149249
149382
149479
149616
149654
149665
149709
149849
150053
150091
150360
150398
150418
150421
150438
150441
150449
150578
150588
150690
150768
150773
150901
151157
151176
151243
151255
151282
151315
151330
151341
151453
151786
151789
151844
151868
151940
152000
152004
152257
152342
152358
152430
152432
152877
152888
152916
152929
152934
152948
152961
152971
153007
153012
153018
153024
153051
153069
153174
153177
153196
153377
153382
153519
153545
153570
153577
153595
153705
153736
153741
153752
153774
153901
153936
153966
154038
154039
154043
154069
154074
154098
154104
154114
154139
154283
154317
154336
154353
154361
154364
154369
154499
154563
154599
154628
154682
154733
154773
154813
154942
154945
154995
155084
155087
155151
155166
155177
155217
155226
155241
155267
155632
155647
155657
155662
155665
155683
155696
155751
155794
155821
155836
155929
155939
155980
155982
155995
156043
156079
156346
156352
156453
156516
156540
156732
156758
156926
156959
157039
157068
157137
157209
157243
157415
157475
157547
157553
157596
157606
157656
157674
157770
157954
157977
157980
157987
158339
158369
158371
158385
158393
158394
158442
158549
158613
158651
158935
158964
159066
159169
159174
159205
159247
159452
159457
159462
159480
159503
159675
159773
159879
160177
160210
160389
160401
160465
160692
160703
160724
160730
160731
160733
160734
160740
160741
160743
160760
160799
160805
160840
160848
160999
161006
161121
161149
161155
161465
161559
161769
161789
161905
161929
161959
161980
162380
162382
162390
162402
162442
162478
162506
162514
162525
162548
162584
162594
162610
162621
162645
162652
162665
162676
162680
162695
162696
162703
162721
162724
162751
162756
162768
162792
162794
162797
162800
162999
163161
163175
163199
163220
163259
163372
163470
163710
163747
163903
163993
164056
164119
164182
164240
164312
164363
165038
165045
165070
165081
165084
165089
165102
165124
165145
165193
165216
165229
165239
165243
165248
165252
165258
165282
165304
165314
165325
165423
165437
165440
165446
165450
165459
165474
165720
166028
166068
166116
166153
166190
166196
166261
166504
166537
166736
166776
166943
166963
167016
167025
167042
167060
167195
167219
167465
167575
167602
167725
167740
167746
167748
167773
167804
167805
167811
167838
167876
167909
168000
168185
168625
168638
168667
168670
168735
168788
168793
168795
168813
168850
168858
168936
168939
168940
168985
169470
169513
169515
169535
169829
169905
169933
169996
170016
170036
170189
170233
170349
170704
170751
170933
170944
170949
170963
171004
171014
171027
171119
171129
171181
171220
171235
171244
171246
171258
171260
171282
171294
171406
171448
171616
171629
171653
171656
171664
171666
171693
171716
171732
171735
171753
171763
172041
172083
172122
172123
172194
172264
172409
172446
172501
172616
172705
172795
172816
172848
172887
172920
172931
173034
173067
173402
173412
173433
173461
173477
173514
173555
173854
173899
173976
174012
174055
174114
174140
174274
174389
174419
174522
174545
174589
174625
174879
174885
174906
174978
174982
175148
175178
175210
175285
175292
175571
175581
175584
175595
175640
175644
175914
175925
175932
176042
176055
176063
176390
176557
176559
176605
176920
176921
177054
177068
177137
177166
177186
177375
177481
177601
177673
177796
177870
177941
178614
178623
178707
178737
178743
178769
178884
179423
179430
179527
179560
179639
179695
179976
180206
180414
180490
180518
180520
180697
180794
180958
180978
181093
181123
181154
181178
181232
181260
181348
181352
181609
181645
182027
182034
182059
182062
182081
182083
182096
182104
182107
182110
182153
182239
182279
182303
182349
182535
182611
182781
182915
183036
183088
183118
183287
183308
183596
183666
183793
184000
184006
184025
184038
184350
184385
184393
184481
184619
184657
184660
184667
184675
184678
184685
184686
184690
184712
184714
184717
184781
184785
184806
184865
184870
184914
184931
185028
185258
185259
185264
185271
185297
185371
185391
185451
185453
185488
185847
185883
186000
186019
186036
186297
186300
186381
186778
186797
186826
187057
187097
187198
187224
187225
187242
187299
187308
187332
187383
187420
187423
187464
187497
187555
187595
187676
187866
187907
187910
187966
187992
188209
188312
188383
188447
188458
188468
188659
188751
188770
188801
188807
188808
188815
188848
188862
188874
189057
189131
189295
189312
189325
189536
189681
189731
189732
189782
189797
189966
190157
190175
190177
190254
190473
190488
190503
190504
190510
190514
190518
190558
190605
190625
190626
190628
190715
190757
190789
190839
190846
190910
191014
191093
191257
191323
191508
191527
191528
191548
191554
191627
191745
191781
191845
191860
191937
192006
192092
192141
192242
192955
192960
192993
192995
193008
193042
193069
193077
193079
193080
193100
193110
193125
193166
193170
193183
193186
193190
193242
193270
193275
193297
193325
193353
193358
193427
193436
193441
193442
193528
193689
193692
193747
194120
194185
194297
194447
194484
194490
194650
194671
194843
194899
194909
194938
194943
194992
195060
195068
195088
195098
195143
195173
195224
195247
195253
195277
195310
195317
195321
195339
195407
195442
195476
195478
195654
195683
195887
196360
196383
196451
196856
196922
196952
197001
197643
197726
197771
197862
197947
197950
197978
198028
198093
198123
198142
198164
198167
198169
198173
198192
198202
198208
198220
198224
198229
198240
198274
198297
198331
198411
198412
198475
198513
198590
198703
198740
198753
198757
198787
198904
198905
198923
198958
198970
198974
198975
199121
199179
199233
199343
199581
199687
199715
200306
200308
200311
200312
200315
200317
200334
200357
200366
200369
200386
200387
200395
200408
200422
200493
200512
200835
200886
200905
200973
201032
201033
201057
201063
201245
201374
201453
201469
201492
201692
201783
201818
201830
201970
202037
202038
202098
202105
202107
202262
202320
202336
202341
202356
202381
202420
202544
202556
202631
202636
202735
202767
202872
203035
203039
203042
203062
203070
203073
203109
203115
203142
203143
203149
203157
203171
203172
203246
203349
203569
203623
203653
203708
203733
203743
203901
204257
204325
204380
204387
204401
204416
204420
204425
204427
204446
204456
204515
204565
204587
204710
204921
204939
205181
205191
205192
205205
205226
205246
205269
205288
205299
205314
205321
205338
205362
205366
205372
205494
205708
205726
205880
206072
206167
206187
206343
206664
206708
206744
206749
206862
206978
207029
207048
207056
207064
207066
207074
207112
207133
207188
207317
207427
207438
207442
207459
207521
207657
207665
207738
207740
207769
207816
207926
208119
208121
208123
208140
208157
208192
208213
208220
208231
208238
208239
208252
208256
208265
208274
208525
208626
208672
208832
209273
209332
209350
209529
209560
209568
209589
209625
209727
209753
209902
210010
210054
210131
210208
210256
210266
210319
210424
210426
210444
210673
210732
210741
210761
210768
211050
211125
211141
211158
211159
211373
211401
211491
211550
211575
211785
211852
211942
211974
211986
211988
212118
212184
212286
212351
212381
212411
212439
212598
212615
212642
212643
212687
212700
212702
212734
212758
212775
212790
212810
212820
212939
213152
213181
213186
213189
213232
213239
213478
213737
214128
214158
214178
214216
214384
214419
214426
214433
214456
214463
214698
214734
214769
214902
214920
214969
215078
215377
215536
215612
215827
215841
215981
216000
216023
216111
216441
216570
216787
216877
217483
217787
218039
218046
218170
218180
218198
218443
218459
218616
218671
218705
218742
218901
218930
219266
219270
219299
219300
219320
219328
219361
219428
219464
219644
219763
219896
220064
220223
220361
220521
220540
220545
220558
220577
220645
220733
220763
220998
221168
221230
221238
221262
221284
221339
221377
221467
221569
221629
221663
221684
221787
221854
222207
222243
222346
222351
222692
222705
222744
222784
222848
222863
222983
223062
223100
223106
223124
223130
223134
223188
223324
223526
223602
223927
224163
224197
224234
224324
224348
224368
224371
224448
224523
224534
224562
224618
224620
224636
224643
224675
224764
224866
224886
224897
224899
225017
225126
225166
225428
225445
225447
225449
225468
225476
225485
225493
225520
225549
225563
225572
225588
225693
225757
225782
225854
225922
225929
225935
225961
226042
226155
226202
226447
226679
226685
226907
226998
227074
227136
227175
227313
227370
227420
227455
227532
227533
227572
227573
227686
227807
227827
227913
227918
227937
227979
228299
228329
228330
228347
228356
228357
228358
228380
228563
228588
228769
229196
229345
229425
229481
229505
229589
229705
229738
229765
229833
230001
230051
230170
230217
230362
230394
230620
230753
230841
231098
231141
231221
231244
231277
231328
231391
231431
231502
231527
231532
231537
231575
231596
231780
231782
231788
231849
231880
231906
232073
232301
232465
232852
232859
232861
232869
233108
233118
233195
233210
233232
233275
233301
233313
233318
233346
233367
233376
233553
233575
233615
233680
233864
233903
233922
234190
234195
234202
234206
234254
234570
234669
234857
234916
235038
235101
235318
235462
235567
235664
235719
235752
235791
235797
235838
235882
235905
235906
235910
235932
235936
235945
235978
236135
236315
236337
236365
236368
236626
236708
236731
236771
236883
236998
237041
237070
237201
237322
237522
237562
237625
237824
237862
238282
238521
238616
238665
238680
238768
238842
238881
238973
238981
239085
239279
239311
239321
239347
239378
239423
239440
239485
239545
239641
239780
239781
239866
239890
239898
239901
239912
239923
239927
239971
239982
240106
240116
240117
240323
240569
240584
240591
240619
240777
240835
240890
240893
240924
241082
241121
241230
241443
241671
241711
241736
242470
242489
242602
242606
242807
242965
243223
243358
243441
243520
243708
243711
243729
243746
243791
243982
244437
244954
245228
245266
245535
245636
245655
245721
245722
245725
245757
245763
245811
245982
246253
246271
246281
246315
246326
246409
246515
246653
247087
247095
247114
247116
247120
247137
247404
247797
248006
248228
248247
248328
248354
248422
248459
248461
248508
248811
249041
249093
249215
249268
249358
249364
249686
249705
249736
249748
249749
249759
249771
249778
249783
249799
249800
249806
250134
250299
250602
250744
250782
250819
250894
251195
251272
251392
251410
251981
251983
251992
252070
252072
252078
252081
252120
252121
252135
252150
252464
252752
252994
253045
253079
253214
253308
253399
253414
253468
253502
253521
253541
253583
253608
253867
254062
254436
254526
254893
254904
254929
254966
254975
255043
255057
255109
255139
255143
255152
255248
255325
255351
255448
255716
255763
255872
255898
255996
255997
256016
256138
256165
256214
256251
256327
256661
256665
256683
256706
256736
256787
257025
257767
257768
257771
257793
257800
257806
257815
257825
257865
257896
257901
257942
257950
258497
258639
258640
258647
258736
258867
258967
259422
259894
259899
259945
260055
260087
260486
260490
260555
260564
260625
260659
260802
260988
261095
261215
261273
261282
261316
261334
261347
261364
261388
261465
261575
261593
261684
261755
261804
261825
261841
262086
262092
262244
262408
262443
262481
262493
262543
262566
262606
262755
262854
262912
262932
263021
263029
263083
263139
263156
263178
263437
263438
263471
263579
263591
263673
263760
263793
264017
264105
264174
264192
264218
264363
264371
264380
264383
264391
264436
264452
264455
264815
264852
264961
265061
265145
265284
265380
265540
265608
265652
265705
265716
265933
265955
265990
266037
266138
266183
266188
266216
266375
266411
266412
266448
266652
266840
266848
266872
266980
267125
267134
267137
267151
267153
267167
267199
267382
267440
267644
267751
267858
267975
268014
268030
268063
268081
268292
268344
268354
268516
268542
268546
268605
268719
268846
268895
268908
268911
269036
269050
269114
269255
269267
269310
269477
269503
269564
269831
269835
269838
269852
269872
269883
269895
269907
269915
269934
269943
269947
269959
269985
270004
270035
270082
270173
270474
270928
270968
271204
271542
271591
271608
271609
271623
271684
271691
271770
271786
271847
271985
272002
272005
272034
272414
272422
272451
272517
272524
272631
272639
272679
272717
272880
272915
273321
273344
273419
273503
273508
273513
273558
273564
273663
273665
273670
273689
273712
273716
273749
273811
273898
274204
274391
274441
274606
274957
274977
275024
275117
275123
275287
275377
275622
275641
275648
275653
275657
275672
275684
275700
275816
275864
276133
276231
276498
276548
276800
276846
276919
276931
277316
277322
277436
277444
277606
277631
277645
278115
278123
278152
278190
278338
278364
278389
278618
278619
278628
279001
279143
279167
279211
279292
279324
279330
279349
279416
279509
279541
279568
279590
279804
279826
279836
280344
280525
280767
280849
280851
280983
281024
281050
281111
281122
281156
281191
281451
281484
281493
281548
281573
281624
281640
281655
281692
281725
281764
281859
281922
281943
281947
282011
282085
282087
282092
282114
282519
282703
282718
282762
283294
283386
283447
283996
284027
284111
284434
284449
284571
284581
284614
284693
284728
284751
285011
285056
285496
285501
285529
285539
285544
285547
285579
285595
285611
285612
285641
285665
285668
285669
285697
285714
285715
285728
285780
285890
286037
286053
286450
286702
286964
287039
287129
287167
287254
287357
287404
287536
287558
287721
287729
287762
287806
288031
288070
288161
288287
288549
288563
288589
288658
288802
289057
289204
289210
289256
289260
289268
289276
289331
289336
289379
289389
289408
289412
289442
289485
289520
289701
289757
289787
289821
289887
289969
290087
290089
290103
290116
290190
290313
290333
290334
290353
290357
290403
290437
290464
290494
290512
290596
290603
290618
290642
290696
290817
290859
290886
291076
291198
291207
291215
291217
291283
291343
291392
291428
291452
291462
291473
291505
291541
292132
292316
292363
292367
292593
292594
292620
292656
292683
292703
292795
293039
293055
293114
293143
293204
293242
293527
293539
293543
293580
293599
293758
293869
293871
293913
293941
294052
294075
294122
294131
294146
294158
294277
294397
294427
294477
294486
294524
294612
294711
294737
294780
294882
294924
294956
294964
295009
295564
295794
295805
295879
295886
295914
295923
295963
296003
296048
296103
296115
296156
296191
296291
296389
296534
296556
296575
296677
296698
296720
296762
296897
296898
296918
296927
296995
297171
297356
297359
297368
297371
297387
297401
297402
297404
297411
297416
297424
297499
297504
297616
297769
297905
297920
298645
298777
298895
298943
298988
298992
299021
299033
299039
299051
299055
299183
299259
299386
299441
299557
299750
299915
299939
299945
299987
300105
300145
300147
300256
300328
300356
300357
300541
300594
300611
300711
300732
300774
301247
301252
301272
301273
301496
301509
301596
301599
301602
301610
301683
301745
301933
301976
301977
301981
301983
301997
302048
302138
302389
302451
302824
303028
303445
303627
303683
303931
303947
303973
304072
304449
304455
304479
304603
304649
304735
304776
304790
304810
304832
304878
304897
304904
305128
305279
305480
305483
305585
305586
305673
305792
305839
305853
306080
306104
306277
306293
306304
306338
306344
306351
306556
306560
306565
306616
306626
306645
306673
306686
306698
306758
307433
307567
307888
308124
308132
308180
308188
308207
308428
308439
308478
308666
309032
309040
309097
309155
309224
309227
309295
309306
309336
309403
309407
309650
309753
309768
309797
309824
310016
310167
310208
310216
310269
310271
310290
310328
310443
310479
310506
310526
310620
310665
310811
310887
311008
311041
311042
311048
311167
311211
311216
311227
311268
311340
311368
311550
311898
312000
312011
312022
312024
312031
312033
312034
312036
312062
312066
312082
312187
312440
312554
312556
312763
312828
312841
312854
313044
313089
313091
313104
313113
313120
313807
314075
314198
314320
314370
314380
314395
314446
314448
314581
315059
315066
315213
315267
315269
315313
315329
315338
315377
315393
315434
315501
315558
315561
315631
315764
316043
316058
316122
316148
316190
316361
316857
316928
317045
317177
317483
317485
317601
318147
318199
318236
318292
318321
318646
318656
318762
318816
318893
318905
318934
318954
318963
319037
319043
319146
319230
319248
319313
319342
319362
319454
319537
319642
319697
319987
320037
320278
320338
320384
320483
320697
320810
321149
321156
321164
321287
321290
321541
321668
321798
321809
321817
321933
322069
322253
322301
322318
322352
322388
322419
322449
322487
322731
322732
323024
323198
323431
324027
324066
324094
324269
324302
324326
324553
324686
324722
324826
324897
325176
325236
325399
325543
325610
325817
325933
326154
326184
326187
326330
326945
326958
327044
327195
327368
327458
327615
327635
328237
328614
329101
329147
329307
329313
329317
329348
329433
329994
330213
330241
330524
330616
330645
330826
330960
330993
331066
331127
331228
331265
331521
331533
331698
331752
331983
332090
332341
332522
332535
332701
332724
332935
333004
333029
333108
333132
333135
333663
333978
333981
333986
334021
334416
334658
335085
335102
335123
335153
335342
335622
336496
336676
336716
336835
336986
336990
337217
337308
337476
338294
338736
338827
338997
339105
339181
339277
339292
339693
339720
339750
339776
340006
340150
340238
340271
340318
340732
340920
340959
341044
341059
341281
341485
342129
342143
342283
342312
342343
342823
343231
343254
343577
343698
343763
343837
344038
344148
344156
344165
344368
344912
344932
345194
345219
345258
345298
345316
345334
345336
345438
345441
345592
345733
345746
346120
346352
346382
346407
346472
346504
346542
346777
346924
347035
347800
348252
348254
348574
348822
349078
349087
349116
349312
349429
349528
349550
349610
349703
349707
349838
349911
349994
350248
350428
350516
350755
350790
350830
350847
351385
351491
351702
351759
352032
352067
352343
352849
352859
352914
352964
353063
353070
353144
353205
353321
353396
353423
353552
353555
353558
353591
353592
353652
353675
353814
353836
353843
353989
353992
354143
354174
354176
354200
354464
354594
354640
354943
355200
355201
355258
355275
355276
355294
355336
355369
355620
355899
355925
355941
355946
356308
356400
356476
356560
356613
356707
356711
357041
357559
357608
357753
357815
357976
357993
358018
358034
358163
358491
358801
358964
359042
359079
359084
359197
359347
359564
359671
359739
359765
359846
360035
360142
360243
360256
360273
360275
360513
360594
360699
360762
360900
360906
361553
361581
361635
361993
362059
362088
362127
362400
362611
362614
362650
362946
362971
363096
363254
363366
363692
363776
363897
363918
364061
364145
364590
364592
365733
365779
366038
366239
366323
366627
366699
366863
367155
367538
367547
367683
368176
368193
368436
368689
368835
369456
369486
369609
369675
369749
370020
370023
370024
370172
370475
371050
371155
371171
371206
371517
371543
371556
371565
371634
371754
371839
371855
371882
372082
372397
372662
372715
372913
372974
373091
373195
373310
373454
373489
373839
373938
374014
374037
374053
374334
374491
374496
374510
374526
374538
374557
374586
374650
374923
375283
375532
375828
375907
375920
375933
376124
376193
376227
376337
376482
376769
376773
376793
377028
377090
377392
377398
377750
377798
377821
378069
378155
378180
378189
378531
378649
378679
378765
378823
379024
379133
379162
379364
379368
379591
379619
380100
380170
380184
380544
380556
380561
380571
380808
380858
380914
380958
381138
381139
381335
381427
381764
382041
382466
382624
382670
382995
383214
383238
383277
383521
383563
383588
383823
383863
383881
383976
384442
384633
384650
384675
384705
384720
384838
385097
385218
385545
385576
385768
385801
385946
385997
386010
386011
386056
386076
386918
387034
387159
387284
387531
387819
388282
388440
388911
388990
389003
389004
389123
389366
389378
389735
390015
390548
390877
391096
391160
391483
391864
391890
391911
391931
392649
393098
393185
393231
393326
393380
393641
393747
393988
394328
394369
394405
394440
394967
394993
395013
395144
395153
395328
395334
395358
395367
395406
395435
395455
395664
395668
395756
395801
395871
396107
396396
396529
397184
397492
397526
397825
397918
398153
398413
398476
398815
399001
399338
399353
399355
399356
399533
400073
400154
400257
400272
400299
400301
400313
400352
400631
401061
401174
401292
401529
401731
401930
402472
402481
402844
402928
402955
402989
403268
403323
403705
403759
404072
404079
404599
404688
404689
404697
404703
404787
404832
404852
404990
404995
405594
405617
405630
405645
405697
405703
405712
406058
406068
406361
406374
406375
406403
406860
406995
407277
407296
407542
407722
407801
407812
407853
408157
408208
408253
408503
408799
408800
408806
408832
409103
409252
409361
409392
409612
409614
410197
410226
410235
410249
410278
410305
410327
410370
410474
410750
411016
411173
411267
411491
411712
411846
412076
412270
412456
412488
412504
412723
412817
412821
413017
413460
413463
413808
414070
414083
414113
414517
414563
414684
414952
415581
415662
415751
416952
417044
417171
417183
417423
417542
417591
418009
418048
418053
419051
419113
419119
419146
419631
421479
422035
422114
422117
422144
422253
422692
422713
422716
423166
423183
423233
423629
423742
423961
424136
424253
424338
424581
424673
424982
425399
425792
426070
426101
426332
426612
426690
426718
426866
426973
427200
427640
427762
427880
428478
428512
428519
428847
429407
429416
429490
429553
430001
430169
430438
430708
430786
430813
431169
431186
431256
431270
431298
432609
432718
432730
432773
432922
433643
433644
433691
433754
433997
433999
434010
434198
434234
434459
434926
435071
435080
435566
435775
435967
436455
436520
436542
437441
437625
437701
438764
438849
439022
439308
439406
439670
2000 AA6
2000 AF205
2000 AH205
2000 BR9
2000 BJ38
2000 CQ114
2000 DE108
2000 EE38
2000 FH8
2000 FR53
2000 FM71
2000 GM144
2000 GY146
2000 GC147
2000 HG17
2000 HB24
2000 QN130
2000 QC226
2000 SP
2000 ST
2000 SR8
2000 SC34
2000 SJ35
2000 SR159
2000 SF186
2000 SG196
2000 SD291
2000 SK331
2000 TT6
2000 WV12
2000 WW12
2000 WC159
2000 WO183
2000 XL15
2000 YA
2000 YF2
2001 SX199
2001 SC203
2002 CO255
2002 QG92
2002 RT247
2002 SQ33
2002 VX42
2003 HQ24
2003 SE383
2003 SA245
2003 SX324
2003 UP80
2003 YZ19
2004 EM47
2004 FL119
2004 PL86
2004 QB20
2004 RV133
2004 SJ37
2004 TN62
2004 TV96
2004 TW151
2004 TH265
2004 TR350
2004 TW151
2004 TX229
2004 TH265
2004 TR350
2004 VQ11
2004 VU41
2004 WO4
2004 XN3
2004 XJ18
2004 XR57
2004 YL12
2005 GY87
2005 NN33
2005 QC4
2005 QV18
2005 RK32
2005 SN89
2005 SX110
2005 SR149
2005 SX184
2005 SP189
2005 SB269
2005 TR34
2005 TU34
2005 TC89
2005 TK106
2005 TO191
2005 UE84
2005 UM135
2005 UG404
2005 UK414
2005 UV163
2005 UG164
2005 UL178
2005 UL206
2005 UF231
2005 UQ526
2005 WK108
2005 YA5
2005 YJ114
2006 AM52
2006 BY101
2006 BR110
2006 BS124
2006 DT33
2006 DX74
2006 DS99
2006 DB176
2006 EL12
2006 EG22
2006 EU52
2006 HB103
2006 JQ16
2006 RP60
2006 SH9
2006 SE17
2006 SO94
2006 SK189
2006 SA233
2006 SJ242
2006 SB312
2006 SF331
2006 TK38
2006 TM45
2006 UD58
2006 UU79
2006 UH93
2006 UM141
2006 VP8
2006 VZ46
2006 VZ78
2006 WD89
2006 WV93
2006 WA112
2006 WM143
2007 BS44
2007 CG2
2007 CD32
2007 DW64
2007 ED15
2007 ES100
2007 EV140
2007 GG21
2007 HJ84
2007 JP40
2007 QX4
2007 RX64
2007 RA130
2007 RH206
2007 RG292
2007 RO323
2007 TK9
2007 TO45
2007 TZ51
2007 TF76
2007 TN97
2007 TR123
2007 TZ392
2007 TY170
2007 TH436
2007 TO192
2007 TK199
2007 TZ211
2007 TC278
2007 TW315
2007 TO345
2007 UC5
2007 UQ49
2007 UZ69
2007 VW9
2007 VT32
2007 VO59
2007 VV235
2007 VS288
2007 VX310
2007 XX33
2007 XS51
2008 AX28
2008 CB191
2008 DN78
2008 DS86
2008 EH137
2008 QA10
2008 QF43
2008 RC4
2008 RU115
2008 SH40
2008 SW68
2008 SN117
2008 SV137
2008 SN182
2008 SH270
2008 TN64
2008 TW101
2008 TX136
2008 TV169
2008 UX21
2008 UN51
2008 UY99
2008 UU315
2008 UJ368
2008 UV112
2008 UJ169
2008 UO185
2008 UC187
2008 UO282
2008 UU288
2008 UU315
2008 UJ340
2008 UF359
2008 WC22
2008 WO24
2008 WV44
2008 WC46
2008 WZ68
2008 WV83
2008 WX94
2008 WR138
2008 XA3
2008 XH37
2008 YX95
2008 YZ107
2008 YM137
2008 YW165
2009 BA116
2009 BL141
2009 BW149
2009 CH25
2009 CB56
2009 CR60
2009 DB85
2009 DK107
2009 SR41
2009 SA157
2009 SV278
2009 SE341
2009 UU38
2009 UZ107
2009 UM149
2009 VR27
2009 VK55
2009 VK62
2009 WZ32
2009 WG107
2009 WB192
2009 WB226
2010 CW2
2010 ER121
2010 FT99
2010 JJ34
2010 NP36
2010 NF45
2010 RC123
2010 RH140
2010 RL148
2010 TA95
2010 VU20
2010 VQ26
2010 VE42
2010 VV112
2010 VW166
2010 WW25
2011 AW43
2011 AQ51
2011 BS26
2011 CQ2
2011 CZ30
2011 CN51
2011 CN58
2011 DZ2
2011 DC47
2011 EL2
2011 EC22
2011 EC24
2011 FO3
2011 FM13
2011 FH31
2011 FJ82
2011 GW29
2011 HS68
2011 OG13
2011 QP27
2011 QA33
2011 SZ8
2011 SZ30
2011 SB46
2011 SN88
2011 SW112
2011 SS129
2011 SY133
2011 SG140
2011 SE155
2011 SA184
2011 ST207
2011 SH256
2011 SA258
2011 SE275
2011 TK6
2011 UL27
2011 UA30
2011 UP38
2011 UP40
2011 UG62
2011 UG95
2011 UR97
2011 UY367
2011 UQ112
2011 UV113
2011 UE115
2011 UO115
2011 UQ135
2011 UY135
2011 UV140
2011 UZ198
2011 UX201
2011 UE202
2011 UT245
2011 US265
2011 UB309
2011 UY312
2011 WO57
2011 WF60
2011 WO61
2011 WE62
2011 WY64
2011 WF84
2011 WY140
2011 YA13
2011 YS32
2012 BT4
2012 BG59
2012 BK81
2012 BS138
2012 DQ92
2012 QG15
2012 RQ37
2012 TL15
2012 TX56
2012 TT90
2012 TF93
2012 TQ241
2012 UF8
2012 UD56
2012 UB66
2012 UY99
2012 VX13
2012 WZ6
2012 WH9
2012 XD95
2012 XX140
2012 XL142
2013 AH27
2013 AE94
2013 AS123
2013 BC22
2013 BW24
2013 BB72
2013 CO23
2013 CF49
2013 CY86
2013 CQ151
2013 CH172
2013 CV173
2013 CE218
2013 DU4
2013 EL6
2013 EM8
2013 EA9
2013 EF15
2013 EC49
2013 EE64
2013 EQ98
2013 EW104
2013 EL108
2013 EC115
2013 EX122
2013 GZ10
2013 GX16
2013 GK58
2013 GH117
2013 HU93
2013 HM107
2013 HU144
2013 KE9
2013 KE11
2013 NR7
2013 PT28
2013 PC37
2013 PP65
2013 QT4
2013 QB71
2013 RM1
2013 RS24
2013 RR86
2013 SO54
2013 SM74
2013 TR20
2013 TX23
2013 TF33
2013 TA89
2013 TS95
2013 TL107
2013 TU113
2013 UP9
2013 WS70
2013 YL13
2013 YL14
2013 YR76
2013 YD119
2014 AD23
2014 AV36
2014 AX42
2014 AR44
2014 AK48
2014 BB22
2014 BK28
2014 BA35
2014 DQ24
2014 DV60
2014 DW84
2014 DL98
2014 DC121
2014 FD15
2014 HJ9
2014 HQ11
2014 HB12
2014 HK29
2014 HA45
2014 HS136
2014 HO183
2014 HA193
2014 JS11
2014 JX21
2014 JG36
2014 JZ69
2014 KT65
2014 KC75
2014 LS22
2014 NO28
2014 NH33
2014 OU47
2014 OJ48
2014 OT362
2014 OQ377
2014 OG124
2014 OL139
2014 OE200
2014 OZ316
2014 OP339
2014 OG357
2014 PZ1
2014 PX49
2014 QD26
2014 QC395
2014 QP400
2014 QY421
2014 QC232
2014 QF237
2014 QH350
2014 QU355
2014 QF359
2014 RL8
2014 SG92
2014 SJ98
2014 SB126
2014 SU148
2014 SD159
2014 SV227
2014 TV37
2014 UX63
2014 UA167
2014 VH32
2014 WT55
2014 WL402
2014 WN407
2015 BD147
2015 BB204
2015 BB317
2015 FH143
2015 FH154
2015 FM208
2015 FG285
2015 GL27
2015 GJ50
2015 HC92
2015 MV23
2015 MC85
2015 NC18
2015 OT23
2015 OK25