id
385
691
1106
1213
1617
2760
2935
3335
3524
3909
4119
4457
5842
6401
7659
8573
9296
9747
10391
12257
12687
12882
14012
15015
15939
16458
16593
17078
17487
18064
18231
18519
18532
18810
19181
19520
19666
20456
20520
20733
20909
21741
21865
22085
22588
23186
24741
25453
25532
26020
26343
26348
26489
26580
26640
27211
27400
27587
27798
28863
28941
29099
29166
29789
29865
29877
31323
31566
33151
33302
33694
33735
34223
34435
34445
34507
34653
35584
35689
36105
36634
36725
36933
37154
37223
37328
37419
38014
39227
39488
39525
40035
40676
40870
41436
41510
41516
41930
42241
42987
43226
43987
44249
44335
44951
45904
46979
47318
47334
48165
48203
48275
48412
48489
48763
49331
49457
49616
49656
49987
50231
50267
50460
50608
50843
51082
51145
52298
52570
53013
53258
53683
54394
54466
55039
55139
55583
56139
56154
56200
56209
56686
56904
56938
57015
57020
57116
58841
59055
62121
64156
64274
64514
64555
64581
64807
65053
65865
65951
66584
66892
67158
67362
68848
69369
69698
69836
70635
71076
71126
71338
72016
72329
72620
73332
73859
74288
74350
75225
75640
75780
76465
76548
76662
77836
78090
78114
78776
79050
79431
79882
79890
79950
81008
81217
81337
81404
81733
81855
82851
83159
83667
83684
83863
84267
84368
84860
85600
85881
86767
87211
87218
87524
87932
87960
88170
88451
88616
90168
90607
90891
91055
91086
91487
91672
92954
92967
93289
93368
93396
93493
93498
93615
93676
93818
93869
94253
95332
95840
96485
96946
96960
97256
97754
98959
99211
102154
102774
102928
103028
103262
103293
103682
104313
104585
104926
105657
107345
107596
107760
107991
108575
108709
109065
109066
109206
109422
109530
109561
110379
110582
111019
111467
111539
112650
114482
114587
115771
116018
116157
116312
116418
117047
117248
118105
118692
118851
118868
119598
119648
119769
119840
120138
120488
120816
120826
121113
122251
123017
123467
123473
123650
125274
125937
126139
126396
126473
126502
126683
127174
127240
127321
127339
127553
128217
129319
129436
130136
130969
131839
132368
132505
132584
133274
133688
134979
136529
136685
137791
137970
138083
138160
138165
138173
138183
138237
139613
140376
142453
142732
143350
143974
143987
144422
144519
144751
146142
146406
146407
146631
147376
147673
149461
150174
150634
151246
151729
152316
152704
153131
153161
153350
153777
154006
154337
155150
155729
155774
156521
157027
159167
159270
159563
160968
161050
161082
162867
162894
163354
163592
163811
163954
164096
164193
165606
165862
166673
167167
167398
167455
167521
167641
167952
168368
168467
168498
169995
170128
170473
170662
170960
171104
171208
171847
172339
172378
172551
172749
172750
173431
174350
175019
176917
177934
178376
178629
178939
179122
179811
180631
180671
180679
180710
182188
182208
182305
182713
182732
183478
184165
185572
185866
187405
187897
191168
191691
192593
193564
196643
196717
197252
198557
199563
199668
199673
199686
200021
200278
200333
201199
202147
203659
203800
203982
205392
206064
206645
207270
207351
207487
208889
209606
209841
210296
210893
211778
213679
213786
214095
214366
214452
214796
215249
215703
215740
216285
217113
218693
218997
220274
220653
221067
223240
223885
225153
225806
227017
227728
228059
228355
229134
229531
229631
230032
230372
230409
231335
232204
232223
232329
232580
232919
233268
233852
233917
235508
235525
235982
236510
236687
237234
237502
237577
237590
239109
239114
239644
239758
239861
239908
240277
240733
241458
242105
242537
244734
244737
246520
246779
247544
248530
248625
249472
250095
251129
252173
252387
252654
253271
253368
254120
254679
255557
256898
257537
258078
258219
259222
259254
259287
259346
259928
260079
260371
260595
261050
262819
262981
263456
264191
264648
265304
265347
265654
266525
267027
267476
269480
270458
270512
270554
271670
271887
272093
272967
273039
273061
273977
274555
274673
275388
276556
276818
277765
278300
279558
280128
281605
282079
282267
283180
284301
284654
286239
286488
286872
287567
287722
288063
288205
288400
289266
289280
290405
290498
290537
296075
296219
296777
296991
298249
298608
299765
299858
300111
300783
301192
301556
301650
302428
302671
302689
302804
302808
302977
302995
303136
303171
303218
303521
303839
305096
305563
305843
307795
308194
309632
309967
311106
311123
311811
312583
312613
313554
313575
314540
315612
315680
316286
316990
317799
317978
318069
318536
319941
320145
320248
320604
320876
320928
320935
321655
322157
322166
322648
322655
322696
323563
323762
324547
324591
324661
324829
325711
326569
327035
327405
327445
327491
328313
328348
328349
328735
329182
329593
331007
331477
331514
331949
332115
332161
332354
333057
333662
333677
333819
334394
334444
335822
336660
337124
338036
338494
340275
342653
342753
342766
345002
345893
346119
347060
347574
347705
348719
348721
348724
348767
350437
350569
350840
351044
352076
353353
354633
355014
355284
356098
356450
358136
358235
358394
358941
359132
360137
360596
360821
360850
360959
364221
364415
364432
364678
365620
365642
366164
366257
366561
367170
367187
367826
368067
368380
368683
370145
370747
371166
371944
372419
373838
374644
375035
376013
376615
377313
377904
377936
379491
379742
379780
380930
381486
381646
382140
382578
382924
382988
383681
384072
384696
385606
385807
387506
388243
389302
389322
390664
391579
392878
393256
393412
393414
393534
393912
394517
395341
395917
396289
396582
397616
397746
397996
398731
398827
399042
400649
401219
402641
403373
404142
405389
405995
407551
407574
407985
408687
409852
410958
411289
411767
413020
413097
413553
413657
413909
414222
414265
414481
415208
415700
416027
417676
417753
417839
418842
419176
419267
419322
419378
420170
420281
420530
420633
421046
422210
424045
425266
425989
427103
427303
428013
428339
428457
428733
428856
429020
429162
430140
430215
430235
431296
432498
432841
432850
434095
434411
434631
434735
434850
435161
435209
436603
436623
436862
437404
438688
438766
438971
439770
1995 SV79
2001 SS24
2002 AP190
2002 CH19
2002 ET25
2002 GL191
2002 QP98
2002 RO239
2002 RA292
2002 XV93
2003 YJ14
2004 CS84
2004 FX22
2004 TX159
2004 XC18
2005 GG117
2005 QN169
2005 UL387
2005 UF518
2006 AL3
2006 AB14
2006 BM30
2006 KJ60
2006 KF62
2006 KN120
2006 SU249
2006 SU249
2006 UO238
2006 VD136
2006 WX191
2006 WB195
2007 AC25
2007 DF40
2007 MN27
2007 QX13
2007 SB8
2007 TC12
2007 UO27
2007 VF201
2007 VH268
2008 BD50
2008 EU3
2008 EQ55
2008 EK72
2008 GG81
2008 JL9
2008 JG17
2008 KA27
2008 SD120
2008 UW178
2008 UY302
2008 UP352
2008 UC353
2008 WQ17
2008 WZ133
2008 YR43
2009 BW29
2009 CW3
2009 DJ52
2009 EL11
2009 EL18
2009 FM38
2009 FH54
2009 HM69
2009 JO17
2009 KL24
2009 QM30
2009 SZ97
2009 SP297
2009 TQ2
2009 WU7
2009 WY200
2009 XA16
2010 CU58
2010 EC36
2010 EQ98
2010 JQ31
2010 LN1
2010 TT16
2010 UM5
2010 UE11
2010 VE44
2010 VD61
2010 VP147
2010 VY203
2010 XF25
2011 BN33
2011 BJ38
2011 BU38
2011 BC59
2011 BV104
2011 BY115
2011 EX54
2011 EV69
2011 EL76
2011 EJ82
2011 FA2
2011 FV145
2011 GF6
2011 GP32
2011 GR41
2011 HC32
2011 HN36
2011 HN73
2011 HC74
2011 SC66
2011 SG89
2011 SE185
2011 UY11
2011 UE335
2011 UL127
2011 US128
2011 UG405
2011 UV308
2011 UE335
2011 UF336
2011 VC3
2011 WR87
2011 YX25
2012 BO55
2012 BL74
2012 BJ152
2012 EP4
2012 FD15
2012 FR59
2012 FT75
2012 GB2
2012 GZ19
2012 GE23
2012 HV18
2012 HY32
2012 JA13
2012 KT45
2012 LW18
2012 SH23
2012 TK192
2012 TO295
2012 TN320
2012 VL73
2012 WT16
2012 XN29
2012 XH32
2012 XH104
2013 AA44
2013 AF55
2013 AG122
2013 AE137
2013 AN150
2013 BK51
2013 CN24
2013 CB123
2013 EA49
2013 FJ2
2013 GV66
2013 GC85
2013 GF85
2013 GY93
2013 GG101
2013 GF115
2013 GA126
2013 JQ35
2013 JK60
2013 JY62
2013 KN3
2013 KP3
2013 KK9
2013 LJ5
2013 QE10
2013 QT37
2013 RO82
2013 SP44
2013 SL52
2013 TH
2013 TS14
2013 TK48
2013 UV9
2013 WH59
2013 WE85
2013 XR10
2013 XQ25
2013 YB30
2013 YE93
2014 BQ24
2014 BS37
2014 DJ34
2014 DC64
2014 DU139
2014 EW27
2014 EN28
2014 EC43
2014 FL3
2014 HY23
2014 HZ42
2014 HB159
2014 JD27
2014 JG42
2014 KX14
2014 KH36
2014 OS1
2014 OF26
2014 OY37
2014 OK241
2014 PG12
2014 PJ64
2014 QD168
2014 QK432
2014 QO299
2014 SA257
2014 UN4
2014 UX4
2014 UL203
2014 WJ121
2014 WR421
2014 WX234
2014 WC263
2014 XA38
2015 AG1
2015 AR3
2015 AG29
2015 AA162
2015 AQ234
2015 AQ244
2015 BG390
2015 BW131
2015 BF169
2015 BS263
2015 BD264
2015 BH327
2015 DN14
2015 DR43
2015 DK151
2015 DD173
2015 DN197
2015 EB19
2015 EB65
2015 GZ36
2015 HP15
2015 HE174
2015 KN9
2015 KD86
2015 MG44
2015 MK51
2015 OM63
1993 VT6
2000 SZ326
2002 AD190
2002 CE226
2002 RN253
2002 RK257
2002 TV165
2005 EO45
2005 JQ37
2005 MB41
2005 UX11
2005 UY179
2005 WO68
2005 YR194
2006 AL98
2006 BE106
2006 ET72
2006 HU99
2006 KQ51
2006 LY
2006 ML5
2006 SM386
2006 SH387
2006 UR122
2006 VJ118
2006 WL161
2007 BO11
2007 EX141
2007 HW30
2007 TW27
2007 VT58
2007 VF65
2007 VS77
2007 WK35
2008 CQ206
2008 DK9
2008 ED33
2008 FN105
2008 HG48
2008 LQ13
2008 OO7
2008 TE189
2008 US20
2008 UU152
2008 UX231
2008 UZ307
2008 WX16
2009 CC
2009 CC24
2009 FY53
2009 HM36
2009 UE151
2009 WO89
2009 WP96
2009 WV192
2010 AN52
2010 AK77
2010 AJ84
2010 AP138
2010 CA221
2010 CC235
2010 DG71
2010 DV86
2010 ES5
2010 EU11
2010 EH150
2010 FC77
2010 GP13
2010 GU90
2010 HJ20
2010 HB37
2010 HR60
2010 HX65
2010 HD87
2010 JZ2
2010 JT12
2010 JY56
2010 JB65
2010 JH108
2010 KN87
2010 LE95
2010 LY98
2010 MN54
2010 MQ64
2010 NC36
2010 NH44
2010 NA83
2010 PM4
2010 UL49
2010 VO94
2010 VH97
2010 XF45
2011 BD107
2011 CM12
2011 CO64
2011 EJ58
2011 FW80
2011 HK94
2011 KU26
2011 OP32
2011 QU5
2011 SU100
2011 SL263
2011 UT96
2011 UL97
2011 UG118
2011 UH312
2011 WB63
2012 BU84
2012 BY142
2012 CX26
2012 CQ37
2012 CD42
2012 DN65
2012 FO14
2012 FM46
2012 FA49
2012 JG54
2012 LD15
2012 SW56
2012 TP83
2012 TH148
2012 TJ268
2012 VO53
2013 AP65
2013 AD139
2013 AG145
2013 BJ22
2013 BJ38
2013 BO60
2013 CS102
2013 CS186
2013 CV187
2013 DS12
2013 EW22
2013 EW40
2013 GV46
2013 GJ94
2013 HU5
2013 HJ14
2013 HC95
2013 HR119
2013 LM10
2013 PK21
2013 QO9
2013 QU60
2013 QE66
2013 RT15
2013 RO36
2013 RL64
2013 TF55
2013 WD18
2014 BZ15
2014 DR89
2014 DD127
2014 EX6
2014 EG17
2014 GN41
2014 HE13
2014 HB111
2014 HO125
2014 HE131
2014 HE132
2014 JF14
2014 JX61
2014 KX60
2014 MF34
2014 MA35
2014 OT68
2014 OJ85
2014 OJ135
2014 OR263
2014 OG331
2014 OZ332
2014 QT147
2014 QJ316
2014 QT342
2014 SX255
2014 WJ121
2014 WT134
2015 AJ8
2015 AS241
2015 BQ82
2015 BO86
2015 BA106
2015 BU161
2015 BA459
2015 BY213
2015 BF287
2015 DB24
2015 DX125
2015 DY134
2015 DB196
2015 DG201
2015 EO57
2015 FK289
2015 FF330
2015 GZ27
2015 HZ57
2015 HH112
2015 KU16
2015 KJ31
2015 KC45
2015 LO13
2015 MH52
2015 MC63
2015 MA65
2015 MP117
2015 PZ35
2015 PN48
