id
22
1690
3426
4502
5531
5549
5935
7342
7807
7855
7887
8860
9090
9356
10569
11930
11987
12084
12348
12362
13291
13295
13559
14361
15165
15272
15364
17766
18000
18738
20220
20504
20675
22178
23210
23611
24399
24612
25312
25409
25731
25733
27494
28897
31217
32076
33182
35542
35564
35656
35767
36122
39023
39935
40063
40151
40721
41596
43562
44331
44496
44820
45407
45559
45604
46056
46276
46946
46992
47396
47769
47942
48143
48547
50201
50219
50731
50795
51114
51152
51766
51935
54147
54303
54500
54835
55483
55603
56173
56217
56243
57180
57252
57542
57795
58514
58622
58733
58900
59732
60477
60556
60952
61644
62116
62158
62248
62264
63216
63952
64117
64694
65973
66647
67060
67796
67860
68912
69249
70617
70642
70829
71936
72031
72330
72458
72593
73092
73471
73920
74149
76123
76363
76659
77293
77371
77713
77785
78043
78166
78493
78903
79218
79911
81315
81468
81823
81871
82359
82414
82718
82751
82877
83354
83679
84223
84446
84741
85186
86256
86925
87591
87894
89806
90108
90427
90453
90493
90650
91139
91376
91493
93030
93161
93171
93255
93512
93641
93891
94023
94315
95254
95260
95359
95886
97451
98585
98671
98964
100437
100797
102417
102579
103279
104012
104057
104273
104683
104905
105082
107121
107204
108064
108564
108590
108957
109348
109423
109473
110801
110828
110913
111190
112814
113299
113521
113730
113756
114524
114569
115270
115470
115549
115759
115793
115908
116037
116189
118879
119580
119678
119832
120321
120650
121274
121753
122324
122562
123071
123221
123493
123799
125524
125582
125873
125890
126996
127233
127869
127982
130975
131090
132422
133244
133572
133639
134803
135791
136083
137426
138142
138162
138439
138613
139434
139784
142826
143587
144079
144167
144280
144557
144618
145854
146697
148563
148702
150922
151077
151793
154877
156570
156958
156981
157400
157623
157631
158496
158564
158763
159058
160814
161016
161351
161518
161768
161797
162842
163543
163857
163949
164074
164449
166410
167946
168091
169040
169077
169297
172302
172711
174331
174889
175716
177441
177588
180549
182437
182485
182665
184054
185919
186030
186210
186937
187016
187352
187718
188046
188311
189389
190294
191316
192041
193630
193726
195297
195366
195462
195553
197996
198419
198535
198698
201584
202614
203023
203202
204178
205952
208014
208127
209328
209485
209837
210141
211019
211329
211338
211466
211772
213006
213435
215492
215919
217802
217897
217980
218847
218919
220177
220674
220831
221112
222716
223258
224972
225539
226555
230058
230673
230961
234584
235229
235472
235827
235901
237779
238548
238564
238576
238760
239136
239411
239664
240184
241768
242313
242779
243003
243359
245053
245234
245375
245424
245461
246295
247037
248055
248241
248391
248450
249032
249248
251247
251664
251724
252394
252417
252653
252773
254972
255935
256462
256537
256994
257082
257375
258731
259148
259673
260110
260888
261029
261110
262882
263747
263921
264082
264162
264649
264686
264717
264983
265351
265598
266367
267204
268109
269053
272017
272860
273001
273424
273822
273825
274011
274121
275728
275860
276119
276701
277046
277785
277893
278684
278745
280415
281038
281318
282432
283359
284969
285461
286789
287902
287958
288028
288087
288263
290682
291706
292413
293188
294148
294599
294620
295248
296201
296540
298588
299225
299241
299868
299946
300363
300441
301368
301412
301557
302165
303702
304438
305224
305908
306162
306273
307098
307415
307936
308928
310350
310863
311107
311627
311703
312679
314200
315404
315739
317750
317918
319447
319758
319977
320581
322514
322860
322901
322923
323844
324235
324523
325297
325480
326111
326251
326271
326571
326921
327245
327249
327358
327906
327985
328636
330141
331975
332896
333190
334340
334432
334828
336019
336894
338029
338319
338568
338796
339201
339566
341163
342487
343347
344477
344785
346948
347414
348081
348101
348616
348738
350033
350195
351198
352492
353109
353607
353777
353853
354111
354469
354738
355033
355528
355621
355644
356064
357206
357535
358119
359145
359472
359814
360109
360170
360901
361025
361226
362244
363555
363601
363876
364103
364396
368105
368467
369559
369748
369933
370627
370696
370825
370872
370880
371694
371751
372026
373017
374466
374943
376329
379065
379612
381261
382317
383619
384136
386282
386314
386830
387687
388624
388784
389231
389470
390316
391153
392327
392372
393566
394216
395073
395875
397957
398348
398960
400589
401093
401355
401797
401953
402037
402707
403021
404537
406010
407301
407370
407615
408006
408255
408378
410529
410593
410999
411056
411258
411502
413883
415148
417112
418684
418702
419106
419457
419483
420747
420800
421437
422145
423623
424071
425448
425692
425900
425909
425932
426228
426618
426811
427511
427662
429128
429197
429309
429963
430673
430935
431065
431122
431419
431848
431872
432046
432461
432494
432828
433513
435827
436269
436580
437589
438936
439170
1995 SW20
1999 CQ133
2000 BM47
2002 QW122
2002 RS164
2002 RR293
2002 XN121
2003 HH50
2003 SO429
2003 UQ49
2003 WP19
2004 QO13
2005 ER192
2005 QN187
2005 RZ38
2005 SP260
2005 US520
2005 WS25
2005 WW85
2005 YX202
2006 BB256
2006 CB21
2006 HV72
2006 KL12
2006 SR64
2006 TY103
2006 TW112
2006 TX119
2006 VS108
2006 XM6
2007 BW77
2007 CL37
2007 DP47
2007 SC17
2007 VG97
2008 BT10
2008 EJ160
2008 GR130
2008 JD26
2008 JO36
2008 SW220
2008 ST276
2008 TQ17
2008 UW137
2008 UQ174
2008 UR251
2008 VX24
2008 WO23
2008 YX160
2008 YG164
2009 BQ142
2009 CX37
2009 DU7
2009 DY63
2009 DB105
2009 EL23
2009 HJ12
2009 HS49
2009 JH8
2009 SH35
2009 SR174
2009 VS30
2009 VB78
2009 WY207
2010 AB32
2010 BT43
2010 CV167
2010 EU41
2010 NU101
2010 TW184
2010 VQ74
2011 BX30
2011 BK76
2011 BD146
2011 CT72
2011 JT31
2011 KQ2
2011 SD163
2011 UG54
2011 VE23
2011 WJ69
2011 WH136
2011 YO20
2012 BA73
2012 FP57
2012 HG3
2012 JS5
2012 JB7
2012 JM65
2012 RN4
2012 TG37
2012 TQ318
2012 UK80
2012 UB167
2012 VF9
2012 VB38
2012 XJ68
2013 AK1
2013 AN58
2013 CS31
2013 CS52
2013 CK96
2013 CU135
2013 CV152
2013 CR162
2013 EJ13
2013 EP86
2013 FQ21
2013 GM53
2013 GJ74
2013 JJ8
2013 JU11
2013 RJ54
2013 TP6
2013 TN127
2013 TG136
2013 YG7
2013 YE36
2013 YD40
2013 YR92
2013 YL116
2014 AF26
2014 AL42
2014 CL20
2014 DE48
2014 DB50
2014 DR117
2014 DJ119
2014 DB139
2014 FD39
2014 HV1
2014 HL23
2014 KA54
2014 LX14
2014 MP3
2014 MG52
2014 MZ53
2014 NL51
2014 OQ105
2014 OQ105
2014 QK35
2014 QZ61
2014 QN66
2014 QA234
2014 QP327
2014 SW294
2014 TH65
2014 UW105
2014 UH126
2014 UE161
2014 VQ2
2014 WL42
2014 WE434
2014 WS494
2015 AC245
2015 BD1
2015 BV295
2015 CX36
2015 DH32
2015 DJ111
2015 DF122
2015 FB
2015 FM21
2015 FA301
2015 FJ340
2015 GS9
2015 GU33
2015 HB2
2015 HR71
2015 HE161
2015 HC175
2015 HL179
2015 KN32
2015 KN77
2015 LK20
2015 MU46
1995 SA21
1995 SC70
2002 PG193
2002 PX194
2002 RR234
2002 RA265
2002 TD100
2003 HB11
2003 HC55
2003 ME13
2003 TF2
2004 TG91
2004 TR174
2005 ET246
2005 SK42
2005 SH269
2005 SY286
2005 UL265
2005 UO266
2005 VR108
2005 YK12
2007 BM2
2007 CG4
2007 TX377
2007 WU2
2008 AW46
2008 AT104
2008 BV52
2008 CZ122
2008 DV82
2008 FZ7
2008 RO6
2008 SP225
2008 TC98
2008 WM93
2009 AP8
2009 KJ32
2009 UJ36
2009 VL20
2009 VX33
2009 VY81
2010 AY84
2010 AB109
2010 AB117
2010 AC135
2010 BL66
2010 BE105
2010 BP121
2010 DN61
2010 DL68
2010 EY17
2010 EA148
2010 FU44
2010 FM58
2010 FJ69
2010 FR81
2010 GG86
2010 GC163
2010 HS16
2010 HQ71
2010 HX87
2010 HK95
2010 JL129
2010 KM18
2010 KL71
2010 KR93
2010 LY43
2010 LA51
2010 LC91
2010 LP98
2010 MV60
2010 MF91
2010 MD98
2010 ND49
2010 NR71
2010 NQ75
2010 NC77
2010 NE95
2010 PP3
2010 PN16
2010 PU28
2010 VH107
2010 VD180
2010 VH204
2011 BU94
2011 CM20
2011 FQ47
2011 FB95
2011 HY86
2011 QJ96
2011 SO199
2011 UV299
2011 YX40
2012 BY94
2012 FE35
2012 FP70
2012 PK22
2012 TS109
2012 UJ164
2012 WO26
2012 XM18
2013 AM140
2013 AM170
2013 AY175
2013 AB177
2013 GZ83
2013 HM26
2013 HO92
2013 HA128
2013 HO129
2013 HC144
2013 PX57
2013 RK7
2014 BA26
2014 DF1
2014 EJ47
2014 HE38
2014 HA106
2014 JK52
2014 OF162
2014 OF168
2014 OU331
2014 OJ345
2014 PU37
2014 SU97
2014 SM125
2014 UR127
2014 UM195
2014 WJ254
2014 WM257
2014 WE259
2014 WC297
2015 AX222
2015 AK268
2015 BJ173
2015 BT203
2015 BC222
2015 BD257
2015 CL2
2015 CQ20
2015 CH22
2015 FL10
2015 FM286
2015 FC323
2015 GN24
2015 GN33
2015 HY79
2015 KK101
2015 MC88
2015 MP128
