id
8188
8678
10119
10147
10604
11071
11095
11381
11658
12437
13562
13566
13983
13984
15753
16054
16179
16568
16796
17137
17153
17809
17837
17848
18553
18669
18732
19196
19199
20034
20588
20755
20827
20842
21097
21212
21835
22614
23095
23117
23879
24314
24338
24752
25260
25591
25817
25900
26125
26607
28917
28933
28962
29585
29586
30003
30500
31252
31291
31333
31748
32195
32197
32231
32382
32553
32832
32841
32905
32934
33175
33196
33197
33253
33784
33793
34110
34413
34421
34550
34591
34834
35449
35557
36641
36724
36920
36959
37052
37326
37356
38035
38367
38426
38542
39261
40758
41170
41499
41518
42161
42206
42746
42748
42767
43530
43610
45511
45552
46136
46231
46355
46726
47727
47920
48164
48280
51118
52680
54388
54575
54959
55057
55226
55372
55516
55860
55958
56275
56861
56869
57558
57704
57825
57842
57956
57957
58206
58297
58302
58369
58403
58744
58851
60005
60031
60539
61582
62282
62741
63283
63350
64094
64294
64540
64545
64654
64881
66135
67363
68304
68314
68397
68457
68882
69103
69136
69431
69779
69909
70004
70028
71087
71585
71634
71658
71662
71684
71707
71723
72446
72540
72558
72735
72763
73478
75986
76542
76592
76787
77442
78064
78893
81971
82026
82189
83221
83861
84823
84896
85213
86133
87867
88156
90349
91507
94331
95994
96206
96255
96592
97493
97530
97579
97655
97702
99523
99830
100065
100631
100862
102190
103958
104782
104916
105047
105353
105555
105704
106251
106282
107879
110983
112732
113172
114105
114560
114643
114660
115752
115819
115876
115939
116118
116196
116700
121383
123927
123940
123978
124020
126660
127404
127655
128146
128218
129573
129724
130294
130296
130331
131367
131373
132712
133307
133473
134133
134998
136523
136867
138610
139351
139445
140162
140447
140514
140678
140887
140930
140970
141182
141225
143468
143486
143535
145472
147650
148596
148700
148940
149184
152141
154197
154247
155322
155877
157354
157683
159827
159834
159886
160248
161297
169263
170136
175043
175100
175358
175527
177645
177944
180122
180174
182384
185067
188552
189511
189627
191502
191524
192976
193153
195645
195649
195781
195847
196186
196743
196944
197053
197152
197553
200086
201169
201683
201811
203284
203700
203746
204259
208394
208990
212375
212933
221434
223342
223395
223401
225082
226437
226478
226491
226550
227019
227709
227744
228971
231390
232954
235893
240088
241777
242304
242957
244621
248675
248773
253390
258196
258459
263625
267787
267831
270676
270748
272011
274694
274718
274790
277817
277854
278713
278910
287480
287540
288309
291045
292734
292902
294189
297190
305949
306838
315103
316253
317792
319309
321076
321540
322940
322991
329701
331823
332623
346156
346205
354334
361565
362907
363448
366647
370498
373001
385390
385418
386205
386597
389908
391788
403457
407094
407646
418455
418650
422055
427091
430172
2003 FJ133
2003 UC67
2003 UX89
2003 VR8
2005 UC259
2005 UB352
2007 TP295
2007 TD339
2008 SH219
2008 YN150
2009 NQ
2010 AE76
2012 UZ33
2013 QQ50
2013 TH41
2013 YH105
2014 AT11
2014 AL44
2014 SP163
2014 WQ137
2014 WS138
2015 BO39