id
53
78
258
459
759
881
1166
1281
1392
1554
1860
2265
3125
3127
3321
3474
4047
4107
4114
4154
4525
4564
4567
4783
5122
5147
5280
5777
6152
6425
6695
6699
7084
7194
7390
7421
8056
8131
8269
8378
8861
9123
9628
10031
10328
10935
10997
11079
11290
11470
11526
11579
11804
11817
11849
11928
12234
12839
12862
13003
13080
13702
13834
13902
13974
14028
14032
14089
14127
14376
14466
14911
15008
15106
15248
15269
15592
15688
16082
16217
16442
16528
16754
17025
17284
18007
18298
18323
18742
18884
18914
19177
19512
19524
19555
19757
19928
20009
20111
20192
20219
20459
20492
20501
20791
21004
21070
21274
21320
21664
21755
22170
22284
22300
22783
22895
23413
23427
23457
23565
23603
23612
23670
23836
23902
24013
24067
24617
24672
24737
24805
24942
25072
25174
25201
25713
25786
25882
26094
26469
26473
26535
26567
26963
27210
27250
27289
27614
27653
27668
27816
27819
27940
28189
28248
28332
28491
28651
28804
28995
29016
29352
29640
29701
29935
30224
30339
30403
30559
30784
31361
31497
31545
31576
31741
32017
32026
32101
32184
32587
32635
32641
33449
33752
33842
33919
33957
34295
34639
35228
35279
35281
35289
35450
35556
35615
35827
35853
35855
35881
36060
36390
36492
36684
36717
36859
37210
37276
37302
37873
37885
37934
37999
38169
38219
38504
38767
38772
38833
38880
38965
39072
39099
39485
39491
39945
39978
40291
40363
40613
40655
40925
41155
41299
41538
42078
42095
42219
42288
42373
42496
42708
42833
42952
43028
43042
43062
43069
43133
43338
43537
43788
44228
44303
44390
44554
45188
45228
45248
45385
45560
45594
45784
46043
46196
46542
46746
46874
46896
46947
47019
47445
47612
47620
47685
47821
47822
47950
48079
48214
48356
48597
48686
48696
49079
49284
49318
49369
49395
49437
49801
49991
50397
50483
50714
50897
51253
51294
51550
51575
51666
51719
51740
51756
52147
52399
52408
52455
52598
52611
53086
53097
53112
53125
53142
53164
53200
53234
53236
53262
53301
53492
53633
53707
53776
54098
54306
54418
54442
54445
54484
54615
54676
54829
54846
54913
55036
55395
55546
55580
55724
55734
55795
55817
55877
55894
56118
56158
56166
56183
56189
56562
56694
56713
56778
56802
57230
57281
57820
57898
57900
58003
58059
58074
58212
58217
58259
58264
58272
58422
58485
58610
58644
59078
59140
59368
59449
59531
59555
59561
59596
59630
59737
59759
59778
60597
60678
60680
61182
61379
61429
61463
61712
61723
62057
62071
62256
62564
62578
62626
62646
62754
62768
62940
63569
63776
64284
64321
64572
64621
65299
65638
65872
65911
66478
66505
66520
66549
66550
66562
66567
66569
66578
66586
66595
66600
66626
66657
66707
66828
66845
66915
66943
66961
67040
67453
67678
68208
68265
68366
68462
68526
68546
68603
68754
68818
69107
69192
69286
69633
70276
70347
70508
70517
70722
70738
70912
70956
71080
71110
71155
71250
71288
71294
71399
72051
72072
72286
72560
72876
73028
73038
73125
73292
73376
73435
73439
73733
74065
74117
74128
74603
75222
75379
75472
75560
75612
75700
75744
75762
75788
75869
76135
76157
76158
76171
76491
76499
76706
77500
77509
77596
77626
78111
78130
78169
78172
78285
79423
79607
79625
79779
79792
79820
79832
79851
80422
80712
80809
80928
81005
81227
81296
81433
81560
81622
82197
82294
82302
82348
82385
82566
82794
84186
84500
84781
84947
85060
85120
85125
85589
85686
85719
86957
86965
87066
87072
87156
87158
87176
87231
87290
87334
87381
87422
87464
87513
87582
87722
87783
87835
87903
87943
88796
88847
89045
89199
89307
89495
89542
89572
89726
89784
89971
90014
90124
90172
90299
90886
91095
92779
92786
92831
92888
92964
93227
93265
93318
93403
93514
93530
93679
93703
93883
93946
94053
94082
94200
94940
95211
95480
96190
96267
96313
96450
96500
96503
96511
96728
96747
96761
96766
96799
96832
96852
96926
97348
97907
98067
98575
98587
98643
98651
98668
98732
98776
98788
98870
98966
99018
99028
99069
99090
99130
99171
99452
100151
100305
100524
100616
101015
101265
101296
101312
101416
101419
101494
101525
101593
101762
102475
102482
102625
102701
102833
102850
103110
103142
103216
103283
103312
103433
103578
103830
104093
104100
104199
104224
104494
104843
104910
106768
107806
107910
107929
107987
108024
108060
108140
108149
108275
108475
108626
108741
108936
108946
109071
109117
109167
109170
109183
109260
109276
109288
109316
109332
109378
109398
109440
109441
109679
109698
109824
109830
109883
109889
109954
109976
110119
110149
110278
110315
110319
110341
110360
110453
110496
110520
110557
110641
111005
111168
111172
111251
111252
112102
112397
112434
112568
112796
113046
113166
113176
113743
113806
113885
114186
114287
114314
114434
114529
115119
115629
115765
115795
116064
116175
116292
116833
116886
116988
117160
117568
117813
118118
118367
118658
119481
119494
119524
119587
119764
119891
120034
120040
120229
120257
120267
120318
120791
120834
121182
121292
121380
121730
122189
122201
122325
122440
122511
122579
122640
122721
122783
122788
122895
122908
122930
122968
123027
123030
123067
123110
123173
123179
123231
123307
123464
123508
123572
124643
124672
124976
125136
125198
125536
125635
125839
126138
126233
126291
126395
126415
126570
126636
126743
126915
127011
127105
127250
127276
127297
128151
128481
128532
128581
128787
128917
129655
129682
129839
129891
129924
130035
130040
130120
130125
130131
130137
130144
130145
130153
130839
130907
130915
130931
131008
132046
132384
132392
132488
132585
132623
132637
132658
132692
133286
133439
133875
133887
133980
134020
134061
134384
134452
134464
134474
134479
134486
134489
134708
134818
134983
135009
135461
135675
135683
135726
135747
135757
135772
135778
135813
135909
135932
135941
136323
136542
136758
137049
137110
137163
137837
137968
138007
138217
138334
138346
138352
139115
139225
139354
139423
139509
139752
140922
141289
141634
141904
142133
142192
142254
142270
142277
142378
142423
142497
142571
142625
142628
142679
142715
142748
142764
142792
142957
143013
143018
143161
143193
143198
143335
143345
143387
143467
143619
144587
144600
144857
145266
145334
145410
145564
145709
145855
145856
146082
146353
146357
146700
146711
147094
147238
147243
147260
147289
147303
147688
147899
147956
148035
148044
148084
148221
148564
148566
148578
148712
148762
148783
148808
149262
149375
149468
149481
149706
149925
150160
150476
150503
150670
150682
150761
150795
150799
150832
150843
150848
150879
150898
150913
150923
151015
151095
151097
151592
152448
152750
153025
153088
153096
153167
153189
153451
153488
153509
153525
153531
153574
153578
153594
153653
153664
154334
154536
155127
155173
155292
155372
155388
155419
155710
155718
155737
155751
156114
156219
156274
156275
156359
156367
156418
156441
156496
156952
157145
157178
157415
157518
158010
158379
158395
158486
158602
158901
159022
159053
159066
159109
159408
159413
159444
159791
159907
159933
160142
160290
160300
160593
160598
161037
161198
161323
161324
161345
161348
161360
161738
161746
161890
161964
161990
162283
162318
162881
163320
163800
163813
163820
163868
163895
163898
163921
164034
164036
164040
164049
164075
164630
164921
164942
164954
164958
164978
165444
165544
166290
166292
166307
166342
166348
166350
166363
167114
167146
167256
167262
167272
167293
167316
167322
167336
167856
168117
168376
168541
168563
168566
168577
168605
168621
169078
169709
169911
169956
169978
170029
170253
170322
170439
170463
170485
170500
170542
170559
170578
170769
170916
171002
171354
171358
171471
171515
171569
171587
171625
171637
172167
172171
172261
172564
172616
172668
172673
173173
173202
173345
173417
173419
173430
173668
174145
174201
174284
174361
174859
174912
174913
174923
175040
175166
175241
175681
175744
175828
175896
175950
176735
176800
176840
176863
176865
176919
176920
176946
177390
177412
177425
177495
177729
177766
177853
177899
178135
178283
178352
178432
178617
178621
178630
178639
178934
178965
179007
179037
179114
179275
179711
179745
179762
179808
179836
179935
179945
179969
180008
180536
180629
180630
180656
180675
180701
180737
180744
180887
180892
180919
180973
180978
181384
181711
182014
182034
182054
182085
182091
182306
182346
182370
182379
182546
182641
183190
183240
183301
183348
183368
184071
184102
184139
184160
184411
184576
184783
184944
185246
185403
185694
186015
186035
186053
186099
186123
186203
186239
186522
186533
186551
186557
187341
187408
187415
187499
187861
188021
188033
188264
188279
188484
188785
188806
189053
189531
189534
189538
189540
189547
189586
189606
189609
189845
190050
190533
190540
190560
190581
190609
190618
191321
191669
191681
191707
191715
191883
192042
192357
192401
192630
192683
193233
193289
193302
193402
193418
193423
193434
193447
193454
193458
193481
193495
193505
193516
193533
193537
193540
193610
193624
193683
194448
194974
195038
195277
195500
196346
196452
196517
196532
197869
198055
198077
198094
198116
198121
198220
198236
198238
198275
198335
198374
198497
198577
198992
199989
200222
200392
200401
200469
200472
200493
200533
201049
201084
201741
202106
202145
202225
202258
202355
202490
202821
202972
202989
203006
203016
203142
203162
203195
203208
203222
203954
204003
204099
204497
204503
204811
205043
205097
205105
205107
205115
205120
205122
205124
205154
205377
205389
206076
206360
206364
206375
206435
206459
206596
206597
206610
206938
206979
207080
207212
207329
207518
208036
208044
208063
208065
208743
208812
208813
209132
209167
209198
209313
209726
209777
210003
210479
210527
210588
210819
211324
211339
211576
211617
211625
211638
211643
211668
212076
212241
212511
212545
212572
212573
212629
212746
213692
213707
213709
213737
213921
214260
214317
214718
214920
215112
215507
215686
215695
215920
216076
216312
216458
216544
216627
216807
216816
216832
216903
217047
217057
217063
217070
217071
217075
217088
217278
217416
217642
217678
217896
217945
217953
217957
217964
218003
218210
218638
218650
218716
219061
219145
219146
219364
219518
219532
219538
219572
219597
219602
219651
219656
219685
219688
219714
219716
219744
219767
219773
219817
220303
220586
221155
221209
221260
221309
221997
222265
222475
222501
222513
222529
222559
222569
222574
222579
222600
222609
222625
222634
222659
222662
222672
222684
222704
223284
223738
224350
224352
224355
224373
224407
224434
224939
225483
225513
225514
225534
225567
225825
225837
225866
225873
225877
225921
225954
225966
225999
226001
226374
226705
226712
227349
227421
227449
227458
227485
227693
227880
227920
228023
228033
228315
228515
228603
228608
228664
229445
229499
229552
229735
230088
230355
230374
230820
230834
230837
231157
231206
231248
231313
231498
231748
231873
231878
231882
231911
232056
232129
232140
232174
232206
232443
232840
232841
233093
233185
233341
233434
233571
233860
233905
234168
234273
234297
234667
234710
234715
234728
235188
235189
235202
235375
235803
235806
236464
236541
236744
236761
236768
237032
237162
237179
237335
237399
237420
237451
238171
238179
238223
238234
238240
238267
238540
239083
239139
239179
239183
239424
239805
239818
239935
239942
239943
240128
240169
240418
240444
240576
240631
241775
241983
241992
242058
242063
242155
242350
242501
242586
242990
243327
243599
243682
243691
243696
244328
244346
244355
244365
244459
244506
244597
244848
244903
244906
245214
245255
245284
245417
246121
246347
246588
246735
246909
247125
247165
247238
247463
247472
247488
247592
247640
247761
248289
248739
248753
248759
248833
249249
249385
249437
249688
250158
250175
250181
250195
250209
250217
250237
250255
250262
250615
250649
250653
251033
251074
251103
251183
251220
251228
251256
251492
251752
252307
252333
253089
253111
253113
253222
253259
253281
253938
254519
254632
254650
254667
254696
255814
255839
255873
255998
256025
256040
256058
256078
256092
256095
256123
256163
256202
256207
256242
256296
256760
256863
257580
257834
258027
258093
258111
258117
258138
258170
258212
258256
258318
258332
258449
259037
259042
259055
259087
259135
259173
259255
259284
259298
259359
260013
260082
260539
260549
260567
260733
260738
260746
260754
260787
260804
260813
262146
262176
262209
262468
262498
262533
262592
262768
262956
263070
263948
264280
264434
264492
264533
264570
264600
264614
264621
264631
264654
264963
264982
265022
265328
265571
265797
266715
267290
267305
267311
267315
267333
267367
267395
267537
267723
267738
268027
268035
268040
268841
268936
269055
269061
269115
269460
269575
269949
270328
270345
270346
270387
270410
270442
271637
271667
271669
271718
271742
271769
271888
272429
272484
272488
272527
272658
272670
272735
272745
272768
272799
272836
273321
273439
273768
273828
273834
273872
273921
273963
274351
274850
275334
275529
275565
275612
275912
276040
276047
276074
276395
276461
276889
277454
277556
277594
277952
278236
278352
278364
278466
278560
278915
278999
279018
279097
279495
279836
279848
279876
280040
280074
280123
280301
280322
280546
280551
280607
280619
280621
280804
281105
281247
281419
281553
281610
281706
281817
281819
281963
282069
282119
282228
282242
282245
282353
282354
282554
282738
282822
282842
283014
283241
283247
283781
283804
283807
283812
283856
284860
285315
285403
285432
285463
285721
285828
286145
286186
286612
286898
286967
286980
287130
287406
287675
287692
287740
287879
287918
287925
288000
288106
288141
288271
288501
288603
288636
288974
289055
289337
289395
289452
290164
291431
291802
292010
292394
292484
292690
292719
292968
293283
293407
293691
293804
293990
294347
294439
294597
294683
295442
295626
296064
296099
296280
296535
296792
296880
297154
297240
297338
297339
297350
297519
297988
298075
298423
298453
298462
298481
298486
298488
298524
298540
298560
298598
299112
299624
300426
300444
300470
300492
300575
300581
300584
300682
300702
301014
301209
301665
301728
301734
301888
301939
301972
302562
302601
302634
302959
303007
303015
303029
303043
303056
303089
303113
303644
303652
304140
304150
304993
305020
305031
305083
305184
305232
306164
306165
306169
306171
306440
306452
306489
306529
306530
306578
306580
306692
306928
306958
306989
307010
307036
307038
307317
307335
307390
307473
307481
307490
307647
307815
307819
307855
307858
307880
307900
307940
307950
308019
308212
308241
308265
308301
308356
308431
308765
308832
309303
309341
309479
309544
309556
309557
310242
310349
310445
310729
310763
310778
310812
311006
311032
311047
311065
311073
311611
311612
311799
312235
312238
312243
312305
312345
312361
312447
312662
313415
313666
313851
314679
314738
314852
315564
315608
315643
315675
315740
316210
316283
316689
316995
317086
317092
317323
317424
317518
317620
318020
318448
318695
318738
319361
319408
319493
319531
319682
319739
319770
319782
319888
319907
320618
320764
320823
320867
320933
321277
321339
321361
321409
321496
321549
321752
321781
321801
321956
321994
322000
322013
322050
322542
322796
322814
323124
323447
323773
324041
324446
324456
324531
324538
324587
325101
325115
325156
325217
325238
325247
325276
325303
325782
325795
325871
325942
325951
326024
326403
326425
326682
326690
326708
326715
326728
327316
328253
328306
328541
328686
328706
328760
329321
329380
329805
330006
330012
330025
330405
330669
330687
330899
331895
331922
332102
332112
332376
332844
333204
333298
333461
333479
333637
333642
333666
333673
333909
333919
334130
334399
334713
334734
334741
335051
335054
335075
335107
335111
335131
335159
335757
335811
335816
336151
336175
336198
336304
336322
336335
336356
336475
336511
336522
337052
337287
337318
337992
338001
338503
338585
339196
339228
339242
339296
339332
339339
339368
339371
340271
340282
340292
340452
340513
340924
341033
341125
341139
341962
342020
342173
342204
342218
342227
342414
342426
342445
342475
342488
342583
342637
342716
342745
342747
342796
342860
343911
344108
344179
344444
344456
344684
344705
344928
344971
345038
345354
345398
345737
346480
346481
346544
346556
346577
346591
347026
347100
347267
347468
347491
347508
347513
347522
347580
347831
347951
347996
348011
348285
348301
348363
348735
348771
348946
349066
349067
349167
349638
349707
349716
349736
349890
350306
350312
350331
350401
350486
350576
350579
351019
351021
351024
351028
351037
351054
351094
351101
351125
351366
351397
351400
352168
352236
352277
352344
353148
353481
353927
353951
353962
354014
354231
354234
354266
354302
354420
354598
354997
355425
355426
355429
355453
355457
356002
356010
356080
356086
356399
356536
356573
356891
357241
357244
357247
357363
357397
357423
358586
358644
358646
358650
359031
359328
359506
359630
360237
360475
360775
360805
361272
361370
361651
361710
361739
361871
362206
362347
362659
363124
363128
363196
363201
363352
363582
363796
363804
363825
364254
364306
364336
364573
364764
365236
365238
365344
365631
365745
365886
366175
366408
366409
366427
366462
366848
366854
366881
367156
367165
367512
367519
367520
367532
367797
367831
367849
368224
368237
368571
368706
368732
368777
368962
369059
369071
369331
369393
369572
370072
370082
370088
370100
370117
370131
370136
370139
370261
370695
370976
371031
371043
371047
371068
371103
371114
371146
371728
371995
372391
372428
372435
372465
372518
372577
372579
372971
373306
373415
373464
373483
373555
373567
374368
374377
374387
374404
374413
374439
374443
374454
374523
374557
374769
375015
375832
375869
375965
376057
376245
376366
376780
376793
376880
376914
377325
377362
377372
377685
377689
377705
377741
377773
378699
379173
379206
379223
379294
379313
379371
379382
379645
379663
379859
379888
379928
380058
380168
380178
380271
380561
380613
380801
380809
380825
380827
381132
381852
381886
382471
382560
382567
382585
382906
382909
382920
382926
383176
383223
383262
383269
383584
384477
384499
384592
384730
385243
385333
385338
385570
385581
385810
386280
386328
386340
387504
387512
387618
387884
387906
387909
388178
388555
388604
388658
388881
388907
388960
388973
388992
389013
389017
389028
389036
389061
389069
389698
389848
389969
390499
390566
390642
391180
391196
391215
391237
391515
391557
391601
391783
392063
392294
392385
392513
392545
392943
392950
393056
393254
393578
394460
394493
394534
394545
394547
394586
394611
395215
395388
395516
395655
395784
395904
396287
396290
396316
396353
396463
396695
396778
396912
396916
396919
396936
397184
397220
397231
397238
397252
397318
397370
397599
397628
397944
397977
398094
398220
398402
398486
398517
399363
399458
399477
399489
399523
399610
400017
400108
400182
400641
400774
400856
400959
401105
401122
401385
401875
401881
401884
401964
402232
402241
402246
402569
402595
402623
402627
402648
402652
402662
402666
402677
402699
403077
403082
403311
403377
403567
403570
403574
403585
403642
403657
403689
403956
403974
404135
405147
405165
405376
405550
405936
406048
406052
406126
406158
406171
406188
406539
406668
407300
407316
407347
407432
407503
407563
408143
408665
408829
408836
408844
408849
408865
409239
409446
409860
409998
410049
410050
410579
410791
410811
411217
411221
411274
411295
411302
411352
411366
411370
411553
413040
413050
413204
413207
413498
413560
413826
413871
413878
413969
414197
414263
414270
414820
414822
414847
414897
415312
415459
415469
415816
415825
415828
415830
415839
415847
415862
415918
415948
415959
416236
416269
416582
416854
416870
416876
416882
416939
416961
416965
417555
417639
417670
417698
417736
417806
417837
417882
418245
418310
419703
419780
420060
420596
420779
420887
421605
421795
422254
422447
422752
422755
422758
422793
422822
422827
422963
423427
423436
423455
423464
423480
423488
423544
423548
424522
424801
425074
425110
425156
425277
425701
425808
425942
425991
426301
426347
426523
426604
427036
427195
427489
427729
427758
427946
427962
427974
428282
428698
428718
428746
428796
428824
428828
428838
429082
429100
429213
429545
429580
429612
429907
430000
430059
430070
430134
430338
430530
430617
430631
430759
430782
430965
430997
431025
431028
431074
431431
431808
432321
432859
432893
433031
433435
433472
433521
433964
434006
434010
434081
434094
434203
434221
434343
434346
434648
434658
434664
434679
435151
435756
435776
435810
436195
436610
436614
436857
437053
437086
437219
437224
437575
437612
437913
437931
437984
437989
437999
438000
438296
438335
438494
438495
438554
438567
438582
438618
438788
438798
438806
439288
439353
439729
439733
439805
1960 SW
1995 TJ10
1997 EU9
1998 UR11
1999 TU53
1999 TE167
1999 VO42
1999 VH113
1999 VB215
2000 BQ24
2000 CO13
2000 EO99
2000 XY10
2001 OP26
2001 PZ31
2001 RW153
2001 SK98
2001 SK104
2001 SD216
2001 SB239
2001 TC132
2001 UZ39
2001 VN67
2001 VC83
2002 AD110
2002 CB72
2002 DC14
2002 JZ144
2002 NB22
2002 NG48
2002 OR34
2002 PC6
2002 PZ36
2002 PC107
2002 PP189
2002 PK194
2002 PN195
2002 PO198
2002 QB59
2002 QY69
2002 QQ70
2002 QX74
2002 QP106
2002 QW126
2002 QH128
2002 QZ132
2002 RH76
2002 RD149
2002 RA170
2002 RT175
2002 TS70
2002 TT81
2002 TL102
2002 TS152
2002 TG202
2002 TW208
2002 TN248
2002 TA300
2002 VS70
2002 VU91
2003 GJ51
2003 SX156
2003 SR362
2003 SG105
2003 SX156
2003 SX328
2003 ST332
2003 TN17
2003 UV41
2003 UM189
2003 UX324
2003 WT35
2003 WQ36
2003 WT175
2003 XY8
2003 YZ19
2003 YH145
2004 AA9
2004 BV3
2004 BM84
2004 FK121
2004 GW61
2004 JC54
2004 PY47
2004 RK102
2004 RH198
2004 RF219
2004 RL338
2004 TK156
2004 TU183
2004 TR220
2004 TH302
2004 WL8
2004 XT29
2004 XF51
2005 AD32
2005 CP68
2005 EE11
2005 EB212
2005 JW36
2005 JP83
2005 JM95
2005 JG106
2005 JU167
2005 NW1
2005 NW57
2005 NP58
2005 NA68
2005 PK6
2005 QH58
2005 QX83
2005 QW110
2005 SL273
2005 SW288
2005 TA118
2005 TK125
2005 TT130
2005 UT15
2005 UD24
2005 UF85
2005 UY404
2005 UB165
2005 UG183
2005 UH191
2005 UT475
2005 UH522
2005 UV276
2005 UR301
2005 VP117
2005 WJ20
2005 WM28
2005 WF32
2005 WV82
2005 WF126
2005 XR42
2005 XU59
2005 YM34
2005 YM159
2005 YD170
2005 YW240
2005 YF256
2006 BW40
2006 BH71
2006 BR110
2006 BE129
2006 BO137
2006 BT199
2006 CS46
2006 EB11
2006 FJ18
2006 HN38
2006 HF71
2006 HY74
2006 HP153
2006 KL94
2006 NG
2006 OH8
2006 PW12
2006 PV31
2006 QY11
2006 QL164
2006 QL168
2006 QE186
2006 RN2
2006 RX49
2006 RS57
2006 RX70
2006 RW100
2006 SJ39
2006 ST396
2006 SQ398
2006 SW150
2006 SG167
2006 SG178
2006 SH210
2006 SJ211
2006 SW211
2006 SZ225
2006 SO259
2006 SZ319
2006 SM326
2006 SC356
2006 TU19
2006 TD81
2006 TC92
2006 TE105
2006 TR115
2006 UP4
2006 UA6
2006 UU20
2006 UZ45
2006 UY49
2006 UV53
2006 UA62
2006 UH102
2006 UC121
2006 UM122
2006 US211
2006 UC270
2006 UD290
2006 VD36
2006 VH56
2006 VG61
2006 VA96
2006 VG140
2006 VN169
2006 WB48
2006 WW82
2006 WW139
2006 WA140
2006 WE186
2006 WA191
2006 WE201
2006 WR202
2006 XP59
2006 YQ17
2006 YX44
2007 AO
2007 AM20
2007 BW28
2007 BO38
2007 DT68
2007 DX74
2007 DY95
2007 EC133
2007 EG149
2007 FP36
2007 JK38
2007 LO13
2007 MU16
2007 PR45
2007 RZ55
2007 RO111
2007 RE164
2007 RM177
2007 RE233
2007 TM47
2007 TP228
2007 TD365
2007 TN121
2007 TH412
2007 TH423
2007 TC425
2007 TX432
2007 TJ434
2007 TC444
2007 TP228
2007 TU241
2007 TF319
2007 UD9
2007 UV23
2007 UL40
2007 UB82
2007 UN94
2007 US113
2007 UM138
2007 VL45
2007 VY46
2007 VM87
2007 VW147
2007 VV167
2007 VD197
2007 VZ197
2007 VV230
2007 VK250
2007 VF315
2007 WO7
2007 WO44
2007 XM16
2007 XP34
2007 XT52
2007 XA59
2007 YB32
2007 YG43
2007 YA49
2007 YL58
2008 AM2
2008 AU40
2008 AS45
2008 AG73
2008 BW7
2008 BM34
2008 CY92
2008 CG153
2008 DR26
2008 DW34
2008 DK43
2008 DY48
2008 EB1
2008 ER47
2008 EJ53
2008 ER59
2008 ED122
2008 EH143
2008 EJ153
2008 FS
2008 FT40
2008 FJ46
2008 FE123
2008 GC27
2008 GM121
2008 HO34
2008 JY22
2008 KD25
2008 KC29
2008 LX4
2008 LN14
2008 NX1
2008 OD17
2008 PA7
2008 PE21
2008 QW47
2008 RA17
2008 RV25
2008 RA92
2008 RJ120
2008 SR4
2008 SG38
2008 SD65
2008 SC70
2008 SG78
2008 SM88
2008 SC109
2008 SQ159
2008 SS229
2008 SJ251
2008 SG263
2008 SF295
2008 SS299
2008 TC17
2008 TC18
2008 TX47
2008 TS52
2008 TX65
2008 TY70
2008 TS102
2008 TX116
2008 TO165
2008 TP187
2008 UB43
2008 UK43
2008 UJ66
2008 UN70
2008 UV76
2008 UQ345
2008 UV108
2008 UV112
2008 UL118
2008 UN143
2008 UV156
2008 US174
2008 UB252
2008 UQ273
2008 UB278
2008 UN326
2008 UU331
2008 UP335
2008 UU338
2008 UQ345
2008 VT71
2008 VS72
2008 VZ73
2008 WJ20
2008 WL51
2008 WJ62
2008 WG102
2008 WY136
2008 YF21
2008 YO51
2008 YE53
2008 YZ53
2008 YV110
2008 YQ127
2008 YG141
2008 YH154
2008 YH159
2009 BE1
2009 BL42
2009 BS42
2009 BB58
2009 BZ173
2009 CQ61
2009 DT40
2009 FZ8
2009 FN73
2009 HU61
2009 HP89
2009 KJ23
2009 LH
2009 PK2
2009 QP3
2009 QM29
2009 QO34
2009 RE16
2009 RT16
2009 RC29
2009 RE44
2009 RF71
2009 SN30
2009 SW70
2009 SK91
2009 SO187
2009 SK204
2009 TO31
2009 TR45
2009 UB3
2009 UB27
2009 UD35
2009 US45
2009 UN89
2009 UW111
2009 UL122
2009 VV14
2009 VU23
2009 VK26
2009 VW64
2009 VB116
2009 WR51
2009 WG92
2009 WC135
2009 WK169
2009 WM205
2009 WT239
2009 WL263
2010 AB6
2010 AE56
2010 AQ79
2010 CK32
2010 CT168
2010 FR48
2010 GX24
2010 GC30
2010 GE102
2010 GK173
2010 HV80
2010 LT102
2010 MK11
2010 NZ5
2010 PE29
2010 RM100
2010 SG37
2010 TG16
2010 TN23
2010 TW75
2010 UU79
2010 UR92
2010 VX47
2010 VM76
2010 VH83
2010 VB119
2010 VO123
2010 VY134
2010 VC149
2010 VH159
2010 VA199
2010 VM203
2010 VT203
2010 VN210
2010 WS10
2010 WW11
2010 WB17
2010 WO34
2010 WN62
2010 XT
2010 XD24
2010 XP43
2011 AV11
2011 AN14
2011 AH71
2011 AP77
2011 BG8
2011 BH16
2011 BT86
2011 CP15
2011 CN18
2011 CR57
2011 CG77
2011 CZ80
2011 ES14
2011 EJ52
2011 EK73
2011 EG86
2011 FE6
2011 FR22
2011 FM146
2011 FP148
2011 GX33
2011 GO49
2011 GS78
2011 HS36
2011 HX43
2011 HM52
2011 HX79
2011 JA14
2011 JA30
2011 KM9
2011 KD23
2011 KU25
2011 LU
2011 QN54
2011 QN63
2011 RE2
2011 RU15
2011 SC32
2011 SH49
2011 SO75
2011 SP90
2011 SR115
2011 SN157
2011 SN245
2011 SG264
2011 SJ275
2011 UG
2011 UX12
2011 UO16
2011 UA23
2011 UF24
2011 UZ26
2011 UW29
2011 UU51
2011 UR54
2011 UW61
2011 UU72
2011 UB81
2011 UN83
2011 UH87
2011 US194
2011 UQ236
2011 UL249
2011 UK100
2011 UJ139
2011 UO141
2011 UY159
2011 UL164
2011 UT166
2011 UQ173
2011 US194
2011 UE202
2011 UO228
2011 UQ236
2011 UP243
2011 UO244
2011 UL249
2011 US250
2011 US265
2011 UA266
2011 UC282
2011 UV293
2011 UB336
2011 VD19
2011 WC1
2011 WM28
2011 WN93
2011 WL95
2011 WV96
2011 WH105
2011 WD116
2011 WV131
2011 WB146
2011 YC11
2011 YP26
2012 AG20
2012 BX17
2012 BS74
2012 BB91
2012 BX129
2012 CQ35
2012 CT55
2012 DY11
2012 DT16
2012 DK36
2012 FV17
2012 FM61
2012 GN11
2012 GA35
2012 HU3
2012 HA23
2012 HG59
2012 HQ74
2012 HJ76
2012 JD20
2012 JG57
2012 MT7
2012 PG12
2012 PH38
2012 QG2
2012 QK17
2012 RR3
2012 RX3
2012 SD15
2012 SE56
2012 SS57
2012 SN59
2012 SL64
2012 SE65
2012 TC6
2012 TA30
2012 TW34
2012 TU35
2012 TC54
2012 TE106
2012 TD118
2012 TA131
2012 TL132
2012 TK146
2012 TL151
2012 TY174
2012 TN191
2012 TS201
2012 TN208
2012 TM230
2012 TE306
2012 UM
2012 UO36
2012 UU48
2012 UT78
2012 UZ89
2012 UX96
2012 UQ107
2012 UR112
2012 UT112
2012 UQ132
2012 UK134
2012 UB152
2012 VH16
2012 VT33
2012 VC52
2012 VV55
2012 VB56
2012 VS71
2012 VA89
2012 WO4
2012 WH14
2012 WK27
2012 WT29
2012 XL37
2012 XM64
2012 XX66
2012 XJ117
2012 XV133
2012 XX143
2012 XV145
2013 AB12
2013 AG15
2013 AS21
2013 AY21
2013 AM31
2013 AD40
2013 AD42
2013 AX42
2013 AG50
2013 AU57
2013 AN79
2013 AC85
2013 AB89
2013 BC10
2013 BK15
2013 BL63
2013 CA132
2013 CX142
2013 CR183
2013 CL195
2013 DL9
2013 ER20
2013 EA40
2013 ET66
2013 EF85
2013 ES106
2013 EL108
2013 EV110
2013 FB4
2013 FC14
2013 GU55
2013 GJ85
2013 GS92
2013 GG98
2013 HE14
2013 HB23
2013 HH27
2013 HB136
2013 JW1
2013 JO9
2013 JC31
2013 JU32
2013 JF54
2013 KX11
2013 MF4
2013 NK9
2013 NO20
2013 PH13
2013 PU39
2013 PS49
2013 PD59
2013 PQ61
2013 PZ73
2013 QL
2013 QC2
2013 QU13
2013 QF51
2013 QR92
2013 RD29
2013 RT31
2013 RL67
2013 RF68
2013 RD91
2013 RT94
2013 RU96
2013 SQ33
2013 SW42
2013 ST43
2013 SR44
2013 SF47
2013 SH82
2013 SC85
2013 TQ6
2013 TP12
2013 TP13
2013 TM72
2013 TM77
2013 TO126
2013 TK141
2013 VQ10
2013 WG3
2013 WC29
2013 WP55
2013 WD92
2013 WC109
2013 XO7
2013 YH5
2013 YL14
2013 YR16
2013 YC25
2013 YU27
2013 YF43
2013 YM44
2013 YY44
2013 YE49
2013 YJ73
2013 YN100
2014 AY46
2014 BR3
2014 BX9
2014 BD47
2014 CE17
2014 DA5
2014 DA15
2014 DR121
2014 DA142
2014 EN1
2014 EE5
2014 EX26
2014 EF30
2014 EQ41
2014 EG44
2014 EO47
2014 FX3
2014 FN29
2014 FQ41
2014 GF14
2014 GB43
2014 GO49
2014 HS6
2014 HD11
2014 HQ22
2014 HA158
2014 HE169
2014 HK173
2014 HU179
2014 JZ4
2014 JH33
2014 JX42
2014 JT46
2014 KZ17
2014 KK31
2014 KQ88
2014 LQ
2014 LJ13
2014 LA24
2014 MA17
2014 MR17
2014 MJ46
2014 MA69
2014 NS18
2014 NZ36
2014 NQ48
2014 NO52
2014 OP24
2014 OG25
2014 OD27
2014 OF72
2014 OX96
2014 ON371
2014 OZ145
2014 OB156
2014 OY170
2014 OA179
2014 OJ188
2014 OT289
2014 OS294
2014 ON298
2014 OE342
2014 OW350
2014 PK6
2014 PC25
2014 PY28
2014 PQ30
2014 PB39
2014 PQ44
2014 PX52
2014 PP66
2014 QY7
2014 QA19
2014 QU24
2014 QV49
2014 QR367
2014 QT379
2014 QD383
2014 QP384
2014 QX388
2014 QC409
2014 QV151
2014 QZ413
2014 QH421
2014 QQ422
2014 QZ429
2014 QA439
2014 QP229
2014 QS241
2014 QW260
2014 QC280
2014 QY328
2014 QS338
2014 QZ347
2014 QO352
2014 QU353
2014 RN22
2014 RG35
2014 RL46
2014 SH83
2014 SS168
2014 SN200
2014 SL207
2014 SH211
2014 SL214
2014 SU222
2014 SA266
2014 ST282
2014 SB283
2014 SA298
2014 SS311
2014 TB8
2014 TE8
2014 TZ44
2014 TC55
2014 TL63
2014 TF68
2014 TM70
2014 TO82
2014 UX9
2014 UR41
2014 UB95
2014 UB107
2014 UQ108
2014 UB153
2014 UE154
2014 US156
2014 UA173
2014 UH185
2014 UE209
2014 VY3
2014 VY13
2014 VN14
2014 VK27
2014 VS32
2014 VM33
2014 WX2
2014 WR52
2014 WY266
2014 WW366
2014 WV112
2014 WY373
2014 WF128
2014 WX136
2014 WT161
2014 WX187
2014 WJ452
2014 WO199
2014 WG205
2014 WP227
2014 WR492
2014 WO506
2014 WC273
2014 WJ285
2014 WV308
2014 WF311
2014 WO338
2014 XL3
2014 XF19
2014 YO3
2014 YT23
2015 AW207
2015 AG245
2015 BB12
2015 BN17
2015 BH35
2015 BZ264
2015 BP131
2015 BC225
2015 BU261
2015 BO313
2015 BL334
2015 DT30
2015 DF50
2015 DF135
2015 DO214
2015 ED9
2015 FB1
2015 FE57
2015 FA70
2015 FF95
2015 FW124
2015 FE239
2015 FX297
2015 FB326
2015 FJ343
2015 HU15
2015 HB147
2015 HB171
2015 HL181
2015 JL3
2015 KT
2015 KP10
2015 KS20
2015 KM31
2015 KY31
2015 KS33
2015 KC58
2015 KM59
2015 KR108
2015 KF118
2015 KC134
2015 KP159
2015 LB1
2015 LY21
2015 LS35
2015 LD36
2015 MU57
2015 MV113
2015 NC3
2015 OK24
1960 SC1
1995 KB
1995 SZ47
1996 TG24
1999 FV65
1999 TB41
1999 VJ134
2000 AO221
2000 KT40
2000 QL19
2000 TX26
2000 UU108
2001 FN110
2001 FV202
2001 FZ210
2001 FL213
2001 FZ218
2001 FF227
2001 FU231
2001 FM236
2001 FO242
2001 OK31
2001 RO115
2001 SS80
2001 SN248
2001 TU96
2001 UE195
2001 UH230
2002 BP31
2002 CV135
2002 CZ176
2002 CK195
2002 CJ264
2002 EG17
2002 GG6
2002 KZ15
2002 NP66
2002 NL71
2002 NN74
2002 OH37
2002 PL17
2002 PT193
2002 PD199
2002 QO60
2002 QX80
2002 QK98
2002 QG152
2002 RA156
2002 RL241
2002 RA250
2002 RL259
2002 RS268
2002 RO286
2002 SU13
2002 SJ68
2002 TX365
2002 TX377
2002 TO153
2002 TT338
2002 TO341
2003 BW80
2003 CE
2003 CW
2003 CB5
2003 JA11
2003 SO9
2003 ST396
2003 SC403
2003 SF428
2003 SU183
2003 SD237
2003 SY311
2003 SJ324
2003 SS327
2003 SO336
2003 UM49
2003 UK233
2003 UA327
2003 UP352
2003 WL26
2004 CY
2004 PP5
2004 RQ15
2004 RN40
2004 RH219
2004 RM219
2004 RF260
2004 RX267
2004 TS71
2004 TS97
2004 TE162
2005 ES50
2005 ES199
2005 FN2
2005 JS15
2005 JO90
2005 LH16
2005 ML42
2005 NQ52
2005 NN110
2005 PC6
2005 QF25
2005 QG67
2005 QT115
2005 QR139
2005 RN28
2005 SV27
2005 SP122
2005 SS161
2005 SQ216
2005 SQ256
2005 SO293
2005 TL85
2005 TM124
2005 TF129
2005 TB131
2005 TK192
2005 UB122
2005 UV386
2005 UO392
2005 UL153
2005 UR421
2005 UW424
2005 UH196
2005 UT199
2005 UD225
2005 UG230
2005 UC517
2005 UU286
2005 UN310
2005 VA81
2005 VO103
2005 WN13
2005 WP70
2005 WR171
2005 XW89
2005 YX53
2005 YV65
2005 YN190
2005 YO244
2006 AP24
2006 AS102
2006 AB104
2006 BO84
2006 BZ184
2006 BY235
2006 BF262
2006 CG56
2006 DW92
2006 DX150
2006 EQ27
2006 HC82
2006 KE21
2006 KP51
2006 KJ71
2006 OU26
2006 QU15
2006 QD22
2006 QR115
2006 QA120
2006 RB15
2006 RO105
2006 RM119
2006 SC381
2006 SD164
2006 ST191
2006 SE247
2006 SD253
2006 SS299
2006 SW338
2006 TK53
2006 TR65
2006 TR103
2006 UB42
2006 UT48
2006 UX48
2006 UA360
2006 UY107
2006 UK137
2006 UQ279
2006 VL130
2006 WB36
2006 WQ170
2006 WR176
2007 AG9
2007 BX21
2007 BB39
2007 BS40
2007 CK51
2007 EY39
2007 GX15
2007 RP58
2007 RL98
2007 RG113
2007 RU171
2007 RA200
2007 RN252
2007 SJ22
2007 TY3
2007 TJ100
2007 TU132
2007 TB424
2007 TR224
2007 TP265
2007 UX43
2007 UU129
2007 VY14
2007 VK73
2007 VL122
2007 VK150
2007 VZ166
2007 VN178
2007 VJ224
2007 VL259
2007 VU316
2007 VT322
2007 WV2
2007 WW55
2007 YY44
2007 YV73
2008 AF61
2008 AB99
2008 AF103
2008 BG1
2008 BW17
2008 CR6
2008 CS72
2008 CP146
2008 CU189
2008 DW20
2008 DH22
2008 DU26
2008 DX39
2008 DF67
2008 EV64
2008 EA117
2008 EL125
2008 GC15
2008 GG114
2008 GK114
2008 GV145
2008 JJ20
2008 KL9
2008 KV10
2008 KG11
2008 OF6
2008 PG19
2008 QL7
2008 QG15
2008 QR37
2008 RV20
2008 RD48
2008 SC63
2008 SY134
2008 SP165
2008 TT114
2008 TY148
2008 UP97
2008 UT103
2008 UJ139
2008 US145
2008 UN180
2008 UL297
2008 UY314
2008 VX26
2008 VN32
2008 WS9
2008 XV26
2008 YH74
2008 YA123
2009 AR42
2009 BC4
2009 BD16
2009 BK74
2009 BB135
2009 BK187
2009 CV9
2009 CA12
2009 EY25
2009 FN63
2009 HX29
2009 JM9
2009 JA15
2009 PD11
2009 PU14
2009 QO54
2009 RR5
2009 RE13
2009 RK37
2009 SL111
2009 SX227
2009 SK257
2009 TV28
2009 UE9
2009 UW30
2009 UJ143
2009 WK4
2009 WW83
2009 WF144
2010 AP46
2010 AQ109
2010 BC32
2010 BZ50
2010 CM25
2010 CK202
2010 CE206
2010 CG222
2010 DB7
2010 DW35
2010 DB43
2010 EH3
2010 EE101
2010 EY150
2010 FX51
2010 FZ52
2010 FF109
2010 GR3
2010 GJ27
2010 GO69
2010 GZ150
2010 HT16
2010 HZ22
2010 HU23
2010 JX16
2010 JK23
2010 JD116
2010 JY134
2010 KG20
2010 KH43
2010 KD76
2010 KM80
2010 LZ42
2010 LN48
2010 LF129
2010 MP20
2010 MP104
2010 MQ108
2010 NJ80
2010 NS107
2010 OX46
2010 OF55
2010 OP84
2010 OW121
2010 OX123
2010 OO125
2010 PU4
2010 PO21
2010 PC46
2010 PK52
2010 PA79
2010 RK47
2010 RW142
2010 SX40
2010 TL48
2010 TF90
2010 UQ67
2010 VF114
2010 VM122
2010 VE129
2010 VS134
2010 VW168
2010 WK6
2010 WW44
2010 WV45
2010 XB64
2010 XT88
2011 AT19
2011 AU52
2011 DL22
2011 FE21
2011 FU54
2011 FK55
2011 FS155
2011 HX6
2011 HX61
2011 LA25
2011 MF4
2011 SM2
2011 SA8
2011 ST71
2011 SY86
2011 SR99
2011 SM118
2011 SX124
2011 SG156
2011 SN193
2011 SS230
2011 SS256
2011 UA65
2011 UZ65
2011 UF112
2011 UV142
2011 UG408
2011 UO154
2011 UR185
2011 UW186
2011 UX197
2011 UL334
2011 UD353
2011 VK10
2011 VJ21
2011 WA1
2011 WU15
2011 WZ30
2011 WA74
2011 WK118
2011 WU146
2011 WG150
2011 YB47
2011 YZ55
2011 YF60
2012 BW7
2012 DG29
2012 DC46
2012 ED17
2012 FO4
2012 FU5
2012 FB42
2012 HR1
2012 HY12
2012 HR18
2012 JM14
2012 JL23
2012 JS23
2012 JL38
2012 JO65
2012 KH16
2012 PQ16
2012 PY28
2012 QY2
2012 QJ5
2012 QE7
2012 QJ36
2012 ST
2012 TC50
2012 TP89
2012 TJ105
2012 TM135
2012 TM166
2012 TK228
2012 TR321
2012 TS321
2012 UH53
2012 UH99
2012 UJ115
2012 UH118
2012 UB145
2012 UY152
2012 UY165
2012 UN173
2012 VL
2012 XC5
2012 XS44
2012 XA48
2012 XF124
2012 XT135
2012 XS136
2013 AH79
2013 AS122
2013 AT144
2013 AB146
2013 AG146
2013 AK147
2013 AR159
2013 AO163
2013 AR165
2013 BZ8
2013 BF36
2013 BN72
2013 CM9
2013 CE57
2013 CV61
2013 CU67
2013 CN170
2013 EQ12
2013 EE91
2013 EA111
2013 FD19
2013 GA14
2013 GZ19
2013 GF126
2013 GR133
2013 HP33
2013 HE40
2013 HG40
2013 HO58
2013 HU63
2013 HX65
2013 HK70
2013 HA75
2013 HO75
2013 HO96
2013 HU108
2013 HH123
2013 HY128
2013 HD135
2013 HK137
2013 HR145
2013 JE31
2013 KH
2013 KY11
2013 KF15
2013 LA4
2013 ME10
2013 PD13
2013 PC35
2013 QJ14
2013 QE52
2013 QS59
2013 RQ6
2013 RV28
2013 RU93
2013 SA24
2013 SN33
2013 SN36
2013 SB42
2013 SD51
2013 SJ62
2013 SK86
2013 TG23
2013 TD26
2013 TS39
2013 TY53
2013 TR66
2013 TO78
2013 TN96
2013 TG101
2013 TO102
2013 WJ40
2013 WE73
2013 WL84
2013 WT101
2013 XV15
2013 XO18
2013 YB15
2013 YH20
2013 YB39
2013 YW145
2014 AF
2014 AK14
2014 AF18
2014 BE18
2014 DX58
2014 DV89
2014 EK9
2014 EW42
2014 FF5
2014 GW4
2014 GL41
2014 HQ10
2014 HU23
2014 HW131
2014 HP139
2014 HN152
2014 HE158
2014 HZ178
2014 JK33
2014 JF50
2014 JZ62
2014 JT63
2014 JV64
2014 JW75
2014 KE53
2014 KH56
2014 KM75
2014 LY2
2014 LH4
2014 MQ4
2014 MY22
2014 MY51
2014 NJ1
2014 NT18
2014 NX23
2014 NL28
2014 NP50
2014 NP65
2014 OU16
2014 OZ42
2014 OG54
2014 OD364
2014 OB135
2014 OL152
2014 OZ170
2014 OW183
2014 OP258
2014 OH285
2014 OP315
2014 OZ340
2014 PF4
2014 PY35
2014 PE51
2014 PK67
2014 QQ50
2014 QH51
2014 QB105
2014 QU138
2014 QC406
2014 QM414
2014 QM169
2014 QE222
2014 QE236
2014 QG279
2014 QU288
2014 QO307
2014 QD337
2014 QD358
2014 ST83
2014 SV94
2014 SK103
2014 SC109
2014 SR114
2014 SM126
2014 SN140
2014 SZ221
2014 SQ279
2014 SB292
2014 SB316
2014 SO321
2014 SU331
2014 SQ338
2014 TW44
2014 UN11
2014 UU16
2014 UJ80
2014 VY16
2014 WD3
2014 WP8
2014 WM13
2014 WB58
2014 WU162
2014 WR266
2014 WD303
2014 WH311
2014 WA117
2014 WO117
2014 WS392
2014 WU162
2014 WL262
2014 WR266
2014 WY266
2014 WD303
2014 WH311
2014 WS347
2014 XS4
2014 XT14
2014 YJ10
2015 AA23
2015 AK42
2015 AF49
2015 AW94
2015 AF128
2015 AL151
2015 AL156
2015 AP170
2015 AA191
2015 BT46
2015 BX56
2015 BD370
2015 BM121
2015 BQ391
2015 BO407
2015 BH408
2015 BE426
2015 BQ167
2015 BR442
2015 BT187
2015 BA201
2015 BQ229
2015 BM264
2015 BN308
2015 BG321
2015 BH323
2015 CT30
2015 CF35
2015 CN59
2015 DW24
2015 DX45
2015 DV67
2015 DY82
2015 DX110
2015 DF196
2015 DN217
2015 EK4
2015 EX9
2015 FN6
2015 FQ10
2015 FB13
2015 FO20
2015 FB287
2015 FQ320
2015 FQ322
2015 FF326
2015 GT44
2015 HY72
2015 HR73
2015 HC78
2015 HS110
2015 HL169
2015 HK175
2015 KD17
2015 KO30
2015 KW52
2015 KH59
2015 KE60
2015 KK75
2015 KU91
2015 KS107
2015 KM135
2015 MS3
2015 MT6
2015 MS18
2015 ME66
2015 MA82
2015 MJ82
2015 MF103
2015 MY111
2015 NU7
2015 OA1
2015 OL2
2015 OB13
2015 OZ16
2015 OS17
2015 OA24
2015 ON41
2015 OE52
2015 PO20
2015 PM37
2015 PO40
2015 PH43
2015 PZ47
2015 PM50
2015 PT53
1077 T-2
