id
2872
2915
2931
2980
3305
3893
4656
5089
5094
5700
5737
5840
6252
6530
7508
7539
7618
7719
7728
7964
8419
8877
9149
9285
9643
9708
10144
10447
10471
10532
10630
10669
10670
11201
11323
11752
11773
12186
12656
12667
12997
13907
14185
14540
14787
15043
15542
15686
16254
16744
17759
17792
17980
18269
18274
18276
18510
19083
19546
19735
19757
19901
20490
20499
20605
20753
20963
21587
22159
22232
22349
23316
23387
23396
24262
24463
24694
25727
25969
26000
26073
26784
26785
26790
27653
27678
27688
28233
29061
29523
32267
34548
34977
34988
34989
36233
36493
37098
37279
37526
37529
37530
37650
39454
39457
39855
40272
41963
42231
42447
42463
42661
43123
44248
46233
46291
46505
48247
48372
49247
49315
49554
50695
50745
51161
52196
52197
52201
52783
53096
53193
53624
53749
54091
54272
55703
57867
58086
62568
63691
65070
65606
65624
65626
65627
65672
66862
66997
67055
68168
69219
69224
70955
73611
73636
77836
79070
79087
80821
82399
83383
84319
84489
84509
84694
85100
85105
85112
87232
89520
92880
93050
96138
98698
108429
114326
115210
118088
118090
118118
118149
118808
128191
129432
136563
138376
139789
144922
145700
147947
152551
152553
155363
155365
157343
158892
161988
164510
168307
168313
171472
175497
175658
178279
178283
185652
185654
200079
210453
219562
229912
231255
241610
241729
261988
264258
267001
273545
275490
282569
310243
322763
370086
387487
422634