id
4155
4341
5276
6000
6650
6746
9161
9379
9786
9983
10051
11138
11213
11290
12571
12708
12838
14353
14356
14521
14553
14835
14981
18098
18333
18816
19535
19793
20111
20805
20903
21003
23090
23984
24014
24655
25694
26530
26582
27708
28404
28859
28970
28971
29133
29730
30963
31518
32161
32340
32419
32445
32592
32776
33206
34588
36569
37265
38831
41538
45368
45487
47531
50204
51342
53997
54830
57047
58013
60397
62667
65692
85158
87965
100463
108516
108576
123592
124158
128220
143216
181706
219534
236435