id
2129
3174
3186
3338
3714
4054
4165
4470
6661
6675
8319
8513
9021
9469
9533
9654
12065
12642
14775
15657
16997
17536
18116
19895
20938
23366
23370
24406
24589
24976
25381
26781
30672
30679
32704
34955
34957
34959
37491
40006
43705
46484
46486
48363
48365
52165
52185
55686
55690
55692
65551
65555
65556
65581
65586
73606
79038
79040
84242
85073
85079
90623
96090
96110
113570
118003
118022
118028
118060
118065
129388
145678
145685
150819
157782
168300
178272
185647
190278
210452
213319
216460
217625
221942
243550
264250
282154
318319
344053