id
2791
3557
4343
5699
5850
6149
6406
6606
7216
7458
7668
8461
9315
9708
9866
9974
10124
10211
10453
11323
11745
11787
11881
11973
12037
12436
12656
12701
12979
13320
14278
15070
15126
15926
16004
16771
16923
17109
17968
19588
19735
19823
19906
21989
22245
22864
23286
24262
24598
24971
26793
29057
30350
30536
30701
30706
30712
30943
31464
32109
32727
32770
33561
34977
35644
36456
37515
37557
38671
39438
39450
39462
40478
41014
42255
42435
42439
43123
48015
48914
49109
49247
50462
51161
52196
52201
53624
54156
55034
57867
58085
62632
62717
73113
78850
84694
90646
90651
90661
90664
91910
91948
96136
96139
100014
101179
115214
115666
118114
120436
129419
129433
129435
136561
145700
147945
149991
153539
157785
160294
160508
164094
175656
175658
183073
185653
189357
193876
194091
216916
218212
219302
236851
245074
251860
264256
267952
284231
312935
337007