id
123
128
195
267
330
627
1151
1176
1385
1460
2167
2730
2744
2766
2805
3217
3508
4154
4155
4342
4382
4662
5514
5663
6028
6066
7135
7517
7580
7841
7979
8056
8103
8281
8864
9020
9274
9304
9526
9533
10204
10709
10912
11386
11470
11650
11816
12039
12062
12585
12592
12862
13818
13825
14171
14245
14624
15477
16435
16536
17307
17786
18380
18707
19013
19344
19591
19871
20501
20600
21136
21205
21567
21575
22079
22260
22387
22658
22675
22828
22889
22954
23057
24045
24207
24223
24301
24319
24387
24516
24585
24942
25488
25491
26053
26320
27009
27335
27419
27571
27653
27827
27828
28552
28825
29379
29382
29383
29512
29793
30415
30666
32270
32419
32587
33111
33318
34083
34407
34465
35204
35236
35440
35554
35854
36008
36364
36945
37103
37749
38218
38261
38351
38532
38980
38995
39107
39157
39353
39924
40053
40802
40826
40842
41581
42510
43286
43487
44006
44025
44886
45165
45316
45322
45341
46022
46717
46850
47386
47627
47650
48428
48549
49079
49181
49402
50038
50052
50428
50485
50573
50923
50926
51085
51743
52456
53275
53308
53712
53886
54366
54698
55081
55086
55308
55323
55594
55680
55788
56350
56613
56812
57225
57322
57408
57680
57820
58070
58086
58250
58284
58867
59010
59400
59433
59572
59726
60403
61078
61263
61544
62083
62187
62238
62427
62973
63339
63425
64497
64561
64832
64841
64847
64849
65578
65673
65692
65849
65979
66207
66398
66495
66553
66603
66650
66726
67021
68199
68208
68436
68629
69224
69805
69831
70538
70689
70799
70929
71008
71077
71176
72475
72502
72855
73129
73417
74227
74359
74576
75071
75600
75720
75729
75921
75963
76000
76058
76092
76135
76469
76599
76607
77367
77551
78548
78678
78788
79429
79520
79792
80960
81037
81085
81397
81514
81702
82222
82321
82510
82655
82755
83307
83337
83665
83834
84050
84073
84532
84701
85057
85127
85158
85451
85506
85538
85854
87009
87245
87500
87607
87842
87904
88055
88058
88093
88119
88522
88858
88970
88996
89019
89076
89211
89303
89526
89543
89659
90032
90056
90816
91038
91071
91084
91110
91351
91509
92606
93351
93374
93439
93601
93645
93655
93664
94084
94138
94172
95225
95480
95822
96031
96211
96267
96746
96925
97052
97195
97367
97454
97788
97886
98552
98575
98651
98871
98893
99018
99104
99163
99275
99291
99618
100152
100271
100479
101125
101199
101509
101646
101981
101994
102107
102193
102213
102620
102892
103004
103259
103767
103928
103940
104013
104227
104245
104560
104575
105046
106042
107302
107450
107888
108047
108128
108442
108454
108545
108772
108868
109004
109033
109260
109308
109386
109675
109814
109830
109963
110038
110072
110238
110440
110447
110573
110591
110804
110852
110953
110977
111028
111187
111204
111205
111236
111529
112195
112313
112919
112984
113025
113028
113447
113549
113570
113674
114061
114359
114800
114897
115029
115436
115460
116271
116602
117264
117312
117754
117800
117808
118664
118749
118768
118773
119440
119662
119771
120122
122348
122384
122796
122902
123011
123062
123089
123163
123406
123770
123795
124158
124195
124329
124714
124996
125333
125368
125945
126141
126171
126259
126274
126453
126553
126636
126824
126902
127084
127197
127220
127241
128441
128481
128681
128726
129467
129485
129632
129813
130006
130140
130195
130225
130953
131008
131199
131284
132393
132402
132420
132472
132538
132783
132827
133462
133542
133831
133962
134061
134093
134205
134262
134397
134743
134754
135319
135722
135770
135798
135804
135828
135873
135895
136050
136302
136758
136923
137128
137448
137837
138116
138670
139424
139450
139609
139641
139975
140316
141698
141742
142348
142380
142469
142516
142570
142620
142719
142730
142754
142801
142872
143421
143508
143611
144382
144483
144592
144636
145062
145187
145410
145531
145534
145573
145706
145712
145814
146405
146464
147179
147360
147654
147864
147899
147907
148499
148594
148646
148665
148787
149441
149539
149766
149826
149933
150006
150162
150315
150519
150866
150931
151037
151182
151409
152049
152168
152333
153026
153158
153973
154128
154160
154930
155127
155419
155711
155842
155870
156054
156359
156551
156607
156627
156872
157439
158459
159678
160016
160300
161066
162060
162184
162342
162346
162857
163403
163895
164024
164534
164922
164927
166084
166433
166436
166536
166571
166626
167102
167335
167486
167816
167854
168175
168313
168378
169106
169737
169744
169762
169780
169932
170362
170554
170630
170823
171651
171838
172198
172330
172865
172889
172892
173352
173710
173725
173752
174294
174312
174353
174398
174504
174605
174983
175434
175772
175816
175953
176149
176346
176442
176616
176641
176809
176826
176827
176840
176861
176889
176892
176958
177527
177827
177839
177903
178010
178283
178448
178630
179036
179187
179215
179301
179333
179861
179884
180019
180081
180570
180607
180655
180996
181015
181115
181389
181422
181607
181709
182098
182137
182434
182480
182642
182677
182767
182801
183240
183348
183404
183673
184139
184532
184602
184607
184644
185538
185884
186632
187257
187305
187351
187485
188102
188604
188684
188983
189322
189390
189540
189561
190064
190583
191086
192103
192360
192379
192880
192898
193498
193574
195422
195492
195794
196487
196588
196603
196651
196754
196783
197185
197194
198304
198311
198346
198361
198606
198678
198690
199238
199307
199410
199458
199647
199708
199829
199915
200018
200178
200194
200260
200266
200284
200354
200414
200486
200545
201049
201225
201721
201803
201984
202200
202665
202813
202963
203099
203119
203216
203766
204045
204497
204509
204534
204578
204755
204800
205124
205410
205997
206538
206546
206585
206608
206617
206632
206699
206765
207092
207178
207678
207838
208036
208085
208304
208908
209062
209157
209226
209277
209720
209778
209881
210214
210220
210300
210413
210437
210620
210754
211243
211400
211411
212258
212290
212649
212763
212913
213117
213678
214023
214281
214297
214385
214736
214973
215092
215161
215256
215275
215323
215549
215550
215724
215765
215945
216262
216296
216497
217057
217076
217594
217601
217608
217618
218273
218360
218596
218624
218723
218982
219055
219670
219812
220654
220755
220988
221118
221124
221245
221299
221346
221798
221922
222292
222452
222503
222562
222633
222706
222802
222850
222894
223279
223706
224312
224347
224459
225079
225285
225483
225553
225825
225843
225891
226744
226782
226844
226862
226884
226903
226919
227014
227382
227506
227519
227993
228664
228910
229544
229546
229912
229937
230175
230355
230385
230698
230901
231042
231306
231525
232233
232282
232630
232643
232843
233340
233585
233640
233679
233877
234094
234128
234692
234734
234761
234828
235261
235299
235311
235425
235619
236535
236887
237004
237092
237109
237153
237202
237610
237972
238125
238148
238157
238158
238166
238995
239065
239083
239174
239419
239728
240147
240469
240963
241222
241464
241676
242029
242188
242239
242263
242398
242409
242540
242885
243216
243289
244328
244359
244378
244420
244516
244681
244765
244797
244862
244866
244940
245114
245288
245919
246007
246172
246175
247130
247981
248540
248790
248975
249171
249375
249698
250245
250698
251019
251086
251114
251154
251157
251250
251263
251280
251666
251755
251873
252236
252951
253113
253225
253293
253310
253937
254098
254791
254840
255013
255113
255164
255705
256154
256254
256272
256339
256383
256404
256546
256729
256853
256922
257232
257565
258118
258344
258346
258428
258465
258927
258928
258951
259012
259278
259982
260067
260241
260514
260682
260768
260883
260933
260934
260938
261065
261107
261112
261116
261176
261486
261526
261556
261988
262155
262209
262430
262432
262603
262737
262816
262998
263128
263158
263362
263377
263609
263708
264258
264323
264566
264723
264886
265340
265433
265633
265704
265714
266382
266392
266601
266849
267369
268059
268122
268487
268525
268944
269016
269104
269105
269708
269727
269820
269996
270086
270360
270495
271000
271050
271179
271198
271585
271762
271800
271886
272571
272657
272706
272713
272792
272919
273028
273744
273837
273858
273979
274590
274952
275166
275520
276032
276435
276464
276797
276830
277212
277307
277584
277752
277962
278281
278699
278731
278896
279035
279069
279121
279238
279275
279825
279976
280201
280300
280339
280407
280551
280957
281044
281439
281552
281771
282294
282349
282359
283014
283119
283185
283344
283692
283791
284190
284264
284281
284785
284800
285126
285503
285518
285560
285747
285844
286343
286695
286854
286887
287445
287801
288046
288203
288213
288325
288372
289099
289723
290065
290271
290553
290643
290652
290851
291521
291929
291979
292035
292476
293141
293568
293798
293861
293949
294422
294671
294764
295203
295290
295517
295786
296319
296430
296495
296508
296675
296935
297613
298118
298183
298253
298447
298583
298648
299700
299829
299832
300308
300375
300437
300705
301286
301784
301881
302189
302533
302539
302720
303573
303620
303681
304207
304241
304396
304470
304510
304537
304608
305069
305126
305131
305217
305316
305849
306130
306364
306852
306861
306989
307081
307258
307262
307302
307343
307574
307881
307889
307940
308125
308813
308855
309028
309320
309431
309568
309599
309910
310130
310329
310445
310599
310839
310954
311770
311855
312412
312594
312771
312851
313027
313227
313666
313681
314223
314330
314415
314681
314945
315451
315462
315681
315710
315732
315814
316898
317039
317119
317534
317588
317831
317905
318055
318098
318245
318847
319136
319137
319143
319225
319714
319822
319852
320055
320282
320402
320764
320843
321416
322387
322643
322800
322877
323160
323440
323491
323942
323962
323971
324102
324569
324605
324611
325262
325291
325312
325489
325586
325994
326080
326280
326392
326994
327239
327241
327332
327412
327416
327428
327450
327820
328165
328219
328267
328296
328312
328583
328755
328793
329098
329603
329937
330106
330338
330489
330758
330958
330959
330986
331176
331205
331231
331323
331400
331434
331636
332097
332111
332136
332710
332891
333044
333744
333842
334760
335161
335615
335790
336148
336165
336178
336259
336360
336656
336912
337259
337306
337371
337434
338096
338545
338742
338753
338873
339228
339263
339387
339401
341204
341689
342020
342372
342567
342646
342760
342812
342844
343365
343499
343553
343597
344063
344790
344904
345032
345909
345931
345983
346063
346387
346599
346654
346781
346969
347350
347582
347586
347635
348286
348378
348631
348697
348744
348771
348781
349145
349171
349205
349302
349566
349702
349709
349716
349759
349773
349900
350587
350854
350872
350973
351118
351259
351366
351824
351826
352260
352394
352463
352503
352956
353009
353013
353074
353115
353116
353309
353525
353532
353764
353900
354183
354231
354333
354336
354503
354504
354550
355326
355449
355509
355913
356004
356019
356566
356674
357240
357300
357363
357465
358142
358143
358203
358228
358348
358377
358521
358586
358624
358629
358676
358726
359208
359218
359302
359318
359509
360743
360775
360862
360887
360912
361247
361372
361710
361740
361831
361856
361875
361939
362245
362248
362375
362459
362549
362867
363172
363319
363831
363834
364271
364339
365454
366073
366200
366592
366782
366834
367156
367204
367211
367358
367375
367822
367839
367981
368064
368093
368157
368247
368294
368953
369285
369304
369350
369369
369506
369841
369867
369895
370443
370458
370714
370787
371297
371307
371674
371725
372505
372568
372635
372691
372964
373239
373325
373360
373568
373576
373578
373865
374272
374291
374393
374446
374579
374947
375428
375481
375507
375709
375865
375904
375925
375993
376433
376453
376609
376878
376914
376915
377131
377351
377395
377797
377806
377855
378054
378661
378727
378855
378863
378875
379063
379222
379300
379342
379381
379401
379859
380021
380025
380242
380648
380823
380829
380833
380836
380919
381442
381465
381793
382065
382137
382312
382335
382370
382791
382838
383068
383320
383541
383627
383872
384024
384053
384133
384350
384577
385235
385238
385318
385484
385508
385766
385818
386380
386473
386498
387041
387268
387322
387364
387601
387615
387645
387769
387797
388081
388247
388598
388691
388917
389114
389143
389447
389698
389759
390120
390256
390409
390433
390594
390757
390780
390928
390944
390952
391223
391237
391264
391341
391816
391917
391928
392061
392270
392370
392513
392567
392614
392674
392679
392783
392953
393119
393618
394094
394259
394639
394649
395029
395464
395676
396131
396255
396353
396468
396484
396898
396914
397320
397384
397692
398007
398060
398438
399063
399397
399476
399477
399632
400099
400291
400627
400645
400656
400890
400903
401145
401203
401411
401427
401436
401438
401461
401610
401897
401948
401963
402331
402335
402360
402593
402714
403163
403170
403362
403374
403578
403590
404182
404694
404718
405328
405369
405635
405659
405801
405936
406632
406717
407334
407357
407375
407493
407520
407560
408160
408345
408411
408435
408487
408585
408884
409020
409455
409580
409830
409836
409977
409996
410019
410050
410543
410552
411308
411334
411458
411521
411802
411913
412481
412602
412628
412850
412958
413078
413323
413488
413607
413619
413826
413934
413942
414263
414767
414811
414848
414899
414944
414958
415161
415701
416665
417074
417289
417594
417779
417820
418267
419007
419038
419064
419070
419283
419321
419332
419421
419626
419687
419722
419766
419831
419881
419910
419936
420016
420099
420180
420363
420631
420645
420957
421076
421102
421269
422216
422403
422550
422799
422803
422829
422963
422989
423281
423422
423559
423588
423644
423645
425046
425065
425299
425647
425672
425887
425907
425958
426003
426011
426276
426330
426494
426657
426794
427180
427543
427621
427873
427916
428076
428762
428849
428868
429220
429463
429528
429603
429659
429704
429829
430338
430508
430968
431005
431385
431513
431969
432024
432028
432290
432321
433034
433071
433096
433511
433730
433816
433828
433883
433910
434174
434697
434749
435201
435235
435281
435687
435743
435853
435961
436610
436617
436889
436917
437194
437525
437710
437820
438648
438838
438911
439080
439329
439350
439581
439632
1992 YB3
1997 TB20
1999 NY4
1999 RP4
1999 TO53
1999 UM55
1999 VZ72
2000 EH23
2000 KL33
2000 PG5
2001 FE7
2001 OM50
2001 QS108
2001 QO228
2001 ST244
2001 UJ58
2001 UO90
2001 UV95
2001 UQ142
2001 VJ5
2001 XZ53
2002 FA
2002 LH3
2002 NB77
2002 OE37
2002 PC107
2002 PC179
2002 PS200
2002 PZ200
2002 QE61
2002 QO95
2002 QU99
2002 QH130
2002 RT175
2002 TY365
2003 DV18
2003 MF7
2003 QV15
2003 QB31
2003 RX11
2003 SK5
2003 SG278
2003 SN300
2003 SO302
2003 UR65
2003 UG362
2003 YD33
2003 YY81
2004 BA12
2004 CQ
2004 EB15
2004 FJ90
2004 PH58
2004 QO15
2004 RZ79
2004 RR138
2004 RE167
2004 RK299
2004 TQ126
2004 TQ126
2004 TK156
2004 TO342
2004 XD6
2005 AC25
2005 CA61
2005 EO22
2005 EZ43
2005 EQ116
2005 ED196
2005 JJ99
2005 JL117
2005 JB149
2005 JY184
2005 MF23
2005 NL1
2005 NT44
2005 QU6
2005 SW11
2005 SB80
2005 SW115
2005 SL160
2005 SD170
2005 SN282
2005 TU31
2005 TT43
2005 TA52
2005 TA115
2005 UW1
2005 UA5
2005 UT15
2005 US41
2005 UY104
2005 UB161
2005 UC171
2005 UK178
2005 UN200
2005 UO211
2005 UV227
2005 UK301
2005 VL48
2005 VA54
2005 VL130
2005 XN86
2005 YV155
2005 YM272
2005 YA291
2006 BB66
2006 BY92
2006 CU17
2006 DC140
2006 JN2
2006 JU6
2006 OJ1
2006 QL4
2006 QT52
2006 QD122
2006 QX134
2006 RL68
2006 SJ39
2006 SB61
2006 SM103
2006 SY379
2006 SL383
2006 SQ383
2006 SK270
2006 SW299
2006 TB29
2006 TB64
2006 TH84
2006 UH17
2006 UF55
2006 UK97
2006 UT226
2006 VV33
2006 VP84
2006 VX85
2006 VG102
2006 VM141
2006 WF21
2006 WG34
2006 WX69
2006 WA83
2006 WW121
2006 WH162
2006 YJ12
2007 AO
2007 CV65
2007 DV25
2007 DA46
2007 DH87
2007 DV110
2007 EM135
2007 HD38
2007 RG9
2007 RV9
2007 RM50
2007 RR145
2007 RO219
2007 RF239
2007 RE297
2007 SB13
2007 TO28
2007 TD286
2007 TV367
2007 TQ386
2007 TX395
2007 TV407
2007 TF423
2007 TD286
2007 TO300
2007 UN94
2007 US133
2007 UL138
2007 VT25
2007 VM35
2007 VC222
2007 VR252
2007 VL273
2007 VZ275
2007 XS54
2008 AC38
2008 AP49
2008 AO59
2008 AR87
2008 CJ11
2008 CY18
2008 CX52
2008 CL123
2008 DC79
2008 ER127
2008 FW21
2008 FF101
2008 FW101
2008 GF14
2008 GN32
2008 JM10
2008 JO17
2008 KP1
2008 KA25
2008 OO8
2008 QZ
2008 RG126
2008 SE32
2008 SP39
2008 SJ83
2008 SG151
2008 ST151
2008 SB190
2008 SM216
2008 SA249
2008 SM310
2008 TD18
2008 TN119
2008 UV4
2008 UJ74
2008 UK357
2008 UA123
2008 UR157
2008 UJ163
2008 UH218
2008 UO298
2008 UH304
2008 UK357
2008 VA14
2008 WC11
2008 WA47
2008 WO138
2008 YX9
2008 YE121
2008 YS122
2009 AD29
2009 BJ52
2009 CQ1
2009 DN47
2009 DG60
2009 FN27
2009 HR87
2009 KK28
2009 QK22
2009 QM29
2009 SU4
2009 SF75
2009 SJ127
2009 SK129
2009 SM132
2009 SR184
2009 SK204
2009 SN268
2009 SN347
2009 TR14
2009 UY14
2009 UE17
2009 UG26
2009 UT37
2009 UP133
2009 VF64
2009 VR67
2009 WD14
2009 WA41
2009 WN66
2009 WH86
2009 WP137
2009 WR155
2009 WL198
2009 XM
2009 XU6
2009 XM9
2009 XZ13
2009 YQ7
2009 YN17
2010 AE8
2010 CT18
2010 CG35
2010 EB88
2010 EF123
2010 JZ75
2010 PR60
2010 PH63
2010 RL3
2010 RV37
2010 RY78
2010 RG98
2010 RY109
2010 RD118
2010 SY3
2010 TL21
2010 TR29
2010 TV54
2010 TF92
2010 TK117
2010 TO158
2010 VL16
2010 VP33
2010 VY61
2010 VZ177
2010 VE205
2010 VU207
2010 VP213
2010 XQ12
2011 BZ7
2011 BK93
2011 BP110
2011 CF52
2011 CV58
2011 CH59
2011 EF4
2011 EE5
2011 EX85
2011 FR14
2011 FT102
2011 FT103
2011 HL56
2011 HR93
2011 KP17
2011 LU
2011 LE7
2011 NZ
2011 OC18
2011 OC57
2011 PU
2011 PH5
2011 QS39
2011 QY57
2011 QA68
2011 SM32
2011 SQ64
2011 SY102
2011 SP124
2011 SX130
2011 SQ136
2011 SG150
2011 SH163
2011 SP188
2011 SL201
2011 SR207
2011 SR256
2011 ST261
2011 SD270
2011 US30
2011 UP56
2011 UP82
2011 UY187
2011 UG129
2011 UM185
2011 UY187
2011 UW267
2011 UN283
2011 UY287
2011 UO293
2011 WT17
2011 WM24
2011 WO71
2011 WY96
2011 WE116
2011 YW7
2012 AC21
2012 BH12
2012 BM67
2012 BG72
2012 BP122
2012 DU5
2012 DZ78
2012 DP80
2012 FD1
2012 FW35
2012 FX60
2012 FT72
2012 GN29
2012 JU20
2012 JU24
2012 LR8
2012 LB10
2012 PJ6
2012 PS18
2012 QJ21
2012 QK49
2012 RF39
2012 TK56
2012 TQ97
2012 TC104
2012 TD111
2012 TF189
2012 TP210
2012 TR210
2012 TQ222
2012 TA243
2012 TN253
2012 TL301
2012 TN301
2012 UZ6
2012 UN124
2012 UT163
2012 VX22
2012 VL106
2012 VA111
2012 WX2
2012 XZ12
2012 XO25
2012 XQ43
2013 AX3
2013 AL33
2013 AQ35
2013 AE95
2013 AY131
2013 BD3
2013 BC5
2013 BG55
2013 BM57
2013 CP1
2013 CY9
2013 CH31
2013 CV57
2013 CZ111
2013 CP155
2013 CQ176
2013 CA194
2013 CB216
2013 EY20
2013 EF45
2013 EG103
2013 GB42
2013 GK74
2013 GC125
2013 HB6
2013 HG33
2013 HV58
2013 JZ28
2013 KZ16
2013 LF1
2013 LV4
2013 NK9
2013 OT3
2013 PQ33
2013 PH60
2013 QR33
2013 QZ38
2013 QB61
2013 QE61
2013 QF75
2013 QE87
2013 QU88
2013 RO23
2013 RB28
2013 RW48
2013 RN51
2013 RD69
2013 SC38
2013 SH50
2013 SO72
2013 TQ8
2013 TS10
2013 TY67
2013 TM105
2013 UV10
2013 VA20
2013 WC89
2013 XP10
2013 XN13
2013 YO49
2013 YV93
2013 YH94
2013 YQ94
2013 YD108
2014 BF52
2014 BR60
2014 DQ4
2014 DV49
2014 DD88
2014 FN29
2014 GV41
2014 HS33
2014 HO112
2014 HG138
2014 HZ158
2014 JZ4
2014 JG23
2014 JX39
2014 JE67
2014 KV23
2014 KN41
2014 KW86
2014 KF91
2014 LO14
2014 LW20
2014 MC18
2014 MJ26
2014 MY26
2014 MW36
2014 NO33
2014 NW37
2014 NW62
2014 NS64
2014 ON8
2014 OV36
2014 OT64
2014 OR65
2014 ON79
2014 OO91
2014 OP92
2014 OV92
2014 OC130
2014 OK158
2014 OE191
2014 OQ206
2014 OC213
2014 OD251
2014 OU291
2014 OM301
2014 OP324
2014 PG8
2014 PL31
2014 PA36
2014 PV58
2014 QA38
2014 QS362
2014 QN372
2014 QZ375
2014 QV377
2014 QY414
2014 QQ438
2014 QX188
2014 QS239
2014 QU356
2014 QK359
2014 RE
2014 RC17
2014 RQ41
2014 SZ44
2014 SV45
2014 SW56
2014 SJ138
2014 SW144
2014 SG163
2014 SS210
2014 SO279
2014 SX290
2014 SG315
2014 SD316
2014 TD23
2014 TC55
2014 UT4
2014 UD83
2014 UP84
2014 UQ94
2014 UV95
2014 UQ106
2014 UA122
2014 UF156
2014 UP193
2014 UL198
2014 UP204
2014 UD206
2014 VL27
2014 WP28
2014 WF58
2014 WX73
2014 WQ83
2014 WW190
2014 WX150
2014 WQ424
2014 WH165
2014 WF434
2014 WG480
2014 WV232
2014 WT262
2014 WQ310
2014 WF313
2014 WF319
2014 XF19
2015 AO41
2015 AL148
2015 AB182
2015 AC256
2015 BC20
2015 BN119
2015 BT398
2015 BY141
2015 BP169
2015 BC449
2015 BX489
2015 BG257
2015 BC307
2015 BY335
2015 DA21
2015 DV31
2015 DO99
2015 DO117
2015 DJ142
2015 DB143
2015 DW208
2015 DP222
2015 EL17
2015 EZ49
2015 FQ35
2015 FF101
2015 FN112
2015 FW118
2015 FV211
2015 FC299
2015 HK15
2015 HP57
2015 HL94
2015 HM152
2015 HJ162
2015 HB172
2015 KX56
2015 KM140
2015 KV157
2015 MS57
2015 MH77
2015 MH92
2015 OZ17
1994 AA5
1995 TH4
1995 UV53
1995 VC5
1996 XZ3
1999 TM66
2000 SX244
2000 TF2
2000 UY40
2001 FT231
2001 RZ59
2002 CB195
2002 CK195
2002 GN147
2002 PM122
2002 PO176
2002 QJ64
2002 QZ84
2002 RB208
2002 RB271
2002 TR104
2002 TP366
2002 TW368
2002 UP1
2003 PC13
2003 SH370
2003 SA418
2003 UU12
2003 UX18
2003 UN365
2003 UG355
2003 WP87
2004 BX45
2004 EO72
2004 GW17
2004 QR
2004 RZ9
2004 TZ40
2004 TD125
2004 VW123
2004 XC58
2005 NW20
2005 ST150
2005 ST211
2005 TU4
2005 TQ11
2005 TZ19
2005 UX380
2005 UE383
2005 UQ136
2005 UP408
2005 UC193
2005 UY195
2005 UO458
2005 UV220
2005 UO263
2005 UJ284
2005 UW295
2005 UE324
2005 VS94
2005 YD140
2005 YS218
2006 BP50
2006 BS64
2006 BU170
2006 BH171
2006 BX208
2006 CY45
2006 DG139
2006 JK6
2006 KY5
2006 KY41
2006 KM60
2006 QC58
2006 RR82
2006 RA115
2006 RT115
2006 SY399
2006 SZ220
2006 ST226
2006 SV237
2006 UO45
2006 UD51
2006 UC117
2006 UM168
2006 VE83
2006 VF135
2006 VM136
2006 WQ72
2006 WF121
2006 YJ41
2007 CZ66
2007 ES36
2007 EB122
2007 GH1
2007 HC58
2007 LM28
2007 NK4
2007 RO105
2007 RP208
2007 TA50
2007 TL135
2007 TE424
2007 TE438
2007 TO447
2007 TJ233
2007 TF260
2007 UD20
2007 UU54
2007 UR132
2007 VY14
2007 VC23
2007 VY41
2007 VK58
2007 VR81
2007 VG194
2007 WW13
2007 YR10
2007 YY27
2008 CF207
2008 EK64
2008 FC26
2008 FW47
2008 FH73
2008 GU2
2008 GP9
2008 RY84
2008 SL163
2008 SV273
2008 TB102
2008 TZ150
2008 UL165
2008 UL173
2008 YS162
2009 AV23
2009 BS92
2009 CE4
2009 CW61
2009 DK14
2009 DQ20
2009 DO30
2009 DN86
2009 PN11
2009 QN56
2009 RJ73
2009 RS75
2009 SE91
2009 ST119
2009 SS280
2009 ST298
2009 SS351
2009 TR8
2009 UE9
2009 UH100
2009 UY142
2009 VE90
2009 WD72
2009 WQ120
2009 WX203
2010 AD5
2010 AR20
2010 CT14
2010 CC58
2010 CD219
2010 DP1
2010 DH10
2010 DX50
2010 EO151
2010 FO67
2010 HQ50
2010 KZ12
2010 KE23
2010 KK41
2010 LR48
2010 LL80
2010 LV89
2010 LH93
2010 LD133
2010 MG76
2010 MC101
2010 ND13
2010 NR28
2010 NS49
2010 NW101
2010 NV112
2010 OP4
2010 OW53
2010 OO58
2010 PM38
2010 RC54
2010 SP22
2010 SK35
2010 TD53
2010 TQ76
2010 TR92
2010 UH40
2010 VW5
2010 VU95
2010 VT97
2010 VN132
2010 VY138
2010 VZ166
2010 VB174
2010 WM5
2010 XH16
2010 XZ38
2011 BY35
2011 BZ49
2011 BL71
2011 BY109
2011 CR13
2011 CM84
2011 DB17
2011 EE83
2011 FK55
2011 FV88
2011 GB39
2011 HM8
2011 HN32
2011 HM101
2011 LF1
2011 LS2
2011 MG3
2011 OX5
2011 OD35
2011 QJ12
2011 QJ59
2011 QV92
2011 RE3
2011 RE19
2011 SU166
2011 ST259
2011 SW274
2011 SR275
2011 UR122
2011 UC124
2011 UB406
2011 UR172
2011 UR187
2011 UO234
2011 WM7
2011 WN109
2011 YR11
2011 YG35
2012 BY92
2012 BY119
2012 DY37
2012 EP12
2012 FK6
2012 FX18
2012 FL46
2012 FR56
2012 JS6
2012 JW14
2012 JF33
2012 KK44
2012 MY9
2012 PH19
2012 QO50
2012 SK14
2012 SP48
2012 TF16
2012 TU19
2012 TS27
2012 TO62
2012 TS81
2012 TV111
2012 TY168
2012 TM194
2012 TT234
2012 TQ240
2012 TS243
2012 UB12
2012 UF15
2012 UZ140
2012 UZ148
2012 VF22
2012 WJ15
2012 WL35
2012 XG15
2012 XZ78
2012 XZ113
2012 XR131
2013 AR97
2013 AE135
2013 AE160
2013 CW23
2013 CD32
2013 CR56
2013 CW102
2013 CE155
2013 CL180
2013 DL
2013 DC4
2013 EW21
2013 ES65
2013 EX70
2013 ED109
2013 EE112
2013 ES128
2013 FC1
2013 GY14
2013 GR133
2013 HK3
2013 HY17
2013 HZ29
2013 HZ35
2013 HY36
2013 HS51
2013 HK54
2013 HB61
2013 HR68
2013 HY72
2013 HL115
2013 HC128
2013 NB3
2013 NH24
2013 PX2
2013 PL18
2013 QD14
2013 QS31
2013 QJ37
2013 QV49
2013 RW15
2013 RZ34
2013 RP69
2013 SM19
2013 TL4
2013 TS50
2013 TB55
2013 VQ1
2013 YB78
2013 YB118
2013 YU121
2013 YK145
2014 AH26
2014 BG1
2014 BZ61
2014 DX58
2014 DJ59
2014 DY87
2014 DE118
2014 GG36
2014 HF29
2014 HK35
2014 HO35
2014 HD37
2014 HO65
2014 HD71
2014 HX91
2014 HA103
2014 HL141
2014 HG187
2014 JT19
2014 JZ51
2014 JK66
2014 LK1
2014 LE9
2014 LH18
2014 MY48
2014 MF68
2014 OJ16
2014 OM17
2014 OM18
2014 OD20
2014 OL23
2014 OC30
2014 OS52
2014 OA56
2014 ON118
2014 OE133
2014 OA135
2014 OH151
2014 OY154
2014 OO160
2014 OF165
2014 OE166
2014 OJ170
2014 OM177
2014 OU183
2014 OH215
2014 OH239
2014 OG249
2014 OX259
2014 OR312
2014 OB314
2014 OV328
2014 OP331
2014 PA3
2014 PE31
2014 PF45
2014 QW24
2014 QK27
2014 QM32
2014 QW101
2014 QS383
2014 QM138
2014 QN403
2014 QE181
2014 QV195
2014 QD215
2014 QJ228
2014 QV232
2014 QS281
2014 QR329
2014 QD337
2014 QA341
2014 QB349
2014 RP56
2014 SC89
2014 SX113
2014 SM130
2014 SG228
2014 SE341
2014 SM343
2014 TC85
2014 UQ200
2014 VM1
2014 WK2
2014 WV24
2014 WY99
2014 WH178
2014 WQ251
2014 WQ361
2014 WA364
2014 WF138
2014 WH160
2014 WT420
2014 WX431
2014 WH178
2014 WZ442
2014 WW190
2014 WM209
2014 WL211
2014 WJ224
2014 WQ251
2014 WN256
2014 WG282
2014 XS4
2015 AH36
2015 AU75
2015 AA131
2015 AL151
2015 AA191
2015 AF227
2015 AB273
2015 AV275
2015 BK55
2015 BK106
2015 BH370
2015 BJ132
2015 BK138
2015 BE140
2015 BK141
2015 BC151
2015 BE152
2015 BD154
2015 BB423
2015 BZ175
2015 BY176
2015 BJ181
2015 BZ191
2015 BC193
2015 BH193
2015 BU471
2015 BO223
2015 BQ230
2015 BK236
2015 BN238
2015 BP240
2015 BK244
2015 BE510
2015 BM255
2015 BL292
2015 BN308
2015 BF338
2015 BA352
2015 CV2
2015 CY11
2015 DB97
2015 DE144
2015 EK21
2015 ES49
2015 FW222
2015 FE224
2015 GX31
2015 HC78
2015 HV99
2015 HR102
2015 HE121
2015 HN139
2015 HM143
2015 KN29
2015 KM104
2015 KV133
2015 KZ153
2015 LR4
2015 MP3
2015 MN17
2015 MJ71
2015 MD112
2015 OR14
2015 OC16
2015 PP3
2015 PO20
2015 PM37
2015 PB45
4294 T-3
