id
52
202
223
241
251
256
331
339
450
478
509
513
529
562
579
633
639
651
669
740
766
772
775
992
1087
1102
1112
1129
1186
1200
1207
1220
1234
1265
1286
1291
1305
1353
1388
1410
1416
1542
1552
1557
1604
1605
1641
1645
1654
1684
1690
1753
1764
1767
1812
1828
1882
1889
1984
2027
2052
2111
2124
2179
2180
2191
2216
2248
2309
2345
2358
2471
2475
2576
2578
2600
2632
2636
2646
2654
2661
2711
2740
2747
2767
2804
2808
2878
2900
2907
2957
3087
3120
3232
3243
3250
3366
3423
3425
3468
3469
3479
3525
3570
3584
3625
3638
3713
3721
3736
3830
3876
3911
3914
3955
3992
4044
4058
4077
4078
4118
4161
4170
4187
4202
4271
4290
4346
4357
4381
4409
4410
4427
4431
4485
4513
4559
4593
4600
4717
4831
4843
4866
4873
4916
4958
4960
4976
4998
5154
5212
5289
5311
5314
5441
5729
5749
5779
5807
5814
5816
5886
5940
5966
5979
6068
6088
6220
6341
6357
6404
6432
6459
6590
6665
6732
6750
6912
6931
6937
6951
6958
6989
7046
7067
7095
7103
7206
7303
7338
7347
7348
7431
7469
7596
7624
7635
7793
7956
7975
7994
7999
8042
8048
8104
8312
8390
8408
8436
8478
8536
8537
8538
8578
8584
8593
8868
8907
8967
8970
9039
9119
9275
9291
9316
9429
9465
9543
9576
9609
9665
9798
9825
9834
10019
10098
10112
10228
10293
10413
10420
10489
10581
10762
10763
10764
10769
10770
10792
10865
10930
11052
11062
11176
11223
11321
11330
11358
11385
11393
11412
11419
11533
11570
11617
11670
11801
11807
12000
12080
12128
12168
12192
12223
12244
12250
12316
12393
12570
12654
12655
12657
12673
12760
12763
12764
12849
12971
13144
13145
13220
13321
13345
13365
13391
13399
13409
13446
13466
13472
13486
13488
13505
13507
13559
13560
13567
13618
13621
13748
13770
13774
13813
13814
13823
13833
13874
14074
14076
14190
14203
14260
14265
14407
14422
14450
14452
14542
14544
14555
14649
14749
14751
14995
15056
15062
15069
15169
15227
15285
15465
15499
15582
15631
15837
15901
15908
16010
16038
16046
16048
16066
16162
16170
16279
16346
16401
16663
16707
16718
16784
16793
16853
16877
16893
16895
16900
16914
16936
16937
16963
17110
17155
17158
17199
17316
17323
17394
17458
17467
17574
17674
17682
17689
17695
17696
17804
17805
17808
17816
17817
17862
17863
17880
17998
18006
18010
18014
18065
18139
18164
18185
18238
18257
18264
18385
18412
18441
18566
18687
18692
18713
18714
18715
18716
18853
18883
18901
18911
18944
18955
19050
19062
19063
19097
19101
19104
19168
19275
19278
19355
19608
19646
19684
19780
19791
19848
19880
19889
19921
19943
20060
20131
20217
20221
20365
20393
20510
20512
20549
20554
20613
20641
20653
20721
20731
20836
20937
20939
20954
21054
21369
21535
21584
21597
21605
21836
21920
21927
22005
22006
22015
22018
22037
22198
22241
22432
22436
22529
22667
22680
22689
22826
22972
23058
23087
23129
23134
23210
23305
23315
23381
23390
23399
23698
23822
23952
23957
23965
23972
23973
24227
24243
24247
24281
24327
24330
24360
24363
24405
24437
24477
24554
24563
24959
25134
25148
25233
25258
25268
25498
25500
25502
25661
25699
25755
25758
25784
25808
25812
25825
25832
25838
25857
25861
25904
25971
25999
26018
26072
26346
26350
26359
26572
26593
26597
26743
26768
26833
26839
26898
27004
27160
27198
27217
27433
27442
27451
27481
27484
27485
27504
27535
27562
27758
27759
27767
27792
27936
28018
28023
28057
28064
28282
28331
28350
28352
28358
28359
28389
28399
28410
28595
28612
28645
28650
28694
28730
28733
28763
28791
28797
28813
28824
28839
28872
28889
28925
29067
29083
29169
29176
29268
29510
29534
29542
29559
29570
29590
29725
29860
29894
29910
29926
30051
30132
30396
30429
30458
30462
30589
30847
30915
31005
31088
31095
31201
31248
31251
31265
31273
31294
31308
31336
31337
31634
31665
31766
31773
31830
32003
32075
32113
32216
32243
32250
32258
32261
32281
32293
32316
32317
32334
32364
32388
32391
32410
32439
32472
32481
32566
32839
32864
32900
32943
32948
32988
32990
33198
33217
33242
33276
33283
33287
33328
33432
33609
33712
33770
34033
34128
34185
34291
34311
34320
34349
34362
34369
34383
34384
34414
34466
34523
34552
34574
34592
34602
34641
34654
34659
34663
34794
34805
34881
34949
34960
34970
35012
35014
35052
35075
35311
35329
35517
35598
35646
35650
35992
36038
36042
36059
36078
36080
36092
36125
36132
36147
36168
36170
36181
36193
36201
36230
36310
36557
36647
36814
36879
36924
36930
36956
36967
37033
37076
37097
37110
37123
37134
37185
37260
37476
37506
37553
37656
37667
37764
37773
38293
38362
38425
38429
38435
38492
38501
38515
38555
38558
38573
38586
38616
38823
38910
39032
39231
39319
39411
39439
39482
40108
40111
40120
40121
40135
40138
40151
40171
40183
40186
40410
40440
40461
40809
40812
40840
40855
40905
40916
40989
41016
41026
41055
41057
41091
41120
41134
41161
41165
41202
41239
41240
41273
41306
41310
41362
41367
41369
41378
41403
41413
41486
41554
41810
42009
42015
42037
42040
42041
42135
42209
42292
42338
42359
42394
42414
42442
42515
42700
42739
42754
42755
43045
43500
43516
43536
43558
43562
43618
43765
43768
43800
43803
44022
44496
44517
44524
45103
45127
45342
45350
45410
45462
45503
45537
45546
45564
45593
45595
45614
45625
45674
45682
45701
45714
45732
45746
45936
45976
46094
46218
46224
46227
46245
46248
46298
46311
46332
46333
46669
46734
47074
47126
47270
47554
47649
47668
47722
47796
47802
47807
47808
47819
47837
47847
47850
47864
47877
47930
47936
47977
47995
48211
48234
48242
48352
48456
48500
48563
48575
48620
48784
48843
49351
49439
49478
49519
49616
49629
49638
49643
50237
50467
50502
50533
50589
50665
50710
50827
50850
50935
50937
50947
50952
50972
50980
51036
51043
51079
51096
51099
51100
51106
51159
51224
51237
51249
51287
51296
51318
51333
51334
51806
51812
51815
51834
51870
51872
51875
51895
51918
51951
51966
51970
51974
51986
51990
52000
52048
52061
52131
52353
52477
52544
52709
52716
52909
53232
53273
53287
53293
53349
53359
53380
53407
53423
53622
53790
53848
54155
54189
54293
54330
54370
54427
54464
54486
54487
54522
54529
54535
54556
54573
54590
54621
54682
54840
54927
54995
55064
55091
55098
55120
55133
55140
55186
55275
55319
55390
55421
55508
55517
55523
55529
55617
55857
55858
55909
55919
55927
55928
55936
56208
56265
56678
56714
56744
56745
56787
56804
56818
56819
56875
56917
56919
56921
56923
56967
56981
57017
57018
57070
57089
57130
57132
57383
57424
57513
57614
57663
57665
57711
57760
57768
57816
57828
57835
57859
57880
57884
57940
57998
58065
58193
58236
58299
58381
58494
58509
58525
58542
58560
58624
58710
58724
58755
58847
58876
58914
58975
59337
59467
59477
59767
59768
59822
59835
59843
59844
59845
59857
59870
59889
59913
59924
59958
59966
59995
59999
60101
60111
60130
60140
60143
60147
60289
60361
60368
60410
60463
60498
60503
60527
60551
60638
60725
60775
60984
61024
61480
61527
61602
61666
61668
61678
61770
61787
61793
61848
61877
61880
61907
61915
61926
62107
62126
62163
62199
62220
62297
62311
62347
62371
62373
62381
62454
62492
62528
62554
62586
62590
62605
62643
62644
62697
62711
62772
62776
62822
62831
62869
62915
62932
62974
62989
62992
63069
63098
63102
63107
63108
63109
63123
63124
63166
63185
63198
63215
63263
63378
63455
63477
63537
63589
63638
63671
63703
63725
63743
63800
63895
63913
64004
64006
64016
64024
64137
64162
64246
64248
64421
64422
64467
64562
64637
64688
64694
64773
64822
64826
64898
65005
65021
65043
65058
65082
65085
65126
65178
65183
65208
65339
65400
65443
65577
65595
65868
65971
66018
66022
66035
66038
66048
66069
66079
66097
66127
66130
66132
66143
66222
66683
66715
66835
66981
66984
67034
67043
67046
67115
67161
67165
67167
67186
67356
67413
67437
67545
67799
68059
68171
68313
68324
68427
68453
68488
68498
68507
68528
68785
68874
68907
68956
69054
69126
69134
69180
69225
69347
69391
69551
69778
69798
69815
69822
69848
69868
69874
69899
69924
69954
69956
69982
69984
69996
70216
71060
71157
71158
71165
71171
71225
71259
71264
71282
71298
71299
71301
71302
71380
71395
71472
71484
71491
71525
71533
71542
71549
71556
71557
71565
71581
71590
71599
71622
71640
71652
71673
72408
72471
72604
72617
72672
72678
72689
72692
72696
72705
72739
72766
72782
72822
72831
72846
72858
72884
72906
73200
73318
73367
73400
73412
73426
73463
73493
73517
73532
73618
73629
73753
73793
73931
73975
74279
74385
74409
74447
74453
74462
74482
74484
75741
75910
75969
75982
76001
76036
76038
76056
76059
76093
76108
76109
76113
76132
76159
76164
76184
76204
76275
76313
76331
76347
76379
76388
76428
76429
76434
76577
76598
76639
76654
76663
76688
76731
76775
76799
76817
77331
77415
77583
77588
77604
77608
77644
77660
77666
77667
77707
77719
77726
77757
77759
77785
77787
77805
77831
77841
77859
77882
77904
78144
78185
78194
78202
78211
78233
78319
78359
78481
78485
78496
78518
78532
78579
78665
78687
78689
78700
78706
78717
78721
78732
78745
78746
78751
78759
78891
78958
78998
79180
79215
79218
79268
79270
79359
79460
79461
79463
79484
79904
79974
79992
80007
80014
80032
80041
81459
81624
81655
81728
81834
81884
81905
81940
81946
81947
81992
82018
82464
82506
82534
82567
82583
82627
82634
82727
82746
82868
82923
82927
82935
82945
82946
82963
82964
82965
82975
82984
83043
83055
83130
83134
83147
83162
83191
83241
83242
83252
83257
83275
83284
83338
83350
83361
83366
83378
83411
83412
83435
83442
83459
83473
83478
83479
83495
83517
83551
83562
83573
83605
83615
83634
83641
83671
83710
83750
83751
83752
83754
83761
83765
83781
83793
83807
83815
83822
83841
83852
83913
83946
83947
83957
83968
83969
84142
84239
84278
84280
84289
84304
84306
84418
84457
84662
84805
84808
84893
84995
85075
85198
85227
85324
85325
85346
85616
85680
85820
86048
86054
86077
86079
86099
86102
86106
86121
86144
86145
86149
86162
86174
86175
86213
86216
86223
86226
86228
86232
86259
86291
86322
87333
87348
87388
87478
87479
87502
87592
87605
87646
87654
87658
87795
87844
88009
88048
88078
88101
88104
88135
88143
88534
88865
88883
89104
89107
89124
89182
89225
89259
89267
89333
89349
89373
89414
89626
89631
89688
89717
89743
89821
89842
89859
89875
89930
89976
90112
90255
90264
90275
90353
90362
90435
90453
90500
91173
91176
91179
91181
91477
91489
91545
91566
91581
91636
91640
91650
91677
91685
91692
91709
91715
91717
91727
91729
91736
91745
91748
91762
91786
91793
91799
91803
91805
91814
91821
91829
91845
91854
91864
91880
91895
91899
91921
91931
91954
91956
91974
91987
91994
92001
92008
92011
92020
92033
92042
92049
92076
92083
92085
92087
92088
92099
92178
92193
92194
92198
92202
92209
92238
92239
92250
93829
93841
93989
94042
94051
94074
94106
94108
94113
94116
94134
94154
94155
94197
94211
94213
94221
94244
94247
94249
94258
94294
94295
94298
94323
95249
95405
95409
95411
95425
95430
95440
95456
95494
95499
95529
95551
95565
95592
95593
95630
95641
95933
95984
96049
96115
96335
96343
96541
96899
97042
97094
97186
97273
97305
97308
97351
97387
97403
97443
97471
97495
97498
97519
97542
97543
97566
97567
97583
97677
97696
97711
97740
97773
98036
98956
99081
99082
99159
99239
99249
99398
99730
99747
99753
99758
99770
99816
99839
99880
100061
100215
100337
100424
100457
100591
100655
100768
101477
101563
101651
101698
101763
101851
102825
102843
102869
103263
103274
103349
103376
103490
103765
103929
103963
104023
104083
104143
104208
104296
104366
104370
104420
104424
104425
104427
104464
104466
104481
104520
104530
104534
104558
104572
104591
104623
104635
104657
104660
104688
104689
104809
104828
104858
104874
104901
104951
104991
105042
105056
105070
105085
105263
105291
105410
105416
105430
105457
105463
105474
105492
105513
105564
105581
105584
105588
105609
105610
105612
105614
105706
105732
105748
105749
105753
105754
105776
105797
105820
105862
105866
105893
105934
105954
105956
105978
106005
106018
106020
106066
106093
106094
106102
106103
106181
106205
106210
106242
106248
106256
106262
106271
106285
106310
106316
106317
106323
106326
106338
106353
106408
106413
106460
106472
106473
106545
106549
106556
106678
106682
106693
106694
106708
106723
106757
106778
106930
107234
107641
108103
108142
108245
108415
108546
108593
108684
108752
108816
108867
108914
108949
108961
109055
109061
109076
109101
109166
109224
109227
109263
109272
109301
109330
109336
109360
109382
109385
109393
109513
109553
109587
109643
109680
109686
109691
109693
109749
109790
109849
109885
109923
110027
110097
110192
110214
110236
110602
110713
110722
110778
110976
111024
111067
111105
111377
111395
111397
111403
111409
111440
111474
111488
111506
111508
111523
111530
111567
111581
111629
111634
111644
111684
111700
111749
111911
112309
112384
112471
112516
112572
112573
112669
112717
112730
112757
112771
112807
112810
112815
112923
112966
113077
113085
113112
113157
113173
113189
113214
113223
113229
113240
113274
113294
113318
113343
113349
113425
113441
113521
113525
113619
113622
113641
113649
113700
113704
113755
113781
113802
113816
113822
113831
113849
113854
113859
113925
113958
113985
114000
114019
114036
114046
114178
114245
114272
114408
114547
114573
114589
114614
114620
114679
114680
114718
114761
114872
114886
115059
115064
115092
115147
115282
115329
115360
115369
115382
115413
115445
115497
115513
115536
115561
115562
115605
115645
115693
115757
115824
115841
115970
116005
116062
116068
116116
116213
116223
116231
116257
116290
116368
116398
116410
116465
116473
116475
116515
116534
116537
116598
116618
116774
116793
116989
117022
117176
117281
117344
117398
117409
117430
117557
117586
117602
117618
117625
117710
117951
117960
118053
118057
118062
118083
118084
118125
118404
118876
118878
118908
118936
118953
118971
119000
119759
119775
119780
119820
119824
119850
119855
119868
119896
119898
119919
119920
119921
119925
119947
120049
120091
120125
120153
120155
120158
120167
120330
120473
120874
120882
120906
120923
120948
121251
121312
121328
121358
121420
121435
121443
121453
121552
121582
121589
121640
121700
121778
121843
121884
121934
123343
123364
123408
123444
123637
123653
123685
123703
123707
123714
123734
123746
123774
123798
123803
123830
123860
123868
123882
123894
123908
123916
123922
123944
123976
123998
124001
124002
124008
124014
124029
124030
124060
124101
124110
124119
124398
125365
125427
126442
126485
126617
126644
126658
126736
126780
126906
126912
126979
127061
127098
127159
127171
127270
127319
127325
127333
127382
127408
127410
127417
127438
127440
127460
128050
128088
128122
128153
128155
128167
128170
128210
128211
128234
128250
128251
128253
128255
128266
128278
128282
128292
128392
128440
128622
128625
128708
128742
128745
128758
128769
128966
128990
129037
129066
129076
129092
129094
129177
129255
129256
129299
129330
129338
129360
129378
129410
129498
129536
129593
129693
129722
129733
130128
130155
130235
130245
130277
130313
130328
130351
131269
131322
131343
131355
131372
131474
131475
132685
132698
132717
132792
132804
132820
132877
132887
132919
132923
132960
132982
133041
133180
133233
133263
133319
133352
133383
133394
133424
133447
133467
133518
133634
133650
133689
133722
133727
133730
133741
133760
133822
133855
133950
134041
134043
134049
134060
134074
134075
134091
134105
134108
134111
134117
134118
134131
134144
134191
134198
134208
134410
134513
134981
135066
135074
135088
135093
135108
135112
135121
135127
135149
135155
135170
135171
135179
135192
135213
135217
135231
135242
135255
135259
135261
135273
135274
135296
135309
135331
135365
135393
135412
136031
136059
136291
136339
136410
136476
136509
136510
136592
136593
136657
136670
136701
136895
136916
137161
137168
137207
138509
138534
138548
138591
138612
138623
138658
138684
138685
138701
138709
138732
138760
138800
138803
138825
139505
139700
139702
139817
139836
139856
139870
139882
139951
139953
139981
140003
140024
140025
140028
140056
140060
140062
140113
140143
140151
140238
140303
140372
140414
140417
140456
140475
140493
140507
140512
140531
140540
140558
140560
140594
140609
140616
140626
140634
140647
140655
140669
140670
140682
140710
140724
140752
140753
140767
140772
140784
140790
140792
140794
140868
140870
140878
140921
140965
140974
140984
141016
141033
141050
141062
141072
141080
141082
141083
141099
141136
141141
141148
141158
141203
141205
141216
141226
141228
141230
141254
141274
141275
141318
141331
141335
141408
141449
141451
141460
141474
141562
142017
143042
143352
143371
143377
143384
143417
143420
143428
143440
143455
143518
143525
143558
143616
143617
143626
143634
144175
144180
144271
144426
144442
144463
144543
144728
144794
144796
144827
144832
144848
144853
144873
144877
144912
145219
145257
145355
145363
145382
145390
145482
145608
145692
146115
146126
146138
146145
146147
146149
146172
146181
146185
146625
146730
146743
146756
146801
146820
146863
146865
146868
146882
146905
146907
146910
146916
146917
146933
147407
147413
147429
147679
147681
147760
147794
147820
147842
147855
147914
147931
148107
148138
148359
148370
148411
148412
148436
148882
148952
149006
149037
149064
149089
149109
149113
149118
149140
149143
149158
149545
149643
149708
149975
149988
149989
150002
150128
150263
150278
150283
150298
150330
150603
150610
150628
150932
151103
151188
151295
151297
151306
151314
151326
151345
151356
151357
151358
151370
151388
151392
151403
151415
151430
151434
151438
151451
151478
151879
152024
152044
152081
152084
152103
152105
152292
152320
152363
152364
152371
152387
152440
152474
152515
152516
152518
152625
152780
152794
152802
152807
152818
152821
152844
153196
153210
153218
153227
153262
153263
153284
154054
154112
154121
154125
154175
154209
154214
154235
154236
154602
154812
154895
154911
154913
154980
155163
155169
155251
155308
155428
155469
155571
155875
155879
155903
156606
156614
156615
156618
156673
156682
156683
156690
156696
156700
157040
157072
157198
157314
157326
157340
157364
157392
157451
157453
157454
157461
157466
157538
157631
157643
157676
157704
157764
157850
157852
157928
157952
158134
158147
158561
158563
158564
158582
158585
158743
158783
158792
158795
158796
158797
158808
158962
159021
159024
159027
159044
159127
159130
159142
159147
159155
159298
159311
159312
159315
159317
159371
159519
159520
159530
159811
159818
159820
159844
159909
159959
159965
160000
160217
160250
160261
160262
160321
160352
160380
160445
160466
160470
160636
160685
160945
160994
161088
161115
161125
161127
161137
161139
161144
161145
161179
161182
161191
161277
161462
161503
161512
161520
161580
161741
161781
161800
161832
161869
161870
161895
161948
162044
162159
162413
162419
162428
162451
162933
162962
163390
163411
163422
163466
163471
163516
163518
163529
163535
163539
163545
163553
163564
163569
163590
163595
163599
163600
163614
163629
164145
164174
164176
164390
164493
164659
165057
165058
165064
165068
165088
165099
165100
165101
165106
165111
165118
165126
165662
165667
165671
165679
165685
165699
165707
165709
165744
165748
165758
165774
165783
165790
165819
165826
165834
165846
165930
166517
166534
166555
166591
166605
166645
166664
166677
166716
166717
166732
166737
166741
166764
166784
166803
166826
166831
166835
166839
166850
167396
167397
167544
167546
167547
167548
167549
167592
167601
167614
167661
167864
167929
167930
167937
167957
167960
167964
167967
167997
168020
168028
168040
168392
168396
168704
168719
169118
169120
169126
169128
169149
169164
169171
169193
169205
169206
169208
169209
169210
169215
169230
169231
169260
169268
169330
169340
169342
169378
169393
169409
169878
169882
169894
169941
170049
170057
170058
170065
170081
170085
170088
170111
170113
170119
170150
170159
170697
170715
170732
170773
170785
170787
170805
170811
170819
170826
171107
171134
171187
171371
171376
171383
171389
171526
171529
171687
171871
171875
171876
171895
171902
171937
171949
171958
171965
171975
171983
172003
172010
172035
172038
172067
172072
172285
172320
172362
172365
172367
172397
172404
172406
172413
172738
172772
172921
172947
173028
173072
173080
173189
173292
173465
173484
173499
173504
173743
173755
173767
173871
173872
173902
173905
173908
173949
173965
173969
173994
173998
173999
174062
174454
174487
174491
174501
174513
174555
174556
174794
174874
175036
175086
175096
175106
175364
175368
175542
175569
175634
176001
176015
176022
176042
176049
176050
176368
176381
176396
176430
176456
176461
176485
176486
176491
176517
176527
176529
176530
176544
176609
177084
177106
177107
177116
177122
177123
177136
177807
177858
177863
177913
178014
178063
178094
178099
178214
178223
178232
178311
178335
178339
178372
178477
178479
178667
178680
178683
178687
178708
178718
178723
178725
178727
178736
178742
178756
178761
178771
179138
179150
179170
179204
179208
179293
179305
179334
179338
179339
179368
179374
179403
179406
179420
179422
179450
179461
179475
179486
179496
179516
179526
179541
180094
180107
180114
180131
180181
180755
180784
180903
181007
181045
181068
181107
181141
181152
181159
181183
181194
181209
181244
181249
181270
181276
181545
181609
181631
181657
181740
181927
182167
182199
182209
182584
182743
182764
182787
182807
182822
182846
182850
182864
182872
182887
182908
182910
183028
183294
183396
183425
183505
183506
183516
183523
183535
183552
184186
184191
184228
184261
184371
184549
184591
184604
184642
184713
184732
184734
184772
184807
184824
184862
184886
184894
184950
184951
184954
184958
184959
185135
185172
185264
185279
185399
185427
185468
185478
185550
185565
185584
185588
185614
185681
185757
185782
185784
185793
185794
185802
185810
185930
185942
186292
186294
186315
186320
186326
186332
186336
186337
186936
186937
186942
186949
186951
186965
186984
186988
187222
187236
187261
187269
187295
187329
187331
187353
187355
187410
187416
187417
187434
187443
187449
187457
187462
187468
187627
187636
187649
187718
187721
187728
187826
187921
187929
188133
188144
188153
188155
188522
188671
188715
188727
188760
188802
188823
188826
188838
188928
188940
189072
189315
189347
189352
189442
189492
189503
189506
189625
189872
189873
189890
189914
189916
189919
189976
190107
190127
190228
190271
190471
190478
190486
190688
190698
190710
191192
191373
191392
191402
191410
191420
191422
191428
191442
191451
191457
191464
191482
191485
191487
191504
191506
191517
191530
191742
191757
191868
191873
191881
191895
191905
191907
192036
192117
192144
192210
192257
192275
192543
192558
192580
192945
192968
192970
193009
193049
193076
193726
193758
193761
194119
195642
195670
195687
195703
195710
195713
195720
195722
195761
195763
195772
195777
195815
195820
195836
195889
195934
195935
195941
195952
195966
195975
195983
196022
196052
196067
196073
196094
196155
196657
196700
196744
196755
196759
196794
196806
196807
196838
196855
196872
196959
196961
196964
196994
197004
197019
197044
197049
197061
197080
197088
197090
197100
197104
197111
197117
197151
197169
197192
197204
197207
197213
197223
197235
197252
197257
197259
197260
197271
197291
197302
197318
197322
197327
197335
197343
197356
197360
197423
197434
198542
198570
198604
198610
198630
198632
198645
198671
198692
198704
198707
198714
198717
198730
198753
198769
198780
198787
198803
198820
198849
198853
199114
199269
199333
199430
199441
199534
199602
199614
199620
199651
199687
199688
199707
199744
199786
200021
200162
200165
200320
200324
200329
201173
201181
201202
201203
201206
201210
201219
201221
201224
201235
201260
201263
201265
201267
201271
201274
201275
201277
201278
201280
201308
201324
201343
201369
201371
201383
201392
201418
201645
201700
201762
201772
201790
201815
201820
201854
201871
201913
201926
201935
202316
202321
202335
202372
202388
202496
202559
202617
202623
202625
202661
202667
202677
202738
202805
202918
203049
203060
203752
203781
203815
203858
203867
204033
204047
204066
204123
204134
204153
204156
204167
204173
204178
204207
204229
204230
204237
204247
204533
204536
204538
204561
204569
204609
204760
204795
204802
204805
204860
204878
204895
204908
204952
205001
205223
205448
205450
205485
205500
205505
205527
205546
205558
205598
206102
206170
206191
206215
206225
206263
206268
206714
206760
206771
206796
206822
206825
206831
206845
206856
206880
207188
207367
207375
207587
207594
207606
207615
207625
207635
207642
207730
207810
207840
207841
207869
207893
207952
207960
208190
208237
208354
208367
208378
208380
208420
208431
208435
208437
208439
208448
208451
208455
208460
208480
208484
208485
208491
208952
208959
208987
209014
209362
209382
209385
209387
209391
209392
209426
209427
209436
209458
210044
210064
210070
210113
210116
210128
210132
210139
210146
210167
210181
210258
210259
210307
210405
210423
210425
210457
210458
210532
210575
210823
210910
210914
210923
210929
210947
210963
210967
210990
211454
211796
211799
211809
211851
211855
211858
212287
212298
212454
212486
212524
212529
212530
212591
212600
212619
212623
212634
212640
212646
212658
212664
212848
212894
212917
213194
213196
213328
213346
213387
213407
213412
213426
213753
213767
213774
213779
213930
214045
214074
214082
214166
214405
214447
214466
214674
214715
214759
214804
214854
214917
214990
214994
215208
215213
215369
215394
215562
215566
215581
215650
215722
215745
215977
216040
216174
216182
216192
216260
216263
216279
216355
216392
216397
216403
216510
216691
216696
216768
216772
216859
216861
216863
216872
216966
217128
217283
217288
217332
217458
217469
217488
217721
217728
217729
218060
218088
218392
218397
218398
218414
218472
218477
218484
218504
218511
218528
218796
218901
219004
219020
219100
219122
219133
219176
219209
219223
219236
219495
219870
219894
219916
219920
219945
219970
220374
220394
220651
220659
220669
220686
220689
220724
220727
220749
220758
220767
220768
220805
220813
220852
220874
220891
221395
221396
221400
221401
221413
221415
221423
221431
221468
221706
221715
221752
221767
221769
221775
221956
221992
222024
222032
222150
222156
222390
222398
222399
222403
222415
222923
223331
223355
223358
223360
223366
223370
223393
223396
223425
223435
223714
223789
223800
223817
223822
223824
223827
223837
223850
223859
223863
223872
223909
223918
223924
223964
223967
223970
224607
224619
224650
224693
224730
224733
224879
224958
224960
224972
224990
225015
225028
225046
225061
225063
225085
225292
225309
225320
225350
225351
225420
225635
225651
226058
226068
226393
226416
226425
226431
226449
226479
226493
226520
226553
226954
226956
226971
226972
226974
226980
226983
226993
227001
227023
227063
227657
227674
227699
227704
227739
227745
227940
227967
227984
227985
228073
228288
228300
228699
228901
228917
228918
228938
228957
228961
228978
228996
228997
229027
229161
229198
229244
229249
229274
229286
229287
229290
229293
229298
229345
229644
229653
229664
229796
229823
229862
229870
229880
229951
230009
230380
230421
230424
230425
230429
230461
230468
230495
230695
230730
230766
230776
230779
230961
230978
230985
230987
230999
231008
231035
231303
231347
231389
231395
231399
231511
231539
231540
231574
231606
231671
231806
231811
231812
231950
232084
232267
232273
232293
232302
232314
232319
232333
232339
232535
232647
232652
232674
232946
232990
232998
233001
233011
233017
233027
233036
233302
233540
233574
233591
233597
233603
233628
233636
233691
233767
233805
233837
233879
233890
233942
234149
234459
234474
234542
234832
234848
234859
234880
234882
234888
234895
234903
234908
234910
234912
234933
234942
234946
234954
234995
235212
235426
235457
235534
235921
235928
235938
235958
235964
235966
235982
235989
236001
236005
236007
236027
236039
236040
236042
236047
236048
236056
236092
236604
236672
236886
236895
236913
236914
236952
236965
237078
237136
237161
237182
237218
237315
237389
237423
237649
237656
237678
237689
237715
237948
237957
238016
238026
238045
238256
238261
238305
238330
238335
238338
238359
238367
238375
238384
238387
238686
238714
238728
238744
238750
238766
238781
238794
238816
239251
239329
239366
239370
239442
239459
239492
239504
239581
239624
239680
239688
239689
239698
239732
239738
239786
240003
240017
240024
240068
240196
240211
240226
240243
240265
240295
240465
240471
240476
240479
240489
240491
240512
241026
241041
241152
241216
241226
241271
241291
241307
241331
241465
241501
241507
241571
241687
241733
241825
241830
241856
241861
241869
241873
241880
241902
241907
242347
242363
242392
242403
242497
242576
242579
242587
242594
242619
242686
242702
242775
242812
242921
242943
242945
242967
242978
242989
243009
243077
243132
243166
243183
243229
243282
243296
243347
243362
243472
243485
243521
243553
243568
243575
243828
243984
243989
244043
244056
244059
244061
244073
244137
244168
244251
244290
244375
244385
244544
244547
244668
244997
245010
245020
245030
245041
245058
245060
245087
245232
245235
245312
245396
245401
245407
245429
245430
245433
245442
245447
245461
245517
245567
245577
245581
245790
245826
245868
245920
245976
245986
246002
246015
246053
246061
246069
246094
246191
246197
246252
246278
246337
246343
246364
246371
246406
246418
246443
246444
246461
246472
246518
246526
246548
246574
246624
246645
246685
246724
246784
246846
246855
246894
246902
246960
246969
246990
247076
247170
247173
247383
247396
247447
247468
247633
247696
247762
248055
248059
248100
248102
248108
248317
248322
248371
248458
248470
248487
248507
248520
248537
248549
248651
248672
248734
248745
248793
248807
248949
248960
248968
248988
249030
249063
249074
249076
249112
249137
249146
249154
249155
249160
249196
249215
249289
249314
249354
249509
249532
249540
249541
249591
249739
249761
249774
249811
250004
250033
250039
250051
250055
250063
250268
250274
250548
250695
250696
250731
250761
250791
250804
250808
250811
250835
250844
250848
250873
250875
250883
250904
250933
251299
251424
251432
251459
251476
251509
251609
251624
251684
251808
251831
251854
251855
252100
252135
252155
252183
252189
252715
252718
252732
252818
252844
252868
252904
253386
254128
254153
254154
254165
254166
254173
254178
254192
254198
254218
254247
254253
254260
254269
254276
254291
254308
254313
254320
254331
254868
254871
254906
254935
255015
255048
255077
255081
255082
255096
255105
255107
255111
255146
255154
255161
255167
255168
255185
255187
255188
255190
255198
255202
255207
255226
255235
255257
255261
255303
255313
255319
255323
255341
255351
255355
255371
255391
255394
255404
255408
255416
255424
255447
255455
256139
256379
256415
256418
256468
256477
256479
256498
256512
256527
256528
256539
256547
256883
256888
256933
256975
256979
256988
256990
257019
257028
257050
257057
257078
257081
257088
257108
257109
257137
257150
257152
257178
257181
257366
257421
257431
257718
257867
257906
258472
258618
258619
258625
258630
258632
258650
258668
258727
258731
258797
259348
259373
259388
259541
260136
260161
260172
260176
260180
260189
260199
260201
260207
260215
260223
260224
260249
260264
260270
260280
260290
260293
260296
260303
260313
260324
260337
260341
260349
260369
260372
260377
260387
260393
260416
260840
260842
260910
260961
260975
261034
261037
261038
261087
261098
261159
261199
261280
261471
261493
261502
261516
261522
261548
261551
261652
261712
261728
261754
261757
261778
261797
261812
261832
261886
262530
262640
262744
262760
262784
262868
262881
262888
262933
262936
262964
262965
262997
263025
263027
263028
263041
263050
263054
263065
263067
263073
263229
263406
263408
263443
263486
263517
263536
263556
263571
263585
263638
263650
263697
263725
263738
263758
263767
263776
263779
263955
263995
264097
264117
264126
264129
264179
264186
264243
264345
264776
264786
264800
264822
264873
265035
265052
265065
265066
265119
265133
265423
265425
265426
265434
265435
265470
265485
265742
265886
265910
265934
265941
265942
265968
265971
265982
266010
266011
266015
266016
266444
266629
266639
266658
266664
266798
266814
266877
266910
266922
266923
266932
266947
266983
267059
267101
267163
267388
267513
267518
267535
267574
267579
267586
267593
267770
267785
267803
267806
267808
267811
267816
267832
267839
267859
267861
268180
268196
268210
268214
268575
268627
268629
268633
268637
268644
268651
268652
268654
268671
268672
268674
268676
268678
268702
268704
268708
268717
268726
268733
269232
269328
269333
269336
269348
269350
269501
269504
269506
269523
269543
269583
269612
269790
269864
270623
270632
270647
270650
270652
270671
270675
270693
270705
270718
270745
270749
270761
270778
270870
270914
271115
271131
271135
271139
271147
271162
271169
271200
271229
271242
271250
271270
271282
271294
271312
271321
271328
271342
271496
271928
271945
271967
271968
271978
271980
271982
271993
272034
272040
272064
272087
272108
272585
272689
272867
272947
272958
273020
273021
273023
273027
273032
273097
273099
273102
273112
273131
273145
273167
273169
273196
273215
273221
273226
273231
273234
273236
273263
273269
273894
273941
273971
273986
273991
273994
273995
274024
274051
274251
274260
274325
274346
274349
274474
274478
274505
274537
274558
274617
274629
274686
274695
274707
274742
274743
274765
274772
274777
274993
275014
275016
275025
275029
275051
275089
275186
275188
275207
275258
275272
275287
275359
275372
275469
275479
275484
275493
275621
275631
275754
275776
276189
276202
276203
276213
276215
276221
276223
276228
276230
276246
276264
276272
276328
276356
276415
276523
276541
276668
276673
276676
276701
277018
277027
277030
277031
277040
277056
277067
277091
277099
277102
277468
277730
277733
277742
277749
277764
277856
277871
277878
277894
277909
277911
277915
277934
278136
278403
278408
278422
278443
278457
278519
278581
278649
278886
278930
278943
278949
278978
278991
279062
279065
279067
279080
279081
279088
279103
279118
279181
279227
279290
279324
279338
279339
279377
279384
279397
279415
279420
279445
279453
279469
279576
279657
279707
279759
280150
280186
280195
280209
280337
280631
280671
280685
280686
280704
280734
280932
280951
280976
281092
281281
281284
281295
281305
281307
281314
281327
281520
281533
281603
281615
281675
281680
281700
281726
281734
281747
281839
281847
281854
281856
281858
281861
281871
281886
281891
281900
281917
281934
281944
281956
282032
282449
282586
282610
282614
282626
282671
282806
282955
282988
283002
283023
283033
283055
283265
283292
283293
283432
283541
283544
283900
283902
284067
284106
284312
284318
284326
284328
284329
284344
284365
284396
284398
284625
284643
284672
284814
284817
284869
284870
284880
284881
284904
285013
285033
285097
285105
285145
285220
285237
285318
285408
285410
285425
285724
285817
285823
286009
286096
286135
286166
286187
286213
286291
286351
286375
286384
286412
286459
286467
286485
286493
286510
286537
286545
286562
286666
286683
286701
286711
286720
286751
286885
286963
287020
287038
287249
287421
287471
287478
287501
287504
287548
287676
287723
287802
287808
287845
287877
287897
288240
288256
288276
288285
288423
288434
288463
288477
288493
288584
288647
288751
288782
288793
288820
288839
288856
288880
288921
288960
288964
289078
289091
289105
289296
289314
289491
289592
289694
289712
289784
289791
289802
289836
289913
290025
290039
290045
290076
290209
290253
290270
290359
290366
290386
290409
290522
290541
290559
290631
290637
290647
290661
290702
290715
290736
290805
290856
291001
291111
291130
291142
291172
291231
291240
291314
291330
291338
291368
291373
291413
291463
291537
291648
291763
291818
291968
292059
292106
292141
292162
292164
292210
292285
292316
292349
292459
292563
292571
292594
292607
292666
292669
292671
292805
292826
292927
292988
293087
293226
293276
293280
293309
293313
293376
293388
293426
293506
293528
293533
293573
293607
293619
293841
293890
294071
294148
294208
294228
294327
294343
294354
294379
294384
294394
294471
294520
294523
294582
294587
294588
294620
294626
294661
294718
294729
294866
294895
294897
294930
294943
294944
295011
295028
295110
295145
295192
295197
295365
295390
295403
295428
295440
295459
295476
295534
295623
295640
295660
295789
295823
295945
295951
296038
296134
296135
296159
296165
296198
296201
296237
296260
296291
296293
296374
296416
296461
296517
296699
296718
296721
296735
296751
296752
296781
296856
296914
296922
297035
297105
297128
297203
297259
297393
297431
297634
297640
297653
297705
297727
297734
297759
297767
297798
297821
297842
298293
298700
298740
298749
298755
298764
299241
299260
299264
299277
299295
299303
299335
299729
299732
299744
299750
299756
299764
299780
299782
299783
299788
299802
299814
299817
299826
299839
299840
299846
299851
299854
299863
299868
299879
299888
299896
299904
299928
299942
299948
300010
300015
300029
300034
300045
300059
300065
300069
300078
300080
300093
300108
300118
300140
300159
300216
300218
300883
300905
300924
300933
300943
300949
300956
300957
300969
300987
300995
301285
301293
301363
301377
301494
301558
301567
301575
301834
301863
301865
301866
301867
302014
302035
302050
302238
302252
302295
302303
302328
302432
302817
303665
303692
303700
303704
303727
303739
303819
304343
304383
304406
304418
304429
304435
304456
304465
304478
304481
304519
304528
304555
304562
304577
304588
304591
304597
304612
304631
304667
304683
304689
304724
304727
305269
305280
305346
305359
305361
305398
305399
305400
305405
305410
305416
305429
305430
305445
305451
305457
305480
305500
305507
305524
305526
305794
305946
305977
306151
306322
306348
306397
306634
306854
306970
307184
307578
308337
308348
308362
308371
308389
308503
308517
308598
308971
308978
308982
309074
309095
309101
309116
309124
309613
309628
309633
309644
309649
309669
309697
309699
309723
309947
310120
310132
310158
310183
310201
310337
310352
310360
310632
310643
310687
310865
310869
311120
311361
311374
311403
311433
311441
311445
311463
311466
311474
311506
311518
311520
311576
311885
311971
311979
312351
312370
312394
312401
312416
312424
312426
312599
312656
312671
312674
312690
312735
312790
312833
312843
312850
312860
312871
312883
312902
312912
312917
312957
313306
313320
313345
313348
313374
313382
313908
313910
313956
313981
314361
314368
314373
314376
314399
314406
314419
314425
314460
314463
314464
314467
314490
314501
314503
314511
314540
314578
314966
314988
315004
315028
315039
315065
315095
315114
315131
315158
315161
315712
315765
315767
315836
315860
315864
316107
316124
316136
316154
316229
316256
316272
316302
316396
316428
316455
316460
316599
316602
316639
316640
316728
316778
316789
316798
317061
317070
317108
317110
317117
317149
317163
317185
317249
317313
317355
317357
317387
317438
317454
317547
317701
317782
317949
317983
318172
318186
318192
318226
318229
318232
318253
318278
318282
318298
318315
318327
318338
318346
318356
318601
318610
318787
318917
318931
319057
319060
319061
319066
319074
319084
319090
319110
319111
319116
319135
319154
319160
319163
319178
319186
319189
319196
319197
319199
319203
319213
319216
319238
319244
319268
319283
319294
319592
319895
319952
319958
319995
320018
320058
320077
320118
320125
320132
320143
320168
320175
320191
320197
320209
320223
320232
320250
320500
320702
320780
320981
321015
321050
321104
321123
321221
321235
321248
321278
321279
321347
321420
321439
321466
321554
321558
321566
321574
321577
321602
321606
321687
321699
321719
321739
321740
321765
321777
321786
321908
321913
321955
321983
322051
322056
322091
322092
322093
322130
322151
322160
322238
322260
322297
322318
322332
322341
322403
322408
322409
322459
322466
322471
322490
322632
322641
322642
322674
322693
322695
322972
323221
323245
323265
323276
323282
323533
323537
323581
324072
324101
324137
324143
324150
324156
324157
324159
324170
324173
324180
324184
324192
324196
324197
324199
324205
324220
324248
324252
324253
324264
324275
324279
324687
324697
324699
324701
324738
324749
324760
324778
324784
324787
324792
324798
324805
324845
324849
324857
325191
325360
325364
325439
325454
325469
325483
325510
325541
325571
325582
325590
325593
325639
325653
325665
325678
325685
325696
325708
325718
325748
325751
325752
326030
326041
326044
326072
326161
326210
326244
326271
326300
326541
326563
326750
326772
326786
326788
326794
326800
326816
326825
326865
327065
327072
327078
327080
327084
327095
327526
327528
327545
327546
327553
327557
327563
327572
327578
327583
327619
327982
327985
327995
328005
328014
328015
328023
328026
328036
328038
328378
328386
328415
328431
328452
328538
328567
328582
328587
328606
328640
328652
328657
328661
328683
328702
328748
328763
328779
328782
328797
328806
328807
328810
328836
328851
328857
328864
328982
329028
329043
329058
329061
329111
329123
329423
329439
329448
329455
329481
329490
329515
329628
329646
329672
329678
329684
329694
329717
329863
329871
329876
330170
330188
330206
330221
330437
330486
330496
330504
330737
330762
330779
330794
330975
330995
331009
331012
331022
331031
331076
331077
331083
331089
331096
331101
331106
331157
331183
331189
331209
331210
331220
331234
331259
331298
331325
331329
331352
331363
331369
331371
331444
331449
331489
331641
331655
331658
331710
331818
331819
331839
331849
331851
331852
331977
332175
332202
332204
332247
332405
332587
332598
332601
332616
332633
332652
332654
332659
332668
332676
332752
332808
332815
332941
332962
332997
333013
333166
333210
333216
333374
333399
333573
333689
333708
333747
333814
333877
333896
333924
333949
334154
334164
334493
334495
334556
334582
334619
334650
334923
334948
334953
334991
335194
335204
335851
335859
335861
335906
335920
335935
335944
336013
336015
336030
336035
336452
336457
336463
336482
336533
336537
336546
336552
336717
336745
336913
336924
336930
336976
337422
337496
337502
337511
337673
337685
337789
337808
338319
338331
338382
338423
338925
338933
338954
338972
338977
339007
339023
339031
339469
339488
339499
339522
339524
339537
339538
339541
339544
339552
339566
340596
340599
340636
340662
340663
340678
340744
340746
340753
341203
341211
341214
341217
341333
341347
341364
341373
341375
341421
341442
341452
341454
341467
341474
341478
341479
341502
341528
341556
341559
341561
341566
341567
341573
341585
341586
341605
341630
341635
341642
341649
341658
341694
341708
341721
341734
341752
341762
341764
341774
341780
341789
341818
342792
342864
342879
342887
342916
342921
342924
342927
342938
342955
342966
342981
342999
343011
343020
343030
343054
343057
343072
343073
343086
343107
343133
343143
343303
343318
343337
343362
343371
343416
343480
343507
343594
343604
343605
343655
343834
343899
343956
344273
344289
344303
344308
344317
344339
344376
344575
344591
344593
344599
344831
344852
344854
344858
345060
345079
345091
345522
345534
345548
345594
345621
345672
345692
345708
345900
345976
346057
346071
346077
346094
346101
346146
346157
346163
346169
346171
346184
346186
346200
346207
346224
346684
346688
346706
346758
346760
346809
346825
346826
346840
346864
347003
347066
347115
347127
347217
347316
347674
347703
347836
347917
347935
348161
348434
348630
348719
348813
348814
348835
348840
348883
348905
348907
348917
348933
348937
348962
348965
348976
349005
349028
349130
349336
349374
349375
349457
349479
349854
349867
349877
349885
349891
349894
349901
350121
350128
350160
350188
350211
350268
350285
350296
350326
350332
350701
350726
350768
350958
351213
351442
351484
351501
351589
351879
351896
351900
351920
351937
351940
351960
351962
351971
351973
351978
351991
352020
352029
352047
352053
352067
352327
352369
352382
352453
352472
352525
352569
352584
352599
352601
352617
353103
353107
353156
353534
353551
353581
353594
353599
353603
353604
353645
353668
353671
353751
353826
353830
353892
353932
353933
354107
354111
354115
354136
354148
354695
354708
354720
354734
354736
354757
354758
354768
354775
355129
355151
355154
355165
355175
355198
355204
355511
355537
355550
355568
355570
355577
355589
355605
355609
355613
355640
355655
355661
355668
355677
355696
355697
355718
355738
356183
356185
356367
356416
356604
356649
356682
356716
356739
356772
356782
356860
356887
356922
356940
356963
357140
357151
357167
357195
357514
357546
357742
357750
357758
357766
357768
357772
357775
357779
357795
357799
357812
357827
357848
357857
357875
357886
357887
357896
357902
357911
357928
358334
358370
358408
358413
358415
358419
358556
358723
358763
358765
358791
358794
358799
358807
358815
358829
358831
358832
358833
358842
358851
358871
358884
358886
358891
358903
358907
358909
358916
358920
358921
358941
359500
359583
359753
359805
359832
359845
359860
359880
359913
359931
359942
359981
359994
360040
360054
360096
360400
360650
360875
360878
360886
360901
360903
360915
360924
360935
360937
360950
360951
360953
360970
360974
360979
360989
360990
361015
361033
361043
361049
361066
361432
361441
361451
361489
361497
361507
361845
361879
361891
361908
361910
361930
361936
361978
362264
362271
362309
362387
362449
362481
362538
362544
362546
362553
362564
362576
362582
362586
362825
362830
362842
362906
362922
362934
362958
362970
363047
363114
363377
363666
363676
363683
363687
363696
363715
363867
363957
364012
364016
364031
364057
364068
364090
364106
364109
364134
364474
364479
364498
364508
364534
365005
365022
365041
365046
365261
365288
365300
365303
365314
365330
365333
365339
365356
365359
365372
365389
365467
365530
365603
365619
365626
365651
365659
365672
365676
365691
365716
365735
365739
365743
365778
365781
365849
365953
365954
365958
365966
365987
365988
365996
366000
366017
366024
366036
366054
366086
366110
366129
366130
366135
366153
366167
366170
366188
366198
366210
366225
366230
366250
366308
366619
366627
366660
366797
366997
367023
367025
367217
367237
367253
367389
367395
367402
367407
367408
367410
367419
367422
367562
367602
367627
367642
367646
367656
367806
367815
367817
367871
367875
367975
368036
368037
368056
368062
368117
368136
368288
368300
368333
368378
368380
368495
368503
368521
368638
369002
369095
369121
369123
369124
369125
369128
369146
369165
369172
369394
369411
369422
369428
369460
369584
369595
369618
369619
369640
369645
369661
369733
369786
369795
369840
369865
369871
369876
369932
369946
370015
370224
370244
370278
370279
370281
370290
370337
370433
370520
370549
370626
370854
370859
370875
370880
371240
371277
371280
371284
371304
371316
371325
371330
371343
371345
372038
372083
372086
372091
372116
372129
372145
372150
372171
372177
372190
372201
372206
372212
372237
372255
372276
372281
372585
372723
372735
372763
372773
372781
372878
372938
372944
372961
373036
373054
373066
373078
373080
373104
373258
373286
373291
373672
373690
373705
373712
373719
373738
373779
373802
373932
373941
373972
373977
373979
373981
374204
374216
374623
374625
374643
374644
374650
374664
375074
375321
375322
375359
375368
375370
375374
375387
375392
375395
375401
375433
375483
375488
375510
375518
375548
375553
375558
375564
375577
375579
375589
375590
375593
375598
375623
375624
376011
376038
376051
376055
376233
376255
376274
376296
376311
376336
376348
376350
376456
376522
376639
376647
376650
376656
376675
376688
376776
377003
377010
377025
377033
377040
377049
377193
377248
377483
377491
377495
377509
377565
377849
377934
377936
377954
377962
378400
378403
378435
378437
378453
378457
378472
378820
378826
378876
378886
378905
378910
378916
378918
378926
378936
378941
378954
378974
378975
378981
378983
378993
379005
379022
379056
379405
379431
379433
379452
379464
379546
379733
379745
379747
379755
379764
379777
379778
379793
379797
379799
379826
379830
379952
379960
379961
379963
380114
380375
380481
380667
380669
380674
380935
381193
381223
381230
381232
381238
381239
381242
381275
381284
381299
381325
381330
381599
381630
381631
381634
381888
381935
381941
381957
381962
381969
381970
381991
381992
382227
382294
382414
382540
382709
383630
383643
383653
383664
383674
383680
383691
383692
383693
383713
383742
383747
383749
383758
383784
383785
383787
383789
384136
384139
384140
384166
384170
384172
384176
384189
384192
384197
384199
384211
384212
384215
384226
384241
384243
384253
384255
384257
384464
384533
384534
384745
384757
384877
384918
384926
384931
384984
385023
385063
385088
385093
385099
385110
385112
385126
385257
385512
385890
385892
385950
386129
386177
386195
386201
386216
386219
386221
386510
386517
386541
386545
386546
386547
386550
386564
386565
386570
386605
386775
386828
386848
386909
386965
387045
387082
387123
387164
387188
387189
387201
387254
387285
387294
387296
387361
387418
387451
387457
387473
387586
387732
387807
387819
387822
387833
387991
388261
388283
388295
388301
388304
388320
388321
388334
388335
388336
388350
388374
388410
388558
388663
388670
388703
388704
388728
388766
388773
388793
388812
388826
388828
388844
389121
389133
389157
389187
389208
389228
389265
389282
389295
389457
389537
389539
389734
389736
389785
389793
389813
389821
389875
389976
390007
390041
390101
390276
390279
390304
390315
390319
390320
390327
390356
390390
390473
390495
390972
391092
391096
391260
391272
391273
391297
391306
391311
391337
391340
391346
391348
391369
391380
391381
391392
391629
391649
391664
391673
391676
391684
391690
391702
391727
391979
392100
392103
392125
392129
392159
392160
392403
392615
392624
392627
392629
392654
392691
392851
392921
392948
393002
393062
393093
393102
393117
393141
393162
393175
393178
393180
393190
393213
393226
393259
393287
393315
393354
393355
393560
393564
393828
393829
393833
393838
393850
393863
393904
393965
393967
393973
393974
394039
394179
394248
394255
394315
394322
394325
394333
394334
394391
394658
394671
394673
394677
394678
394680
394682
394683
394698
394710
394722
394730
394744
394745
394779
394791
395073
395104
395230
395244
395265
395415
395454
395470
395473
395504
395524
395537
395572
395578
395603
395617
395637
395650
395673
395680
395682
395690
395892
395900
395937
395950
395975
396019
396039
396086
396099
396139
396163
396196
396218
396235
396268
396326
396340
396344
396354
396358
396394
396542
396897
396961
396973
396978
396986
396989
396992
397000
397015
397017
397042
397046
397047
397062
397084
397092
397095
397121
397142
397196
397322
397399
397403
397418
397422
397435
397440
397690
397709
397712
397719
397725
397730
397731
397746
397748
398083
398096
398208
398249
398252
398262
398268
398273
398277
398285
398426
398445
398446
398493
398508
398512
398596
398622
398810
398885
398886
398896
398951
398959
398963
399010
399011
399144
399185
399248
399806
399811
399823
399834
399848
399853
399885
399890
399899
399965
399988
400089
400190
400395
400470
400472
400475
400482
400487
400495
400496
400705
400709
400853
400864
400884
400900
400902
400948
400956
400972
401159
401170
401172
401221
401230
401265
401277
401282
401479
401481
401624
401645
401659
401683
401698
401741
401742
401754
401757
401870
402161
402177
402193
402337
402352
402367
402370
402400
402417
402422
402427
402430
402431
402452
402468
402790
402791
402818
402825
402828
403190
403381
403420
403422
403428
403433
403436
403458
403474
403506
403631
403718
403722
403724
403734
403753
403904
403935
403986
404003
404008
404014
404021
404053
404054
404067
404071
404091
404092
404099
404435
404464
404505
404526
404550
404571
404587
404591
404649
404674
404713
404725
404745
404753
404801
404853
404959
404980
405014
405016
405133
405438
405470
405744
405746
405758
405778
405845
405912
406256
406268
406288
406292
406298
406318
406808
406978
406980
406992
407024
407029
407031
407035
407068
407087
407089
407091
407110
407114
407138
407140
407166
407169
407198
407210
407223
407224
407236
407257
407501
407502
407547
407573
407581
407596
407597
407604
407610
407620
407816
407825
407829
407867
407868
407873
407906
407942
407968
407986
408003
408015
408032
408039
408044
408059
408086
408238
408361
408372
408373
408494
408497
408502
408622
408707
408724
408727
408766
408769
408780
408788
409043
409057
409061
409081
409085
409112
409131
409325
409370
409661
409671
409672
409701
409708
409712
409727
409744
409774
409782
409813
410086
410125
410132
410137
410845
410860
410862
410888
410900
410905
410915
410919
410920
410924
410969
410998
410999
411009
411015
411016
411024
411062
411069
411081
411082
411097
411104
411129
411476
411478
411506
411511
411517
411520
411563
411894
411902
411919
411929
411934
411951
411952
411968
411972
411975
411994
412285
412381
412479
412503
412565
412648
412684
412743
412803
412833
412840
412912
412919
413245
413261
413291
413301
413306
413318
413431
413724
413733
413752
413759
413766
413786
413791
413803
414009
414015
414019
414025
414293
414515
414537
414577
414579
414587
414613
414630
414640
414648
414649
414656
414661
414677
414679
414695
414699
414700
414724
414929
414941
414951
414968
414982
414987
414996
415003
415015
415190
415204
415232
415254
415258
415386
415430
415452
415497
415536
415591
415603
415611
415716
416080
416082
416086
416093
416106
416112
416114
416168
416291
416337
416350
416360
416363
416364
416365
416375
416376
416421
416455
416459
416477
416506
416642
416692
416722
416731
416738
416784
416817
417330
417353
417358
417360
417364
417375
417391
417412
417425
417427
417782
417848
417854
417855
418440
418451
418475
418476
418477
418492
418500
418508
418540
418567
418589
418603
418606
418629
418663
418684
418703
418713
418715
418728
418772
418786
418787
418796
418798
418812
418834
418885
418886
418897
419218
419240
419268
419269
419270
419281
419324
419326
419337
419340
419351
419379
419390
419457
419477
419482
419483
419485
419492
419500
419547
419941
419967
420019
420034
420071
420075
420082
420121
420136
420146
420168
420172
420224
420247
420272
420364
420558
420601
420604
420660
420674
420676
420689
420694
420702
420709
420721
420733
420922
420931
420938
420940
420951
421023
421058
421067
421104
421137
421144
421153
421178
421191
421215
421228
421234
421281
421331
421337
421355
421373
421378
421406
421433
421449
421470
421572
421611
421644
421652
421673
421785
421801
421811
421889
421890
421915
422050
422158
422159
422203
422271
422303
422330
422351
422510
422523
422567
422588
422914
422937
422944
423048
423080
423161
423291
423292
423318
423331
423335
423404
423800
423808
423811
423843
424193
424212
424224
424243
424288
424304
424663
424708
424739
424768
424778
424785
424795
424816
424857
424865
424869
424873
424875
424900
424908
424909
424914
424920
424925
424980
424986
424995
425001
425341
425372
425378
425420
425421
425425
425448
425456
425532
425919
426020
426027
426230
426243
426302
426335
426562
426683
426730
426732
426755
426830
426840
426849
426902
426908
426929
426934
426949
427013
427136
427207
427274
427335
427345
427450
427665
427683
427810
427814
427816
428361
428364
428369
428381
428394
428396
428406
428418
428420
428435
428436
428440
428463
428475
428850
428861
428862
428909
428927
428937
428948
428966
429017
429022
429052
429243
429244
429304
429311
429320
429324
429328
429348
429828
429868
429870
429887
429890
429896
429906
429918
429935
429944
429956
429963
430137
430231
430254
430273
430298
430323
430337
430344
430370
430391
430415
430496
430505
430597
430811
430822
430825
431161
431170
431282
431467
431517
431525
431534
431542
431555
431569
431588
431589
431609
431620
431621
432065
432071
432076
432086
432103
432112
432116
432117
432140
432149
432150
432152
432172
432173
432180
432183
432195
432430
432472
432486
432500
432516
432531
432539
432547
432556
432558
433020
433036
433049
433056
433077
433099
433101
433112
433121
433145
433166
433172
433195
433225
433266
433456
433508
433547
433568
433581
433595
433603
433613
433654
433729
433802
433843
433852
433861
433919
434071
434413
434439
434482
434798
434803
434814
434829
434830
434853
434855
434859
434868
434883
434892
434902
434987
435196
435242
435265
435266
435307
435315
435319
435327
435334
435336
435356
435361
435873
435883
435923
435926
435931
435933
435950
435959
435962
435963
435975
435985
435987
435990
436251
436303
436375
436378
436606
436674
436689
436716
436740
436816
436866
436936
436951
436974
436981
437008
437072
437096
437124
437184
437192
437216
437253
437265
437272
437279
437430
437439
437450
437476
437630
437666
437680
437682
437685
437726
437735
437744
437747
437751
437804
438033
438036
438149
438150
438154
438177
438349
438367
438368
438378
438414
438440
438443
438455
438640
438645
438663
438849
438855
438860
439004
439126
439132
439176
439336
439370
439397
439414
439498
439499
439566
439611
439640
439686
439799
1995 UQ52
1996 AC10
1996 VM16
1996 XB36
1997 JS3
1997 SG15
1998 SR32
1998 SB41
2001 SV333
2001 SW355
2001 TO89
2001 UB227
2001 WO33
2002 AX97
2002 NG71
2002 NY75
2002 NY78
2002 OQ29
2002 OJ35
2002 PJ5
2002 PB162
2002 PJ166
2002 QS72
2002 QY77
2002 QW122
2002 QU139
2002 QR145
2002 QE151
2002 RO6
2002 RQ77
2002 RR191
2002 RU224
2002 RY234
2002 RP238
2002 RC247
2002 RG252
2002 RK278
2002 RG284
2002 RG293
2002 SB67
2002 TB82
2002 TE104
2002 TX129
2002 TO308
2002 TK313
2002 TJ319
2002 TJ343
2002 XN121
2003 BR46
2003 BX73
2003 FK132
2003 FF133
2003 KW33
2003 ST366
2003 SO400
2003 SE405
2003 SN405
2003 SZ418
2003 SG433
2003 SR433
2003 SZ322
2003 SZ330
2003 SZ334
2003 UC406
2003 UQ303
2003 WB3
2003 WV130
2003 XP34
2004 CC9
2004 CD29
2004 ER29
2004 FZ6
2004 GO88
2004 JC21
2004 RA231
2004 TY95
2004 TK104
2004 TK151
2004 XJ91
2005 EY8
2005 EO90
2005 EY296
2005 EX310
2005 GL131
2005 GT169
2005 JP13
2005 JY26
2005 JK56
2005 JZ80
2005 NO73
2005 NC117
2005 QN64
2005 QW129
2005 RB43
2005 RF48
2005 SN28
2005 SP45
2005 SN47
2005 SA67
2005 SK69
2005 SX84
2005 SN87
2005 SE88
2005 SQ177
2005 SD188
2005 SO189
2005 SH237
2005 SQ271
2005 SN287
2005 SR287
2005 TX96
2005 TW111
2005 TZ124
2005 TW130
2005 TW131
2005 TM141
2005 TX186
2005 TO187
2005 UM31
2005 UD35
2005 UZ83
2005 UW84
2005 UQ87
2005 UA89
2005 UP118
2005 US191
2005 UT103
2005 UX113
2005 UR117
2005 UF118
2005 UP118
2005 UQ384
2005 UP126
2005 UM135
2005 UU149
2005 UX429
2005 UJ431
2005 UA179
2005 UL446
2005 UA449
2005 US191
2005 UW453
2005 UF210
2005 UA473
2005 UQ239
2005 UJ511
2005 UZ520
2005 UP261
2005 UQ523
2005 UH529
2005 UT529
2005 UD296
2005 UT297
2005 US338
2005 UL346
2005 VJ20
2005 VN30
2005 VC32
2005 VZ32
2005 VR68
2005 VU70
2005 VJ101
2005 VK111
2005 VP126
2005 VH135
2005 WE18
2005 WH22
2005 WN40
2005 WB44
2005 WE47
2005 WQ66
2005 WP107
2005 WW134
2005 WS146
2005 WE174
2005 XT15
2005 XP26
2005 XG50
2005 XD77
2005 XJ82
2005 YJ2
2005 YF5
2005 YQ6
2005 YG10
2005 YW21
2005 YN44
2005 YK68
2005 YA96
2005 YA122
2005 YN137
2005 YP168
2005 YD199
2005 YM235
2005 YH241
2005 YX268
2005 YS275
2005 YF277
2006 AM14
2006 AV22
2006 AG44
2006 AB67
2006 AE104
2006 BA6
2006 BC21
2006 BF21
2006 BW44
2006 BD107
2006 BV109
2006 BF111
2006 BH112
2006 BZ130
2006 BE173
2006 BQ179
2006 BJ211
2006 BD221
2006 BB249
2006 BT256
2006 BC284
2006 CU23
2006 DL17
2006 DB49
2006 DY87
2006 DH96
2006 DA107
2006 DH188
2006 ET67
2006 GD51
2006 HU33
2006 HE36
2006 HV72
2006 HP73
2006 JG31
2006 JB43
2006 KM29
2006 KG73
2006 MX11
2006 OQ23
2006 PR6
2006 PK17
2006 QD144
2006 RR12
2006 RQ43
2006 RH46
2006 RG55
2006 RQ80
2006 RE84
2006 RN104
2006 SP59
2006 SU89
2006 SS90
2006 SG95
2006 SU99
2006 SO100
2006 SP373
2006 SQ374
2006 SA378
2006 SC378
2006 SO378
2006 SC382
2006 SX387
2006 SM389
2006 SG398
2006 SN410
2006 SB411
2006 SZ169
2006 SG181
2006 SB234
2006 SR246
2006 SA248
2006 SK301
2006 SR348
2006 TE29
2006 TC32
2006 TZ112
2006 TQ114
2006 TX119
2006 TC120
2006 TW122
2006 TL129
2006 TV129
2006 UY39
2006 UG46
2006 UP62
2006 UO71
2006 UH77
2006 UU112
2006 UL133
2006 UM139
2006 UE152
2006 UG197
2006 UE237
2006 UQ250
2006 UD285
2006 UG299
2006 UA316
2006 UG317
2006 UH318
2006 UH323
2006 VW8
2006 VJ68
2006 VQ105
2006 VK125
2006 VU133
2006 WT32
2006 WP72
2006 WP180
2006 XU37
2006 XG68
2006 XU71
2006 YW10
2006 YH27
2006 YJ52
2006 YF53
2007 AZ30
2007 BN32
2007 BX39
2007 BE57
2007 BL100
2007 CZ8
2007 CC40
2007 DH59
2007 DS59
2007 DR69
2007 EV8
2007 EP9
2007 EN64
2007 EA66
2007 EP154
2007 FH46
2007 GV38
2007 GW44
2007 GT62
2007 HN20
2007 HW41
2007 HV44
2007 HD60
2007 HM78
2007 HS95
2007 JQ20
2007 JO35
2007 JF38
2007 PM39
2007 RH
2007 RF25
2007 RD113
2007 RH117
2007 RN117
2007 RQ191
2007 RY209
2007 RF271
2007 RG295
2007 RR299
2007 RA317
2007 SH8
2007 SC17
2007 TU20
2007 TB57
2007 TK60
2007 TM362
2007 TY113
2007 TP119
2007 TJ382
2007 TD385
2007 TV391
2007 TW398
2007 TD142
2007 TY428
2007 TV439
2007 TW439
2007 TC197
2007 TS252
2007 TP279
2007 TM318
2007 TP318
2007 TP328
2007 TJ334
2007 UP57
2007 UZ68
2007 UR102
2007 UY119
2007 UF121
2007 UT134
2007 UG135
2007 VU13
2007 VO27
2007 VV41
2007 VN42
2007 VQ50
2007 VW106
2007 VP114
2007 VD123
2007 VQ155
2007 VO162
2007 VN212
2007 VX228
2007 VW230
2007 VZ235
2007 VU238
2007 VO254
2007 VC277
2007 VO281
2007 VO287
2007 VD315
2007 VL316
2007 VW318
2007 VF330
2007 VV332
2007 VF333
2007 VU333
2007 WF23
2007 WE25
2007 WB47
2007 XX51
2007 YY32
2007 YQ36
2007 YZ62
2007 YC63
2007 YO68
2007 YG70
2008 AT24
2008 AF35
2008 AB66
2008 AN67
2008 AA69
2008 AG75
2008 AT103
2008 AC127
2008 AH128
2008 AK128
2008 AP128
2008 AR136
2008 BK30
2008 BL37
2008 BP49
2008 BE50
2008 BV50
2008 BT53
2008 CZ27
2008 CY33
2008 CH34
2008 CS35
2008 CF46
2008 CK87
2008 CF88
2008 CZ89
2008 CX99
2008 CM130
2008 CZ133
2008 CT138
2008 CQ171
2008 CT196
2008 CR202
2008 CL206
2008 CG207
2008 DB8
2008 DG14
2008 DU20
2008 DD28
2008 DY30
2008 DY43
2008 DP44
2008 DF52
2008 DK86
2008 EO50
2008 FH8
2008 FG9
2008 FA21
2008 FA24
2008 FR25
2008 FV35
2008 FN36
2008 FR38
2008 FW100
2008 FQ120
2008 FT121
2008 FR127
2008 FM133
2008 GQ39
2008 GB51
2008 GV61
2008 GV72
2008 GT73
2008 GG101
2008 GJ104
2008 GS114
2008 HQ
2008 HX19
2008 HN23
2008 HG24
2008 HN29
2008 HS43
2008 HU57
2008 HJ60
2008 HP69
2008 JE13
2008 JM40
2008 KD24
2008 KQ33
2008 RV22
2008 RU39
2008 RG54
2008 RU54
2008 RE97
2008 RK106
2008 RV142
2008 RE146
2008 SZ22
2008 SB99
2008 SS104
2008 SK107
2008 SC112
2008 SP118
2008 SU118
2008 SH131
2008 SE174
2008 SD188
2008 SE203
2008 SR231
2008 SZ274
2008 SJ275
2008 SK276
2008 SD279
2008 SK281
2008 SG289
2008 SV290
2008 TR4
2008 TG14
2008 TX30
2008 TR41
2008 TZ47
2008 TW63
2008 TW69
2008 TZ73
2008 TM77
2008 TT101
2008 TF124
2008 TN148
2008 TA155
2008 TO175
2008 TV180
2008 TU184
2008 UX11
2008 UH29
2008 UW35
2008 UQ45
2008 UF53
2008 UH62
2008 UK67
2008 UQ72
2008 UN78
2008 US106
2008 US366
2008 UV107
2008 UC369
2008 UO121
2008 UQ163
2008 UR166
2008 UW172
2008 UW173
2008 UQ174
2008 UK178
2008 UC181
2008 UM196
2008 UF207
2008 UW248
2008 UL252
2008 UB265
2008 UQ267
2008 UA279
2008 UA295
2008 UC298
2008 UD301
2008 UH305
2008 UO311
2008 UD319
2008 UR324
2008 UE349
2008 UY349
2008 UA350
2008 VW21
2008 VU69
2008 VF74
2008 WE4
2008 WP7
2008 WT29
2008 WT55
2008 WZ91
2008 WO115
2008 WQ127
2008 WK128
2008 XU11
2008 XE24
2008 YH22
2008 YT26
2008 YV47
2008 YF48
2008 YX52
2008 YC77
2008 YV84
2008 YZ98
2008 YD102
2008 YP108
2008 YD110
2008 YG130
2008 YK142
2008 YG148
2008 YU162
2009 AS12
2009 AQ33
2009 AT50
2009 BT19
2009 BL37
2009 BR38
2009 BW38
2009 BP101
2009 BH115
2009 BL133
2009 BF135
2009 BX165
2009 BK166
2009 BC177
2009 BQ179
2009 BT183
2009 CG8
2009 CU21
2009 CV38
2009 DF54
2009 DD65
2009 DO131
2009 DA135
2009 DS139
2009 ES13
2009 FN
2009 FP17
2009 FA41
2009 FZ41
2009 HU3
2009 HA7
2009 HA22
2009 HQ26
2009 HV39
2009 HW39
2009 HE91
2009 JH8
2009 KS6
2009 KG16
2009 KP23
2009 OC17
2009 OR18
2009 QP54
2009 QA57
2009 QQ58
2009 QA65
2009 RL49
2009 RX51
2009 RN53
2009 SG30
2009 SK36
2009 SH51
2009 SD60
2009 SZ120
2009 SS162
2009 ST190
2009 SQ191
2009 SM197
2009 SL212
2009 SX270
2009 SC303
2009 SK303
2009 SW318
2009 SO320
2009 ST340
2009 SR342
2009 SQ345
2009 TJ7
2009 TX46
2009 UV1
2009 UA6
2009 UN15
2009 UK17
2009 UU28
2009 UW45
2009 UR74
2009 UH75
2009 UM77
2009 UB91
2009 UB106
2009 VO20
2009 VK25
2009 VJ31
2009 VT38
2009 VF46
2009 VP49
2009 VD55
2009 VW82
2009 VX95
2009 WF8
2009 WR11
2009 WG13
2009 WU26
2009 WO32
2009 WF36
2009 WX74
2009 WL82
2009 WZ116
2009 WL130
2009 WN140
2009 WU143
2009 WY205
2009 WQ206
2009 WQ219
2009 WY226
2009 XX6
2009 YE15
2009 YX15
2010 AM
2010 AS9
2010 AY9
2010 AB32
2010 AF33
2010 AJ100
2010 AH115
2010 BR6
2010 BN72
2010 BY74
2010 CF42
2010 CV95
2010 CG103
2010 CT163
2010 CT173
2010 CX180
2010 CN181
2010 CP206
2010 DD10
2010 EK7
2010 EC9
2010 ER25
2010 EP66
2010 ET84
2010 EE91
2010 EY96
2010 EQ98
2010 EA101
2010 ET121
2010 EP124
2010 GO42
2010 GQ110
2010 GG112
2010 GG130
2010 GC154
2010 HC44
2010 HY49
2010 HQ54
2010 HM106
2010 HK107
2010 JE63
2010 JP102
2010 JW157
2010 KO5
2010 KB89
2010 KB95
2010 LT28
2010 LB97
2010 MT20
2010 MB24
2010 MD66
2010 MQ76
2010 MY84
2010 ME100
2010 NY9
2010 NQ42
2010 NH60
2010 NM71
2010 NE118
2010 OK10
2010 OZ15
2010 OJ20
2010 OP37
2010 OF112
2010 OK113
2010 QA7
2010 RO8
2010 RZ25
2010 RQ70
2010 RY85
2010 RJ100
2010 RD101
2010 RN110
2010 RV173
2010 RM176
2010 RB184
2010 SU2
2010 SD8
2010 SG11
2010 SE13
2010 SO15
2010 SZ33
2010 SU41
2010 TD10
2010 TX37
2010 TJ42
2010 TU44
2010 TV73
2010 TS99
2010 TU99
2010 TM105
2010 TO113
2010 TT138
2010 TT143
2010 TM156
2010 TN165
2010 TO165
2010 TE166
2010 TT166
2010 TA169
2010 TL176
2010 TH177
2010 TJ178
2010 TQ187
2010 TJ188
2010 UP5
2010 UB16
2010 UT36
2010 UB42
2010 UW53
2010 UY63
2010 US65
2010 UW65
2010 UF71
2010 UH72
2010 UL73
2010 UU89
2010 VH16
2010 VR28
2010 VO51
2010 VX61
2010 VL64
2010 VG65
2010 VW82
2010 VH85
2010 VK88
2010 VA103
2010 VY120
2010 VA132
2010 VS147
2010 VQ161
2010 VV162
2010 VD193
2010 VR196
2010 VD203
2010 VL205
2010 VH210
2010 VM215
2010 WC4
2010 WK9
2010 WZ11
2010 WH15
2010 WR53
2010 WX66
2010 WR74
2010 XJ7
2010 XU35
2010 XQ44
2010 XJ64
2010 XT67
2011 AQ
2011 AW8
2011 AJ26
2011 AS36
2011 AM47
2011 AK65
2011 AH66
2011 AV67
2011 BS
2011 BK22
2011 BM23
2011 BV29
2011 BZ38
2011 BS67
2011 BE75
2011 BN104
2011 BF107
2011 BX109
2011 BW111
2011 BQ121
2011 BZ145
2011 BN153
2011 CU10
2011 CL20
2011 CF25
2011 CJ68
2011 CG81
2011 CC90
2011 CQ95
2011 CW117
2011 DN30
2011 DX36
2011 EK3
2011 EE22
2011 EC35
2011 EE39
2011 EF39
2011 EM43
2011 ET61
2011 EH79
2011 EY83
2011 EZ85
2011 FK
2011 FA2
2011 FD16
2011 FZ25
2011 FJ34
2011 FR43
2011 FY48
2011 FH69
2011 FX76
2011 FF83
2011 FR97
2011 FO102
2011 FN134
2011 FZ134
2011 FL137
2011 FZ156
2011 GU33
2011 GM53
2011 GT53
2011 GS57
2011 GP62
2011 GY79
2011 GV82
2011 HW2
2011 HW12
2011 HK14
2011 HO17
2011 HS21
2011 HU34
2011 HD38
2011 HZ39
2011 HT44
2011 HF45
2011 HJ45
2011 HQ55
2011 HZ58
2011 HQ86
2011 HV87
2011 HJ94
2011 HA103
2011 JQ14
2011 JJ21
2011 JT31
2011 KB16
2011 KX21
2011 KO25
2011 KC46
2011 LF10
2011 LG14
2011 MH9
2011 PX10
2011 PJ11
2011 PQ15
2011 QV7
2011 QU34
2011 QY67
2011 RC18
2011 ST10
2011 SF14
2011 SG29
2011 SK36
2011 SV52
2011 SH74
2011 SN89
2011 SW99
2011 SH142
2011 SH147
2011 SE159
2011 SP222
2011 SA254
2011 SY258
2011 SB261
2011 SC264
2011 SU268
2011 TV15
2011 TO16
2011 UO
2011 UQ8
2011 UA43
2011 UJ45
2011 UD48
2011 UO51
2011 UX52
2011 UF54
2011 UZ61
2011 UR66
2011 UC73
2011 UH79
2011 UT82
2011 UF88
2011 UG98
2011 UE113
2011 UE151
2011 UQ253
2011 UH347
2011 UY103
2011 UF105
2011 US105
2011 UG107
2011 UU107
2011 UZ154
2011 UA110
2011 UV112
2011 UE113
2011 UH120
2011 UG391
2011 UN133
2011 UP400
2011 UT401
2011 UE151
2011 UZ154
2011 UV156
2011 UK172
2011 UL185
2011 UQ186
2011 UJ208
2011 UB244
2011 UQ253
2011 UV283
2011 UP329
2011 UD330
2011 UU338
2011 UK343
2011 UK344
2011 UH347
2011 UB356
2011 VV15
2011 WE9
2011 WS10
2011 WF55
2011 WQ55
2011 WA67
2011 WS72
2011 WC80
2011 WZ84
2011 WN88
2011 WS97
2011 WR103
2011 WX121
2011 WU131
2011 WT136
2011 WM150
2011 YC7
2011 YL14
2011 YA16
2011 YE19
2011 YL25
2011 YL29
2011 YA60
2011 YX69
2011 YR77
2012 AZ4
2012 AH7
2012 AT7
2012 BO15
2012 BR41
2012 BN46
2012 BC65
2012 BO70
2012 BE71
2012 BP73
2012 BY73
2012 BU90
2012 BD94
2012 BO94
2012 BS101
2012 BM109
2012 BN111
2012 BD119
2012 BV121
2012 BG126
2012 BR141
2012 BV148
2012 BP151
2012 CY2
2012 CB15
2012 CZ16
2012 CU18
2012 CQ26
2012 CV30
2012 CM32
2012 CX42
2012 CL52
2012 CJ53
2012 DJ3
2012 DT10
2012 DF21
2012 DB24
2012 DA31
2012 DL33
2012 DA42
2012 DG45
2012 DA48
2012 DJ51
2012 DQ57
2012 DM60
2012 DB65
2012 DH66
2012 DR66
2012 DO69
2012 DY75
2012 DY97
2012 EQ6
2012 ED8
2012 FV1
2012 FH11
2012 FC25
2012 FG25
2012 FH26
2012 FL30
2012 FH35
2012 FW40
2012 FX41
2012 GH8
2012 GJ27
2012 GD29
2012 GK30
2012 GD31
2012 HB9
2012 HD13
2012 HE13
2012 HH14
2012 HF17
2012 HG32
2012 HF33
2012 HK43
2012 HW48
2012 HV63
2012 HW64
2012 HJ66
2012 JY3
2012 JU15
2012 JO18
2012 JR49
2012 JC53
2012 KV9
2012 KC23
2012 KX25
2012 KO31
2012 KA50
2012 LY13
2012 PW8
2012 PC21
2012 PC43
2012 QU27
2012 QR34
2012 QY46
2012 QW47
2012 QG52
2012 RH39
2012 RE43
2012 SE15
2012 SP18
2012 SZ50
2012 SH54
2012 TB8
2012 TV40
2012 TB44
2012 TE49
2012 TX55
2012 TC59
2012 TR85
2012 TR86
2012 TY91
2012 TX97
2012 TQ108
2012 TD112
2012 TY114
2012 TS118
2012 TL126
2012 TZ128
2012 TU140
2012 TY154
2012 TE183
2012 TH184
2012 TO206
2012 TZ206
2012 TO217
2012 TD226
2012 TE243
2012 TS261
2012 TU270
2012 TM271
2012 TG277
2012 TS286
2012 UJ2
2012 UB23
2012 UF23
2012 UG26
2012 UK35
2012 US58
2012 UC61
2012 UA86
2012 UB90
2012 UZ111
2012 UE117
2012 UX118
2012 UM123
2012 UF130
2012 UU138
2012 UX138
2012 UR152
2012 UZ167
2012 UE172
2012 UG173
2012 VJ1
2012 VV15
2012 VY29
2012 VV34
2012 VA70
2012 VE76
2012 VH84
2012 VH86
2012 VP94
2012 VB99
2012 VL102
2012 VT104
2012 VF105
2012 WC2
2012 WA12
2012 WB13
2012 XU8
2012 XC11
2012 XD40
2012 XY50
2012 XM83
2012 XT85
2012 XC86
2012 XQ109
2012 XA123
2012 XT140
2012 XF142
2012 YR4
2012 YU4
2013 AC6
2013 AL12
2013 AZ22
2013 AS37
2013 AF46
2013 AG61
2013 AG86
2013 AV100
2013 AG117
2013 AH117
2013 AZ117
2013 AU128
2013 AW154
2013 AY162
2013 AU164
2013 AO168
2013 BY20
2013 BU28
2013 BE38
2013 BQ41
2013 BM77
2013 CN9
2013 CU14
2013 CT17
2013 CR26
2013 CY40
2013 CM45
2013 CW60
2013 CH66
2013 CZ69
2013 CM75
2013 CF103
2013 CM104
2013 CH108
2013 CQ143
2013 CN163
2013 CG165
2013 CU170
2013 CU174
2013 CX174
2013 CD197
2013 CS205
2013 CX205
2013 CC211
2013 CE212
2013 CS214
2013 CS215
2013 DQ6
2013 DC8
2013 DV15
2013 EU1
2013 EV3
2013 EN6
2013 EH9
2013 EX9
2013 EW11
2013 EJ13
2013 EO33
2013 EC45
2013 EF51
2013 EO61
2013 EB65
2013 EN80
2013 EV84
2013 ER85
2013 EN86
2013 EV86
2013 EB114
2013 EN119
2013 EB121
2013 ET146
2013 FE1
2013 FL1
2013 FO1
2013 FW2
2013 FQ6
2013 FX26
2013 GC10
2013 GE10
2013 GO13
2013 GJ17
2013 GV23
2013 GC28
2013 GM52
2013 GY52
2013 GM53
2013 GB56
2013 GG64
2013 GR69
2013 GS75
2013 GL76
2013 GP77
2013 GP112
2013 GQ115
2013 GS127
2013 GF135
2013 GM135
2013 GH136
2013 HL3
2013 HH21
2013 HT37
2013 HY40
2013 HC45
2013 HG45
2013 HQ65
2013 HJ84
2013 HS109
2013 HS110
2013 HH119
2013 HC122
2013 JJ8
2013 JU11
2013 JQ23
2013 JL36
2013 JJ37
2013 JC53
2013 JD55
2013 JC62
2013 KV9
2013 KE16
2013 LW3
2013 LP22
2013 LC24
2013 LQ24
2013 MH2
2013 OS8
2013 PS12
2013 PK15
2013 PR15
2013 PG21
2013 PR30
2013 PM39
2013 PD46
2013 PL46
2013 PM46
2013 PA50
2013 PM57
2013 PH66
2013 PK72
2013 QS18
2013 QS19
2013 QJ42
2013 QS57
2013 QT76
2013 QE93
2013 QR93
2013 RX41
2013 RM45
2013 RW54
2013 RW59
2013 RH63
2013 RS67
2013 RX76
2013 RC88
2013 RZ91
2013 SZ15
2013 SJ21
2013 SO33
2013 SS34
2013 SE35
2013 SB47
2013 SK50
2013 SK53
2013 SM54
2013 SP54
2013 SX71
2013 SP82
2013 TO
2013 TA21
2013 TD22
2013 TH30
2013 TK48
2013 TN50
2013 TE70
2013 TK92
2013 TF98
2013 TK98
2013 TX99
2013 TC116
2013 TC129
2013 TV134
2013 TM138
2013 TR142
2013 VY15
2013 WO28
2013 WU34
2013 WC47
2013 WN55
2013 WH59
2013 WL59
2013 WS77
2013 WX96
2013 XX7
2013 XN14
2013 YV1
2013 YH3
2013 YJ32
2013 YX33
2013 YD40
2013 YT47
2013 YH53
2013 YW72
2013 YG74
2013 YA76
2013 YN80
2013 YY81
2013 YA95
2013 YN110
2013 YQ123
2013 YS128
2013 YD132
2013 YS135
2013 YS138
2014 AO
2014 AT18
2014 AC20
2014 AP33
2014 AX33
2014 AL42
2014 AW42
2014 AS49
2014 BW5
2014 BC7
2014 BJ13
2014 BV19
2014 BM24
2014 BL37
2014 BX38
2014 BA59
2014 CW4
2014 CU8
2014 DR5
2014 DS9
2014 DB14
2014 DZ18
2014 DL26
2014 DO27
2014 DP28
2014 DH30
2014 DK30
2014 DC50
2014 DO57
2014 DV57
2014 DN68
2014 DW79
2014 DC90
2014 DC92
2014 DL110
2014 DA121
2014 DK126
2014 DM130
2014 DN133
2014 DW135
2014 EW15
2014 EU17
2014 EV20
2014 EY21
2014 EB29
2014 ER38
2014 FR2
2014 FV2
2014 FG23
2014 FG34
2014 FR34
2014 FD36
2014 FR49
2014 FR65
2014 FW67
2014 GP9
2014 GO16
2014 GH18
2014 GP35
2014 GM38
2014 HV1
2014 HG2
2014 HS7
2014 HM8
2014 HC12
2014 HJ31
2014 HK40
2014 HM47
2014 HC78
2014 HZ90
2014 HG95
2014 HK122
2014 HR153
2014 HO165
2014 HM168
2014 HD175
2014 HY183
2014 HD186
2014 HO186
2014 HW189
2014 JM10
2014 JM13
2014 JK19
2014 JO27
2014 JC32
2014 JH36
2014 JC38
2014 JU39
2014 JD52
2014 JS52
2014 JD58
2014 JZ59
2014 JC66
2014 JA71
2014 JL73
2014 JW73
2014 KM3
2014 KK20
2014 KP26
2014 KG30
2014 KX30
2014 KK42
2014 KA54
2014 KW54
2014 KQ69
2014 KP71
2014 KC72
2014 KJ91
2014 KL91
2014 KA98
2014 KK98
2014 KY98
2014 KD100
2014 LF22
2014 MC9
2014 ML34
2014 ME46
2014 MN62
2014 MA64
2014 MN65
2014 NE17
2014 NG17
2014 NE46
2014 NM54
2014 OV2
2014 OJ6
2014 OD15
2014 OZ18
2014 OO32
2014 OC43
2014 OQ45
2014 OQ47
2014 OG55
2014 OA73
2014 OJ79
2014 OJ80
2014 OX99
2014 OP106
2014 OM129
2014 OB131
2014 OM136
2014 OB240
2014 OB100
2014 OX100
2014 OJ103
2014 ON363
2014 OS104
2014 OP106
2014 OV381
2014 OW124
2014 OZ388
2014 OM129
2014 OB131
2014 OT134
2014 OM136
2014 OC159
2014 OZ167
2014 OY195
2014 OR198
2014 OM227
2014 OB240
2014 OV245
2014 ON246
2014 OO246
2014 OM254
2014 OY258
2014 OW282
2014 OZ300
2014 OP305
2014 OM326
2014 OY326
2014 OU336
2014 PG
2014 PA1
2014 PK3
2014 PR5
2014 PH13
2014 PA17
2014 PG26
2014 PT30
2014 PS41
2014 PL44
2014 PO48
2014 PM49
2014 QM19
2014 QQ23
2014 QK40
2014 QV41
2014 QR42
2014 QD49
2014 QW50
2014 QD54
2014 QQ71
2014 QJ72
2014 QT90
2014 QH97
2014 QR102
2014 QL373
2014 QA378
2014 QG379
2014 QV122
2014 QD123
2014 QG383
2014 QF386
2014 QG130
2014 QC135
2014 QP140
2014 QP142
2014 QG153
2014 QG418
2014 QB429
2014 QX169
2014 QA430
2014 QR170
2014 QT170
2014 QJ172
2014 QY438
2014 QF200
2014 QE206
2014 QB212
2014 QE218
2014 QW222
2014 QO230
2014 QA234
2014 QQ236
2014 QO237
2014 QF243
2014 QB249
2014 QF254
2014 QM261
2014 QG263
2014 QL299
2014 QG310
2014 QM314
2014 QC323
2014 QS326
2014 QL332
2014 QD335
2014 QA342
2014 QL349
2014 QG359
2014 RS16
2014 RL20
2014 RM27
2014 RP31
2014 RG36
2014 RS45
2014 RE62
2014 SR8
2014 SV83
2014 SZ103
2014 SO135
2014 SS135
2014 SG159
2014 SA167
2014 SZ189
2014 ST206
2014 SL210
2014 SH212
2014 SV212
2014 SN214
2014 SR220
2014 SA257
2014 SL312
2014 SB328
2014 ST337
2014 SW347
2014 TB9
2014 TF28
2014 TB44
2014 TF44
2014 TS47
2014 TE54
2014 TH65
2014 TX66
2014 TP68
2014 TX70
2014 TO71
2014 TO73
2014 TN80
2014 TJ84
2014 UF1
2014 US1
2014 UM6
2014 UM7
2014 UU17
2014 UM24
2014 UV24
2014 US28
2014 UF39
2014 UF54
2014 UB56
2014 UC66
2014 UT66
2014 UC67
2014 UD85
2014 UT91
2014 UG92
2014 UE99
2014 UT105
2014 UO127
2014 UG133
2014 UA156
2014 UO158
2014 UX169
2014 UF171
2014 UO171
2014 UR182
2014 UJ187
2014 UE190
2014 UH190
2014 UF195
2014 UP202
2014 VV8
2014 VF11
2014 VE15
2014 VY24
2014 VU33
2014 WS
2014 WY1
2014 WL10
2014 WR10
2014 WX10
2014 WZ18
2014 WQ36
2014 WB45
2014 WB51
2014 WQ55
2014 WJ60
2014 WM88
2014 WT143
2014 WY310
2014 WC341
2014 WR352
2014 WK107
2014 WR116
2014 WO389
2014 WE393
2014 WO399
2014 WW412
2014 WN416
2014 WP418
2014 WB441
2014 WF194
2014 WE464
2014 WH467
2014 WH468
2014 WV478
2014 WN479
2014 WL480
2014 WN481
2014 WD233
2014 WW235
2014 WE237
2014 WN237
2014 WO499
2014 WE250
2014 WM254
2014 WE263
2014 WE277
2014 WL292
2014 WR298
2014 WP302
2014 WA322
2014 WG322
2014 WW328
2014 WW339
2014 WP340
2014 WL342
2014 WU342
2014 WU346
2014 WE353
2014 XQ25
2014 XY28
2014 XD38
2014 YJ5
2014 YR11
2014 YK12
2014 YD22
2014 YJ22
2014 YF24
2014 YN24
2014 YR42
2014 YS44
2015 AE2
2015 AR3
2015 AO12
2015 AH18
2015 AJ49
2015 AY135
2015 AR151
2015 AU175
2015 AN222
2015 AL223
2015 AW232
2015 AW238
2015 AS239
2015 AJ241
2015 AB242
2015 AG259
2015 AD263
2015 AO278
2015 BB6
2015 BD13
2015 BU25
2015 BT34
2015 BV45
2015 BR60
2015 BQ64
2015 BN68
2015 BD69
2015 BU82
2015 BV86
2015 BL90
2015 BJ91
2015 BC99
2015 BO260
2015 BJ278
2015 BO100
2015 BJ103
2015 BF114
2015 BH119
2015 BV121
2015 BO143
2015 BU143
2015 BL149
2015 BN150
2015 BR156
2015 BG419
2015 BN159
2015 BF421
2015 BL435
2015 BM184
2015 BA455
2015 BM213
2015 BT248
2015 BT251
2015 BG253
2015 BY256
2015 BG260
2015 BN263
2015 BM291
2015 BQ291
2015 BR292
2015 BB307
2015 BE314
2015 BP317
2015 BO332
2015 BY339
2015 CT1
2015 CR8
2015 CW39
2015 CT52
2015 CD55
2015 CX55
2015 CL60
2015 DF22
2015 DP38
2015 DZ42
2015 DO52
2015 DQ58
2015 DX58
2015 DZ80
2015 DZ81
2015 DW82
2015 DU89
2015 DU97
2015 DR109
2015 DM129
2015 DG146
2015 DK147
2015 DQ149
2015 DJ163
2015 DC170
2015 DJ179
2015 DH213
2015 DN216
2015 DY216
2015 DG220
2015 DE224
2015 EM18
2015 EE19
2015 EQ44
2015 EJ62
2015 FG2
2015 FX2
2015 FR18
2015 FD45
2015 FL76
2015 FL79
2015 FJ95
2015 FL96
2015 FS98
2015 FJ132
2015 FU136
2015 FU141
2015 FR160
2015 FM213
2015 FC238
2015 FR264
2015 FU275
2015 FZ298
2015 FA303
2015 FL304
2015 FK315
2015 FR315
2015 FJ319
2015 FS340
2015 FU340
2015 GN3
2015 GJ5
2015 GT15
2015 GJ28
2015 GK38
2015 GS38
2015 GH41
2015 GY47
2015 HP4
2015 HQ4
2015 HT32
2015 HM51
2015 HZ55
2015 HM59
2015 HR71
2015 HY75
2015 HR80
2015 HH90
2015 HV94
2015 HO130
2015 HF133
2015 HD149
2015 HW175
2015 JZ3
2015 KT3
2015 KP6
2015 KB7
2015 KP12
2015 KR13
2015 KM16
2015 KY16
2015 KA31
2015 KW31
2015 KN32
2015 KD47
2015 KQ77
2015 KL78
2015 KB91
2015 KJ116
2015 KW117
2015 KB137
2015 KR148
2015 LC1
2015 LT2
2015 LF3
2015 LL23
2015 MB8
2015 MU26
2015 MN31
2015 MM42
2015 MH81
2015 MF84
2015 MD87
2015 MB93
2015 MR111
2015 MM114
2015 NN7
2015 NQ9
2015 OH53
1996 XN16
1999 UB22
1999 UX29
2000 BV36
2000 BZ36
2000 BH41
2000 CS137
2001 FB201
2001 FG201
2001 FY204
2001 FQ205
2001 FY205
2001 FA210
2001 FW210
2001 FL212
2001 FN223
2001 FL225
2001 FA226
2001 FZ227
2001 FL229
2001 FG234
2001 TL126
2001 UE211
2001 WA77
2001 WG77
2001 XA124
2001 YN15
2001 YP158
2002 EQ130
2002 EP162
2002 GO28
2002 PH168
2002 PJ175
2002 PN176
2002 PX194
2002 QZ112
2002 QN141
2002 RX240
2002 RZ259
2002 RC274
2002 RR282
2002 RH283
2002 RZ292
2002 SS18
2002 SH73
2002 TN93
2002 TR361
2002 TN150
2002 TT354
2003 BH93
2003 GA2
2003 GW24
2003 SM386
2003 SF392
2003 SC400
2003 SG403
2003 SQ404
2003 SS406
2003 SS413
2003 SF419
2003 SM433
2003 SJ242
2003 SS318
2003 SP323
2003 SA332
2003 SO334
2003 TB27
2003 UM69
2003 UG364
2003 WD53
2003 WR105
2003 WM148
2003 WA177
2003 XY43
2004 AR15
2004 BQ138
2004 CH16
2004 CX32
2004 ES22
2004 FF28
2004 FA120
2004 GZ47
2004 PH65
2004 PT106
2004 RS6
2004 RV17
2004 RE23
2004 RC129
2004 RP238
2004 RK262
2004 RF350
2004 SB25
2004 TA94
2004 TN153
2004 TN182
2004 TO210
2004 TD233
2004 TO298
2004 XM52
2005 CE3
2005 CE32
2005 ED67
2005 EJ176
2005 EJ227
2005 MO22
2005 MR27
2005 NG8
2005 NN75
2005 QE97
2005 SH157
2005 SY157
2005 SA158
2005 SK175
2005 SB185
2005 SU197
2005 SU244
2005 SH287
2005 TD36
2005 TB85
2005 TF96
2005 TM135
2005 TA156
2005 TZ195
2005 UU11
2005 UX42
2005 UD51
2005 UF119
2005 UV380
2005 UK121
2005 UL134
2005 UG150
2005 UR423
2005 UB426
2005 UK167
2005 UQ182
2005 UO190
2005 UF196
2005 UG201
2005 UX207
2005 UZ227
2005 UK515
2005 UW255
2005 UG257
2005 UU520
2005 UW520
2005 UA264
2005 UE524
2005 UO266
2005 UJ279
2005 UG281
2005 UO281
2005 UL286
2005 UC312
2005 UB326
2005 VE13
2005 VP29
2005 VY87
2005 VC92
2005 VH100
2005 VM115
2005 VW126
2005 VM131
2005 VF132
2005 VB133
2005 WY12
2005 WB49
2005 WP80
2005 WM124
2005 WG133
2005 WT139
2005 WQ196
2005 XL41
2005 XV50
2005 XR72
2005 XH74
2005 XO76
2005 YU18
2005 YX66
2005 YV69
2005 YE78
2005 YK88
2005 YJ101
2005 YL103
2005 YH109
2005 YM134
2005 YO143
2005 YZ145
2005 YM158
2005 YM224
2005 YJ246
2006 AT17
2006 AU17
2006 AR59
2006 AT61
2006 BH37
2006 BS48
2006 BK68
2006 BN120
2006 BM137
2006 BB207
2006 BX221
2006 BA284
2006 CZ1
2006 CA3
2006 CO22
2006 CT25
2006 CV66
2006 CH67
2006 CZ68
2006 DH75
2006 DY132
2006 EZ29
2006 HH12
2006 HF76
2006 HV95
2006 HQ126
2006 JG32
2006 JK39
2006 JG67
2006 KN27
2006 KB39
2006 KJ102
2006 OL6
2006 OL29
2006 QR177
2006 QB180
2006 QY186
2006 RB30
2006 RB76
2006 RQ78
2006 RA114
2006 RU115
2006 RK117
2006 RD120
2006 SC13
2006 SL78
2006 SG89
2006 SL89
2006 SE101
2006 SG374
2006 SW116
2006 SD377
2006 SL377
2006 SP377
2006 SK381
2006 ST384
2006 SM386
2006 SH387
2006 SO389
2006 SZ142
2006 SY146
2006 SW148
2006 SF410
2006 SC151
2006 SE151
2006 SQ174
2006 SO184
2006 SZ206
2006 SR233
2006 SU309
2006 SO359
2006 TN3
2006 TV3
2006 TR79
2006 TJ101
2006 TK114
2006 TS114
2006 TN116
2006 UZ
2006 UX35
2006 UJ60
2006 UJ76
2006 UH360
2006 UP101
2006 UZ194
2006 UC217
2006 UY258
2006 UT278
2006 UV288
2006 UH352
2006 UV353
2006 UV355
2006 VO20
2006 VP111
2006 VL122
2006 VD127
2006 VG131
2006 WM31
2006 WC39
2006 WT46
2006 WW60
2006 WE104
2006 WS104
2006 WV105
2006 WX114
2006 WG118
2006 WH121
2006 WD122
2006 WL126
2006 WW161
2006 WF199
2006 WG205
2006 YQ16
2007 AC7
2007 AX13
2007 AF31
2007 BP9
2007 BV12
2007 BR70
2007 CD79
2007 DJ19
2007 DC25
2007 DC40
2007 DM71
2007 DA82
2007 DG111
2007 ES5
2007 EP58
2007 EC104
2007 EX141
2007 EA147
2007 EA176
2007 EH192
2007 EV220
2007 EW221
2007 FX11
2007 FD45
2007 FH48
2007 GM1
2007 GF6
2007 GP20
2007 HU22
2007 JO28
2007 QR10
2007 RT72
2007 RV75
2007 RS92
2007 RR96
2007 RV104
2007 RC115
2007 RR167
2007 RL185
2007 RV207
2007 TB19
2007 TX25
2007 TO38
2007 TA42
2007 TW42
2007 TT95
2007 TQ121
2007 TF139
2007 TN400
2007 TF439
2007 TJ445
2007 TL447
2007 TB229
2007 UB44
2007 UL54
2007 UL73
2007 UC92
2007 UQ116
2007 UF118
2007 UZ122
2007 UZ134
2007 UA138
2007 VE5
2007 VT30
2007 VQ35
2007 VM36
2007 VO54
2007 VK70
2007 VT145
2007 VM178
2007 VY195
2007 VT198
2007 VV214
2007 VY233
2007 VX239
2007 VV255
2007 VN256
2007 VW256
2007 VD259
2007 VT276
2007 WB18
2007 XX3
2007 YE48
2008 AS20
2008 AB49
2008 AT68
2008 AC90
2008 AE95
2008 AH95
2008 AA134
2008 BZ49
2008 CT12
2008 CP21
2008 CW32
2008 CH35
2008 CW56
2008 CC63
2008 CN102
2008 CW107
2008 CZ122
2008 CL154
2008 CF165
2008 DQ
2008 DZ41
2008 DL60
2008 DG61
2008 DT63
2008 DM64
2008 DE86
2008 EB30
2008 EH138
2008 EC155
2008 EG161
2008 FW7
2008 FZ7
2008 FZ17
2008 FS27
2008 FU40
2008 FY93
2008 FX108
2008 FR118
2008 GK8
2008 GE16
2008 GS29
2008 GA39
2008 GB62
2008 GM75
2008 GT84
2008 GY138
2008 GC139
2008 HU10
2008 HP29
2008 JH8
2008 JE28
2008 JQ34
2008 QY15
2008 QW34
2008 RQ33
2008 RD124
2008 RE124
2008 RS126
2008 RC127
2008 RM127
2008 RJ144
2008 SP225
2008 SM262
2008 SL276
2008 TG32
2008 TL36
2008 TP41
2008 TS81
2008 TP84
2008 TC98
2008 TJ133
2008 TA176
2008 TA188
2008 UC19
2008 US42
2008 UF51
2008 UP55
2008 UV56
2008 UT72
2008 UL115
2008 UC119
2008 UA137
2008 UV139
2008 UA162
2008 UO163
2008 UE182
2008 UX199
2008 UW236
2008 UN238
2008 UO243
2008 UO268
2008 UH273
2008 UL288
2008 UH293
2008 UF307
2008 UN321
2008 UQ330
2008 UT347
2008 UO348
2008 UY350
2008 UB351
2008 VP54
2008 VO55
2008 VX55
2008 VH69
2008 VD73
2008 WN14
2008 WX47
2008 WQ57
2008 WK58
2008 WG91
2008 WH116
2008 XZ11
2008 XP45
2008 XP51
2008 YQ12
2008 YW15
2008 YD21
2008 YS47
2008 YR64
2008 YD92
2008 YN103
2008 YP104
2008 YC116
2008 YQ116
2008 YC122
2008 YT130
2008 YJ138
2008 YV152
2008 YL155
2008 YE156
2008 YK162
2009 AR36
2009 AX45
2009 BM22
2009 BJ53
2009 BE72
2009 BB87
2009 BY139
2009 BY161
2009 CG3
2009 CR8
2009 CP15
2009 CK39
2009 CM64
2009 DE2
2009 DZ10
2009 DY20
2009 DB24
2009 DD36
2009 DU39
2009 DS58
2009 DB67
2009 DX79
2009 DN132
2009 DX132
2009 DZ132
2009 DO133
2009 EV11
2009 EH24
2009 EZ24
2009 FR6
2009 FY41
2009 FB52
2009 FH57
2009 HQ37
2009 HS97
2009 KS26
2009 LL
2009 OR12
2009 PW6
2009 QH36
2009 QR55
2009 QG62
2009 RD
2009 RC10
2009 SO37
2009 SY37
2009 SJ45
2009 SJ47
2009 ST68
2009 SV84
2009 SW362
2009 SQ116
2009 SP140
2009 SZ182
2009 SH184
2009 SA222
2009 SJ225
2009 SU268
2009 SK351
2009 TZ3
2009 TF30
2009 TU32
2009 UU10
2009 UH31
2009 UT52
2009 UF55
2009 UP60
2009 UC61
2009 UV63
2009 UF112
2009 VO28
2009 VX88
2009 WF23
2009 WM117
2009 WY126
2009 WH136
2009 WL176
2009 WU203
2009 YG4
2009 YG12
2009 YR12
2010 AG
2010 AO34
2010 AY102
2010 AE108
2010 AZ108
2010 AG112
2010 AQ127
2010 AO128
2010 AW134
2010 AC135
2010 AD135
2010 BL12
2010 BL20
2010 BP37
2010 BL38
2010 BS40
2010 BY49
2010 BM58
2010 BA63
2010 BU81
2010 BQ84
2010 BX89
2010 BJ111
2010 BT111
2010 BP121
2010 BJ126
2010 CA6
2010 CT6
2010 CM24
2010 CE38
2010 CU54
2010 CT67
2010 CC85
2010 CZ97
2010 CC106
2010 CB134
2010 CJ139
2010 CX148
2010 CK186
2010 CH188
2010 CS194
2010 CX199
2010 CV218
2010 CN242
2010 DV5
2010 DQ13
2010 DX60
2010 DC67
2010 DK81
2010 EY13
2010 ES20
2010 ED82
2010 EH95
2010 EG116
2010 EQ144
2010 FT6
2010 FN36
2010 FR37
2010 FX37
2010 FY45
2010 FB66
2010 FE76
2010 FO76
2010 FM102
2010 GJ4
2010 GN14
2010 GL38
2010 GH46
2010 GX54
2010 GC90
2010 GG90
2010 GW108
2010 HV19
2010 HW24
2010 HT28
2010 HC62
2010 HR97
2010 JX20
2010 JL22
2010 JF25
2010 JR26
2010 JY26
2010 JU47
2010 JA51
2010 JS52
2010 JX56
2010 JH57
2010 JS70
2010 JM96
2010 JN126
2010 JB133
2010 JJ142
2010 JB164
2010 KX11
2010 KU17
2010 KH25
2010 KA29
2010 KT67
2010 KS86
2010 LV22
2010 LX22
2010 LE55
2010 LA60
2010 MS45
2010 MT61
2010 MU68
2010 MC81
2010 MK83
2010 ML95
2010 NR6
2010 NX8
2010 NW10
2010 NM47
2010 NE71
2010 NC85
2010 OT
2010 OG4
2010 OQ37
2010 OX56
2010 OX101
2010 PC36
2010 PF56
2010 PH73
2010 RN5
2010 RH75
2010 RG83
2010 RA103
2010 RW103
2010 RO111
2010 RG116
2010 RP155
2010 RA176
2010 SG10
2010 TD8
2010 TS9
2010 TP16
2010 TU17
2010 TJ40
2010 TD41
2010 TM66
2010 TP91
2010 TW99
2010 TJ118
2010 TN121
2010 TN126
2010 TV131
2010 TF152
2010 TC161
2010 TE180
2010 TQ184
2010 UY25
2010 UW32
2010 UE35
2010 UV37
2010 UW37
2010 UO80
2010 VW19
2010 VB42
2010 VZ43
2010 VA48
2010 VQ78
2010 VV86
2010 VO94
2010 VY113
2010 VY125
2010 VS136
2010 VV170
2010 VD175
2010 VD180
2010 VA197
2010 VS200
2010 VG208
2010 VS208
2010 VJ209
2010 VE210
2010 VJ211
2010 VH213
2010 WT3
2010 WJ10
2010 WG33
2010 WO52
2010 WU67
2010 WH71
2010 XU2
2010 XJ22
2010 XC23
2010 XM67
2010 XS67
2010 XQ76
2011 AF8
2011 AW12
2011 AV39
2011 AR57
2011 AV58
2011 AJ59
2011 AQ66
2011 BO3
2011 BK4
2011 BZ17
2011 BO35
2011 BT35
2011 BS44
2011 BA46
2011 BR47
2011 BY51
2011 BC73
2011 BN91
2011 BQ104
2011 BB105
2011 BD105
2011 BA106
2011 BS108
2011 BS109
2011 BK111
2011 BB113
2011 BS120
2011 BU124
2011 BY126
2011 BR129
2011 BJ135
2011 BM137
2011 BS143
2011 BT145
2011 CC1
2011 CM7
2011 CH15
2011 CR15
2011 CP21
2011 CH60
2011 CT62
2011 CK69
2011 CM69
2011 CV70
2011 CC80
2011 CW81
2011 CM89
2011 CN90
2011 CU93
2011 CG106
2011 CM111
2011 DZ13
2011 DL52
2011 EV17
2011 EZ17
2011 ES40
2011 EK62
2011 EX66
2011 FR15
2011 FW26
2011 FJ30
2011 FF40
2011 FC65
2011 FT68
2011 FG73
2011 FX88
2011 FU90
2011 FP139
2011 GR54
2011 GU78
2011 HK50
2011 HW52
2011 HC72
2011 HS86
2011 HU87
2011 HX88
2011 HO94
2011 JH23
2011 KP18
2011 KN26
2011 KK44
2011 KL47
2011 LV17
2011 OM2
2011 OV2
2011 PV7
2011 PU11
2011 QP20
2011 QE22
2011 QL24
2011 QC47
2011 QN73
2011 QN88
2011 RF5
2011 SZ4
2011 SJ15
2011 SY33
2011 SV35
2011 SQ48
2011 SC76
2011 SC80
2011 SH88
2011 ST95
2011 SG104
2011 SJ138
2011 SG169
2011 SS235
2011 UO12
2011 UH36
2011 UT38
2011 UL83
2011 UL92
2011 UF93
2011 UT99
2011 UV105
2011 UA112
2011 UR114
2011 UE132
2011 UD144
2011 UU148
2011 UP161
2011 UL168
2011 UZ176
2011 UE182
2011 UT234
2011 UT235
2011 UK253
2011 UY266
2011 UE282
2011 UW330
2011 VB8
2011 VU21
2011 WG11
2011 WN21
2011 WD23
2011 WE26
2011 WC32
2011 WX46
2011 WT71
2011 WR90
2011 WC94
2011 WM110
2011 WN113
2011 WO138
2011 WE140
2011 YP13
2011 YK27
2011 YE30
2011 YG43
2011 YJ45
2011 YX66
2012 BU7
2012 BV27
2012 BO49
2012 BD78
2012 BC82
2012 BP95
2012 BD99
2012 BB115
2012 CP34
2012 CT43
2012 CG46
2012 DK18
2012 DA37
2012 DU42
2012 DL57
2012 DO63
2012 DW67
2012 DB68
2012 DY85
2012 DB94
2012 EG2
2012 EV13
2012 FL3
2012 FO8
2012 FU28
2012 FB41
2012 FX47
2012 FA56
2012 FT64
2012 FL66
2012 FX71
2012 JU7
2012 JV17
2012 LP
2012 LY8
2012 LR18
2012 LF23
2012 MH1
2012 MP8
2012 NB1
2012 PM3
2012 PB9
2012 PL9
2012 PP9
2012 PA17
2012 PZ40
2012 QO13
2012 QM15
2012 QT30
2012 QV51
2012 RG11
2012 RZ33
2012 TH11
2012 TD17
2012 TJ19
2012 TA34
2012 TX49
2012 TG59
2012 TQ68
2012 TY80
2012 TY83
2012 TD85
2012 TX85
2012 TX86
2012 TU97
2012 TQ107
2012 TX111
2012 TR117
2012 TK128
2012 TP133
2012 TD148
2012 TL158
2012 TT183
2012 TY220
2012 TS221
2012 TX226
2012 TB229
2012 TP230
2012 TT233
2012 TX238
2012 TR261
2012 TC275
2012 TW286
2012 TR292
2012 TH293
2012 TK313
2012 UH8
2012 UM9
2012 UJ11
2012 UB20
2012 UY36
2012 UL37
2012 UQ44
2012 UB57
2012 UE59
2012 UT71
2012 UZ74
2012 UZ76
2012 UB98
2012 UJ101
2012 UV107
2012 UR115
2012 UH117
2012 US117
2012 UJ124
2012 UZ156
2012 UV175
2012 VM8
2012 VU17
2012 VB18
2012 VE18
2012 VB21
2012 VX24
2012 VL28
2012 VR34
2012 VU42
2012 VD49
2012 VZ49
2012 VP67
2012 VT68
2012 VS78
2012 VN86
2012 VR94
2012 VA98
2012 VC106
2012 VO106
2012 VC111
2012 WR14
2012 WB19
2012 WG33
2012 XC1
2012 XH15
2012 XL20
2012 XS25
2012 XR34
2012 XS42
2012 XD43
2012 XD46
2012 XG57
2012 XU63
2012 XB66
2012 XC87
2012 XT96
2012 XS150
2013 AX13
2013 AQ26
2013 AW31
2013 AG44
2013 AN94
2013 AW108
2013 AM111
2013 AQ141
2013 AF148
2013 AC149
2013 AB151
2013 AX151
2013 AQ152
2013 AH153
2013 AZ153
2013 AR158
2013 AD159
2013 AZ161
2013 AS162
2013 AA166
2013 AT168
2013 AZ168
2013 AE169
2013 AK169
2013 AH170
2013 AH171
2013 AV171
2013 AF172
2013 AZ172
2013 AO173
2013 AB177
2013 AV177
2013 AK180
2013 AT180
2013 BP38
2013 BF44
2013 BP48
2013 BJ53
2013 BV57
2013 CU4
2013 CX14
2013 CV23
2013 CA45
2013 CM53
2013 CN53
2013 CC56
2013 CD58
2013 CT98
2013 CB109
2013 CN139
2013 CR141
2013 CU143
2013 CW150
2013 CS153
2013 CM171
2013 CT182
2013 DX3
2013 DD15
2013 EA8
2013 EJ39
2013 EZ51
2013 EN54
2013 EV59
2013 EW87
2013 EO127
2013 EJ148
2013 FY5
2013 FE6
2013 FY21
2013 GO2
2013 GK13
2013 GZ30
2013 GD57
2013 GZ63
2013 GM76
2013 GO102
2013 GV118
2013 GJ131
2013 HN29
2013 HW31
2013 HA37
2013 HR39
2013 HG46
2013 HY50
2013 HZ50
2013 HA52
2013 HL52
2013 HV71
2013 HP72
2013 HS74
2013 HB76
2013 HN78
2013 HR78
2013 HE79
2013 HE80
2013 HP80
2013 HG81
2013 HE83
2013 HG85
2013 HS86
2013 HN87
2013 HU87
2013 HA93
2013 HW93
2013 HU101
2013 HH103
2013 HY103
2013 HX104
2013 HF105
2013 HK109
2013 HZ109
2013 HC119
2013 HV120
2013 HW120
2013 HN122
2013 HK123
2013 HT125
2013 HY127
2013 HS129
2013 HT131
2013 HS133
2013 HW133
2013 HT138
2013 HZ141
2013 HW147
2013 HZ147
2013 HM149
2013 JZ29
2013 JY54
2013 KR14
2013 LZ2
2013 NP10
2013 NC14
2013 NQ19
2013 PE5
2013 PX8
2013 PA15
2013 PU18
2013 PF50
2013 QR21
2013 QS36
2013 QP50
2013 QT51
2013 QT59
2013 QV64
2013 QQ88
2013 RU1
2013 RD20
2013 RH26
2013 RQ27
2013 RQ50
2013 RY63
2013 RE66
2013 RF76
2013 RE92
2013 SH14
2013 ST23
2013 SZ33
2013 SS47
2013 SK49
2013 TZ16
2013 TF20
2013 TX82
2013 TS103
2013 TT105
2013 TW140
2013 TW150
2013 VV5
2013 WL9
2013 WW40
2013 WB41
2013 WX58
2013 WY60
2013 WT75
2013 XC13
2013 YM10
2013 YT67
2013 YX75
2013 YN83
2013 YX98
2013 YL101
2013 YS101
2013 YV120
2013 YP132
2013 YO143
2013 YU146
2014 AS27
2014 AA35
2014 BH6
2014 BS7
2014 BN23
2014 BW49
2014 BB63
2014 CV6
2014 CL8
2014 DV36
2014 DW50
2014 DD52
2014 DC55
2014 DT65
2014 DN69
2014 DY83
2014 DG85
2014 DO87
2014 DY97
2014 DB99
2014 DZ106
2014 DB114
2014 DC126
2014 DN129
2014 DT133
2014 DX133
2014 DF134
2014 DU135
2014 DE139
2014 EW2
2014 EO10
2014 FG1
2014 FK5
2014 FX45
2014 GK48
2014 HU1
2014 HW8
2014 HV15
2014 HV16
2014 HA21
2014 HD46
2014 HD50
2014 HU61
2014 HE73
2014 HS74
2014 HR77
2014 HY78
2014 HL85
2014 HX85
2014 HL92
2014 HF105
2014 HV108
2014 HU111
2014 HM122
2014 HY130
2014 HU157
2014 JF41
2014 JZ52
2014 JB65
2014 JJ73
2014 JF74
2014 KR43
2014 KT52
2014 KM54
2014 KX55
2014 KM71
2014 KZ95
2014 LG4
2014 LU4
2014 LJ8
2014 LW17
2014 MM12
2014 MA59
2014 NO
2014 NJ24
2014 NM24
2014 NO34
2014 NN55
2014 NE57
2014 OT2
2014 OX8
2014 OQ13
2014 OM24
2014 OT29
2014 OL31
2014 OV31
2014 OK37
2014 OZ37
2014 OO38
2014 OK44
2014 OZ48
2014 OV58
2014 OP59
2014 OB60
2014 OO87
2014 OX90
2014 OJ99
2014 OC363
2014 OU368
2014 OZ368
2014 OA369
2014 OL369
2014 OP110
2014 OG114
2014 ON374
2014 OB117
2014 OA118
2014 OX118
2014 OP120
2014 OT121
2014 OB122
2014 OO125
2014 OP125
2014 OX385
2014 OC133
2014 OT137
2014 OZ139
2014 OY144
2014 OC150
2014 OE152
2014 OB154
2014 OV157
2014 OX157
2014 OK180
2014 OS182
2014 OH201
2014 OP204
2014 OT215
2014 OQ229
2014 OP239
2014 OR247
2014 OK252
2014 OO284
2014 OT300
2014 OY300
2014 OQ302
2014 OH303
2014 OV303
2014 OS305
2014 OJ311
2014 OL314
2014 OR319
2014 OX319
2014 OE322
2014 OY340
2014 OM350
2014 OD352
2014 PT3
2014 PO9
2014 PE23
2014 PW45
2014 PP51
2014 PK69
2014 QF10
2014 QL46
2014 QK53
2014 QC58
2014 QX66
2014 QZ100
2014 QT361
2014 QK107
2014 QN113
2014 QW114
2014 QQ123
2014 QS136
2014 QQ399
2014 QA144
2014 QC145
2014 QS406
2014 QN420
2014 QG424
2014 QF180
2014 QH189
2014 QT217
2014 QE224
2014 QH229
2014 QG246
2014 QQ252
2014 QF256
2014 QK256
2014 QP275
2014 QZ277
2014 QL283
2014 QD287
2014 QN318
2014 QN321
2014 QT340
2014 QP356
2014 RK57
2014 SN26
2014 SW54
2014 SU97
2014 SB98
2014 SG99
2014 SX99
2014 SM106
2014 SQ107
2014 SX111
2014 SJ125
2014 SS128
2014 SG137
2014 SA151
2014 SH180
2014 SK237
2014 SK244
2014 SU252
2014 SN264
2014 SB311
2014 SX342
2014 TF14
2014 TL20
2014 TH21
2014 TS26
2014 TF29
2014 TQ51
2014 TU51
2014 TK59
2014 UM1
2014 UW15
2014 US31
2014 UN90
2014 UG105
2014 UO110
2014 UC161
2014 VB3
2014 VD20
2014 VG26
2014 VC29
2014 VE29
2014 WG2
2014 WD44
2014 WG61
2014 WL71
2014 WW73
2014 WJ82
2014 WG92
2014 WD94
2014 WM96
2014 WM197
2014 WN218
2014 WL307
2014 WF104
2014 WW109
2014 WS125
2014 WJ136
2014 WX137
2014 WH138
2014 WH432
2014 WT447
2014 WQ188
2014 WM197
2014 WD198
2014 WM198
2014 WS198
2014 WJ207
2014 WN218
2014 WH488
2014 WG490
2014 WP267
2014 WS271
2014 WE273
2014 WK278
2014 WX280
2014 WY310
2014 WU330
2014 WC341
2014 WT349
2014 WK357
2014 WQ358
2014 XR12
2014 XV22
2014 XU32
2014 YA23
2015 AL38
2015 AR39
2015 AZ40
2015 AF42
2015 AJ53
2015 AX63
2015 AR79
2015 AC86
2015 AS107
2015 AV111
2015 AO117
2015 AV126
2015 AD166
2015 AF166
2015 AS167
2015 AA178
2015 AC204
2015 AU248
2015 AC249
2015 AB256
2015 AF257
2015 AS257
2015 AZ260
2015 AK268
2015 AL268
2015 AW270
2015 AX277
2015 BZ15
2015 BN19
2015 BM30
2015 BO33
2015 BT33
2015 BU33
2015 BE39
2015 BP40
2015 BS41
2015 BP57
2015 BT59
2015 BA61
2015 BY62
2015 BK63
2015 BM76
2015 BZ77
2015 BQ79
2015 BM80
2015 BO81
2015 BU85
2015 BL105
2015 BG108
2015 BM110
2015 BX381
2015 BJ122
2015 BG125
2015 BL128
2015 BB131
2015 BL138
2015 BM148
2015 BK151
2015 BB413
2015 BL153
2015 BK414
2015 BO414
2015 BP159
2015 BO420
2015 BL162
2015 BL427
2015 BV427
2015 BT170
2015 BM171
2015 BR172
2015 BX173
2015 BF178
2015 BE184
2015 BU184
2015 BP185
2015 BQ185
2015 BR186
2015 BG187
2015 BF188
2015 BH190
2015 BN192
2015 BJ454
2015 BR198
2015 BE466
2015 BR467
2015 BC468
2015 BJ211
2015 BY215
2015 BJ216
2015 BO218
2015 BC223
2015 BC489
2015 BV489
2015 BC232
2015 BJ232
2015 BZ234
2015 BH495
2015 BP497
2015 BZ499
2015 BM246
2015 BK254
2015 BO260
2015 BC261
2015 BM266
2015 BN274
2015 BR307
2015 BG310
2015 BT327
2015 BG338
2015 BU356
2015 CL2
2015 CG18
2015 CZ20
2015 CM23
2015 CD43
2015 CR44
2015 CD48
2015 DO2
2015 DZ30
2015 DB36
2015 DG37
2015 DA49
2015 DK66
2015 DG74
2015 DB75
2015 DJ82
2015 DH84
2015 DN92
2015 DC106
2015 DA107
2015 DR111
2015 DH127
2015 DO139
2015 DC144
2015 DS156
2015 DV161
2015 DZ161
2015 DA173
2015 DP179
2015 DQ180
2015 DV201
2015 DO202
2015 DR212
2015 DM222
2015 EG3
2015 EG5
2015 EO12
2015 EX36
2015 EK38
2015 EC43
2015 FH56
2015 FH95
2015 FV141
2015 FA159
2015 FG166
2015 FD275
2015 FN291
2015 FF293
2015 FJ312
2015 FR320
2015 FC323
2015 FZ328
2015 GK3
2015 GG40
2015 GR43
2015 HZ5
2015 HG7
2015 HM18
2015 HD35
2015 HQ39
2015 HA66
2015 HQ68
2015 HJ80
2015 HF86
2015 HR87
2015 HT88
2015 HW93
2015 HX93
2015 HC112
2015 HP155
2015 KH12
2015 KU24
2015 KE35
2015 KH38
2015 KO39
2015 KY40
2015 KW41
2015 KX60
2015 KW62
2015 KO65
2015 KR69
2015 KT72
2015 KL76
2015 KB78
2015 KH84
2015 KK101
2015 KP112
2015 KZ142
2015 LV25
2015 LO35
2015 LT37
2015 LS38
2015 MC22
2015 MR41
2015 MG51
2015 MD65
2015 MS77
2015 MS79
2015 MU107
2015 OE14
2015 OD15
2015 OW15
2015 OO22
2015 OP23
2015 OR72
2015 PM7
2015 PA35
2015 PZ35
2015 PO45
2015 PH51
