id
2938
3085
3299
3488
4128
4190
4799
4915
4937
4987
5307
5669
5734
6417
7125
7440
7934
7984
8293
8426
8994
9115
9345
10193
10801
10928
11005
11798
12055
12199
12824
12925
13044
13163
13258
13836
14120
14189
14801
14954
14984
15076
15427
15904
18637
19743
19755
20117
20292
20300
20301
20307
21463
23478
24142
26413
26466
27090
27468
28514
28587
29167
29790
31485
32138
32564
33736
35415
37154
39478
43542
44478
46274
46367
47419
49889
50222
50771
51396
54146
55126
56753
57228
57335
58045
71864
81156
88877
98592
103100
105968
108188
126118
152556
164676