id
390
672
1094
1215
1333
1632
1996
2221
2245
2304
2333
2403
2420
2490
2904
2995
3035
3600
3767
3811
3970
4181
4203
4252
4452
4504
4528
4553
4612
4766
4877
5059
5174
5188
5270
5507
5611
5695
5917
5996
6321
6323
6349
6391
6513
6552
6714
6758
6823
7136
7138
7356
7477
7523
7601
7644
7646
7721
7834
8045
8059
8118
8243
8382
8420
8799
8919
8997
9373
9653
9852
9891
10034
10166
10170
10179
10329
10330
10350
10742
10927
11090
11187
11496
11620
11642
11734
11934
12044
12074
12096
12132
12277
12613
12639
12728
13031
13048
13108
14030
14101
14298
14625
14933
15157
15175
15274
15449
15583
15625
15835
15993
16125
16672
16756
16769
16818
16858
17012
17105
17180
17185
17425
17642
17740
17944
17947
17999
18372
18432
18509
18813
18835
18889
18897
18922
19105
19114
19129
19180
19333
19468
19515
19554
19560
19710
19717
19718
19832
19918
20024
20579
20599
20698
20981
21006
21243
21373
21674
21776
21794
21909
21923
21996
22047
22173
22209
22417
22611
22620
22688
22706
22841
22926
22977
23165
23235
23526
23593
23608
23702
23811
23904
23944
23985
24003
24075
24123
24149
24266
24335
24359
24375
24414
24544
24931
25144
25229
25349
25352
25449
25480
25535
25573
25675
26351
26353
26388
26440
26654
26680
26773
26829
26849
26870
26903
27194
27199
27259
27285
27339
27466
27489
27642
27721
27891
27964
27978
28188
28252
28257
28266
28776
28798
28953
29028
29086
29154
29163
29341
29378
29392
29396
29465
29715
29757
29803
29867
29874
29947
29999
30009
30027
30297
30336
30432
30515
30583
30600
30619
30790
30842
30931
31056
31162
31191
31193
31208
31385
31401
31549
31718
32012
32092
32221
32264
32285
32308
32321
32359
32390
32443
32503
33070
33162
33174
33515
33693
33720
34030
34175
34307
34577
34696
34704
34744
34782
34866
35007
35035
35190
35234
35280
35501
35528
35541
35551
35582
35588
35690
35818
35845
35889
35975
36006
36011
36028
36034
36057
36235
36489
36555
36690
36705
36906
37161
37327
37342
37389
37908
37915
37925
37968
38197
38232
38316
38399
38436
38484
38575
38685
38812
38929
39046
39131
39659
39725
39749
39871
39910
39974
39996
40000
40042
40351
40391
40436
40460
40505
40583
40654
40678
40911
40966
41013
41022
41037
41198
41589
41717
41796
41809
41824
41832
41895
41945
41955
41981
41992
42125
42264
42296
42353
42467
42503
42579
42725
42790
42797
42835
42890
42905
42972
43020
43105
43140
43187
43207
43234
43287
43336
43477
43643
43669
43865
43909
43919
44021
44159
44215
44299
44310
44318
44319
44361
44503
44526
44533
44728
44804
44949
45113
45199
45271
45305
45440
45596
45901
45914
45998
46041
46085
46113
46262
46375
46428
46895
47134
47331
47458
47482
47564
47670
47829
48188
48221
48243
48337
48354
48371
48379
48490
48528
48854
49326
49357
49376
49384
49401
49417
49488
49536
49566
49903
49947
50198
50227
50247
50312
50352
50450
50528
50549
50560
50641
50719
50734
50754
50856
50866
50873
51003
51015
51102
51183
51358
51781
52150
52222
52396
52398
52407
52470
52612
53133
53363
53516
53587
53780
53874
54362
54421
54685
55016
55165
55237
55266
55468
55479
55555
55625
55629
55642
55649
55750
55885
55887
55888
55898
56185
56258
56259
56273
56335
56347
56782
57069
57128
57234
57354
57370
57388
57451
57514
57603
57779
57796
57881
58054
58162
58182
58289
58597
58673
58686
58762
58891
58952
59045
59095
59113
59403
59471
59499
59510
59547
59593
59669
59699
59706
59714
59715
59716
59723
59739
60230
60434
60472
60600
60602
60635
60686
60823
60879
60892
61000
61046
61114
61175
61307
61348
61400
61599
61887
62082
62222
62246
62322
62339
62387
62451
62596
62813
62889
62993
63053
63119
63349
63404
63422
63505
63521
63672
63841
64153
64183
64352
64678
65282
65377
65406
65640
65722
65730
65847
65986
66223
66411
66439
66472
66475
66516
66531
66532
66535
66547
66558
66711
66932
67077
67091
67277
67310
67328
68090
68103
68118
68358
68442
68463
68583
68591
68597
68687
68798
69008
69026
69029
69047
69215
69319
69418
69508
69509
69539
69540
69545
70220
70263
70338
70344
70445
70456
70476
70537
70539
70590
70692
70705
70713
70781
70783
70832
70922
70931
70950
70955
70982
71020
71123
71141
71145
71199
71305
71392
71414
71431
72094
72107
72171
72406
72419
72459
72464
72578
72638
72818
72922
73179
73183
73223
73230
73404
73766
73927
74035
74078
74234
74341
75159
75162
75220
75300
75339
75384
75400
75462
75512
75514
75556
75638
75732
75736
75789
75799
75804
75828
75878
75906
75908
75914
75926
75959
75970
75999
76047
76054
76100
76103
76170
76175
76195
76311
76319
76320
76367
76409
76907
76958
77087
77188
77223
77313
77330
77481
77507
77550
77620
77628
77635
78073
78143
78174
78214
78612
78691
78789
79046
79315
79817
79884
79963
79965
80732
80933
80957
80964
80990
80991
80996
81000
81018
81025
81122
81150
81216
81246
81250
81272
81285
81294
81311
81320
81326
81401
81426
81437
81492
81530
81531
81573
81592
81633
81652
81662
81668
81692
81712
81736
81739
81851
81903
82362
82413
82472
82481
82579
82773
82861
82972
83205
83334
83403
83791
84005
84006
84216
84260
84277
84389
84390
84621
84676
84677
84734
84745
84849
84923
84963
85007
85076
85381
85542
85603
85612
85630
85928
85930
85939
85980
87000
87079
87113
87248
87297
87392
87486
87505
87531
87577
87625
87694
87737
87773
87800
87821
87910
88260
88539
88546
88590
88600
88625
88640
88643
88662
88712
88761
88916
89105
89332
89353
89415
89536
89671
90034
90160
90365
90520
90521
91046
91061
91073
91079
91081
91354
91363
91416
91577
92695
92821
92899
92993
93045
93060
93076
93104
93139
93152
93162
93218
93252
93306
93314
93320
93371
93423
93456
93464
93513
93604
93634
93644
93708
93729
93737
93771
93855
93887
93932
93997
94027
94105
94793
95060
95192
95200
95224
95940
96333
96792
96805
96861
96888
96957
96963
97015
97024
97025
97061
97190
97200
97409
97521
97944
98515
98689
98787
98835
98862
98906
98920
98930
98995
99030
99037
99043
99064
99105
99116
99332
99545
99664
99773
99782
99910
100255
100259
100393
100635
100652
100657
101130
101160
101273
101293
101339
101437
101445
101510
101541
101555
101576
101620
101680
101728
101730
101753
101765
101829
101970
102356
102429
102607
102670
102708
102745
102805
102893
103130
103157
103174
103189
103264
103286
103303
103439
103565
103603
103676
103693
103735
103899
104043
104337
104339
104358
104394
104509
104743
104790
105052
105069
105176
105362
105383
107042
107314
107362
107422
107468
107484
107635
107714
107727
107733
107852
108056
108082
108170
108196
108237
108278
108294
108322
108364
108367
108374
108467
108584
108681
108880
108913
109110
109140
109208
109254
109280
109328
109545
109588
109621
109657
109771
109894
109896
109905
109965
110049
110146
110173
110245
110368
110378
110446
110483
110581
110590
110604
110661
110669
110709
110716
110746
110747
110764
110767
110785
110875
111084
111111
111127
111536
111620
111708
112282
112319
112625
112649
113123
113404
113405
113920
113982
114082
114232
114504
114600
114755
114811
114902
115078
115115
115520
115575
115626
115781
115805
115828
115929
116078
116433
116551
116563
116584
116737
116831
116889
116971
117042
117079
117282
117361
117363
117414
117527
117583
117594
117641
117665
117727
117935
118126
118140
118668
118738
118740
118786
118819
118861
119423
119469
119488
119496
119547
119589
119592
119611
119763
119776
119804
120068
120160
120314
120320
120489
120670
120758
120805
120864
121192
121200
121302
121472
121536
122257
122546
122572
122617
122622
122639
122688
122854
122916
122925
122993
122997
123049
123050
123073
123082
123159
123183
123199
123249
123261
123290
123301
123345
123377
123433
123462
123479
123484
123485
123582
123821
124587
124815
124827
125592
125596
125650
125708
125724
125743
125779
125787
125788
125814
125939
126031
126087
126288
126361
126397
126478
126526
126535
126575
126610
126638
126657
126663
126903
127028
127116
127226
127283
127298
127609
127939
127957
128041
128422
128444
128689
128755
128921
129062
129127
129166
129172
129284
129650
129923
129926
129939
129944
129953
129958
129988
130013
130021
130041
130048
130080
130203
130844
130919
130963
131019
131021
131063
131070
131071
131087
131108
131117
131317
132066
132162
132351
132403
132460
132464
132545
132553
132555
132582
133050
133568
133612
133615
133638
133673
133774
133857
133927
133969
133971
134089
134165
134223
134449
134480
134717
134735
134802
134815
135347
135692
135728
135762
135789
135802
135893
135954
136299
136325
136357
136495
137006
137136
137896
138136
138151
138199
138221
138233
138322
138333
138337
138405
138416
138487
138516
138827
139248
139292
139332
139367
139369
139371
139433
139450
139496
139513
139541
139719
139996
140266
140277
140439
140600
140847
140923
141355
142201
142379
142405
142421
142452
142531
142658
142682
142727
142743
142817
142836
142849
142878
142904
142937
143088
143103
143154
143172
143181
143209
143234
143294
143410
143600
143879
143985
144299
144349
144518
144746
144807
145403
145455
145462
145638
145704
145775
145838
145848
146065
146410
146531
146596
146824
147221
147246
147347
147375
147425
147813
147838
147949
148082
148095
148296
148557
148617
148669
148721
148736
148761
148767
148776
148784
148829
148840
148932
149415
149418
149440
149442
149443
149455
149471
149479
149506
149730
149731
149870
150056
150115
150362
150551
150783
150896
150991
151006
151017
151063
151081
151109
151117
151136
151232
151642
151737
151739
151770
151778
151782
152312
152437
152446
153128
153709
153712
153720
153721
153740
153783
153791
153797
153883
153973
153975
154486
154504
154530
154582
154583
154691
154884
154892
155295
155758
156291
156306
156324
156330
156347
156369
156387
156415
156437
156471
156531
156544
156955
156983
156993
157272
157313
157474
157633
157641
157872
157879
157880
158014
158028
158067
158367
158371
158396
158402
158420
158435
158453
158457
158477
158504
158506
159122
159189
159230
159351
159628
160045
160046
160165
160233
160289
160501
160784
160990
161034
161065
161066
161383
161647
161892
162036
162086
162230
162238
162289
162809
162868
163268
163274
163276
163277
163279
163858
163867
163924
163947
164063
164427
164455
164619
164649
164674
164709
164817
164970
164986
165018
165505
165540
165560
165580
165596
165622
165658
165714
166309
166414
167170
167171
167196
167260
167274
167275
167328
167345
167377
167817
167823
167843
167927
167959
167984
168158
168159
168188
168240
168338
168592
169035
169733
169817
169828
169896
170446
170467
170495
170518
170547
170621
170651
170656
171039
171088
171126
171599
171619
171622
171626
171630
171844
172190
172593
172771
173002
173376
173397
173686
174236
174286
174301
174306
174316
174342
174395
174439
174834
174842
174850
174890
174899
174991
174995
175046
175061
175076
175240
175265
175266
175305
175770
175913
175945
176186
176190
176194
176204
176235
176251
176315
176690
176751
176807
176878
176893
176900
176911
176942
177195
177324
177389
177391
177415
177440
177459
177466
177475
177505
177507
177513
177519
177631
177975
178126
178170
178180
178386
178408
178526
178596
178635
178876
178995
179010
179092
179127
179192
179272
179840
179891
179908
179916
179949
179966
179996
180011
180230
180367
180410
180497
180531
180598
180717
180943
181014
181433
181489
181559
181586
181650
181681
181695
182071
182081
182341
182388
182461
182466
182471
182543
183040
183215
183296
183337
183352
183369
183398
183406
183422
183426
183447
183810
183919
183961
184027
184060
184105
184115
184141
184292
184387
184740
184846
185186
185386
185413
185662
185872
186089
186093
186113
186131
186146
186200
186213
186581
186861
186888
186911
187569
187580
187723
188067
188471
188663
189374
189453
190017
190046
190134
190293
190565
190624
191067
191304
191670
191679
191747
192034
192402
192478
193313
193409
193441
193462
193487
193490
193513
193591
195083
195195
195199
195207
195313
195342
195364
195433
195446
195501
195526
195598
196369
196455
196519
196531
197372
198009
198051
198211
198292
198306
198356
198366
198387
198449
198533
198969
199049
199187
199195
199328
199361
199479
199685
199723
199750
199753
199829
200006
200059
200102
200108
200255
200502
200554
201082
201088
201104
201110
201146
201533
201550
201627
202110
202150
202164
202171
202197
202221
202348
202378
202399
202862
203216
203235
203972
204402
204475
204491
204585
204748
204781
204794
205119
205390
205405
205417
205964
206504
206516
206545
206581
206647
207156
207205
207232
207256
207261
207575
208002
208073
208287
208299
208750
208772
208773
208804
208829
209241
209268
209274
209576
209718
209763
209828
210357
210591
211374
211719
211728
211737
211779
212110
212114
212145
212152
212159
212197
212221
212248
212548
212759
212804
213111
213136
213260
213356
213972
213979
213987
214142
214230
214246
214334
214369
214388
214624
214729
215040
215156
215168
215541
215699
215748
215934
216171
216189
216205
216236
216275
216347
216500
216536
216819
217253
217466
217553
217594
217907
217941
217950
217955
217970
218018
218275
218688
218744
219540
219616
219691
219713
219720
219732
219774
220307
220311
220326
220352
220549
220564
221138
221161
221165
221328
221368
221847
221920
222544
222584
222586
222588
222645
222648
222650
222654
222680
223235
223246
223271
223282
223669
224382
224387
224398
224411
224438
224522
224527
224571
224578
225163
225284
225561
225761
225791
225883
225917
226070
226362
226714
227245
227265
227355
227383
227406
227456
227461
227948
227991
228183
228321
228348
228354
228569
228623
228636
228641
229109
229128
229562
229714
229894
229927
230039
230059
230068
230247
230302
230329
230393
230692
230822
230875
230890
230923
230926
231223
231271
231285
231301
231854
231880
232179
232199
232785
232801
232837
232861
232867
232883
233284
233308
233317
233327
233411
233523
233690
233766
233828
233970
234087
234126
234293
234321
234672
234678
234682
234713
234721
234727
235163
235209
235222
235227
235264
235356
235703
235706
235713
235761
235777
235818
235819
236241
236350
236354
236427
236445
236494
236512
236876
236926
236951
237144
237210
237265
237267
237291
237375
237443
237574
237864
237872
237875
237887
238197
238257
238559
238585
238610
238641
239025
239061
239135
239372
239580
239660
239759
240213
240359
240395
240933
240966
240970
240972
241319
241380
241566
241645
241766
241770
242256
242319
242496
242541
242712
242771
243335
243464
243611
243659
244124
244226
244386
244468
244760
244777
244798
244812
244897
245225
245238
245283
245458
245616
246024
246033
246036
246413
246454
246570
246882
246898
247181
247415
247458
247469
247555
247579
247834
248164
248170
248256
248778
248823
248854
248952
249257
249361
249522
249686
249696
249701
250156
251038
251118
251125
251133
251234
251243
251421
251500
251611
251669
251980
252010
252241
252251
252284
252299
252303
252400
252959
253121
253122
253141
253142
253173
253216
253224
253236
253278
253837
253933
253939
253953
253973
253979
254007
254026
254035
254043
254049
254096
254698
254745
255765
255768
255824
255953
256007
256012
256015
256072
256086
256150
256151
256186
256335
256555
256694
256860
256932
256978
257172
257174
257439
257552
257769
257809
257828
258106
258116
258128
258177
258187
258258
258887
258939
259096
259125
259205
259208
259218
259224
259245
259315
259859
259880
259890
259903
260056
260058
260098
260635
260637
260688
260714
260779
260791
261071
261250
262336
262337
262399
262461
262600
262620
262666
262702
262754
262823
263127
263247
263355
263424
263690
263744
264540
264543
264580
264590
264608
264609
264637
264642
264718
265003
265008
265016
265238
265579
265659
265665
265722
266235
266248
266287
266301
266359
266415
266778
266794
267181
267196
267206
267257
267356
267363
267380
267409
267724
267734
267736
267752
268386
268404
268426
268430
268443
268451
268472
268495
268528
268545
269016
269034
269078
269236
269381
269403
269528
269711
269945
269973
270336
270381
270416
270508
271055
271658
271665
271905
272250
272268
272413
272492
272524
272557
272576
272593
272636
272679
272748
272781
272808
273325
273398
273584
273635
273736
273805
273863
273891
273923
273928
273973
273980
274154
274395
275027
275030
275050
275056
275360
275395
275705
276026
276044
276053
276060
276067
276086
276092
276106
276393
276928
276946
276950
276972
277139
277328
277361
277500
277597
277605
277628
277970
278121
278228
278269
278286
278845
279139
279268
279334
279351
279593
279699
279714
279732
279841
280067
280088
280286
280638
280920
280939
280974
281345
281347
281489
281504
281521
281616
281772
281841
281897
281942
281966
282116
282230
282247
282378
282573
282702
282734
282744
282840
282921
282922
282956
283342
283399
284054
284112
284256
284461
284513
284840
285044
285061
285465
285751
285826
285918
286006
286572
286723
286930
287015
287019
287105
287123
287508
287795
287881
287926
288040
288313
288413
288481
288484
288540
288550
288586
288740
288757
289312
289324
289328
289367
289573
289724
289754
289925
289945
290061
290093
290255
290373
290434
290459
291249
291324
291325
291447
291640
291705
291728
291747
291951
291969
292013
292029
292298
292347
292357
292426
292530
292696
292780
292813
293003
293020
293052
293072
293115
293139
293201
293312
293453
293458
293654
293679
293729
293778
293792
293887
293929
293944
293945
294198
294223
294297
294639
294919
294970
295146
295202
295230
295477
295633
295643
295716
295915
296276
296354
296431
296505
296942
297014
297193
297359
297979
297989
297997
298433
298450
298475
298485
298508
298513
298516
298520
298578
299029
299060
299079
299086
299164
299180
299227
299615
300352
300354
300389
300391
300398
300510
300564
300579
300627
300634
300640
300670
300806
300829
301142
301349
301430
301548
301551
301669
301929
301940
302099
302104
302543
302547
302567
302583
302607
302627
302734
303008
303032
303067
303111
303541
303553
303564
303572
304141
304939
305077
305159
305169
305176
305193
305249
305271
305623
305732
305803
305804
305895
305930
306146
306251
306565
306901
306960
307181
307210
307269
307272
307327
307371
307427
307553
307692
307768
307832
307925
308040
308277
308287
308298
308300
308307
308309
308313
308775
308863
309256
309286
309484
309519
309536
309551
309587
309903
310007
310116
310171
310177
310317
310331
310740
310791
310801
310808
311027
311029
311036
311062
311083
311089
311309
311322
311639
311672
311781
312246
312269
312336
312423
312573
312772
313196
313469
313487
313850
313858
314220
314233
314720
314736
314754
314788
314794
314816
314835
314838
314887
314899
315502
315546
315579
315583
315590
315669
315673
315674
315729
315753
315761
315858
317004
317025
317094
317366
317419
317429
317897
318030
318037
318062
318064
318068
318088
318111
318125
318292
318374
318662
318680
318726
318912
318951
319050
319508
319801
319810
319838
320254
320322
320603
320675
320710
320722
320740
320748
320759
320806
320825
320832
320864
320869
320987
321236
321446
321718
321915
322062
322234
322363
322556
322817
322822
322837
323120
323127
323135
323783
323791
323803
323897
324016
324495
324514
324535
324543
324610
324611
324615
325031
325065
325095
325193
325203
325214
325267
325317
325533
325778
326150
326197
326245
326272
326394
326398
326408
326427
326697
326701
326988
327243
327266
327271
327373
327874
327877
327887
327890
328184
328220
328226
328233
328315
328355
328522
328635
328953
328984
329079
329098
329357
329372
329376
329594
329598
330010
330043
330070
330075
330084
330093
330113
330413
330419
331186
331379
331407
331422
331434
331490
331552
331606
331618
332108
332109
332116
332182
332333
332758
332774
332812
332929
333053
333199
333203
333243
333569
333671
334035
334370
334376
334391
334395
334405
334826
335057
335066
335079
335097
335169
335437
335476
335517
335534
335572
335738
335795
335804
335825
336153
336206
336261
336266
336309
336319
336321
336329
336618
336682
336752
336808
336823
336996
337029
337131
337138
337977
337987
337989
338017
338019
338020
338543
338726
339160
339276
339277
339285
339327
339392
339480
340174
340241
340254
340263
340302
340343
340347
340355
340504
341107
342147
342172
342187
342247
342256
342269
342289
342311
342322
342346
342384
342422
342434
342492
342582
342719
342723
342797
342819
342852
342908
343358
343429
343449
343526
343566
343683
343894
343917
343933
344018
344401
344455
344641
344663
344966
345011
345431
345435
345463
345472
345473
345837
345860
345930
346018
346412
346473
346542
346560
346617
346618
346642
346661
346667
347089
347155
347293
347527
347806
347950
347995
348016
348038
348064
348321
348329
348336
348371
348783
349036
349155
349208
349278
349331
349634
349674
349685
349706
349820
350015
350016
350094
350333
350494
351069
351375
351376
351423
352199
352257
352294
352352
352841
352895
352896
352921
352935
353334
354012
354242
354260
354280
354286
354292
354585
354617
354632
354658
355329
355405
355442
356026
356035
356108
356111
356141
356144
356701
356721
356738
356800
356818
356938
357020
357260
357272
357422
357631
357654
357661
357673
357675
358141
358152
358157
358534
358567
358588
358611
358632
358640
359075
359209
359228
359256
359284
359289
359422
359555
360248
360296
360465
360481
360616
361241
361371
361383
361705
361716
361802
362182
362185
362201
362203
362228
362246
362648
362768
362978
363189
363379
363518
363568
363570
363588
363838
364298
364333
364360
364379
364405
364430
364760
364767
364797
364812
364884
365075
365237
365441
365733
366044
366330
366725
366918
367200
367332
367811
368077
368445
368448
368680
368769
369259
369278
369298
369315
369532
369565
369758
370142
370172
370731
370952
370954
370990
371022
371044
371083
371088
371123
371672
371684
371693
371697
371727
371948
371970
371977
371987
371997
372449
372467
372470
372494
372523
372554
372566
372947
373607
373845
373849
373852
374342
374344
374407
374434
374436
374455
374521
374972
374992
375004
375269
375279
375831
375895
375930
376189
376222
376232
376262
376472
376517
376653
376930
377347
377349
377379
377396
377622
377698
377717
377750
377757
377780
377842
377935
378150
378261
378327
378833
379198
379209
379289
379305
379318
379322
379329
379334
379340
379357
379363
379479
379589
379631
379722
379743
379897
379909
379992
380000
380124
380192
380279
380303
380310
380315
380741
380790
380876
380886
381803
381840
381893
381904
382051
382056
382126
382319
382598
382883
383199
383209
383214
383230
383871
383874
383892
383983
384484
384492
384506
384511
384513
384594
384715
384721
384748
384839
384885
385051
385105
385117
385140
385175
385331
385382
385560
385813
385839
386087
386295
386333
386337
386344
386353
386365
386372
386398
386409
386413
386429
386445
386761
386776
386813
386895
386933
387010
387488
387755
388195
388201
388203
388234
388251
388252
388848
388967
388986
389049
389087
389420
389446
389529
389913
389930
390012
390140
390406
390422
390477
390506
390736
390745
390764
390776
390895
390899
391193
391202
391205
391534
391576
391612
391936
391969
391977
392339
392341
392345
392378
392764
392892
392923
392929
392983
393000
393192
393241
393505
393724
393727
393742
394510
394535
394589
394600
394882
394968
395195
395826
395854
395863
395864
396240
396660
396921
396931
397239
397285
397555
397848
397856
397987
398154
398176
398417
398423
398541
398709
398713
399062
399074
399220
399299
399467
399508
399602
399609
400044
400381
400618
400638
400667
400816
401542
401565
401609
401651
401854
402111
402119
402647
402672
402673
403012
403038
403054
403341
403564
403658
403693
403900
404162
404180
404234
404290
404374
404389
404448
404490
404799
404932
405160
405162
405552
405970
405988
405997
406004
406055
406073
406128
406168
406189
406549
406573
406595
406614
406648
406680
406904
406944
407333
407345
407379
407391
407401
407419
407445
407492
407553
408182
408199
408316
408320
408326
408449
408461
408507
408532
408603
408670
408881
409410
409908
409928
409933
409958
410030
410412
410428
410430
410487
410495
410505
410548
410606
411222
411229
411260
411275
411316
411344
411417
411426
411881
411939
412205
412228
412318
412444
412470
412485
412508
412608
412694
412736
413374
413522
413895
413961
414814
414825
414828
414856
415127
415129
415133
415396
415475
415931
415962
416250
416257
416260
416890
417052
417539
417589
417660
417707
417729
417841
418263
418292
418324
418407
418415
419552
419692
419779
419812
419865
420063
420393
420528
420581
420622
420652
420688
420700
420812
421098
421156
421252
421347
421429
421457
421613
421630
421715
421982
422257
422291
422390
422434
423238
423497
423510
423603
423609
423630
423649
423695
424062
424107
424116
424117
424118
424136
424141
424690
425171
425198
425279
425663
425780
425822
425824
425839
425933
425936
425966
426152
426247
426383
426505
426514
426527
426821
426831
427102
427198
427472
427748
427773
427926
427999
428273
428276
428344
428822
429120
429156
429166
429198
429200
429203
429223
429238
429483
429546
429549
429587
429638
429707
429804
430012
430122
430527
430936
430956
430975
431027
431400
431803
431905
431974
432349
432355
432361
432409
432741
432754
432789
432795
432805
432834
432866
433460
433546
433558
433587
433996
434217
434369
434374
434657
434661
434673
434695
434703
435156
435586
435605
435676
435678
435816
435842
435858
436328
436523
436592
436867
436889
437044
437051
437082
437398
437419
437441
437479
437503
437577
437625
437711
437778
437806
438100
438301
438498
438770
439285
439289
439378
439561
439725
439768
1995 SX67
1999 VD147
2000 FP73
2000 WB5
2001 PT60
2001 SG100
2001 SF125
2001 TS47
2001 TW251
2001 US194
2002 CE294
2002 DB18
2002 EM104
2002 EV163
2002 FT18
2002 FC30
2002 GH18
2002 GG71
2002 GP97
2002 GQ178
2002 GD189
2002 NO
2002 NJ66
2002 PN3
2002 PB4
2002 PN131
2002 QK65
2002 QG84
2002 QG102
2002 QO137
2002 QB144
2002 TA197
2002 UN50
2002 UT59
2003 HE16
2003 KJ8
2003 KD16
2003 QR47
2003 SX82
2003 SA194
2003 SK323
2003 SL392
2003 SP396
2003 SP163
2003 SA194
2003 SK323
2003 UQ159
2003 VF11
2003 WN31
2003 WD35
2003 WL186
2003 YN80
2003 YG117
2004 BK24
2004 FN38
2004 PU9
2004 PT44
2004 PS70
2004 TX88
2004 TT299
2004 VG82
2005 BQ14
2005 ET178
2005 EC184
2005 EQ203
2005 GL8
2005 GC125
2005 JF89
2005 LO
2005 QC85
2005 QN111
2005 QZ111
2005 SC64
2005 SQ174
2005 SH284
2005 TM82
2005 TO133
2005 TH154
2005 TW156
2005 UB77
2005 UT157
2005 UZ161
2005 UH183
2005 UP211
2005 UP245
2005 UZ515
2005 UH290
2005 VP127
2005 WD142
2005 XC59
2005 XH67
2005 YQ21
2005 YQ154
2005 YV207
2005 YW238
2006 BS19
2006 BG21
2006 BV42
2006 BG87
2006 BY107
2006 BF116
2006 DH90
2006 DW91
2006 DO93
2006 DQ134
2006 DR216
2006 EP22
2006 EY28
2006 FX13
2006 GP5
2006 HW35
2006 HH45
2006 HZ98
2006 KE22
2006 KS25
2006 KT51
2006 KS58
2006 QD6
2006 QX41
2006 RK49
2006 RD54
2006 RK121
2006 SX2
2006 SB65
2006 SA410
2006 SL162
2006 SC221
2006 SY268
2006 SZ344
2006 TS80
2006 TY92
2006 TG112
2006 TV112
2006 UF11
2006 UH59
2006 UT113
2006 UF125
2006 UZ136
2006 UP141
2006 UF201
2006 UY210
2006 UG260
2006 UQ281
2006 UF335
2006 UW345
2006 VG27
2006 VA31
2006 VF56
2006 WY21
2006 WT56
2006 XY61
2006 XA62
2006 YF48
2007 BT100
2007 CK1
2007 CR14
2007 CY64
2007 DV74
2007 DZ110
2007 EY59
2007 EZ63
2007 EA67
2007 EO101
2007 EZ121
2007 ER145
2007 EH155
2007 EU193
2007 GJ60
2007 HF25
2007 HG74
2007 HX91
2007 HQ95
2007 JY14
2007 LM
2007 PX10
2007 RV247
2007 RQ287
2007 RD297
2007 TV50
2007 TN76
2007 TP89
2007 TN346
2007 TM403
2007 TK426
2007 TC427
2007 TQ435
2007 TM194
2007 TC222
2007 TK227
2007 TZ277
2007 TQ303
2007 TE326
2007 TN346
2007 VB25
2007 VZ42
2007 VN56
2007 VO59
2007 VK99
2007 VV171
2007 VG240
2007 VO264
2007 VS328
2007 VL332
2007 WF1
2007 WF61
2007 WW62
2007 YU28
2007 YX40
2007 YV61
2007 YD67
2008 AV5
2008 AO25
2008 AN28
2008 AH93
2008 AQ95
2008 AU137
2008 CR
2008 CC30
2008 CU35
2008 CH45
2008 CL51
2008 CD96
2008 CX107
2008 CQ146
2008 CM193
2008 CG199
2008 CQ203
2008 DZ59
2008 DY82
2008 EN8
2008 EO37
2008 EB45
2008 EN92
2008 EW116
2008 ER136
2008 EF157
2008 EW162
2008 FF12
2008 FW15
2008 FT16
2008 FQ65
2008 FF66
2008 FG75
2008 FZ100
2008 FV127
2008 FY132
2008 HQ20
2008 HH25
2008 HY28
2008 HT55
2008 KC36
2008 PJ4
2008 RM92
2008 SB35
2008 SP103
2008 SJ110
2008 SV140
2008 SG192
2008 SD228
2008 SL254
2008 SH270
2008 SX281
2008 TN79
2008 TZ100
2008 TY101
2008 TU164
2008 TT183
2008 UM55
2008 UG366
2008 UT108
2008 UP132
2008 UQ142
2008 UF178
2008 UJ248
2008 US278
2008 VA11
2008 VT19
2008 VR23
2008 VN45
2008 VN49
2008 VY67
2008 VT73
2008 VY77
2008 WM43
2008 WH63
2008 WE110
2008 WP133
2008 YO92
2008 YF111
2008 YO122
2008 YD157
2009 BJ25
2009 BZ25
2009 BA29
2009 BC37
2009 BR39
2009 BN72
2009 BX78
2009 BO90
2009 BL97
2009 BZ97
2009 BH143
2009 BN162
2009 BE168
2009 BR183
2009 CT46
2009 DG56
2009 DV72
2009 DQ110
2009 DU114
2009 DX123
2009 DT125
2009 DA128
2009 DO134
2009 DS136
2009 ED9
2009 FU9
2009 FJ41
2009 HV14
2009 HS92
2009 JK12
2009 RL31
2009 SB81
2009 SD123
2009 SW177
2009 SK188
2009 SE203
2009 SS276
2009 SU344
2009 UC57
2009 UN66
2009 UH109
2009 UT126
2009 UQ149
2009 VY68
2009 VW69
2009 VJ73
2009 WW130
2009 WZ187
2010 AL43
2010 AO132
2010 BO1
2010 BX5
2010 BS6
2010 BY56
2010 CM6
2010 CC155
2010 CL155
2010 CS182
2010 DQ77
2010 EM35
2010 EA72
2010 EG73
2010 EA76
2010 EH107
2010 FX48
2010 GF75
2010 GP106
2010 GQ117
2010 HV37
2010 JL36
2010 JZ43
2010 JN137
2010 KC36
2010 KJ123
2010 LB52
2010 NA12
2010 RO11
2010 RU46
2010 RH51
2010 RK100
2010 RZ117
2010 RW124
2010 SJ8
2010 TE149
2010 UC25
2010 UB87
2010 UB94
2010 UY107
2010 VO44
2010 VC106
2010 VT118
2010 VQ135
2010 VM136
2010 VP173
2010 VV218
2010 WG29
2010 WV44
2010 WK50
2010 WA52
2010 WE52
2010 WA70
2010 XC71
2010 XW71
2011 AC10
2011 AA32
2011 AH51
2011 AW70
2011 BS3
2011 BQ15
2011 BA101
2011 BA114
2011 BZ119
2011 CR38
2011 CH49
2011 DP7
2011 EJ13
2011 EG16
2011 ET21
2011 EM50
2011 EL81
2011 FP20
2011 FR60
2011 FJ111
2011 FP137
2011 FZ157
2011 GG57
2011 GP83
2011 HG34
2011 JL11
2011 KU4
2011 LG25
2011 RS1
2011 SA14
2011 SU77
2011 SX107
2011 SW125
2011 SM138
2011 SX191
2011 SZ200
2011 SF204
2011 SX259
2011 ST267
2011 TG16
2011 UE44
2011 UA48
2011 UM50
2011 UD84
2011 US86
2011 UN88
2011 UX91
2011 UP94
2011 UZ106
2011 UK186
2011 UD200
2011 UZ106
2011 UD145
2011 UJ405
2011 UR161
2011 UQ182
2011 UK186
2011 UB187
2011 UD200
2011 UR203
2011 UY259
2011 VO22
2011 WN11
2011 WQ38
2011 WN56
2011 WS105
2011 WB115
2011 XH
2011 YH48
2011 YN52
2012 AB9
2012 AL18
2012 AF22
2012 BF24
2012 BQ36
2012 BJ69
2012 BC73
2012 BR81
2012 BX111
2012 CR1
2012 CX12
2012 CW22
2012 CA32
2012 DS37
2012 DX39
2012 DS42
2012 DB58
2012 DG69
2012 DU72
2012 DU80
2012 EV15
2012 FV26
2012 FZ46
2012 FB67
2012 FE77
2012 FH77
2012 GU18
2012 GN29
2012 GG33
2012 GV33
2012 GJ36
2012 HH1
2012 HQ8
2012 HR23
2012 HF32
2012 HU54
2012 HS80
2012 HR81
2012 JD12
2012 JK13
2012 JN22
2012 JG23
2012 KH51
2012 PY6
2012 PA18
2012 QF52
2012 SJ
2012 SJ17
2012 SL56
2012 TU17
2012 TV148
2012 TA171
2012 TP173
2012 TN189
2012 TA200
2012 TO228
2012 TJ303
2012 UD27
2012 UG90
2012 UC94
2012 UN109
2012 UL132
2012 UH136
2012 UZ146
2012 UV163
2012 UH165
2012 UU165
2012 VZ18
2012 VH61
2012 VZ73
2012 VJ74
2012 VK75
2012 VU95
2012 WJ19
2012 WR21
2012 WE27
2012 WQ34
2012 XS8
2012 XH97
2012 XX131
2012 XN135
2012 XT146
2012 XH149
2012 XP156
2013 AT14
2013 AJ15
2013 AJ57
2013 AJ58
2013 AH77
2013 AU85
2013 AO161
2013 AT174
2013 BG29
2013 BG39
2013 BC46
2013 BW49
2013 BE56
2013 BV58
2013 BJ69
2013 BW72
2013 CB23
2013 CF23
2013 CX51
2013 CD67
2013 CR70
2013 CB71
2013 CU77
2013 CR78
2013 CZ83
2013 CT86
2013 CY86
2013 CJ93
2013 CZ103
2013 CB135
2013 CV135
2013 CB156
2013 CF193
2013 CF208
2013 DW1
2013 DX5
2013 DP11
2013 EJ1
2013 EX44
2013 EQ106
2013 EE108
2013 EK114
2013 EP117
2013 FG21
2013 FC24
2013 GT33
2013 GB61
2013 GH130
2013 HB10
2013 HU20
2013 HT23
2013 HW37
2013 JK8
2013 JC22
2013 JD27
2013 JH37
2013 JA50
2013 KX2
2013 KE11
2013 KA17
2013 LA5
2013 LP8
2013 LK12
2013 LH32
2013 PV7
2013 PO30
2013 PE45
2013 QP9
2013 QW23
2013 QG37
2013 QA58
2013 QW71
2013 RM1
2013 RB16
2013 RE47
2013 SP8
2013 SF58
2013 TF3
2013 TU35
2013 TG59
2013 TE94
2013 WK2
2013 WB22
2013 WG66
2013 WV74
2013 WL98
2013 XW
2013 XL24
2013 YU4
2013 YZ39
2013 YY49
2013 YA55
2013 YO69
2013 YZ82
2013 YB83
2013 YB87
2013 YJ90
2013 YD108
2013 YY116
2013 YL124
2013 YU134
2013 YO148
2014 AW2
2014 AM5
2014 AM21
2014 AZ33
2014 AA42
2014 BU3
2014 BY11
2014 BK55
2014 CE21
2014 DM9
2014 DU9
2014 DN19
2014 DL28
2014 DX28
2014 DR38
2014 DW40
2014 DW61
2014 DB72
2014 DY76
2014 DF96
2014 DR96
2014 DD110
2014 DU128
2014 EA7
2014 EA17
2014 EH17
2014 EH26
2014 ES34
2014 EU47
2014 EH48
2014 FS51
2014 FN67
2014 FP67
2014 GZ3
2014 GP6
2014 GG9
2014 GT31
2014 GY37
2014 HQ1
2014 HG8
2014 HD10
2014 HW22
2014 HY55
2014 HO100
2014 HJ111
2014 JW26
2014 JW39
2014 JQ43
2014 JU44
2014 JZ45
2014 JM48
2014 JC53
2014 KC3
2014 KA16
2014 KL52
2014 KC77
2014 KL89
2014 LV12
2014 LJ15
2014 LF21
2014 MA7
2014 MW9
2014 MA23
2014 NV17
2014 NB29
2014 NH42
2014 NH62
2014 OJ20
2014 OQ42
2014 OX57
2014 OB74
2014 OK99
2014 OE381
2014 OQ381
2014 OK382
2014 OT388
2014 OT143
2014 OK166
2014 OQ212
2014 OE231
2014 OE247
2014 OH255
2014 OJ293
2014 OB329
2014 OQ342
2014 PA29
2014 PT42
2014 PL43
2014 PR43
2014 PC54
2014 QF20
2014 QX26
2014 QF27
2014 QR84
2014 QZ371
2014 QF375
2014 QY385
2014 QH396
2014 QL412
2014 QA418
2014 QL168
2014 QX437
2014 QQ438
2014 QF441
2014 QB268
2014 QU285
2014 QT359
2014 RW44
2014 SE112
2014 SQ129
2014 SD159
2014 SU160
2014 SG208
2014 SO208
2014 SK234
2014 SL308
2014 ST327
2014 TC5
2014 TU9
2014 TB22
2014 TQ29
2014 TF37
2014 TP54
2014 TP55
2014 TX68
2014 TK72
2014 UC35
2014 US44
2014 UC54
2014 UE55
2014 UQ84
2014 UU85
2014 UW93
2014 UW121
2014 UJ126
2014 UU169
2014 UZ169
2014 UN172
2014 UC177
2014 UB184
2014 UX192
2014 UG198
2014 VX
2014 VL8
2014 VY22
2014 WO3
2014 WJ4
2014 WY43
2014 WM73
2014 WK82
2014 WJ270
2014 WO102
2014 WW382
2014 WJ410
2014 WB162
2014 WM163
2014 WK427
2014 WF468
2014 WE494
2014 WD289
2014 WU289
2014 WU317
2014 XZ14
2014 YG4
2014 YE10
2015 AH17
2015 AA179
2015 AJ240
2015 AA255
2015 AV262
2015 BZ4
2015 BP10
2015 BD15
2015 BC27
2015 BY76
2015 BO89
2015 BP134
2015 BQ147
2015 BG151
2015 BT179
2015 BM182
2015 BD456
2015 BZ251
2015 BH266
2015 BA274
2015 BE293
2015 BH293
2015 CH10
2015 CQ54
2015 CX54
2015 CB55
2015 DY25
2015 DB95
2015 DQ137
2015 DN176
2015 DM202
2015 DG223
2015 EG64
2015 FV158
2015 FZ163
2015 FK174
2015 FX220
2015 FE312
2015 FQ317
2015 FH321
2015 FQ323
2015 FG330
2015 GO17
2015 GF37
2015 HF16
2015 HY35
2015 HX60
2015 HE76
2015 HG100
2015 HK134
2015 HJ148
2015 JC10
2015 KG37
2015 KE42
2015 KS48
2015 KD94
2015 KW132
2015 LS2
2015 LO8
2015 LG12
2015 LD31
2015 MA5
2015 MP5
2015 MJ38
2015 MQ56
2015 MC57
2015 MG77
2015 MY93
2015 NM21
1995 SX6
1996 GO7
1997 SA33
1998 HT2
1999 RV216
2000 WT63
2001 FB202
2001 FX214
2001 FP219
2001 FW226
2001 FB229
2001 HR17
2001 SG99
2001 VF133
2001 WQ81
2002 CJ25
2002 GJ191
2002 JF57
2002 JE125
2002 LT63
2002 LF64
2002 OE35
2002 PT177
2002 PG198
2002 RV166
2002 RQ254
2002 RE266
2002 ST68
2002 TB315
2002 WC30
2003 BW39
2003 FT38
2003 PP4
2003 SV366
2003 SX383
2003 SF130
2003 SD428
2003 SA433
2003 TO1
2003 TZ5
2003 UO69
2003 UR234
2004 AC24
2004 CG33
2004 ET78
2004 FC1
2004 RZ24
2004 RG247
2004 RT259
2004 SY24
2004 TP105
2004 TS132
2004 TS153
2004 TV192
2004 TO225
2005 GN107
2005 JV41
2005 QP129
2005 RX21
2005 RL39
2005 ST211
2005 TC20
2005 TD34
2005 TD178
2005 TZ192
2005 TM196
2005 UE183
2005 UV220
2005 UY521
2005 UW522
2005 UO263
2005 UE281
2005 UB315
2005 UX326
2005 VK21
2005 WD52
2005 WH111
2005 XF23
2005 XM99
2005 YT100
2005 YD140
2006 AJ10
2006 BE28
2006 BG58
2006 BG182
2006 BC202
2006 BP207
2006 BS215
2006 BX218
2006 CM7
2006 DO58
2006 DH137
2006 DU142
2006 HP98
2006 HF100
2006 HC104
2006 KL27
2006 KO78
2006 PK10
2006 QX169
2006 RH113
2006 SA114
2006 SV380
2006 SF385
2006 SJ165
2006 SA249
2006 TE118
2006 UQ96
2006 UU116
2006 UO139
2006 US142
2006 UU276
2006 UD355
2006 VN36
2006 VP101
2006 WC158
2006 XC46
2006 YT2
2007 AW28
2007 BZ23
2007 CV15
2007 DS20
2007 DR28
2007 DS29
2007 DM73
2007 EW32
2007 EL218
2007 GV70
2007 HZ4
2007 HL15
2007 HT43
2007 HX62
2007 MQ2
2007 QN17
2007 RN51
2007 RM71
2007 RE175
2007 TP54
2007 TJ389
2007 TU174
2007 TD276
2007 TV341
2007 UR15
2007 UV63
2007 VY82
2007 VV100
2007 VJ182
2007 VD208
2007 VP252
2007 VE296
2007 WE51
2007 YC45
2007 YA65
2008 AX128
2008 CY20
2008 CT26
2008 CL41
2008 CX54
2008 CA113
2008 CN135
2008 CF145
2008 CO164
2008 CD203
2008 DE65
2008 DQ74
2008 DV81
2008 DN87
2008 EZ9
2008 ER123
2008 ES127
2008 EE135
2008 FG13
2008 FU34
2008 FM108
2008 FS128
2008 GW8
2008 GC62
2008 KE40
2008 QE
2008 RV52
2008 RX124
2008 SS140
2008 SL162
2008 SA271
2008 TL7
2008 TW29
2008 TY75
2008 TF125
2008 TY137
2008 UH19
2008 UY82
2008 UD177
2008 UZ239
2008 UP260
2008 UD264
2008 VS29
2008 VK30
2008 WD29
2008 YR77
2008 YB130
2009 AQ21
2009 AO40
2009 BF64
2009 BR70
2009 BN100
2009 BF114
2009 BR168
2009 BH170
2009 BT180
2009 CY18
2009 DR59
2009 DV113
2009 DL132
2009 EA27
2009 FN59
2009 FT61
2009 HB16
2009 HB59
2009 HG97
2009 HL100
2009 JV8
2009 LG
2009 QU3
2009 RZ41
2009 SW82
2009 SL365
2009 SH115
2009 SJ323
2009 UE115
2009 VP21
2009 VP82
2009 WC108
2009 WG189
2009 YL9
2010 AH1
2010 AV36
2010 AS64
2010 AN83
2010 AY125
2010 AT132
2010 AC139
2010 BA36
2010 BD59
2010 BJ80
2010 BP95
2010 BQ100
2010 BV112
2010 CB66
2010 CW88
2010 CN210
2010 CE237
2010 DB10
2010 DU60
2010 DX85
2010 DR87
2010 ET10
2010 EV59
2010 EQ76
2010 FM9
2010 FC14
2010 FE39
2010 FA42
2010 FO65
2010 FY117
2010 FN119
2010 GT1
2010 GB5
2010 GK40
2010 GQ94
2010 GG121
2010 HQ8
2010 HG38
2010 HQ42
2010 HY47
2010 HG56
2010 HC64
2010 HF84
2010 JS67
2010 JC94
2010 JV97
2010 JB101
2010 JX129
2010 JE133
2010 JT136
2010 JZ144
2010 KP15
2010 KD17
2010 KQ27
2010 KS55
2010 KU62
2010 KF92
2010 KY118
2010 KX128
2010 LP19
2010 LB44
2010 LW84
2010 LZ93
2010 LB99
2010 LJ118
2010 MF7
2010 MZ9
2010 MX12
2010 MX19
2010 MA32
2010 ML38
2010 MO38
2010 MA48
2010 MU59
2010 MY75
2010 NA16
2010 NL63
2010 ND95
2010 NV109
2010 OW14
2010 OF74
2010 OO81
2010 OX120
2010 PR50
2010 PE54
2010 TC
2010 TZ102
2010 TS111
2010 UV50
2010 UX93
2010 UW105
2010 VY49
2010 VU131
2010 VH163
2010 WL5
2010 WA24
2010 XU67
2011 AY32
2011 AO50
2011 BZ1
2011 BP20
2011 BB29
2011 BR44
2011 BV74
2011 BZ113
2011 BN129
2011 CE8
2011 CZ75
2011 CT80
2011 CJ107
2011 ED9
2011 FF20
2011 FH65
2011 FW118
2011 FG157
2011 GB13
2011 GK30
2011 JS16
2011 LE
2011 LY7
2011 LM10
2011 OW7
2011 OF25
2011 QE45
2011 QG98
2011 RW18
2011 SV47
2011 SD116
2011 SA141
2011 SC147
2011 SA186
2011 SM248
2011 TJ6
2011 UB25
2011 UR70
2011 UZ76
2011 UE97
2011 UO132
2011 UL139
2011 UH200
2011 UJ203
2011 UQ234
2011 US259
2011 UG262
2011 UQ295
2011 UZ313
2011 UL338
2011 XE4
2011 YZ13
2011 YM19
2012 BK104
2012 BK123
2012 CM43
2012 DS83
2012 DG86
2012 FC19
2012 FW27
2012 FU75
2012 GV9
2012 GC29
2012 HC3
2012 JE7
2012 JJ28
2012 JF48
2012 JB56
2012 KN19
2012 KE49
2012 KF49
2012 LS14
2012 NK
2012 QS6
2012 QU24
2012 SV38
2012 SU41
2012 TF182
2012 TM187
2012 TZ253
2012 US54
2012 UH100
2012 UT156
2012 VT52
2012 VC90
2012 WC3
2012 WN7
2012 WX19
2012 XU13
2012 XB19
2012 XX30
2012 XG41
2012 XQ50
2012 XM141
2012 XV154
2013 AS19
2013 AB35
2013 AN49
2013 AP98
2013 AC100
2013 AL119
2013 AH139
2013 AF149
2013 AP156
2013 AL159
2013 AA160
2013 AE175
2013 BC42
2013 CX26
2013 CG67
2013 CP105
2013 CW108
2013 CT118
2013 CD125
2013 CL143
2013 CQ159
2013 CS171
2013 DY4
2013 ED22
2013 EN31
2013 EG65
2013 EK102
2013 FN3
2013 FK20
2013 FE25
2013 GT50
2013 GT77
2013 GR94
2013 GE122
2013 GA128
2013 HL1
2013 HO29
2013 HS34
2013 HV34
2013 HB44
2013 HA47
2013 HF47
2013 HH47
2013 HJ48
2013 HY49
2013 HL50
2013 HO54
2013 HL55
2013 HF56
2013 HB58
2013 HP63
2013 HD66
2013 HJ70
2013 HO76
2013 HU78
2013 HE87
2013 HM102
2013 HA112
2013 HN117
2013 HO123
2013 HV139
2013 JC1
2013 JE15
2013 JH16
2013 JT35
2013 JQ51
2013 KF10
2013 KK12
2013 MN
2013 NW7
2013 NX19
2013 QY49
2013 QH82
2013 RK11
2013 RR70
2013 RK86
2013 SQ72
2013 WO109
2013 YQ35
2013 YW52
2013 YQ56
2013 YV61
2013 YW64
2013 YB79
2014 BF10
2014 BN40
2014 BA63
2014 DV15
2014 DQ35
2014 DM111
2014 EP16
2014 EP27
2014 FG26
2014 FU56
2014 HA39
2014 HO78
2014 HH138
2014 HM138
2014 JL7
2014 JZ33
2014 JM41
2014 JS50
2014 JN68
2014 JY74
2014 JX77
2014 KM33
2014 KK57
2014 KB63
2014 KX81
2014 LC17
2014 MO3
2014 ME22
2014 MA33
2014 NQ7
2014 NX39
2014 NL62
2014 OG21
2014 OC32
2014 OM43
2014 OA44
2014 OF45
2014 OA59
2014 OM79
2014 OH92
2014 OR113
2014 OP114
2014 OG117
2014 OQ124
2014 OG126
2014 OK388
2014 OX388
2014 OD132
2014 OV141
2014 OP142
2014 OC165
2014 OF172
2014 OT179
2014 OP185
2014 OF220
2014 OS276
2014 OB315
2014 OT349
2014 OS350
2014 PP28
2014 QO34
2014 QF41
2014 QF63
2014 QM78
2014 QN130
2014 QO247
2014 QO282
2014 QO285
2014 SE56
2014 SY99
2014 SL108
2014 SQ117
2014 ST140
2014 SG167
2014 SS307
2014 SV320
2014 TV21
2014 TH48
2014 TZ75
2014 TT77
2014 UU31
2014 US78
2014 UM89
2014 UD109
2014 UW137
2014 UV145
2014 UW150
2014 UQ163
2014 UE216
2014 VY33
2014 WT
2014 WT2
2014 WE64
2014 WQ361
2014 WA407
2014 WA165
2014 WX184
2014 WO447
2014 WX192
2014 WG198
2014 WH464
2014 WP214
2014 WJ270
2014 WH272
2014 WX275
2014 WF294
2014 XX29
2015 AJ19
2015 AX133
2015 AD144
2015 AE173
2015 BB2
2015 BV6
2015 BU45
2015 BN56
2015 BW63
2015 BP66
2015 BT105
2015 BC108
2015 BN109
2015 BZ369
2015 BZ111
2015 BP121
2015 BD142
2015 BE147
2015 BK409
2015 BA162
2015 BO173
2015 BM178
2015 BM439
2015 BW183
2015 BE194
2015 BK201
2015 BP203
2015 BK217
2015 BU227
2015 BK232
2015 BQ235
2015 BB266
2015 BB297
2015 BG313
2015 BA334
2015 BY346
2015 CE4
2015 CR9
2015 DM31
2015 DL34
2015 DO82
2015 DT106
2015 DD119
2015 DP128
2015 DT147
2015 DP180
2015 DK188
2015 ES26
2015 EX53
2015 FH20
2015 FR75
2015 FY95
2015 FB107
2015 FS131
2015 FW149
2015 FM204
2015 FS246
2015 GP15
2015 GH40
2015 HN22
2015 HJ38
2015 HH61
2015 HN75
2015 HD90
2015 HY156
2015 HG174
2015 KK54
2015 KM141
2015 LA18
2015 MV77
2015 MD112
2015 OA16
2015 OT25
2015 OE73
2015 PA39
2015 PH44
2015 PC47
2015 PU47
