id
77
114
200
278
688
966
1084
1505
1783
1936
2444
2945
3151
3313
3389
3439
3572
3819
4645
4695
5239
5266
5274
5636
5939
6473
6663
6684
6702
7129
7233
7282
7300
7312
7339
7859
8595
8640
8777
9161
9363
9511
9580
9954
10216
10669
10970
11550
11602
12708
13335
13354
13800
13818
13915
14498
14603
14971
15139
15163
15494
15495
15702
16057
16537
16739
16833
17132
17209
17281
17350
17364
17398
17807
17836
17909
17979
18031
18374
18530
18574
18649
18694
18725
19523
19687
19744
19897
20844
21005
21089
21090
21195
21215
21255
21354
21364
22115
22175
22483
22562
22843
23091
23387
23959
24032
24208
24310
24365
24387
24389
24762
25025
25491
25558
25747
26177
26206
26239
26260
26376
27127
27321
27331
27751
28233
28377
28859
29469
29798
30474
30477
30611
30731
30798
30947
31269
31486
32068
32348
32383
32493
32509
32535
32592
32700
32760
33232
33236
33303
33606
33641
34094
34209
34249
34315
34335
34379
34867
35106
35145
35489
35538
35552
35608
35999
36001
36223
36668
36846
37020
37247
37501
37610
37694
37749
37848
38765
39001
39185
39215
39397
39447
39630
39739
40040
40405
40615
40663
40725
40787
40968
40998
41027
41119
41339
41416
42062
42306
42803
42917
42980
43076
43292
43548
43585
43599
43689
43731
43876
44019
44247
44290
44329
44408
44413
44461
44514
44647
44848
44955
45283
45340
45423
45581
45831
45857
46092
46280
46443
46522
46580
46667
46978
46982
47303
47444
47483
47593
47594
47709
47785
47824
47854
47921
48100
48158
48223
48262
48266
48386
48605
48798
49082
49484
49554
49580
49637
49938
50288
50334
50350
50369
50636
50657
50821
50854
51203
51276
51308
51448
51746
51905
53078
53193
53215
53337
53381
53568
53712
53816
53847
54163
54276
54405
54422
54425
54477
54515
54792
55119
55156
55451
55493
56175
56181
56184
56198
56812
57340
57488
57899
58078
58125
58291
58717
58767
58785
58834
58864
59044
59296
59657
59738
59757
60362
60426
60641
60671
60722
60738
60745
61055
61170
62555
62686
62939
63065
63219
63304
63411
63421
63812
64090
64093
64215
64343
64451
64579
64646
64661
64689
64962
65024
65069
65549
65958
65992
66034
66468
66528
66616
66754
66761
66779
66794
66803
66816
66866
66928
67055
67241
67334
67593
68176
68187
68252
68328
68330
68419
68471
68781
69772
69783
69963
69966
70509
70748
70751
71270
71353
71416
72019
72356
72358
72429
72530
72700
72823
73345
73465
73474
73484
73504
73822
73827
73834
74154
74295
74314
74318
74342
74349
74362
74378
74402
75467
75528
75827
75941
76030
76073
76345
76383
76468
76545
76680
76757
76784
77285
77366
77367
77456
77615
77632
77683
77712
77881
78126
78215
78459
78502
78557
78777
78873
78985
79094
79205
79872
79893
80695
81019
81024
81121
81142
81774
81829
81831
82361
82619
82712
82765
82770
82849
82855
83044
83614
84021
84181
84360
84593
84602
84918
84938
84955
85538
85692
85891
85920
86011
87076
87220
87428
87488
87495
87617
87675
87766
87864
87885
87896
87899
87912
87967
88110
88182
88318
88646
88703
88844
89048
89140
89180
89274
89444
89664
89711
90111
90182
90381
90415
90488
90673
90683
90817
90825
90883
90896
91080
91395
91798
91856
92915
92935
93249
93283
93319
93387
93393
93612
93749
93822
93980
94005
94014
94040
95182
95195
95213
95339
95536
95608
95661
95684
95698
95774
96038
96451
96850
96907
96999
97001
97004
97052
97160
97205
97436
98560
98824
98830
99012
99024
99058
99091
99132
99228
99667
99927
100128
100556
101053
101344
101482
101799
101827
102223
102704
103047
103052
103202
103305
103355
103417
103491
103513
103546
103607
103774
103814
103860
103981
104095
104129
104216
104266
104382
104401
104982
105322
105589
107355
108148
108198
108248
108500
108545
108868
109181
109349
109439
109494
109625
109747
109966
110029
110283
110419
110547
110730
110737
110890
110923
110978
111090
111114
111175
111288
111318
111425
111460
111486
112120
112248
112714
112955
113194
113476
113503
113549
113599
113770
113841
114011
114166
114594
114609
114638
114693
114866
114897
115225
115484
115529
115674
115903
116013
116014
116089
116212
116676
116840
116860
116929
116967
116979
116996
117021
117067
117122
117217
117333
117468
117474
117504
118067
118130
118684
118693
118705
118724
118746
118783
118802
118803
118854
118882
119487
119569
119640
119718
119772
119912
120171
120431
120833
121173
121257
121259
121522
121580
122396
122434
122654
122678
122912
122919
122944
123213
123244
123284
123331
123362
123372
123423
123427
123430
123471
123528
123577
123668
123671
123891
125369
125902
126319
126379
126393
126537
126595
126709
126738
127084
127115
127243
127374
128011
128109
128340
128670
128719
129188
129361
129945
130046
130116
130202
131060
131111
131121
131201
131212
131213
131225
131239
131240
131242
131253
131285
131393
132565
132602
132640
132669
132677
132721
132950
132954
133201
133315
133344
133437
133582
133598
133626
133636
133652
133669
133675
134002
134506
134828
135018
135026
135585
135860
135913
135957
136029
136088
136099
136382
137137
137140
137142
137190
138164
138238
138314
138320
138406
138488
138505
138541
138670
139407
139414
139480
139609
139656
139754
139787
139821
139944
139946
140022
140200
140315
140427
140480
140605
140674
140891
141356
142534
142647
142768
142853
143068
143070
143520
143561
143784
143873
144168
144407
144523
144536
144615
144677
144692
144693
144720
144834
144858
145317
145561
145769
146140
146391
146466
146483
146546
146603
146608
146610
146706
146767
147280
147977
148020
148519
148660
148697
148699
148715
148727
148740
148789
148871
148958
149020
149098
149407
149447
149518
149861
150016
150175
150254
150491
150500
150512
150931
151172
151200
151208
151268
151287
151783
151819
151840
151854
152072
152220
152324
152339
152660
153093
153144
153183
153847
153857
153888
153892
153932
154028
154034
154051
154626
154886
155051
155328
155449
155452
155511
156315
156412
156455
156469
156478
156517
156523
156526
157202
157273
157556
157592
157605
157636
157693
157761
157804
157890
158042
158408
158519
159133
159441
159883
160225
160332
160450
161075
161245
161361
161393
161618
161882
161887
161962
162095
162124
162820
163357
163863
163961
163990
164011
164024
164061
164123
164132
164750
164753
164972
164999
165042
165056
165628
166400
166571
167184
167242
167250
167361
167371
167414
167424
167443
167484
167494
167568
168212
168246
168681
168692
169730
169735
169801
169802
169884
169892
169918
169984
170672
170797
171081
171159
171196
171222
172305
172324
172800
172935
173003
173041
173814
174348
174420
174423
174426
175306
175486
175510
175601
175776
175964
175969
176916
176940
176961
176963
177034
177462
177476
177503
177510
177590
177789
177812
177813
177875
177945
178068
178250
178258
178968
179036
179045
179118
179197
179199
179280
179747
179986
180001
180030
180032
180040
180602
180625
180652
180653
180685
180695
180721
180727
180732
181024
181347
181383
181422
182046
182138
182177
182489
182529
182683
182741
183455
184113
184119
184439
184489
184526
184602
184710
184764
184900
185129
185277
185354
185434
185621
185912
186144
186223
186266
186591
186874
186891
187184
187305
187577
187641
187891
188022
188041
188093
188491
188753
189247
189769
189975
190266
190290
190297
190430
190656
191664
191727
191734
191736
191803
192260
192291
192688
192796
192798
192832
192842
192898
193485
193627
193628
193635
193655
193665
194970
195198
195353
195370
195421
196526
196529
196549
196784
196785
196824
196851
196914
196996
198328
198361
198471
198487
198492
198507
198559
198718
198987
199199
199210
199214
199307
199313
199360
199457
199458
199513
199756
200265
200266
200280
200298
200542
201108
201490
201526
201536
201562
201633
201687
201703
201744
201767
201847
202176
202200
202315
202665
202697
202829
202883
202930
203018
203046
204012
204034
204037
204069
204560
205033
205173
205202
205995
206031
206078
206081
206115
206538
206546
206550
206567
206612
206630
206652
206674
207300
207340
207529
207551
207712
207794
207855
208118
208119
208155
208756
208781
208789
208911
208953
209262
209290
209345
209820
209829
209887
210081
210616
210840
210851
210852
210853
211335
211352
211742
211757
211766
212194
212330
212506
212564
212676
213137
213146
213311
213321
213654
213678
213959
214025
214026
214031
214281
214330
214410
214414
214599
214665
214747
215037
215170
215237
215280
215282
215283
215327
215499
215568
215719
215725
215944
216433
216534
216649
216870
216893
216933
217432
217433
217437
217769
217781
217785
218636
218640
218749
218768
218884
218982
219059
219074
219429
219457
219739
219784
219807
219812
219818
219828
219924
220291
220598
221118
221124
221205
221221
221225
221250
221269
221270
221273
221314
221316
221346
221425
221702
221853
221945
222263
222267
222287
222357
222730
222744
222755
222797
222807
223266
223290
223662
223691
223702
223717
223725
223786
224393
224455
224461
224473
224590
224631
224932
225578
225581
225620
225965
225978
226018
226023
226726
226744
226748
226760
226795
226804
226806
226811
226846
227586
227879
228100
228197
228338
228646
229970
230019
230097
230113
230119
230376
230958
231469
231518
231525
231596
231682
231929
231945
232492
232493
232559
232563
233392
233559
233560
233596
233676
233745
234107
234336
234786
234853
235121
235277
235378
235782
235796
235809
236345
236384
236553
236584
236603
236655
236782
236947
237013
237109
237246
237347
237891
237938
238599
238613
238627
238678
239184
239309
239387
239522
239771
239821
239964
240127
240208
240370
240393
240611
240627
240648
240672
240925
241212
241315
241426
241464
241543
242302
242330
242498
242548
242555
242567
242935
243024
243179
243342
243569
243663
243953
244311
244376
244381
244467
244566
244650
244853
244898
244928
245273
245344
246314
246436
246689
246710
247292
247320
247509
247755
247989
248187
248194
248621
248645
248776
248787
248805
248900
249352
249366
249488
249889
249901
249926
249937
249987
250485
251167
251284
251726
252041
252266
252328
252329
252332
252334
252335
252337
252354
252355
252361
252379
252512
252514
252576
252604
253293
253351
253370
254050
254089
254702
254733
254736
254747
254772
255861
256009
256083
256120
256174
256183
256321
256401
256817
256871
256922
257266
257796
258142
258252
258336
258344
258519
258578
259130
259202
259251
259292
259339
260007
260741
260846
260943
261145
261474
261518
262204
262691
262740
262750
262855
262922
263398
263633
263970
264688
264691
264695
264711
264751
265019
265335
265409
265744
265795
265812
265819
266351
266357
266445
266646
266696
266980
267434
267464
267482
268059
268537
268554
268563
268573
268981
269057
269077
269091
269103
269234
269256
269263
269270
269378
269455
269944
270205
270233
270380
270408
270434
270455
270460
270494
270500
270579
270584
271745
271819
271863
271886
271890
272515
272651
272747
272824
272845
272848
272884
273451
273682
273759
273992
274372
274397
274582
274815
275008
275576
275727
276097
276129
276813
276954
277612
277615
277638
277650
277731
277757
278026
278038
278335
278402
278483
278516
278934
278945
279074
279452
279648
279850
279851
279852
280115
280288
280308
280332
280339
280692
281018
281060
281134
281217
281244
281426
281593
281595
281921
282305
282394
282416
282435
282770
282771
283001
283054
283119
283634
283691
284149
284533
284558
284629
284668
284785
285249
285536
285830
285848
286260
286326
286555
286854
287377
287821
287947
287990
288191
288208
288406
288432
288497
288518
288788
288868
288993
289355
289536
289625
289652
289699
290098
290340
290350
290353
290496
290518
290822
290938
291638
291645
291649
291675
291759
291957
291988
292117
292350
292567
292722
292738
292874
292884
292909
292910
292982
293107
293133
293240
293399
293498
293820
293840
293901
293955
294441
294974
294988
295106
295133
295204
295224
295496
295738
296031
296277
296934
296962
297063
297248
297280
297308
298008
298011
298025
298042
298051
298058
298084
298102
298115
298129
298167
298273
298581
298679
299066
299078
299102
299156
299179
299197
299232
299650
299657
299695
300611
300669
300753
301003
301436
302628
302673
302719
302720
302741
302752
302799
303091
303095
303140
303146
303168
303571
303577
303626
303664
304201
304207
304223
304237
304339
304372
304842
305118
305227
305246
305248
305314
305329
305354
305737
305854
305864
305897
306127
306593
307407
307891
307897
307913
307926
308281
308290
308766
308815
308834
308842
309501
309548
309635
309950
310019
310297
310338
310391
310450
310794
310839
311079
311313
311381
311667
311668
311678
311727
311737
311752
312311
312350
312366
312577
313192
313213
313522
313551
314327
314668
314785
314786
314815
314822
314878
314896
314976
315567
315591
315640
315658
315666
315708
315742
315755
315760
315764
315770
315772
315829
315862
316584
316748
316860
317510
317619
317645
317657
317659
317663
317674
317905
317957
318697
318703
318727
318748
318978
318979
319374
319402
319853
319920
319940
319942
320288
320684
320802
320826
320850
320856
320957
321097
321271
321505
321557
321663
321761
321798
321851
322415
322418
322505
322537
322868
323142
323145
323153
323176
323483
323512
323805
323857
324053
324580
324638
325172
325244
325262
325339
325340
325440
325564
325827
325907
326188
326246
326727
326996
326997
327014
327360
327374
327412
327503
327855
327878
327894
328618
328755
328876
328956
329188
329818
329832
330139
330421
330428
330466
330467
330926
331152
331228
331237
331404
331789
331796
331884
331934
331954
332191
332395
332537
332720
332801
332802
332887
333237
333427
333672
333694
333937
334037
334448
334767
334791
334835
334871
335115
335541
335568
335571
335829
336168
336236
336274
336345
336667
336705
337000
337212
337264
338552
338635
338689
338823
338852
339409
339460
340311
340393
340422
340443
340546
341142
341233
341684
341806
342133
342433
342505
342522
342695
342741
342854
342874
342987
343300
343378
343587
343792
343804
343885
344009
344119
344654
344661
344729
344748
345862
345874
345878
345886
345889
345907
346437
346550
346589
346601
346604
346658
346725
346738
347008
347027
347047
347051
347088
347405
347450
348093
348372
348744
348922
348949
349039
349205
349323
349372
349709
349760
349786
349810
349811
349831
349855
349986
350533
350860
350863
351421
351453
352157
352267
352346
352413
353064
353118
353525
354051
354320
354321
354438
354470
354476
355047
355481
356163
356177
356186
356390
356403
356672
356748
356867
356871
357302
358144
358192
358236
358238
358262
358624
358691
358767
359674
359734
359811
359819
359983
360046
360498
360628
360634
360635
360852
361353
362227
362236
362428
362793
362935
363007
363198
363385
363387
363602
363608
363989
364296
364385
364388
364390
364666
364770
364858
364859
364865
364870
364872
364896
364897
364898
364911
365454
365671
365810
366146
366751
366924
366933
366948
367343
367368
367537
367539
367540
367967
367997
368450
368575
368591
368598
368601
368615
368817
369100
369285
369768
369812
369822
369895
370813
371139
371145
371190
371662
372464
372472
372501
372502
372560
372597
372690
373011
373012
373325
373404
374075
374081
374096
374445
374461
374513
374536
374965
374980
375319
375414
375783
375811
375916
376205
376220
376226
376258
376405
376559
376938
377415
377430
377457
377854
377891
377922
378347
378363
378717
378724
378891
378956
378995
379348
379545
379676
379714
379759
379926
380014
380094
380095
380320
380326
380579
380640
380646
381196
381440
381442
381523
381546
381587
381873
381880
381979
382313
382332
382975
383267
383272
383278
383300
383873
384073
384475
384694
384779
384790
385030
385089
385356
385834
386102
386291
386300
386389
386458
386787
386838
387070
387446
387533
387645
387769
387928
387929
388578
388997
389093
389114
389881
390046
390078
390106
390290
390371
390393
390755
390907
390913
390935
391904
391980
392001
392003
392008
392016
392384
392519
392964
393021
393613
393765
393775
393785
394221
394450
394483
394568
394928
394936
395000
395005
395041
395489
395552
395595
395612
395777
396398
396410
396471
396507
396942
396953
397283
397575
397650
397682
398007
398008
398531
398550
398889
399045
399196
399617
399623
399776
400090
400113
400154
400365
400544
400612
400663
400907
401106
401145
401337
401657
401897
401909
402288
402624
402717
402731
403069
403363
403370
403573
403590
403605
403669
403673
404414
404440
404757
405071
406144
406187
406212
406634
406661
406672
406674
406730
406736
406918
407315
407354
407364
407381
407382
407403
407454
407556
407592
407836
407930
407961
408019
408166
408441
408843
408871
408908
408928
409258
409520
409564
409580
409600
409605
409615
409910
410044
410048
410056
410570
410793
410829
411403
411435
411700
411810
412220
412604
412623
413114
413141
413531
413561
413573
413631
413651
413652
413692
413962
413995
413998
414185
415226
415240
416058
416960
416976
417033
417039
417056
417065
417074
417113
417193
417214
417222
417253
417256
417362
417675
417692
417760
417794
417814
417815
417820
417833
418223
418351
418367
418375
419002
419081
419084
419092
419104
419190
419372
420471
420634
420655
420910
420918
420979
421010
421060
421219
421536
421573
421725
421731
421854
422038
422068
422075
422270
422343
422440
422473
422843
423588
423611
423645
423658
423664
423781
423813
424058
424171
424177
424653
425072
425090
425273
425300
425305
425718
425723
425758
425781
425785
425832
425879
426125
426394
426493
426613
426665
427017
427434
427503
428027
428038
428072
428709
428766
428881
429219
429220
429633
429701
430079
430129
430180
430186
430284
430293
430303
430416
430434
431055
431089
431118
431930
432025
432359
432403
432414
432443
432449
432497
432504
432818
433173
433457
433488
433552
433597
433599
434098
434245
434746
434768
435684
435711
435865
436272
436327
436846
436887
436894
436984
437147
437211
437700
437710
437997
438547
438813
438845
438934
438950
439086
439124
439295
439329
439501
439504
439683
1995 TZ3
1999 VS84
1999 WY21
2000 CC79
2000 CR99
2001 FM231
2001 SO198
2001 SZ293
2001 TL101
2001 TT188
2001 TG261
2001 YN13
2002 DC21
2002 GO124
2002 OQ34
2002 OS35
2002 QV93
2002 QU99
2002 QH130
2002 QS130
2002 RO127
2002 RE251
2002 RK290
2002 TP18
2002 TN304
2002 TF306
2002 TH325
2002 TH352
2002 UL70
2003 SC387
2003 SO302
2003 SA344
2003 UW248
2003 UA334
2003 UU352
2003 VJ8
2004 BJ91
2004 CZ5
2004 CC17
2004 CH29
2004 CU37
2004 FY63
2004 RT146
2004 TJ202
2004 XB181
2005 EX37
2005 JD17
2005 JB149
2005 JH162
2005 LU20
2005 NV77
2005 OQ19
2005 OY30
2005 QO32
2005 QX54
2005 QX59
2005 QD121
2005 QM128
2005 SY84
2005 SU87
2005 SD108
2005 SB116
2005 SW263
2005 SC264
2005 SV286
2005 TS130
2005 TX193
2005 UG84
2005 UF218
2005 UV227
2005 UW519
2005 UA521
2005 UR283
2005 UN315
2005 UQ324
2005 VH16
2005 VL48
2005 VS119
2005 VB129
2005 WW12
2005 WD15
2005 WK93
2005 YG97
2006 AV76
2006 BH133
2006 CS50
2006 DP58
2006 ET16
2006 GT31
2006 HH152
2006 JO4
2006 JB13
2006 KY13
2006 KL17
2006 KE81
2006 KX122
2006 QJ4
2006 QN102
2006 RN51
2006 RK71
2006 RE79
2006 RN112
2006 SM103
2006 SY107
2006 SY396
2006 SR149
2006 SW283
2006 TJ25
2006 TH84
2006 TC119
2006 TK123
2006 UK30
2006 UD122
2006 UV207
2006 UX210
2006 UM218
2006 UX223
2006 US295
2006 VN14
2006 VG32
2006 VG57
2006 VK68
2006 VL127
2006 VE131
2006 VB150
2006 XJ39
2007 BN9
2007 BG12
2007 BW49
2007 DJ39
2007 EY76
2007 GD14
2007 GW15
2007 JA30
2007 JR38
2007 PR32
2007 RV220
2007 RE260
2007 RB267
2007 RB293
2007 TG108
2007 TG108
2007 TQ402
2007 TY235
2007 TD268
2007 US40
2007 UH118
2007 UF140
2007 VG261
2007 VG295
2007 VP314
2007 YM45
2008 AL9
2008 AS15
2008 AO38
2008 BV7
2008 BO32
2008 CP4
2008 CW13
2008 CB86
2008 CY122
2008 CD146
2008 CU172
2008 DX7
2008 DS17
2008 DA33
2008 DM76
2008 EC5
2008 EP149
2008 FX53
2008 FE78
2008 FM135
2008 GX46
2008 GR52
2008 GU74
2008 KG4
2008 KL30
2008 QV16
2008 QZ19
2008 SZ31
2008 SP39
2008 SZ94
2008 SE108
2008 SR127
2008 SU197
2008 SG200
2008 SM277
2008 TF46
2008 TB132
2008 TN152
2008 UK10
2008 UM37
2008 UG140
2008 UY158
2008 UJ253
2008 WY34
2008 WD47
2008 WN73
2008 WB83
2008 WP134
2008 XD33
2008 YJ26
2008 YW80
2008 YF152
2009 BF33
2009 BJ40
2009 BT78
2009 BJ98
2009 BL138
2009 BA174
2009 BP175
2009 DM41
2009 DB56
2009 HQ8
2009 HQ19
2009 HT82
2009 HR87
2009 RX44
2009 SZ17
2009 SF75
2009 SZ113
2009 SJ280
2009 TV20
2009 TK38
2009 UY3
2009 UU38
2009 UB97
2009 VO8
2009 VQ24
2009 VR50
2009 VJ77
2009 WZ36
2009 WC47
2009 WD104
2009 WB191
2009 YP4
2009 YA23
2010 AK86
2010 AA116
2010 AB118
2010 BH130
2010 CR18
2010 CW86
2010 CD134
2010 GB146
2010 GY158
2010 JG75
2010 KZ36
2010 MR107
2010 OL93
2010 ON105
2010 RL3
2010 RL31
2010 RN105
2010 RC111
2010 RU112
2010 SJ29
2010 TJ9
2010 TJ94
2010 TO158
2010 US6
2010 UW6
2010 UF70
2010 UV76
2010 UJ78
2010 VQ96
2010 VJ141
2010 VW171
2010 VZ177
2010 VC212
2010 WL8
2010 XU11
2010 XN50
2010 XP75
2011 AN39
2011 AD65
2011 BV71
2011 BC114
2011 BP161
2011 CL6
2011 CX30
2011 DS2
2011 DQ29
2011 DR29
2011 FB43
2011 FK46
2011 FU58
2011 FE130
2011 FL134
2011 FV137
2011 FN143
2011 GV66
2011 GJ76
2011 HA13
2011 HD59
2011 HX89
2011 LD12
2011 LY26
2011 QW6
2011 QS48
2011 SM4
2011 SR27
2011 SO37
2011 SX61
2011 SY85
2011 SM92
2011 SQ144
2011 SJ174
2011 SL201
2011 SV260
2011 UU38
2011 UP56
2011 UY113
2011 UJ142
2011 UY187
2011 UK190
2011 UW263
2011 UV269
2011 UY113
2011 UA135
2011 UJ142
2011 UY187
2011 UK190
2011 UV242
2011 UW263
2011 UV269
2011 UA297
2011 VV18
2011 VH20
2011 WT17
2011 WT108
2011 WX142
2011 WF150
2011 WJ151
2011 YR47
2011 YJ68
2012 BQ78
2012 BF101
2012 BX115
2012 BV120
2012 CZ5
2012 DU22
2012 DX68
2012 DT88
2012 DL90
2012 FJ31
2012 HY10
2012 KG48
2012 LC9
2012 LO17
2012 OV5
2012 PX6
2012 QH31
2012 QD37
2012 QK49
2012 RR4
2012 RK9
2012 SW1
2012 TJ12
2012 TJ49
2012 TU89
2012 TG91
2012 TF139
2012 TP157
2012 TX229
2012 TZ293
2012 TU311
2012 UG86
2012 UZ102
2012 UA109
2012 UN124
2012 UZ159
2012 VD15
2012 VZ24
2012 VH45
2012 VC72
2012 VZ72
2012 VX86
2012 XE12
2012 XM100
2012 XW105
2012 XW155
2012 YL4
2013 AY11
2013 AN15
2013 AN19
2013 AJ22
2013 AQ44
2013 AS56
2013 AY75
2013 AG79
2013 AS90
2013 AD128
2013 AY131
2013 AV139
2013 BN74
2013 BZ78
2013 CH9
2013 CH32
2013 CD37
2013 CX50
2013 CJ57
2013 CX57
2013 CU58
2013 CA114
2013 CE121
2013 CG121
2013 CP163
2013 CO184
2013 CC205
2013 CT214
2013 DK16
2013 EB12
2013 EJ67
2013 EB68
2013 EK87
2013 ED97
2013 ES108
2013 EC115
2013 FE7
2013 FC27
2013 GH13
2013 GT18
2013 GU36
2013 GB39
2013 GT40
2013 GJ75
2013 GC101
2013 GA103
2013 GE110
2013 GC136
2013 HP8
2013 HO15
2013 HB20
2013 HL21
2013 HV27
2013 HR48
2013 JE28
2013 JC48
2013 JK55
2013 KD11
2013 LM23
2013 LV25
2013 LC28
2013 LJ28
2013 LC33
2013 PJ17
2013 QZ9
2013 RR24
2013 RD25
2013 RN26
2013 RS41
2013 RT51
2013 RK79
2013 SE32
2013 TB84
2013 TJ96
2013 TC112
2013 TT118
2013 WX37
2013 WA46
2013 WZ47
2013 WA106
2013 XC25
2013 YY35
2013 YJ42
2013 YB43
2013 YQ45
2013 YM62
2013 YJ68
2013 YR114
2013 YK119
2014 BP16
2014 CP3
2014 DP13
2014 DX15
2014 DZ40
2014 DT57
2014 DU83
2014 DJ108
2014 DY129
2014 EK8
2014 FD4
2014 FD24
2014 FP62
2014 FB65
2014 GR26
2014 HX3
2014 HR19
2014 HP20
2014 HH181
2014 HR194
2014 JN27
2014 JH35
2014 JX39
2014 JS58
2014 JK68
2014 JT73
2014 JJ76
2014 KD28
2014 KM52
2014 LS20
2014 MV42
2014 NT3
2014 NF9
2014 NH20
2014 NV58
2014 NF62
2014 OY39
2014 OG110
2014 OQ115
2014 OB379
2014 OC385
2014 OJ385
2014 OF161
2014 OQ206
2014 OQ217
2014 OZ222
2014 OW262
2014 OH292
2014 OU311
2014 PC2
2014 PU9
2014 PZ39
2014 PQ48
2014 PY51
2014 PQ54
2014 QC40
2014 QX108
2014 QA113
2014 QT123
2014 QY395
2014 QG422
2014 QV425
2014 QW179
2014 QF213
2014 QK218
2014 QF279
2014 QG343
2014 SD5
2014 SZ19
2014 SR147
2014 SP217
2014 SX226
2014 SW280
2014 SH296
2014 SM316
2014 SS338
2014 TD38
2014 TU73
2014 UL6
2014 UL14
2014 UM14
2014 UH98
2014 UC139
2014 UV158
2014 UK183
2014 WH59
2014 WD237
2014 WX361
2014 WZ366
2014 WF392
2014 WF141
2014 WH165
2014 WC467
2014 WG468
2014 WA478
2014 WU481
2014 WU238
2014 WN252
2014 WG266
2014 WR276
2014 YR10
2014 YQ30
2014 YH31
2015 AK40
2015 AU229
2015 AF235
2015 AN263
2015 BY17
2015 BN27
2015 BX35
2015 BE42
2015 BL62
2015 BQ72
2015 BC73
2015 BC78
2015 BX100
2015 BP107
2015 BC121
2015 BX410
2015 BB157
2015 BB191
2015 BU205
2015 BB474
2015 BO264
2015 CY41
2015 CP51
2015 DQ45
2015 DX84
2015 DT94
2015 DU136
2015 DR150
2015 DL151
2015 DZ163
2015 DW208
2015 DQ210
2015 DC211
2015 DF217
2015 DQ217
2015 DV217
2015 FX39
2015 FW40
2015 FU65
2015 FD73
2015 FF101
2015 FT161
2015 FB294
2015 FY303
2015 FC340
2015 GV30
2015 GE32
2015 GZ40
2015 HZ90
2015 HT92
2015 HL102
2015 KX34
2015 KL81
2015 KM112
2015 KU122
2015 KR158
2015 MH7
2015 MD42
2015 MU103
1960 SM
1996 RM8
1999 TU48
2000 CE114
2000 CW120
2000 EX99
2000 SD77
2001 FT204
2001 FO209
2001 FN225
2001 FH234
2001 PL20
2001 QA323
2001 WF42
2002 EF138
2002 QU87
2002 QY131
2002 RT286
2002 TN386
2002 TQ314
2002 VP145
2003 CX16
2003 EV53
2003 FH25
2003 SN399
2003 YL106
2004 CJ16
2004 DX42
2004 GW17
2004 GW44
2004 PO66
2004 TX228
2004 TJ264
2004 YA22
2005 BQ33
2005 EP97
2005 GW159
2005 JS26
2005 SH29
2005 SN172
2005 SM202
2005 UF45
2005 UP88
2005 UJ367
2005 UX394
2005 UC135
2005 UE423
2005 UA211
2005 UK334
2005 VS11
2005 VT25
2005 VJ128
2005 WF12
2005 WM113
2005 YP51
2005 YE80
2005 YB130
2005 YL164
2006 BL10
2006 BX102
2006 BR171
2006 BH207
2006 DW89
2006 FL1
2006 JA
2006 JM24
2006 LL3
2006 OJ24
2006 RT105
2006 RM118
2006 RL122
2006 SK49
2006 SV405
2006 SW195
2006 TC7
2006 TM32
2006 TK34
2006 UG28
2006 UD155
2006 UN175
2006 UY358
2006 VG8
2006 VQ32
2006 VA67
2006 VR110
2006 VE128
2006 WQ70
2006 WG106
2007 BX80
2007 BG87
2007 CJ12
2007 DX72
2007 DS115
2007 EE4
2007 EZ80
2007 ET158
2007 FH26
2007 HX46
2007 HQ73
2007 JC2
2007 LN35
2007 RA175
2007 RW295
2007 RU302
2007 RG317
2007 TA45
2007 TG92
2007 TE207
2007 TF260
2007 TT300
2007 TM301
2007 TU326
2007 UG72
2007 UO72
2007 UV130
2007 UR135
2007 UD138
2007 VK25
2007 VM50
2007 VU74
2007 VH94
2007 VA97
2007 VD112
2007 YK54
2008 AZ70
2008 BA43
2008 BY45
2008 CO88
2008 CB147
2008 EX161
2008 FO19
2008 FK34
2008 FM49
2008 FF53
2008 GN8
2008 GO47
2008 KL12
2008 LC4
2008 LD15
2008 RA36
2008 RN56
2008 RG88
2008 RZ143
2008 SG90
2008 SK109
2008 SR141
2008 SQ188
2008 SL191
2008 SF201
2008 SS223
2008 SL288
2008 SD308
2008 TB33
2008 TX79
2008 TY80
2008 TM96
2008 TO107
2008 TR148
2008 TE167
2008 TR173
2008 TT184
2008 UP18
2008 UM19
2008 UO27
2008 UL165
2008 UL173
2008 UY184
2008 UF276
2008 VV9
2008 VO24
2008 VA28
2008 VY73
2008 WX19
2008 XU
2008 XN8
2008 YP39
2008 YE48
2008 YM131
2009 AS13
2009 AF33
2009 BF42
2009 BW103
2009 BJ122
2009 BR154
2009 CB43
2009 DA27
2009 DZ140
2009 EH22
2009 FE18
2009 HN14
2009 KX33
2009 QG49
2009 SJ13
2009 ST15
2009 SA185
2009 SJ270
2009 SK276
2009 TZ9
2009 UT65
2009 UG97
2009 VB6
2009 WB172
2009 WX203
2009 XY10
2010 AW10
2010 BQ126
2010 CK31
2010 CN70
2010 CM113
2010 EU10
2010 EJ33
2010 EJ84
2010 EW150
2010 FX12
2010 FN44
2010 GY61
2010 GB151
2010 JQ95
2010 JG104
2010 JP143
2010 LG83
2010 MU50
2010 MO78
2010 NK43
2010 NX76
2010 NV112
2010 PA43
2010 RJ33
2010 RS54
2010 SQ19
2010 TX
2010 TA17
2010 TB45
2010 TL47
2010 TQ85
2010 TB125
2010 TM140
2010 UR29
2010 UP98
2010 VR128
2010 VT168
2010 VX211
2010 XU12
2010 XZ38
2010 XJ69
2011 AQ8
2011 AQ33
2011 BJ26
2011 BS69
2011 BJ71
2011 BK109
2011 BU111
2011 BW113
2011 BD127
2011 BG141
2011 BW143
2011 CX10
2011 CT19
2011 CR26
2011 CS36
2011 CY57
2011 CM90
2011 CY94
2011 CC95
2011 CE98
2011 DO26
2011 DR44
2011 DG46
2011 GS
2011 GJ79
2011 HZ65
2011 JQ19
2011 KD43
2011 QV
2011 SR7
2011 SV180
2011 SP209
2011 UR103
2011 UT117
2011 UT124
2011 UL140
2011 UX191
2011 UM198
2011 UR313
2011 UF333
2011 WJ36
2011 YY3
2011 YQ22
2011 YJ34
2011 YS45
2012 AT19
2012 BT6
2012 BB135
2012 BY149
2012 CD54
2012 DS76
2012 ER2
2012 FE12
2012 FZ48
2012 FD49
2012 GP32
2012 HG41
2012 HZ77
2012 JJ53
2012 KS20
2012 KH42
2012 KK44
2012 KO49
2012 PG4
2012 SH2
2012 TS27
2012 TG39
2012 TD68
2012 TV164
2012 TO173
2012 TR174
2012 TC197
2012 TT239
2012 TR267
2012 TG273
2012 TY273
2012 TX278
2012 US47
2012 UE99
2012 UV113
2012 VF8
2012 VZ65
2012 VM78
2012 XX18
2012 YN4
2013 AL41
2013 AJ69
2013 AX85
2013 AW89
2013 AM108
2013 AG142
2013 AN145
2013 AR148
2013 AD156
2013 AK165
2013 CY1
2013 CO39
2013 CF65
2013 CH79
2013 CY103
2013 EF4
2013 EW18
2013 EW65
2013 EM100
2013 ED117
2013 GQ23
2013 GK128
2013 HR38
2013 HV39
2013 HD43
2013 HL44
2013 HB70
2013 HU73
2013 HP97
2013 HO120
2013 HJ121
2013 HQ130
2013 HN131
2013 HS135
2013 HF137
2013 HS137
2013 HB142
2013 HV146
2013 KE7
2013 PN16
2013 PW22
2013 PU46
2013 PT58
2013 QM34
2013 RS75
2013 ST21
2013 SW33
2013 SR78
2013 TR85
2013 TN86
2013 TT93
2013 TP122
2013 TU143
2013 WD1
2013 WY72
2013 YQ1
2013 YQ33
2013 YL77
2013 YQ100
2014 AT12
2014 BK47
2014 CK1
2014 CN2
2014 DP79
2014 DN108
2014 DS128
2014 DY134
2014 EF6
2014 FU31
2014 GA5
2014 GK7
2014 GU37
2014 HH10
2014 HG69
2014 HS87
2014 HS93
2014 HB123
2014 HT140
2014 HR149
2014 JY12
2014 JR74
2014 KY10
2014 KC13
2014 KZ15
2014 KG20
2014 KL75
2014 NS26
2014 OH1
2014 OX26
2014 OL58
2014 OA99
2014 OK110
2014 OF371
2014 OE130
2014 OX136
2014 OK140
2014 OF142
2014 OQ159
2014 OR164
2014 OY166
2014 OW224
2014 OE240
2014 OH245
2014 OX300
2014 OK326
2014 OQ330
2014 PV34
2014 PJ49
2014 QO64
2014 QM96
2014 QA98
2014 QK119
2014 QY120
2014 QG150
2014 QY422
2014 QF174
2014 QU188
2014 QK207
2014 QO210
2014 QO211
2014 QV232
2014 QS281
2014 RL50
2014 SJ24
2014 SO96
2014 SU100
2014 SV101
2014 SP113
2014 SK161
2014 SG228
2014 SE341
2014 TD59
2014 TN67
2014 US13
2014 UU111
2014 UK118
2014 UV120
2014 UO121
2014 UY138
2014 UU180
2014 UE201
2014 VY11
2014 WE26
2014 WA139
2014 WQ251
2014 WF299
2014 WA139
2014 WG142
2014 WC448
2014 WU196
2014 WE209
2014 WF223
2014 WD237
2014 WQ251
2014 WJ281
2014 WX291
2014 WF299
2014 XP38
2014 YL13
2014 YD30
2015 AX6
2015 AQ27
2015 AA32
2015 AR38
2015 BQ33
2015 BC59
2015 BR75
2015 BP85
2015 BK98
2015 BH102
2015 BZ110
2015 BJ112
2015 BH381
2015 BT133
2015 BX136
2015 BL411
2015 BT161
2015 BS166
2015 BZ175
2015 BF176
2015 BH176
2015 BY176
2015 BY193
2015 BG194
2015 BL198
2015 BQ200
2015 BW469
2015 BH508
2015 BV307
2015 BT347
2015 CQ38
2015 CN39
2015 CQ50
2015 DZ16
2015 DW84
2015 DX109
2015 DQ156
2015 DX159
2015 DM166
2015 DM203
2015 EC6
2015 EN19
2015 EK21
2015 EQ46
2015 FB24
2015 FB92
2015 FS213
2015 FP278
2015 FY293
2015 GL18
2015 GC30
2015 GV38
2015 GQ39
2015 GJ44
2015 HK5
2015 HN175
2015 JQ2
2015 JS5
2015 KU12
2015 KG17
2015 KX19
2015 KA129
2015 KA137
2015 MJ66
2015 MQ80
2015 MZ87
2015 MG88
2015 MB130
2015 PY42
2015 PP43
2015 PW44
2015 PB45
