id
50
244
270
315
703
878
939
1335
1422
1496
1896
1905
2210
2274
2406
2437
2481
2565
2607
2644
2680
2758
2820
2838
2844
2885
2910
2994
3070
3111
3298
3384
3408
3654
3716
3928
3948
4032
4095
4267
4303
4339
4445
4477
4552
4591
4605
4659
4729
4817
4842
4988
5049
5203
5363
5717
5843
5844
5861
5934
6138
6207
6282
6480
6572
6601
6626
6629
6846
7422
7465
7513
7555
7820
7833
7844
7921
7988
8153
8217
8263
8289
8476
8477
8504
8505
8611
8689
8736
8753
8931
8959
8972
9024
9095
9157
9188
9215
9216
9218
9221
9350
9482
9492
9567
9650
9760
9779
9841
9847
9928
9940
9948
10131
10156
10360
10457
10472
10488
10516
10639
10833
10873
10905
10939
10991
11216
11343
11365
11476
11547
11657
11708
11746
11756
11777
11910
12195
12302
12500
12589
12715
12745
12851
12933
12980
13046
13483
13594
13604
13784
13847
13877
13905
13998
14024
14078
14082
14294
14332
14363
14371
14526
14828
14841
14850
14851
14864
15010
15120
15151
15199
15211
15215
15228
15268
15319
15388
15547
15646
15660
15695
15858
15922
15934
16116
16360
16459
16508
16581
16600
16690
16733
16752
16800
16849
17401
17451
17588
17638
17930
17971
18107
18132
18183
18526
18770
18772
18935
19037
19206
19225
19304
19384
19414
19418
19533
19802
19806
19868
19884
20314
20476
20775
20795
20833
20876
20881
20983
21061
21110
21460
21553
21658
21669
21736
22131
22156
22265
22333
22343
22347
22369
22463
22520
22570
22668
22806
22809
22853
23131
23226
23266
23272
23280
23317
23486
23494
23744
24007
24132
24578
24581
24608
24711
24830
24847
25114
25116
25244
25265
25419
25446
25460
25638
25780
25870
26024
26048
26100
26109
26119
26146
26204
26242
26248
26253
26267
26276
26281
26309
26318
26739
26751
26798
27075
27076
27103
27122
27125
27173
27245
27368
27380
27424
27761
27846
28098
28144
28224
28329
28513
28539
28575
28746
28919
29458
29608
29616
29998
30013
30044
30091
30178
30299
30303
30350
30701
30846
30852
30960
31019
31118
31137
31155
31494
31629
31902
31988
32023
32510
32547
32588
32632
32658
32770
32877
32884
33099
33375
33393
33444
33840
33857
33895
33995
34016
34132
34276
34671
34733
34926
34930
35079
35111
35366
35384
35387
35698
35724
35798
36119
36246
36306
36331
36335
36357
36366
36375
36442
36630
36770
36808
36942
36961
37358
37406
37427
37465
37484
37630
37673
37720
37812
38056
38114
38182
38188
38216
38791
39390
39395
39512
39513
39596
39599
39699
39703
39715
39730
39734
39808
39828
39914
40284
40307
40309
40322
40330
40385
40388
40472
40484
40611
40818
40868
41550
41551
41664
41674
41775
41969
42482
42484
42534
42796
42818
42842
42884
42924
42942
42955
42977
43013
43054
43158
43588
43723
43811
43813
43900
43935
44034
44045
44082
44123
44131
44604
44653
44664
44719
44832
44852
44858
44889
44903
44938
44952
44997
45026
45080
45369
45383
45526
45793
46048
46108
46386
46430
46515
46562
46595
46610
46657
46688
46704
46808
46817
47159
47165
47195
47352
47403
47535
47553
48313
48359
48362
48648
48851
48863
48884
48922
48923
48925
48975
49022
49026
49045
49095
49105
49162
49209
49321
49790
49855
49863
49998
50040
50135
50518
50526
50631
51456
51460
51501
51620
52033
52082
52209
52227
52255
52282
52286
52361
52392
52425
52568
52825
52843
52847
52877
52936
53552
53613
53636
53653
53662
53672
53923
54711
54777
55658
55681
55807
56003
56087
56361
56365
56410
56435
56601
57064
57241
57389
57553
58269
58406
58437
58571
58579
58591
58903
58967
58979
58986
59057
59059
59091
59097
59183
59349
59601
59814
59832
59898
59949
60161
60199
60429
60543
60569
60791
60865
60891
60954
60980
61001
61023
61125
61181
61196
61229
61236
61257
61260
61300
61304
61324
61365
61372
61386
61414
61419
61443
61586
61617
61931
61936
61968
62007
62104
62319
63044
63364
63561
63581
63608
63645
63729
63764
63982
64509
64655
64675
64698
64719
64721
64780
64863
64896
64902
64994
65363
65501
65652
65694
65721
65745
65779
65834
66175
66198
66244
66282
66331
66349
66404
66590
66691
66692
66827
66973
67092
67219
67374
67405
67406
67432
67489
67528
67532
67534
67539
67543
67555
67576
67601
67603
67740
68021
68046
68058
68066
68716
68744
68966
68974
69177
69247
69264
69289
69389
69450
69463
69488
69489
69492
69507
69597
69678
70129
70135
70147
70148
70195
70224
70249
70297
70298
70342
70529
70658
70732
71827
71857
71943
72056
72069
72087
72101
72195
72221
72252
72390
72914
72923
72959
72969
73106
73135
73764
73809
74002
74004
74060
74605
74646
74653
74658
74668
74678
74686
74689
74856
74921
75022
75182
75287
75334
75995
76916
76977
77154
77180
77922
77946
77987
78004
78032
78129
78335
78489
78520
78774
78812
78824
78835
79069
79243
79249
79266
79290
79384
79413
79534
79589
79618
79691
79737
79766
79804
79809
79821
80120
80138
80170
80172
80178
80258
80274
80280
80359
80373
80380
80461
80606
80711
80728
80764
80820
80852
80881
80934
80966
82150
82152
82177
82201
82231
82511
82816
82874
83117
83178
83389
83995
84000
84023
84036
84037
84041
84067
84092
84166
84227
84854
84937
85073
85134
85136
85155
85176
85197
85242
85247
85249
85367
85440
85480
85488
85541
85690
85726
85728
85748
86432
86455
86461
86495
86566
86682
86707
86753
86795
86907
86942
86970
86975
86980
86997
87030
87189
87200
87266
87288
87533
87593
88115
88290
88299
88320
88406
88427
88518
88708
88728
88737
88780
88821
88904
89324
89359
89388
89513
89514
89585
89596
89600
89683
89696
89699
89761
89810
90315
90382
90495
90739
90760
90815
90849
90922
90924
90946
90951
90970
90996
91224
91260
91270
92096
92306
92321
92334
92352
92368
92505
92525
92578
92579
92583
92617
92640
92645
92650
92675
92693
92718
93188
94395
94400
94405
94454
94479
94485
94582
94740
94758
94815
94894
94899
94901
95075
95216
95338
95399
95803
95804
95827
95833
96229
96350
96354
97030
97796
97830
97836
97850
97896
97950
97955
98080
98093
98112
98144
98191
98294
98331
98344
98412
98460
98565
99354
99389
99462
99512
99513
99983
100343
100356
100364
100533
100647
100883
100948
100968
101101
101170
101268
101316
101881
101884
101887
101904
101932
101977
101980
102070
102191
102212
102251
102257
102294
102404
102508
102521
102531
102585
102633
102655
102665
102695
102742
102793
102795
102927
103391
104625
105009
105145
105256
105292
105345
105371
105500
105599
105607
105702
105724
105763
106194
106253
106355
106412
106448
106912
106914
106972
107003
107012
107074
107094
107206
107315
107493
107540
107546
107774
108086
108183
108187
108222
108345
108555
108572
108722
108726
108756
108897
108907
109045
109085
109108
110288
110321
111402
111410
111568
111619
111842
111845
111908
111990
112088
112097
112157
112169
112223
112279
112330
112458
112501
112640
112670
112882
113137
113152
113446
113485
113532
113550
113552
113596
113922
113998
114069
114309
114329
114661
114849
114957
115111
115164
115397
115523
115585
115991
116299
116351
116721
116863
117124
117459
117524
117540
117684
117915
117999
118032
118131
118132
118278
118564
118566
119051
119063
119118
119125
119132
119150
119213
119351
119561
119997
120042
120369
120375
120497
120512
120531
120677
120726
120748
120754
120870
120871
120949
120964
120984
121086
121166
121194
121905
122017
122030
122077
122094
122133
122145
122212
122317
122334
122339
122362
122365
122387
122417
122458
122505
122510
122529
122691
122762
122834
122847
124104
124203
124257
124262
124271
124273
124292
124298
124335
124350
124406
124427
124432
124452
124472
124532
124563
124568
124576
124577
124717
124749
124764
124790
124844
124912
124934
124942
124959
125043
125107
125124
125210
125267
125271
125405
125551
125589
125679
125685
125763
125849
125872
125973
126006
126021
126029
126176
126226
126327
126764
127467
127615
127701
127755
127766
127767
128066
128374
128687
129110
129222
129244
129365
129475
129584
129607
129792
129833
129852
129874
130399
130476
130478
130500
130506
130564
130702
130732
130759
130840
130912
130922
130978
130995
131050
131122
131504
131526
131648
131758
131791
131800
131886
131906
132006
132099
132114
132161
132163
132196
132243
132444
133095
133106
133147
133188
133281
133906
133916
133997
134005
134053
134304
134320
134579
134584
134589
134597
134605
134679
134683
134704
134988
135194
135535
135597
135633
135672
135693
135710
135986
136160
136161
136218
136247
136695
136713
136723
136754
136872
136888
137010
137316
137332
137340
137344
137357
137403
137472
137497
137518
137544
137606
137644
137717
137822
137936
138017
138134
138989
138998
139070
139251
139283
139456
141492
141564
141570
141603
141612
141679
141766
141777
141783
141794
141814
141816
141818
141820
141869
141890
141924
141927
142113
142188
142222
142271
142432
142850
143293
143463
143657
143659
143661
143914
144052
144390
144520
144936
145017
145024
145554
145688
145693
145830
145891
145920
145946
146011
146304
146333
146983
146995
147008
147023
147024
147031
147034
147036
147043
147044
147052
147054
147056
147072
147073
147093
147134
147158
147490
147503
147550
147567
147701
147704
147761
147936
148002
148041
148143
148474
148590
149185
149249
149344
149612
149857
150123
150161
150194
150206
150209
150210
150219
150398
150663
150679
150710
150713
150768
151579
151606
151635
151710
151983
152107
152150
152203
152266
152596
152638
152687
152708
152992
153012
153024
153039
153045
153069
153333
153341
153377
153475
153519
153545
153554
153573
153741
153774
154261
154310
154314
154336
154345
154353
154367
154370
154377
154674
154856
154995
154996
155008
155045
155086
155175
155432
155478
155479
155632
155657
155907
155926
155929
155939
155946
155952
155971
155980
156043
156079
156092
156101
156157
156226
156238
156260
156312
156319
156820
157095
157132
157150
157476
157673
157772
157967
157972
158161
158172
158176
158187
158309
158334
158339
158348
158855
158931
158937
158948
158964
159001
159174
159431
159432
159457
159480
159559
159577
159581
159603
159718
159743
159893
160003
160062
160158
160177
160310
160365
160550
160607
160692
160703
160740
160741
160760
160780
160785
160794
161000
161084
161202
161307
161509
161525
161599
161667
161747
161755
161795
161914
162070
162514
162519
162548
162571
162584
162589
162594
162596
162616
162621
162644
162652
162656
162676
162696
162703
162712
162726
162738
162750
162756
162815
162817
163100
163710
163718
163721
163736
163751
163753
163903
164288
164332
164339
164578
164632
165239
165248
165282
165325
165440
165498
165549
165550
165875
166019
166208
166935
166963
166969
167026
167041
167058
167075
167730
167740
167750
167768
168134
168437
168479
168487
168613
168699
168758
168788
168789
168795
168801
168813
168819
168848
168874
168904
168915
169005
169413
169425
169493
169543
170188
170191
170246
170247
170252
170254
170293
170301
170307
170313
170894
171278
171282
171460
171492
171551
171636
171666
171672
171763
171771
171801
172082
172166
172432
172518
172523
172838
172852
173120
173159
173177
173196
173215
173221
173253
173262
173285
173301
173454
173466
173587
173619
174055
174589
174625
174640
174649
174651
174682
174689
174885
175202
175391
175657
175756
175783
175846
176063
176179
176524
176674
177137
177154
177160
177188
177237
177269
177276
177278
177328
177982
178481
178533
178559
178561
179417
179612
179619
179622
179628
179644
179661
179697
179727
179751
179766
179785
179851
179907
179920
179928
180029
180191
180193
180243
180245
180279
180314
180321
180356
180365
180379
180424
180809
180814
180845
180848
181101
181339
181341
181386
181531
181677
181678
181735
181737
181780
181801
181827
181907
181934
181944
181956
181969
181996
181999
182278
182351
182937
182996
182999
183019
183031
183043
183081
183093
183108
183116
183135
183173
183176
183205
183207
183208
183346
183446
183586
183610
183620
183626
183641
183651
183666
183756
183859
184272
184281
184393
184461
184479
185029
185238
185511
185644
185651
185674
185732
185966
186000
186036
186396
186425
186445
186662
186666
186709
186758
187054
187055
187080
187091
187103
187149
187500
187819
187874
187910
187943
188005
188404
188621
188635
188674
189002
189097
189132
189431
189438
189671
189826
190147
190162
190171
190510
190713
190757
190784
190822
190847
190906
190910
190935
190941
190975
190992
191006
191587
191591
191655
191751
191930
192019
192033
192438
192535
192538
192544
192955
193008
193034
193077
193125
193183
193436
193528
193603
193659
193805
193806
193821
193827
193841
193892
193905
193937
193966
193978
194013
194020
194047
194146
194209
194232
194265
194284
194297
194307
194309
194317
194319
194322
194347
194358
194438
194552
194569
194575
194576
194613
194624
194651
194700
194731
194760
194768
194785
194811
195036
195139
196242
197539
197569
197608
197613
197643
197662
197668
197694
197713
197718
197721
197722
197726
197736
197739
197771
197779
197810
197832
197835
197857
197862
197899
197913
197917
197918
198053
198224
198411
198910
198919
198933
198970
199047
199112
199123
199303
199355
199389
199431
199813
199832
199926
200053
200186
200366
200386
200593
200619
200628
200644
200647
200667
200702
200722
200726
200741
200745
200808
200816
200855
200856
200950
200990
201044
201053
201055
201059
201439
201469
201953
201970
201977
201987
201988
202017
202020
202037
202078
202444
202692
202788
202799
202897
202900
202908
202928
203070
203109
203123
203280
203338
203340
203343
203401
203413
203422
203511
203540
203576
203581
203663
204304
204315
204316
204317
204318
204319
204325
204416
204427
204951
204977
204997
205213
205246
205250
205273
205288
205303
205447
205482
205612
205616
205618
205675
205729
205742
205773
205794
205963
206500
206919
206934
206939
206976
207074
207404
207414
207438
207446
207450
207657
207670
207687
207688
207738
207769
207967
208163
208213
208240
208529
208545
209044
209523
209568
209579
209589
209591
209625
209952
209997
210037
210208
210243
210313
210555
210556
210608
210673
210710
210741
211028
211041
211050
211080
211094
211133
211201
211318
211565
211567
211581
211594
211922
211930
212361
212364
212381
212429
212510
212696
212700
212702
212734
212955
212981
213063
213221
213423
213495
213516
213639
213814
213862
213876
214167
214534
214868
214875
214886
215137
215461
215601
215616
215617
215656
215827
215854
216031
216041
216045
216071
216087
216125
216570
216725
216796
217165
217231
217501
217551
217633
218016
218126
218133
218166
218180
218578
218598
218816
218822
218823
218848
218851
218852
218907
218946
219080
219126
219129
219187
219261
219266
219791
219997
220026
220029
220039
220047
220064
220109
220163
220197
220204
220207
220256
220269
220459
220915
220986
221002
221018
221563
221573
221625
221834
221923
221979
222014
222028
222031
222158
222430
222946
222978
223000
223004
223013
223062
223106
223108
223149
223508
223510
223566
224025
224056
224106
224107
224114
224142
224163
224254
224805
224816
224833
225092
225095
225099
225119
225127
225235
225262
225286
225287
225680
225682
225708
225786
225870
226146
226165
226191
226202
226211
226220
226504
226613
226632
227101
227131
227136
227141
227142
227146
227149
227156
227181
227184
227193
227205
227220
227255
227287
227322
227765
227839
227849
227898
228014
228146
228215
228243
228252
228261
228264
228265
228329
228330
228424
228452
228598
228754
228859
229058
229073
229371
229700
229765
229833
229945
230013
230147
230154
230155
230182
230217
230244
230256
230489
230536
230574
231071
231072
231098
231118
231119
231150
231151
231435
231753
231796
231851
231954
231982
231990
232001
232007
232046
232083
232381
232465
232781
233079
233210
233502
233922
233928
234190
234202
234254
234388
234454
234545
235038
235068
235089
235583
235633
235665
235673
235723
235752
235807
236129
236150
236153
236178
236182
236248
236359
236704
236708
236743
236871
236902
237438
237509
237650
237654
237727
238436
238447
238468
238512
238546
238897
239012
239047
239279
239281
239284
239300
239532
239831
239971
240323
240329
240564
240577
240635
240827
241117
241121
241140
241171
241227
241403
241711
241736
241987
242064
242104
242237
242433
242471
242476
242774
242793
242807
243107
243158
243169
243729
243829
243931
243975
244638
244727
244752
244778
244813
245097
245136
245164
245197
245226
245575
245637
245718
245746
245747
245763
245795
246148
246199
246253
246258
246381
246863
246914
247137
247169
247768
247797
247847
247853
247874
247888
247904
248636
248725
249184
249460
249547
249558
249563
249662
249771
249783
250037
250281
250304
250311
250320
250324
250330
250332
250367
250399
250403
250409
250416
250446
250570
250574
250954
250960
250973
250988
251003
251392
251413
251548
251569
251650
251814
251861
251882
251924
252078
252081
252804
252817
252820
252822
252840
252934
252969
252994
253104
253154
253324
253399
253414
253417
253453
253466
253468
253470
253494
253570
253571
253642
253652
253662
253664
253672
253676
253683
253783
253786
253864
254483
254526
255528
255534
255552
255581
255593
255626
255650
255657
255658
255661
255677
255678
255752
255819
256573
256625
256659
256702
256787
257017
257265
257443
257593
257613
257617
257625
257654
257728
257729
257793
257865
257890
258532
258725
258750
258768
258769
258826
258901
258925
259422
259432
259438
259439
259442
259455
259477
259566
259682
259702
260449
260511
260606
260659
260798
261831
261875
261911
261995
262017
262033
262049
262101
262120
262143
262197
262211
263126
263178
264220
264248
264268
264293
264318
264342
264452
264475
264563
264774
264824
264852
264882
265163
265219
265235
265236
265488
265494
265517
265525
265652
266065
266120
266126
266133
266134
266138
266188
266494
266504
266515
266519
266721
266951
267095
267278
267283
267313
267594
267650
267664
267669
267670
267690
267880
267920
268000
268244
268248
268252
268287
268292
268304
268320
268764
268765
268783
268784
268790
268818
269163
269176
269470
269750
269895
269985
270004
270045
270071
270082
270087
270111
270114
270121
270132
270170
270171
270173
270174
270267
270283
270658
270757
270928
270941
271156
271514
271542
271547
271609
272135
272149
272225
272303
272339
272342
272356
272369
272403
272418
272453
272604
272613
272730
273296
273301
273316
273328
273355
273417
273469
273712
274169
274242
274252
274571
274841
274848
275004
275020
275053
275088
275152
275405
275497
275622
275648
275786
275816
275824
275870
275885
275991
276243
276248
276258
276281
276288
276292
276722
276932
277198
277272
277296
277311
277508
277956
277987
278123
278152
278188
278525
278550
279122
279130
279160
279170
279416
279551
279652
279826
279871
280010
280479
280482
280503
280506
280510
280532
280751
280795
280861
280880
280883
281121
281145
281378
281390
281402
281460
281672
281762
282024
282085
282092
282167
282418
282428
282663
282762
283492
283508
283552
283605
283826
283968
283970
283990
283996
284007
284100
284132
284142
284428
284449
284482
284539
284717
285049
285065
285077
285146
285210
285304
285311
285413
285579
285641
285665
285669
285714
285913
285920
286029
286085
286195
286199
286282
286283
286295
286363
286405
286557
286879
287001
287080
287086
287198
287304
287434
287761
287768
287833
287844
287850
287980
288242
288243
288362
288665
288676
288698
288703
288735
288738
288749
288811
288950
288953
288973
288984
289006
289066
289100
289286
289331
289385
289668
289775
289887
290033
290040
290042
290087
290177
290283
290357
290440
290488
290545
290797
291167
291190
291561
291573
291741
291821
291866
291869
291878
291887
291987
291993
292191
292218
292362
292377
292873
292907
292923
293527
293546
293698
293706
293731
293772
293786
293895
293931
293999
294028
294232
294336
294337
295669
295774
295851
295881
296092
296096
296527
296657
296767
296995
297116
297383
297387
297398
297402
297411
297416
297424
297468
297498
297504
297507
297558
297562
297563
297607
297616
297632
297703
297779
297795
297874
298154
298350
298799
298814
298816
298818
298852
298860
298912
298942
298951
298988
298992
299000
299476
299493
299525
299546
300246
300265
300273
300321
300328
300504
301017
301027
301032
301060
301071
301078
301602
301610
301832
301920
301934
301997
302147
302151
302182
302248
302867
302889
302892
302923
302947
303188
303254
303282
303292
303293
303310
303467
303974
304031
304087
304796
304810
304816
304825
304826
304862
304891
304920
305334
305879
306057
306077
306183
306286
306336
306351
306366
306378
306404
306414
306455
306616
306626
306645
306698
306765
306804
306848
306990
307631
307996
308031
308066
308079
308641
308656
308659
308666
308699
309221
309225
309228
309230
309237
309259
309272
309292
309296
309376
309385
309391
309403
309407
309436
309753
309757
309824
310072
310167
310208
310285
310290
310366
310373
310427
310443
310454
310479
310496
310526
310565
310586
310658
310897
311003
311169
311216
311557
311560
311567
312010
312011
312022
312024
312027
312031
312042
312066
312069
312079
312082
312088
312511
312545
312554
312732
312841
312964
313017
313089
313091
313266
313299
313315
313460
313614
313627
313678
313736
313744
314025
314032
314034
314062
314622
314629
315197
315229
315302
315321
315338
315383
315406
315985
316576
317123
317213
317352
317367
317540
317594
317601
317658
317730
317777
317786
317791
317951
318142
318236
318514
318522
319500
319505
319534
319575
319624
319681
320278
320340
320365
320490
320501
320574
320751
321058
321071
321287
321879
321920
322125
322663
322673
323020
323042
323055
323056
323086
323289
323320
323357
323371
323654
324375
324384
324462
324897
324908
325022
325082
325816
325830
325839
326534
326573
326749
326762
326790
326877
327167
327176
327177
327211
327351
327422
327693
327699
327701
327723
328110
328212
328499
328625
329242
329438
329443
329465
329931
329953
330256
330372
330521
330531
330558
330647
330658
330858
330931
331395
331497
331581
331705
332015
332016
332057
332264
332341
332472
332486
332696
333010
333146
333322
333325
333380
333393
333513
333532
333632
333857
333943
333978
334021
334046
334080
334103
334147
334157
334230
334265
334505
334524
334600
334789
334962
334975
334990
335085
335196
335265
335268
335292
335295
335324
335325
335342
335345
335398
335402
335403
335448
335499
335669
336063
336077
336081
336100
336577
337048
337173
337369
337374
337375
337392
337430
337529
337545
337635
337733
337752
337795
337825
337853
338233
338270
338294
339027
339040
339600
339601
339605
339614
339641
339644
339673
339685
339701
339720
339723
339760
339777
339793
339819
339842
339884
339897
339930
339932
339949
339976
340020
340051
340063
340080
340087
340098
340229
340849
340851
340929
340931
341903
341942
341953
341993
342009
342089
342498
342516
343179
343217
343221
343244
343252
343256
343387
343392
343723
343760
343801
344051
344066
344156
344200
344208
344275
344337
344370
344371
344877
344896
345158
345190
345212
345241
345248
345392
345476
345776
345785
345816
346306
346308
346316
346330
346634
347244
347341
347367
347369
347400
347544
347623
347628
347671
347830
348168
348186
348243
348250
348257
348413
348424
348433
348495
348652
348662
348676
348690
348707
349498
349509
349510
349526
349571
350080
350245
350247
350281
350360
350373
350477
350497
350629
350636
350668
350678
350694
350722
350724
350760
350926
351290
351318
351519
351541
351619
351701
351729
352653
352680
352748
352814
352832
352901
352928
352937
353317
353386
353463
353652
353807
353808
353923
353944
353960
353966
353992
354044
354073
354087
354275
354506
354519
354532
354555
354566
354575
354748
354760
354835
354836
354838
354853
354947
354949
355258
355275
355276
355294
355297
355367
355754
355764
355771
355801
355819
355931
356305
356471
356534
356560
356766
357041
357124
357548
357551
357608
357784
357921
358005
358066
358491
358995
359013
359084
359710
360113
360157
360187
360355
360374
360399
360513
360534
360579
360701
360705
360709
361091
361103
361133
361135
361169
361550
361558
361561
361581
361605
361614
361637
361642
361650
361681
362004
362045
362433
362439
362457
362614
362650
362673
363040
363048
363241
363253
363408
363429
363435
363457
363514
363524
363534
364094
364178
364186
364187
364196
364200
364264
364337
364351
364583
364592
364596
364617
364628
364633
364659
364660
364721
364781
365050
365059
365113
365463
365484
365569
365862
366215
366576
366790
367071
367076
367088
367092
367103
367110
367264
367271
367311
367468
367481
367692
368088
368172
368256
368285
368321
368336
368360
368398
368436
368501
368509
368512
368518
368546
368556
368679
368689
368864
368898
368904
369456
369513
369674
370238
370240
370246
370283
370302
370335
370364
370367
370611
370623
370643
371365
371381
371389
371403
371409
371426
371430
371443
371450
371453
371473
371477
371501
371512
371545
371568
371580
371586
371839
371841
371921
372364
372420
372825
372919
373161
373440
373644
373652
373687
373689
373692
373728
373733
373785
373881
373921
373930
373953
374002
374246
374274
374296
374380
374408
374586
374705
374729
374767
374778
374781
374782
374854
374884
374917
374934
375694
375695
375717
376119
376123
376191
376482
376578
376736
376976
377006
377028
377037
377042
377044
377151
377154
377181
377579
377999
378003
378038
378046
378068
378085
378089
378090
378126
378152
378191
378612
379149
379160
379163
379164
379860
379872
379899
380123
380184
380347
380355
380358
380493
380544
380556
380672
380953
381041
381047
381706
381715
381751
381755
381776
382008
382396
382526
382551
382624
382662
382670
383020
383030
383036
383040
383045
383057
383117
383362
383427
383508
383521
384313
384326
384330
384338
384352
384371
385269
385324
385704
385723
385917
385974
386020
386647
386656
386684
386872
386892
387531
387559
387655
387804
387862
387993
387994
388041
388049
388130
388133
388415
388434
388485
388494
388534
388971
388979
389329
389367
389380
389390
389406
389888
389891
390189
390586
390691
390828
390858
390955
391080
391405
391432
391483
391837
391868
391910
392244
392495
392724
392940
393234
393450
393596
393681
393696
393706
393714
393718
394028
394405
394423
394424
394433
394439
394440
394792
394805
394813
394816
394872
394886
394967
395329
395334
395455
395847
396203
396536
396539
396546
396644
396684
396690
396885
397134
397204
397221
397350
397449
397475
397481
397508
397526
397854
397895
398115
398346
398379
398386
398413
398476
398686
398693
399102
399116
399311
399355
399419
399533
399676
399919
400252
400257
400261
400275
400287
400576
401012
401061
401189
402013
402019
402040
402101
402149
402150
402391
402438
402582
402856
402874
402876
402896
402913
402915
402919
402925
402928
402955
402959
403208
403219
403257
403303
403313
403777
403823
403832
403846
403883
404118
404840
404944
405063
405154
405320
405362
405447
405455
405697
405734
405927
406081
406102
406302
406335
406345
406355
406356
406366
406368
406390
406401
406418
406438
406474
406832
406851
406858
407296
407678
407685
407697
407801
407853
408101
408111
408384
408891
409069
409189
409268
409319
409760
410135
410218
410236
410274
410278
410281
410327
410367
410372
410383
410479
410750
411185
411235
411240
411641
411644
411846
412076
412161
412601
412603
412682
412801
412874
412887
413001
413004
413215
413234
413249
413251
413270
413286
413293
413422
413494
413729
413824
414039
414070
414072
414074
414075
414106
414136
414159
414395
414407
414432
414781
415108
415118
415285
415290
415464
415491
415567
415609
415621
415751
415852
415935
416311
416382
416396
416527
416702
417405
417449
417453
417464
417469
417936
417942
418022
419559
419564
419572
419580
419593
419648
419844
420534
420766
420870
420878
420899
420924
421008
421560
422115
422195
422253
422400
422506
422541
422668
422713
422748
422868
422869
422882
422982
423009
423075
423087
423840
423852
423867
423876
423883
423886
423893
423901
424293
424336
424338
424401
424673
425007
425045
425049
425061
425141
425558
425564
425642
426052
426104
426148
426203
426206
426385
426387
426479
426497
427097
427115
427116
427138
427591
427604
427635
427640
427789
427796
428117
428160
428478
428550
428634
428645
429407
429416
429426
429440
429449
429486
430145
430216
430561
430824
430826
430866
430879
431029
431139
431146
431169
431240
431351
431652
431688
431724
431751
432287
432311
432327
432591
432592
432594
432609
432614
432631
432632
432737
432779
433425
433465
433814
433988
434026
434123
434235
434351
434407
434496
434504
434506
434522
434529
434545
434548
434574
434579
434599
434600
434602
434795
434844
434920
435007
435123
435471
435551
435596
436046
436093
436105
436183
436471
436538
436806
436865
436872
436880
436992
437047
437676
437787
437831
437902
437939
437990
438067
438070
438144
438185
438247
438266
438352
438486
438538
438710
438724
438728
438734
439049
439105
439242
439783
439801
1994 RF3
1994 SK7
1995 TD5
1995 TC10
1995 UY43
1996 RQ19
1997 WM6
1998 RF13
1998 RF14
1998 RJ81
1998 SU36
1998 SE94
1999 TM294
1999 TO336
1999 VS123
2000 BR9
2000 CX110
2000 SP
2000 SW291
2001 RN13
2001 RM14
2001 RB117
2001 RT121
2001 RD155
2001 SL32
2001 SE185
2001 SK228
2001 SH300
2001 SS333
2001 TM58
2001 TV104
2001 TR188
2001 TL250
2001 TE260
2001 UU63
2001 UY67
2001 UD133
2001 UX189
2001 UN194
2001 UC196
2001 WO36
2001 WB54
2001 XK229
2002 GK35
2002 JD58
2002 MS6
2002 NO77
2002 OF27
2002 OZ35
2002 PH19
2002 PH21
2002 PT80
2002 PQ182
2002 PY197
2002 PA202
2002 QG27
2002 QG50
2002 QK52
2002 QD81
2002 QQ89
2002 QE100
2002 QF105
2002 QZ107
2002 QR116
2002 QW128
2002 QQ133
2002 RQ38
2002 RG53
2002 RX69
2002 RU78
2002 RO164
2002 RR240
2002 RG247
2002 RF257
2002 RO264
2002 SM3
2002 SX10
2002 SQ33
2002 SS34
2002 TE362
2002 TQ363
2002 TV249
2002 UM77
2002 VG71
2002 VR143
2002 VN146
2002 XN6
2002 XF120
2003 HH7
2003 HM34
2003 PX12
2003 QS31
2003 QL90
2003 RQ23
2003 SW5
2003 SU14
2003 SW364
2003 SX119
2003 SL410
2003 ST420
2003 SY429
2003 SP254
2003 SH261
2003 SB262
2003 SM323
2003 SA324
2003 SX324
2003 SW327
2003 SG329
2003 SB345
2003 UC18
2003 UJ278
2003 US108
2003 UP127
2003 UZ402
2003 UD172
2003 UC174
2003 UU198
2003 UC205
2003 UH220
2003 UJ278
2003 WK28
2003 WS59
2003 XV20
2004 PH62
2004 PF114
2004 RG13
2004 RM22
2004 RN22
2004 RT24
2004 RN31
2004 RJ41
2004 RJ46
2004 RZ47
2004 RY51
2004 RA60
2004 RD71
2004 RQ91
2004 RL101
2004 RS141
2004 RQ228
2004 RE314
2004 RG346
2004 SU37
2004 SG50
2004 TZ24
2004 TB33
2004 TY35
2004 TJ49
2004 TU56
2004 TG63
2004 TQ76
2004 TF88
2004 TR350
2004 TS368
2004 TS162
2004 TS277
2004 TF319
2004 TV334
2004 TR350
2004 VB7
2004 VH38
2004 WO4
2004 XJ18
2004 XP75
2004 XO106
2005 EP37
2005 GP93
2005 GZ96
2005 JU129
2005 KV3
2005 LF7
2005 NG16
2005 NT16
2005 NN33
2005 NK54
2005 NZ59
2005 NN70
2005 PD6
2005 QH13
2005 QX13
2005 QV18
2005 QM19
2005 QB21
2005 QY25
2005 QC47
2005 QE57
2005 QF59
2005 QF64
2005 QW81
2005 QC88
2005 QB94
2005 QT136
2005 QG153
2005 QK163
2005 QF179
2005 QD187
2005 RL19
2005 RO47
2005 SH16
2005 SC35
2005 SW48
2005 SP72
2005 SD76
2005 SP83
2005 SN90
2005 SQ90
2005 SD91
2005 SE110
2005 SP121
2005 SP130
2005 SQ135
2005 SY140
2005 ST141
2005 SM148
2005 SC150
2005 SO179
2005 SR183
2005 SR191
2005 SC199
2005 SZ204
2005 SB224
2005 SJ244
2005 ST269
2005 SK281
2005 TL2
2005 TZ7
2005 TK25
2005 TL34
2005 TK39
2005 TU55
2005 TO85
2005 TQ102
2005 TU110
2005 TT111
2005 TW123
2005 TC135
2005 TO136
2005 TN178
2005 TU187
2005 UF11
2005 UD17
2005 UY25
2005 UD27
2005 US44
2005 UY46
2005 UT60
2005 UB168
2005 UB246
2005 UJ115
2005 UA130
2005 UJ405
2005 UY151
2005 UR157
2005 UN159
2005 UB168
2005 UV431
2005 UG179
2005 UR182
2005 UE453
2005 UK463
2005 UD471
2005 UM471
2005 UM220
2005 UN221
2005 UB225
2005 UQ231
2005 UU233
2005 UB246
2005 UF521
2005 UD268
2005 US290
2005 UU295
2005 UT305
2005 UE311
2005 UC325
2005 VJ75
2005 VE96
2005 WH31
2005 WL31
2005 WX32
2005 WZ41
2005 WJ44
2005 WJ72
2005 WD82
2005 WK108
2005 WN134
2005 WG178
2005 XB43
2005 YL66
2005 YC78
2005 YL95
2005 YU188
2005 YT218
2005 YC235
2006 AF
2006 AF37
2006 AN73
2006 BK59
2006 BE90
2006 BW111
2006 BR123
2006 BY124
2006 DE215
2006 EZ10
2006 FK15
2006 HF3
2006 HB25
2006 HN142
2006 JR19
2006 PH2
2006 PR5
2006 PL11
2006 QP40
2006 QV62
2006 QQ117
2006 QF180
2006 RQ20
2006 RF28
2006 RU31
2006 RW33
2006 RV36
2006 RB68
2006 RW68
2006 RD71
2006 RC74
2006 RK78
2006 RW83
2006 RY85
2006 RF89
2006 RG90
2006 RM90
2006 SE11
2006 SF41
2006 SK41
2006 SC50
2006 SC68
2006 SJ72
2006 SS74
2006 SX81
2006 SS85
2006 SF88
2006 SH89
2006 SD109
2006 SV398
2006 SJ148
2006 SP162
2006 SM174
2006 SP181
2006 SD184
2006 SM209
2006 SR215
2006 SF239
2006 SB244
2006 SN246
2006 SJ250
2006 SH255
2006 SF260
2006 SJ306
2006 SG310
2006 SV315
2006 SB318
2006 SZ354
2006 TM1
2006 TL20
2006 TA45
2006 TL48
2006 TC76
2006 TW86
2006 TZ89
2006 TR121
2006 UW63
2006 UM118
2006 UY119
2006 UV126
2006 UZ133
2006 UJ154
2006 UV159
2006 UX162
2006 UP170
2006 UD173
2006 UT193
2006 UK195
2006 UG235
2006 UA245
2006 US253
2006 UJ256
2006 UU334
2006 UF336
2006 VH7
2006 VJ12
2006 VF15
2006 VR18
2006 VY18
2006 VA35
2006 VF57
2006 VW59
2006 VO78
2006 VZ85
2006 VG136
2006 VH136
2006 VN143
2006 WQ31
2006 WQ41
2006 WM104
2006 WU107
2006 WA112
2006 WH123
2006 WR166
2006 WY199
2006 XC71
2007 AC10
2007 BY22
2007 BB29
2007 BG33
2007 CA3
2007 DA8
2007 DS42
2007 EF3
2007 ED15
2007 EB132
2007 EP167
2007 HO19
2007 HE48
2007 JP40
2007 LV10
2007 PC19
2007 QS6
2007 QC13
2007 RG11
2007 RX26
2007 RL35
2007 RD39
2007 RL41
2007 RJ47
2007 RY49
2007 RA94
2007 RT106
2007 RB109
2007 RA120
2007 RF124
2007 RK129
2007 RQ160
2007 RP168
2007 RK171
2007 RU173
2007 RX176
2007 RO179
2007 RV199
2007 RW207
2007 RQ208
2007 RY219
2007 RN223
2007 RB239
2007 RD270
2007 RM287
2007 RN289
2007 RO323
2007 RS324
2007 SZ5
2007 SM8
2007 TP14
2007 TM25
2007 TK43
2007 TR59
2007 TG63
2007 TU66
2007 TE78
2007 TN80
2007 TJ81
2007 TQ85
2007 TR87
2007 TZ330
2007 TX332
2007 TG109
2007 TB370
2007 TR123
2007 TM124
2007 TY126
2007 TW396
2007 TU399
2007 TN413
2007 TE414
2007 TE423
2007 TL164
2007 TD428
2007 TN433
2007 TL174
2007 TQ174
2007 TB187
2007 TY187
2007 TO192
2007 TZ211
2007 TK230
2007 TN270
2007 TC278
2007 TB286
2007 TL299
2007 TC312
2007 TW315
2007 TY321
2007 TZ330
2007 TX332
2007 TD357
2007 UM13
2007 UH23
2007 UM26
2007 UO31
2007 UJ52
2007 UL61
2007 UZ69
2007 UF79
2007 UT81
2007 UH105
2007 UN126
2007 UW139
2007 VN7
2007 VX50
2007 VH149
2007 VU155
2007 VL156
2007 VX157
2007 VJ158
2007 VU216
2007 VL225
2007 VV235
2007 VY243
2007 VF244
2007 VW255
2007 VN285
2007 VX310
2007 WH
2007 WJ59
2007 XW40
2007 YA45
2008 AU69
2008 AF108
2008 AF109
2008 BH31
2008 CN56
2008 CX78
2008 CF146
2008 FJ64
2008 FL65
2008 FK116
2008 GK58
2008 GJ100
2008 HN
2008 HW43
2008 HM44
2008 JT15
2008 JX26
2008 OR19
2008 PD15
2008 PB20
2008 QQ5
2008 QA10
2008 QF43
2008 QK47
2008 RX2
2008 RP3
2008 RC4
2008 RA19
2008 RC22
2008 RC45
2008 RP47
2008 RJ94
2008 RU115
2008 RS135
2008 SL8
2008 SK21
2008 SX21
2008 SG26
2008 SF27
2008 SL40
2008 SH59
2008 SB61
2008 SB63
2008 SM65
2008 SW68
2008 SQ71
2008 SZ71
2008 SJ75
2008 SE77
2008 SK90
2008 SR91
2008 SK96
2008 SN117
2008 SZ118
2008 SX130
2008 SK133
2008 SY139
2008 SZ141
2008 ST142
2008 SY156
2008 SQ162
2008 SF164
2008 SM164
2008 SU166
2008 SF181
2008 SD184
2008 SR194
2008 SG234
2008 SP237
2008 SW240
2008 SB241
2008 SD242
2008 SC243
2008 SR252
2008 SY284
2008 SP286
2008 TF5
2008 TJ9
2008 TB18
2008 TY19
2008 TB22
2008 TR25
2008 TJ27
2008 TE36
2008 TN36
2008 TY53
2008 TC60
2008 TY90
2008 TH91
2008 TH100
2008 TE107
2008 TE113
2008 TT123
2008 TC150
2008 TL152
2008 TF188
2008 UT6
2008 UN27
2008 UY47
2008 UC57
2008 UU57
2008 UF76
2008 UR76
2008 UX106
2008 UM139
2008 UJ154
2008 UV154
2008 UB316
2008 UT356
2008 UY131
2008 UL133
2008 UM139
2008 UE154
2008 UJ154
2008 UV154
2008 UA155
2008 UQ166
2008 UK179
2008 UJ212
2008 UT254
2008 UK263
2008 UY276
2008 UY312
2008 UB316
2008 UT356
2008 VS51
2008 VZ65
2008 WQ5
2008 WS15
2008 WC22
2008 WZ28
2008 WC30
2008 WA54
2008 WS68
2008 WF76
2008 WV83
2008 WR106
2008 WC115
2008 WT116
2008 WZ129
2008 XA3
2008 XM47
2008 XW53
2008 YS7
2008 YS12
2008 YA18
2008 YX62
2008 YQ79
2008 YF91
2008 YC126
2008 YY159
2008 YV162
2009 AV13
2009 BB21
2009 BQ37
2009 BD85
2009 BA118
2009 CB56
2009 DC56
2009 EQ25
2009 FY12
2009 HX28
2009 KG
2009 QV22
2009 QF24
2009 QH32
2009 QG40
2009 QL40
2009 QH43
2009 QH49
2009 RV8
2009 RG12
2009 RF16
2009 RJ33
2009 RW72
2009 SG7
2009 SY9
2009 SD19
2009 SD29
2009 SJ52
2009 SZ82
2009 SG99
2009 SB286
2009 SG102
2009 SW118
2009 SU130
2009 SH132
2009 SA157
2009 SA160
2009 SY228
2009 SC250
2009 SN261
2009 SL279
2009 SB286
2009 SP317
2009 SN327
2009 SR332
2009 SD339
2009 SH342
2009 TT35
2009 UQ13
2009 UB47
2009 UN50
2009 UU59
2009 UF79
2009 UP92
2009 US93
2009 UH94
2009 UZ107
2009 UV108
2009 VV3
2009 VF4
2009 VN4
2009 VG26
2009 VB28
2009 VB35
2009 VC35
2009 VU39
2009 VH43
2009 VY46
2009 VC59
2009 VM59
2009 VS61
2009 VO64
2009 VQ68
2009 VG94
2009 VL113
2009 WO39
2009 WE54
2009 WW79
2009 WT105
2009 WR116
2009 WH138
2009 WE164
2009 WX167
2009 WM171
2009 WN208
2009 WR243
2009 WX260
2009 YD9
2010 AL4
2010 CN29
2010 CL138
2010 CA248
2010 DZ74
2010 FT99
2010 GJ76
2010 GZ103
2010 GS111
2010 JK29
2010 JR31
2010 JJ34
2010 KQ37
2010 LD31
2010 MJ46
2010 MA112
2010 NP36
2010 PC62
2010 PE62
2010 PK65
2010 PH77
2010 QH
2010 QG3
2010 QR3
2010 RR2
2010 RV12
2010 RV48
2010 RZ64
2010 RW77
2010 RF79
2010 RR90
2010 RZ102
2010 RP110
2010 RN112
2010 RX117
2010 RF127
2010 RS148
2010 RN150
2010 RY152
2010 RT171
2010 SS8
2010 SJ10
2010 SE19
2010 SZ19
2010 SN30
2010 TH21
2010 TS29
2010 TS46
2010 TX68
2010 TG79
2010 TL96
2010 TM100
2010 TJ104
2010 TW113
2010 TY137
2010 TZ167
2010 UB11
2010 UJ11
2010 UU87
2010 UC97
2010 VP23
2010 VU30
2010 VS32
2010 VP53
2010 VB56
2010 VG78
2010 VL87
2010 VR99
2010 VS112
2010 VE120
2010 VV137
2010 VS158
2010 VH165
2010 WN17
2010 WE26
2010 WB49
2011 AQ16
2011 AN27
2011 AM34
2011 AQ64
2011 BN31
2011 BU91
2011 BM93
2011 BZ105
2011 DU29
2011 DH38
2011 EY8
2011 FR63
2011 JA20
2011 KR24
2011 LC18
2011 OK8
2011 OB12
2011 OG13
2011 OK20
2011 QP27
2011 QD36
2011 QW59
2011 QU68
2011 QV87
2011 QL91
2011 RQ10
2011 SY22
2011 ST23
2011 SH27
2011 SQ29
2011 SN37
2011 SJ39
2011 SX41
2011 SJ51
2011 SH73
2011 SF81
2011 SN88
2011 SL110
2011 SY116
2011 SG133
2011 SU142
2011 SL170
2011 SA184
2011 SC198
2011 SM201
2011 SN213
2011 SQ221
2011 SO259
2011 SC260
2011 SR269
2011 UC20
2011 UM26
2011 UA30
2011 US39
2011 UE43
2011 UY51
2011 UC79
2011 UE80
2011 UH88
2011 UH105
2011 UJ102
2011 UD364
2011 UH105
2011 UA370
2011 UQ112
2011 UU118
2011 UD385
2011 UM392
2011 UO137
2011 UF140
2011 UV140
2011 UP405
2011 UF157
2011 UU160
2011 UE181
2011 UZ198
2011 UD204
2011 UZ247
2011 UB250
2011 UY251
2011 UM252
2011 UF279
2011 UW312
2011 UP313
2011 UL317
2011 UE320
2011 UB321
2011 UH338
2011 UY338
2011 UO350
2011 VN20
2011 WB11
2011 WN18
2011 WD52
2011 WV59
2011 WO61
2011 WZ63
2011 WT69
2011 WY83
2011 WQ89
2011 YP30
2012 BO56
2012 BG99
2012 BM137
2012 CV11
2012 CK16
2012 DC21
2012 FS12
2012 FQ21
2012 FW21
2012 GV26
2012 GQ32
2012 HS6
2012 HU64
2012 KZ1
2012 KU8
2012 PW5
2012 PR13
2012 PQ37
2012 QS20
2012 QR29
2012 RF28
2012 RZ29
2012 RQ42
2012 SH4
2012 SD9
2012 SZ13
2012 SQ27
2012 SY32
2012 SC40
2012 SX46
2012 SS60
2012 TH12
2012 TW16
2012 TC18
2012 TO30
2012 TQ33
2012 TS33
2012 TO67
2012 TH68
2012 TB69
2012 TM80
2012 TR80
2012 TP100
2012 TZ125
2012 TP131
2012 TZ144
2012 TD160
2012 TS165
2012 TO167
2012 TP197
2012 TC221
2012 TB224
2012 TS262
2012 TC271
2012 TS283
2012 UE2
2012 UN9
2012 UC28
2012 UD28
2012 UK36
2012 UT45
2012 UE50
2012 UD56
2012 UO57
2012 UQ60
2012 UM62
2012 UP76
2012 UV77
2012 US88
2012 UM100
2012 UR110
2012 UC112
2012 UV112
2012 UG116
2012 UB126
2012 UF141
2012 UH147
2012 UV149
2012 UR151
2012 UL163
2012 VH9
2012 VL10
2012 VB17
2012 VP40
2012 VL90
2012 VP101
2012 VZ105
2012 VE109
2012 WU11
2012 WT14
2012 WX14
2012 XX
2012 XR19
2012 XX36
2012 XJ43
2012 XL92
2012 XL107
2012 XO148
2012 XQ150
2012 YX4
2013 AK37
2013 AG46
2013 AD67
2013 BQ38
2013 CP19
2013 CY84
2013 CP162
2013 CR170
2013 DG5
2013 FJ20
2013 GH40
2013 GT43
2013 GR49
2013 GB102
2013 GX113
2013 GU122
2013 GS130
2013 HC14
2013 HE16
2013 HR71
2013 HB82
2013 HQ84
2013 HK101
2013 HA119
2013 JG2
2013 JM2
2013 KS12
2013 KN15
2013 LQ
2013 NR7
2013 NC8
2013 NE12
2013 PS5
2013 PX37
2013 PF38
2013 PO68
2013 QA10
2013 QX17
2013 QG20
2013 QH27
2013 QW50
2013 QS61
2013 QW65
2013 QS68
2013 QA75
2013 QW81
2013 RM18
2013 RA20
2013 RJ28
2013 RT29
2013 RC31
2013 RX37
2013 RA41
2013 RX47
2013 RG48
2013 RM64
2013 RF75
2013 RM81
2013 RR86
2013 SE14
2013 SL28
2013 SX30
2013 SY31
2013 SD34
2013 SW50
2013 SO54
2013 SG60
2013 SS79
2013 SA80
2013 TY8
2013 TS11
2013 TE13
2013 TX19
2013 TE32
2013 TL36
2013 TB46
2013 TV48
2013 TY48
2013 TP74
2013 TL84
2013 TA89
2013 TL92
2013 TV96
2013 TR102
2013 TK114
2013 TY133
2013 TA138
2013 TQ141
2013 TL142
2013 TR143
2013 TP146
2013 VH11
2013 VG17
2013 WJ19
2013 WV58
2013 WC59
2013 XJ12
2013 XA18
2013 XZ22
2013 YR3
2013 YL13
2013 YE17
2013 YB98
2013 YD119
2013 YL129
2014 AA21
2014 AC26
2014 BB22
2014 BB41
2014 BO47
2014 DZ63
2014 DO105
2014 DR124
2014 ES32
2014 GK9
2014 GW17
2014 GG46
2014 HD4
2014 HY5
2014 HK23
2014 HG29
2014 HT71
2014 HT149
2014 JF49
2014 JY63
2014 JQ69
2014 JT71
2014 KU9
2014 KL29
2014 KC33
2014 KF41
2014 KH81
2014 KA99
2014 LM15
2014 MY7
2014 MC17
2014 MD31
2014 ML58
2014 NX11
2014 NH33
2014 ON3
2014 OX27
2014 OM35
2014 OV38
2014 ON70
2014 OY71
2014 OL96
2014 OO96
2014 OB97
2014 OU102
2014 OV365
2014 OJ366
2014 OM110
2014 OZ379
2014 OY126
2014 OE389
2014 OA133
2014 OJ141
2014 OW188
2014 ON193
2014 OS197
2014 OW197
2014 OE200
2014 OP225
2014 OC229
2014 OF293
2014 OG323
2014 OP334
2014 OC342
2014 OS352
2014 OG357
2014 OU358
2014 PQ7
2014 PU14
2014 PS15
2014 PM17
2014 PC21
2014 PJ24
2014 PY26
2014 PN28
2014 PV35
2014 PF47
2014 PV48
2014 PE49
2014 QG29
2014 QZ102
2014 QB369
2014 QK118
2014 QA383
2014 QD137
2014 QY137
2014 QC138
2014 QO140
2014 QY140
2014 QS149
2014 QU149
2014 QL150
2014 QO427
2014 QM173
2014 QW174
2014 QE176
2014 QH176
2014 QO176
2014 QN179
2014 QX201
2014 QS204
2014 QA230
2014 QW236
2014 QF237
2014 QD241
2014 QT278
2014 QB300
2014 QT306
2014 QZ307
2014 QV308
2014 QX311
2014 QV315
2014 QE320
2014 QS322
2014 QH350
2014 QE352
2014 RL8
2014 RG30
2014 RK38
2014 RG55
2014 SB102
2014 SB126
2014 SE165
2014 SP177
2014 SO191
2014 SR206
2014 ST287
2014 SK305
2014 SH312
2014 SK330
2014 SE337
2014 SD348
2014 TS3
2014 TH26
2014 TQ27
2014 TP28
2014 TV37
2014 TE40
2014 TG44
2014 TU59
2014 TK69
2014 TZ83
2014 UB7
2014 UT13
2014 UE16
2014 UR18
2014 UB19
2014 UC23
2014 UL48
2014 UB49
2014 UP49
2014 UQ49
2014 UV65
2014 UV91
2014 UC112
2014 UR117
2014 UM134
2014 UW134
2014 UB137
2014 UH144
2014 UU162
2014 UB163
2014 UJ177
2014 UP200
2014 VP9
2014 VA15
2014 VL16
2014 VL20
2014 VU21
2014 VF24
2014 VC27
2014 VT29
2014 WO1
2014 WN14
2014 WU20
2014 WS24
2014 WW46
2014 WJ49
2014 WV50
2014 WC56
2014 WE67
2014 WL76
2014 WS82
2014 WH93
2014 WQ107
2014 WJ488
2014 WQ234
2015 AR178
2015 AJ195
2015 AZ248
2015 AY257
2015 BH7
2015 BL225
2015 BE127
2015 BX401
2015 BU175
2015 BV255
2015 CJ19
2015 CT31
2015 CS42
2015 DC64
2015 DD95
2015 FH8
2015 FL147
2015 GZ3
2015 HQ81
2015 HC84
2015 HN91
2015 HQ143
2015 HY174
2015 HR175
2015 MS17
2015 MZ26
2015 MJ46
2015 MW56
2015 ML106
2015 NB8
2015 OK25
2015 OC43
1995 SF24
1995 SF34
1995 SD65
1995 SK85
1997 SY11
1998 SZ176
1999 AS12
1999 TB44
1999 TE46
1999 TK136
1999 VS83
1999 VO139
1999 VU211
1999 VF214
2000 EJ23
2000 QW232
2000 QH237
2000 SL190
2000 SJ328
2000 WY105
2001 FB200
2001 FS202
2001 FT209
2001 FL217
2001 FV219
2001 QL202
2001 QA322
2001 RO140
2001 SP190
2001 SG308
2001 TW128
2001 UW67
2001 UW69
2001 US129
2001 UU129
2001 UY181
2001 UW215
2002 AK45
2002 GU179
2002 LM64
2002 OJ28
2002 PZ188
2002 QK97
2002 QX121
2002 QW137
2002 QD144
2002 RC194
2002 RF207
2002 RP232
2002 RN238
2002 RL249
2002 RB260
2002 RG267
2002 RE271
2002 RU280
2002 SB2
2002 SF28
2002 SN49
2002 TX94
2002 TY155
2002 TM241
2002 TM320
2002 TU323
2002 UE11
2002 VO144
2002 YK13
2003 QL36
2003 SF373
2003 ST385
2003 SK409
2003 SG262
2003 SS349
2003 UK376
2003 WU164
2004 AN6
2004 BA62
2004 FB48
2004 RO73
2004 RO91
2004 RE111
2004 RD171
2004 RK233
2004 RF237
2004 RG237
2004 RQ240
2004 RD260
2004 RX312
2004 RF346
2004 SH23
2004 TX
2004 TT20
2004 TJ39
2004 TN63
2004 TC65
2004 TV99
2004 TA159
2004 TE182
2004 TN186
2004 TP214
2004 TB229
2004 TZ236
2004 TV264
2004 TK332
2004 UT5
2005 EK67
2005 EC77
2005 EX103
2005 EX134
2005 EG186
2005 FW14
2005 GG191
2005 JJ90
2005 JV134
2005 NO2
2005 NR90
2005 PW8
2005 QK47
2005 QT55
2005 QF95
2005 QZ127
2005 QH163
2005 RU40
2005 SQ18
2005 SY18
2005 SP25
2005 SB45
2005 SL83
2005 SJ136
2005 SJ137
2005 SP162
2005 SG171
2005 SS182
2005 SG199
2005 SG221
2005 SD241
2005 SO244
2005 TR19
2005 TR31
2005 TY34
2005 TP37
2005 TJ42
2005 TJ63
2005 TN120
2005 TW128
2005 TM133
2005 TC136
2005 TK144
2005 TR149
2005 TG157
2005 TH160
2005 TZ168
2005 UA11
2005 UX19
2005 UM22
2005 UQ22
2005 UT44
2005 UC78
2005 UH365
2005 UZ111
2005 UK388
2005 UX129
2005 UR392
2005 UU136
2005 UC400
2005 UJ145
2005 UE417
2005 UF164
2005 UT164
2005 UD178
2005 UY459
2005 UX462
2005 UE225
2005 UF247
2005 UN258
2005 UJ267
2005 UM272
2005 UN295
2005 UB316
2005 UB321
2005 UJ321
2005 UE344
2005 UK345
2005 VP9
2005 VE65
2005 VL105
2005 VJ111
2005 WW11
2005 WU49
2005 WM95
2005 WX106
2005 WQ115
2005 WN152
2005 YD95
2005 YU116
2005 YW193
2005 YO206
2006 BM4
2006 BR101
2006 CF52
2006 DF24
2006 DV112
2006 FY14
2006 HZ15
2006 HB33
2006 JE41
2006 KW48
2006 KY106
2006 QT7
2006 QF42
2006 QN54
2006 QT86
2006 QV101
2006 QJ146
2006 QQ152
2006 RL52
2006 RV72
2006 RS73
2006 RV111
2006 SU66
2006 SB90
2006 SM404
2006 SC158
2006 SV171
2006 SW201
2006 SA205
2006 SX231
2006 SB232
2006 SQ245
2006 SX251
2006 SH268
2006 SG315
2006 SU347
2006 TR31
2006 TY123
2006 UK1
2006 UO19
2006 UY38
2006 UU123
2006 UB131
2006 UA149
2006 UD163
2006 UD242
2006 UG277
2006 VC58
2006 VA78
2006 VH79
2006 VR94
2006 VU130
2006 VL131
2006 VZ171
2006 WF13
2006 WY163
2006 WZ171
2006 WH172
2006 YD14
2007 AV15
2007 CM75
2007 DC113
2007 EK124
2007 ET127
2007 FY31
2007 GJ69
2007 HF73
2007 JK44
2007 LS9
2007 PR50
2007 QP4
2007 RY40
2007 RC73
2007 RX108
2007 RG116
2007 RL159
2007 RF167
2007 RU170
2007 RL188
2007 RA192
2007 RA194
2007 RH232
2007 RO288
2007 RS302
2007 SC22
2007 TY46
2007 TX49
2007 TU63
2007 TX67
2007 TU78
2007 TY90
2007 TH99
2007 TK99
2007 TF119
2007 TM394
2007 TB395
2007 TD399
2007 TT145
2007 TT152
2007 TL449
2007 TO200
2007 TS216
2007 TD228
2007 TA235
2007 TD237
2007 TM239
2007 TT298
2007 TH302
2007 TG308
2007 TF312
2007 TC327
2007 TV330
2007 TL342
2007 UB64
2007 UJ67
2007 VS51
2007 VM58
2007 VQ66
2007 VW66
2007 VW75
2007 VB136
2007 VE136
2007 VN137
2007 VR179
2007 VM235
2007 XW13
2007 YY3
2007 YS30
2007 YZ67
2008 AX55
2008 DX8
2008 DJ31
2008 FJ21
2008 FT31
2008 FY35
2008 GQ13
2008 GG15
2008 GY33
2008 GC38
2008 GW53
2008 GW71
2008 GF145
2008 HV13
2008 LA11
2008 QC14
2008 QJ43
2008 RK19
2008 RJ23
2008 RN31
2008 RV32
2008 RR39
2008 RX43
2008 RU69
2008 RZ91
2008 RM102
2008 RY108
2008 SB55
2008 SA64
2008 SS79
2008 SQ92
2008 SR108
2008 SK131
2008 SC134
2008 SG134
2008 SN161
2008 SV180
2008 SU195
2008 SO215
2008 SL251
2008 SN260
2008 SB280
2008 SA286
2008 SA305
2008 SF306
2008 SC309
2008 TN15
2008 TW50
2008 TA57
2008 TR63
2008 TN93
2008 TW93
2008 TZ99
2008 TP100
2008 TB135
2008 TG139
2008 TP139
2008 TK173
2008 TS184
2008 TU186
2008 TE187
2008 UN12
2008 UM14
2008 UL17
2008 UH23
2008 UN25
2008 UM26
2008 UR30
2008 UC31
2008 UP31
2008 UT39
2008 UG51
2008 UZ56
2008 UU89
2008 UX105
2008 UX106
2008 UG130
2008 UT150
2008 UV166
2008 UL167
2008 UD178
2008 UC218
2008 UU222
2008 UD268
2008 UH268
2008 UM275
2008 UV277
2008 UE278
2008 UZ279
2008 UC285
2008 UC289
2008 VN25
2008 VF55
2008 WO17
2008 WO36
2008 WB40
2008 YW31
2008 YZ41
2008 YN63
2008 YU81
2008 YF83
2008 YP83
2008 YQ91
2009 AZ6
2009 AO30
2009 BU41
2009 BH66
2009 BT97
2009 BD190
2009 DP36
2009 DV37
2009 HY20
2009 HK21
2009 JJ4
2009 OU25
2009 QF1
2009 QY28
2009 QZ31
2009 QM39
2009 QQ61
2009 QF62
2009 QM64
2009 RO14
2009 RS52
2009 SU10
2009 SA20
2009 SJ26
2009 SX30
2009 SQ32
2009 SO39
2009 SQ44
2009 SH52
2009 SJ73
2009 SR79
2009 SY102
2009 SQ363
2009 SJ126
2009 SJ160
2009 SQ201
2009 SO223
2009 SN225
2009 SZ255
2009 SL263
2009 SR269
2009 SQ275
2009 SX299
2009 SY313
2009 SE343
2009 SG346
2009 UN14
2009 UJ22
2009 UA42
2009 UM50
2009 UO56
2009 UB96
2009 UY101
2009 UR120
2009 VY31
2009 VO34
2009 VJ48
2009 VE87
2009 WE4
2009 WZ18
2009 WX44
2009 WQ64
2009 WC88
2009 WF93
2009 WQ94
2009 WE120
2009 WA134
2009 WO135
2009 WZ136
2009 WX163
2010 AM9
2010 CU29
2010 CS92
2010 CN106
2010 EU73
2010 EB84
2010 EK95
2010 FN34
2010 GA14
2010 GR97
2010 GT121
2010 JS63
2010 KQ15
2010 KH39
2010 KV41
2010 KY92
2010 KL124
2010 ME23
2010 MG78
2010 NZ77
2010 NW102
2010 OQ72
2010 PM34
2010 RZ2
2010 RE41
2010 RZ42
2010 RR136
2010 RS138
2010 RG171
2010 SV12
2010 SG35
2010 TF5
2010 TC12
2010 TS33
2010 TY34
2010 TZ34
2010 TP35
2010 TY42
2010 TT49
2010 TN53
2010 TD63
2010 TH86
2010 TM89
2010 TE90
2010 TQ93
2010 TE100
2010 TY101
2010 TN146
2010 TW158
2010 UH4
2010 UX29
2010 UA48
2010 UZ53
2010 UD72
2010 UL82
2010 UD83
2010 US102
2010 VF24
2010 VM31
2010 VQ77
2010 VA154
2010 VM181
2010 VR210
2010 WW24
2010 WR61
2010 WA74
2010 XG32
2010 XB55
2011 AQ58
2011 AW66
2011 BH32
2011 BA37
2011 BQ96
2011 BR108
2011 BW110
2011 BS119
2011 CD27
2011 CH44
2011 CF55
2011 CQ83
2011 CL95
2011 DM2
2011 DP11
2011 DK34
2011 FF21
2011 FM22
2011 FS82
2011 GF86
2011 KP3
2011 KC6
2011 OL12
2011 PU9
2011 QC28
2011 QH88
2011 RM14
2011 SX
2011 SO21
2011 SH32
2011 SE33
2011 ST36
2011 SK42
2011 SG50
2011 SK51
2011 SX88
2011 SV95
2011 SN97
2011 SZ107
2011 SV119
2011 SY119
2011 SR127
2011 SV128
2011 SP129
2011 SL133
2011 SK147
2011 SP164
2011 SC181
2011 SB184
2011 SP205
2011 SJ216
2011 SM219
2011 SD221
2011 SG232
2011 SV248
2011 TR3
2011 TA5
2011 TN16
2011 UG3
2011 UE9
2011 UM10
2011 UY26
2011 UY27
2011 UE41
2011 UZ52
2011 US70
2011 UU70
2011 UJ73
2011 UJ75
2011 UV95
2011 UM104
2011 UU121
2011 UX154
2011 UO196
2011 UA245
2011 UZ254
2011 UU282
2011 UB283
2011 UW284
2011 UU314
2011 UV327
2011 UH334
2011 VO2
2011 WD13
2011 WT13
2011 WG22
2011 WA58
2011 WG58
2011 WQ82
2011 WL93
2011 WW107
2011 WA148
2011 YQ12
2012 BZ3
2012 BE6
2012 BW87
2012 BF93
2012 BO113
2012 DS69
2012 DE84
2012 EA6
2012 FJ22
2012 FA31
2012 FU70
2012 HT6
2012 JS19
2012 JO48
2012 KB13
2012 LO4
2012 LG25
2012 PO16
2012 PO20
2012 QW
2012 QE18
2012 RD8
2012 RJ11
2012 SS2
2012 SR3
2012 SC15
2012 SC17
2012 ST33
2012 TQ11
2012 TS12
2012 TH18
2012 TJ37
2012 TV47
2012 TB58
2012 TY66
2012 TR71
2012 TB83
2012 TJ91
2012 TY96
2012 TF104
2012 TQ106
2012 TF121
2012 TC164
2012 TL204
2012 TN217
2012 TS218
2012 TM221
2012 TV298
2012 UP1
2012 UL30
2012 UP45
2012 UV47
2012 UX50
2012 UX54
2012 UT73
2012 UU99
2012 UG109
2012 US110
2012 UC150
2012 UE159
2012 VM25
2012 VP56
2012 VB63
2012 WE31
2012 XW29
2012 XM31
2012 XN47
2012 XY152
2013 AP68
2013 AB71
2013 BT56
2013 BW77
2013 CX40
2013 CF59
2013 CT91
2013 EN104
2013 EH150
2013 FT27
2013 GO58
2013 HD48
2013 HA55
2013 HR60
2013 HL63
2013 HB73
2013 HW84
2013 HZ87
2013 HE89
2013 HD104
2013 HC107
2013 HX108
2013 HZ113
2013 HR115
2013 HD130
2013 HX132
2013 HT133
2013 HJ141
2013 JT10
2013 JN19
2013 JJ20
2013 JY43
2013 KG4
2013 LC34
2013 MR4
2013 NP2
2013 ND3
2013 OL
2013 PE17
2013 PN27
2013 PH37
2013 PU49
2013 QR3
2013 QM23
2013 QS28
2013 QS40
2013 QX82
2013 RN2
2013 RB4
2013 RA14
2013 RY40
2013 RG78
2013 SJ18
2013 SF34
2013 SB35
2013 SU38
2013 SE40
2013 SM49
2013 SR53
2013 SC59
2013 SF85
2013 TJ24
2013 TG27
2013 TE29
2013 TN38
2013 TZ53
2013 TX77
2013 TM95
2013 TR125
2013 TT133
2013 WW10
2013 WM29
2013 WC33
2013 YA2
2013 YU40
2013 YQ93
2013 YK118
2013 YR121
2014 AR9
2014 BR21
2014 BY56
2014 DX27
2014 DQ28
2014 DN97
2014 DB107
2014 DH110
2014 DC127
2014 ES5
2014 FS19
2014 HT5
2014 HQ27
2014 HV139
2014 JF10
2014 JL35
2014 JU63
2014 LP4
2014 NG22
2014 NA50
2014 OR4
2014 OR5
2014 OZ6
2014 OM8
2014 OA9
2014 ON11
2014 OF12
2014 OP22
2014 OS28
2014 OX28
2014 OZ29
2014 OJ39
2014 OD47
2014 OE47
2014 OO52
2014 OO58
2014 OC94
2014 OA370
2014 OX115
2014 OL121
2014 OL382
2014 OT123
2014 OP134
2014 OR141
2014 OX141
2014 OH145
2014 OD146
2014 OA150
2014 OW153
2014 ON162
2014 OV200
2014 OK203
2014 OC206
2014 OX213
2014 OT214
2014 OS241
2014 OA248
2014 OG307
2014 OC324
2014 OB327
2014 OD327
2014 OS328
2014 OQ329
2014 PP7
2014 PT22
2014 PT24
2014 PU25
2014 PW32
2014 PO35
2014 PZ36
2014 PP46
2014 PH47
2014 PV62
2014 PJ65
2014 QZ36
2014 QA119
2014 QS392
2014 QV132
2014 QG134
2014 QT139
2014 QT415
2014 QO418
2014 QJ420
2014 QR178
2014 QZ207
2014 QH212
2014 QM220
2014 QF222
2014 QP227
2014 QD233
2014 QK234
2014 QC278
2014 QK278
2014 QM305
2014 QM312
2014 QY314
2014 QA338
2014 QT339
2014 QL351
2014 QN356
2014 SN36
2014 SQ37
2014 ST63
2014 SL88
2014 SL95
2014 SH101
2014 SX105
2014 SS106
2014 SC110
2014 SP110
2014 SS119
2014 SL123
2014 SO130
2014 SO132
2014 ST146
2014 SX148
2014 SH156
2014 SU158
2014 SB162
2014 SL173
2014 SJ190
2014 SC225
2014 SJ231
2014 ST264
2014 SK297
2014 SJ327
2014 SX334
2014 SC344
2014 TW63
2014 TD69
2014 UU43
2014 UB50
2014 UK52
2014 UB59
2014 UK105
2014 UZ111
2014 UX156
2014 UR171
2014 VF35
2014 WM5
2014 WJ30
2014 WY42
2014 WZ43
2014 WK44
2014 WE46
2014 WQ76
2014 WE78
2014 WE90
2014 WO91
2014 WR91
2014 WT95
2014 WY102
2014 WQ107
2014 WG375
2014 WT128
2014 WU133
2014 WH137
2014 WB460
2014 WV208
2014 WH232
2015 AZ27
2015 AP31
2015 AC33
2015 AB35
2015 AS36
2015 AW41
2015 AR148
2015 AF185
2015 AG257
2015 AL271
2015 AR271
2015 BZ103
2015 BZ128
2015 BU134
2015 BG136
2015 BY170
2015 BM433
2015 BD444
2015 BC198
2015 BY198
2015 BG472
2015 BW215
2015 BT221
2015 BL225
2015 BB502
2015 BR248
2015 BS271
2015 BF345
2015 CN27
2015 CL46
2015 DW23
2015 DN35
2015 EU20
2015 EJ60
2015 FZ153
2015 FB155
2015 FL176
2015 GA4
2015 GJ16
2015 GB18
2015 HE33
2015 HR33
2015 HR66
2015 HZ70
2015 HP73
2015 HZ74
2015 HL83
2015 HY95
2015 HE97
2015 HR98
2015 HF159
2015 HU164
2015 HB173
2015 KW33
2015 KG43
2015 LQ10
2015 MA9
2015 MJ47
2015 MK56
2015 MS107
2015 ME108
2015 OZ10
2015 OP12
2015 OP13
2015 OJ25
2015 OX29
2015 OY42
2015 OH70
2015 PM6
2015 PX29
2015 PO39
2015 PQ48
2015 PX48
