id
6340
6986
7340
7657
7956
8049
8486
8932
9226
9411
10621
10792
11534
11706
11875
12363
12492
13507
13533
13753
14077
15564
15772
16458
16561
16931
17470
17524
17574
17695
17696
18047
18385
18554
19615
19791
20549
21027
21029
21059
21533
24416
25194
25653
25881
27237
28399
28679
31288
32003
32329
32413
32485
32792
33770
34146
35075
35598
37160
38252
38477
39217
41585
44571
47649
47820
48135
50648
51943
53288
55601
61532
61679
62126
64053
65675
66050
72603
75968
79118
82867
86175
94019
100912
106051
135282
141249
159844