id
3554
18746
25974
35372
39893
46507
48864
49321
50143
59054
61078
62975
63545
65584
66582
66681
66916
66933
67129
68183
69736
70624
70984
73035
75987
75995
79453
79881
81776
81998
82233
82902
85422
85506
85926
86909
87009
87205
87208
87253
87785
89485
89566
89766
90693
92494
92554
92766
92936
93360
95982
98024
100037
100741
101075
101159
101258
101286
101432
102758
102910
103053
105770
107928
109242
109391
111097
111129
111221
113217
114416
114972
115509
117751
118231
118307
118638
119120
119561
119643
121220
121321
122048
122272
122633
122846
122938
126715
127688
128409
129641
129657
129729
130182
130734
131737
134490
135503
135709
136044
136072
136844
137174
139503
139626
139886
140034
142260
142290
142579
142583
143174
143433
145301
145963
146116
146506
146520
147995
148017
148340
148527
148700
149425
149878
150258
150668
150847
152538
153411
153413
153896
155539
155809
157407
159482
159771
160058
160337
160599
160629
161405
161432
161625
161689
161775
161843
162093
162140
162222
162247
162316
162937
163253
163594
163689
163866
164722
164756
164915
165634
165654
166295
166589
167473
167894
168303
168702
169103
169765
169843
169953
170440
170556
172221
172357
173199
173246
173917
175970
176102
176864
177763
178713
179416
179492
179632
180617
181329
181963
182151
182309
182755
183407
183415
183419
183449
183454
184070
185170
185736
185891
185967
186268
186605
186943
187787
187871
187872
188117
188507
189043
189068
189110
189460
190060
190123
190366
190520
190686
190736
191191
191383
191456
191900
192713
193383
194821
196460
196684
197392
197504
198438
198594
198600
200274
201497
201558
201653
203002
204135
204708
205172
205341
206230
206640
207167
207745
208246
208474
211274
211312
212233
212239
212543
212709
213047
213381
213384
213559
214867
215769
216558
217209
217213
217290
217302
218026
218373
219389
219441
219700
219803
219875
220843
221897
223230
225595
225597
226829
229276
229879
229963
230008
230094
230973
231917
232234
232370
232772
233449
233623
233651
233864
233927
234066
234335
234725
234964
235167
235451
235622
237463
237518
237552
237837
237987
239209
239730
239826
239827
239913
240063
240621
241799
241885
242013
242193
243366
243942
244340
244504
245526
245545
246257
246918
247229
247304
247740
248123
248281
249835
249863
250132
250192
250945
251206
251631
251963
253075
254179
254832
256398
257315
257430
257820
259391
260923
261624
263473
264029
264737
265044
265315
267051
267470
267612
269015
269522
270415
274037
274046
274248
275647
276679
278430
278774
279726
279886
280292
280745
282339
283037
284378
285341
285350
285576
286084
286426
287237
287240
287324
288320
288627
288834
290288
292996
296736
297427
297660
297808
297838
301750
301843
302061
302706
303678
303794
303832
306422
306763
307423
307477
307792
307874
308070
308378
310448
310451
310541
313021
313918
316472
316611
317006
319415
322904
323039
324627
329318
329360
329542
329556
329864
329866
330761
331740
334034
334112
334127
334729
334757
335639
337391
337637
337967
339258
339514
340575
340577
340626
340696
340723
345552
346221
347655
347711
348785
348800
348848
348926
349024
353370
355030
356796
357547
358769
360506
363110
363445
363659
364530
366447
366937
368251
373280
373763
377275
377898
380373
382721
382963
384857
385553
385864
387673
389296
390853
393040
393680
396596
397027
399519
400021
400080
400466
400676
400698
402941
402949
405367
408823
410637
413037
415966
416101
416861
416862
417527
418442
418612
423179
424225
428094
428359
430859
431279
431458
432265
433998
436365
436709
438983
2000 TF50
2000 UA16
2000 UR67
2000 WR56
2001 RW119
2002 RH160
2004 QX24
2004 RV7
2004 TU7
2004 WG6
2005 ER2
2005 LF28
2005 RD28
2005 UD349
2006 BK194
2006 FJ50
2006 KD76
2006 QZ52
2006 RK5
2006 RL41
2006 RW101
2006 SZ43
2006 SB322
2006 TD77
2006 XG24
2007 GE30
2007 TJ209
2007 TA137
2007 TJ209
2007 TQ214
2007 VU142
2007 YZ63
2008 RM135
2008 UC259
2008 WR138
2009 JN8
2009 QP55
2009 SE150
2009 SS336
2009 VJ115
2010 LX31
2010 RE65
2011 AJ5
2011 BD53
2011 QD96
2011 WA52
2011 WY106
2012 NH
2012 PJ20
2012 QR
2012 RE3
2012 UX130
2012 XK111
2013 RH16
2013 YD8
2013 YE64
2014 DZ
2014 KH78
2014 LA26
2014 QL152
2014 QL421
2014 SZ53
2014 UX218
2015 FC23
2015 KK144
1998 RR64
2001 SJ258
2006 EU15
2006 QO8
2006 WG30
2007 RU50
2007 TO413
2007 UL74
2008 CH55
2008 SM76
2009 DN34
2009 PL1
2009 SN133
2009 WF125
2010 AW99
2010 BZ10
2010 BM12
2010 BO61
2010 BO65
2010 BX108
2010 CL44
2010 ET153
2010 FO74
2010 GF46
2010 GO56
2010 HK20
2010 HA34
2010 JL19
2010 JV24
2010 KF15
2010 KX51
2010 KN62
2010 LE43
2010 LC51
2010 LZ72
2010 LR81
2010 LA102
2010 MM59
2010 NB39
2010 NL55
2010 NX83
2010 NZ83
2010 OB9
2010 OR109
2010 PZ40
2010 UN55
2011 LQ12
2012 UB142
2013 AV12
2014 KV97
2014 OU330
2014 SV288
2014 WW350
2014 YR6
2015 BF18
2015 CW49
2015 HO70
2015 HT76
2015 NU12
