id
88
275
907
1327
1414
1839
2631
3224
3269
3549
3724
3829
3964
4037
4535
5234
5467
5712
5823
6129
6594
7094
7211
7397
7405
7444
7495
7735
7814
8009
8126
8219
8224
8238
8451
8469
8485
8819
9104
9845
10118
10243
10460
10504
10561
11065
11172
11633
11886
13311
13554
13723
14806
14837
15418
15523
15611
16176
16188
16621
17112
17250
18613
19015
19339
19347
19631
19661
19842
19998
20119
20524
20558
21742
21763
21838
21868
21911
22093
23100
23223
23842
24468
25066
25091
25159
25313
25314
25457
25790
25806
26729
27228
27308
27545
27575
28885
28905
29054
29246
29351
29467
29505
29696
30068
30444
30677
30848
32239
33127
33219
33570
33631
33633
34060
34126
34400
34508
34570
34620
34885
34961
35307
35485
35529
35604
36207
36273
36556
36675
36693
36773
37370
37383
37566
37878
38318
38332
38517
39335
39591
40114
40434
40454
40520
40541
40662
40780
40981
41214
41386
41389
41391
41461
41819
41978
42188
42333
42444
42527
42591
43018
43327
43685
43735
44373
44421
45117
45351
46235
46954
47818
47875
48093
48157
48348
48557
48611
48778
50190
50320
50434
50681
51033
51133
51162
51665
51727
52133
52597
53107
53278
53332
54429
55327
55357
55643
55872
56005
57189
57270
58069
58151
58761
58793
58800
59313
59528
59625
59868
59920
60721
61604
62239
62418
62574
62921
63476
63486
63787
64135
64499
64507
64653
64777
64796
65173
65239
65596
65760
65802
66811
66947
67012
68307
68671
68854
68973
69186
69550
69898
69953
70800
71177
71459
71494
72460
73127
73331
74256
74289
74321
74399
75381
75655
76076
76146
76317
76740
77589
77692
78304
78486
78603
79148
79261
79326
79985
80017
81031
81077
81456
81709
81750
81927
82446
82594
82630
82719
82884
82901
83421
83582
84160
84261
84382
84401
84566
84707
84834
84941
85736
86271
87492
87854
88033
88052
88180
88216
88577
90905
91404
91548
91664
91789
91939
92971
93435
93459
93654
93700
93821
96838
97192
97400
97581
98758
99099
99230
99387
99800
99809
99815
99947
99955
100138
100154
100469
101834
102868
103377
103420
103479
103696
103779
104067
104390
104696
104766
104968
105037
105189
105214
105432
105540
105953
107545
108090
108404
108494
109887
110280
110304
110562
110601
111035
111208
111344
111757
111781
111827
112445
112983
113427
113554
113645
113710
114698
114831
114975
115066
115108
115500
115531
115861
116340
116948
117012
117192
117274
117840
117938
117991
118256
118270
119497
120490
120661
120813
121390
122706
122887
122893
123020
123085
123162
123239
123247
123262
123374
123619
123661
123666
123761
125842
126440
126866
127231
127347
128936
129123
129459
129572
129674
129675
131309
131313
131351
132532
132933
132967
133122
134293
134496
134508
135154
135491
136001
136034
137009
138182
138356
138374
138491
139464
139475
139585
139601
139607
139658
139684
139685
139687
139851
139889
140684
142783
143075
143146
143217
143365
143418
143571
144565
144828
144903
145057
145618
145782
146414
146564
146722
146770
146779
147367
147383
147391
148014
148892
148905
148947
149508
150505
150523
150548
150569
150575
150916
151092
151215
151224
151240
152197
152604
152674
152675
152786
152792
152795
152822
153062
153214
153996
154008
154084
154088
154586
155555
155698
155802
156492
156996
157144
157563
157699
157899
158088
158092
159233
159306
159430
159675
159819
160238
160480
160676
161097
162103
162132
162135
162147
163365
163426
164491
164686
164760
164985
165000
165519
165602
166420
166447
166503
166529
166538
167412
167474
168389
168639
169870
170043
170418
170686
171113
171477
171525
172267
172292
172313
172741
172794
172803
173692
174238
174302
174459
174894
175071
175140
175474
176223
176276
176384
176912
176927
177625
178185
178642
179013
179032
179044
179209
179247
180683
181388
182139
182150
182170
182456
182558
182800
183458
183460
183462
184506
184538
184619
184671
184907
185061
185294
185582
185628
185908
185910
185939
186102
187502
188113
188116
188315
188318
188325
188515
189006
189473
189476
189478
189484
189866
190079
190095
190203
190323
190377
190384
190392
190407
190678
190695
191053
191356
191713
192225
192231
192738
192742
192743
192760
192783
192817
192823
192847
192865
192872
192931
192933
193639
195154
195481
196558
196691
196767
198450
198539
198540
198596
198668
198689
198744
198767
199397
200234
200287
200290
201111
201523
201576
201710
201802
201810
202814
202835
203013
203999
204044
204187
205182
205199
205200
205459
205989
206088
206091
206167
206568
206583
207505
207604
207728
207819
209153
209278
209291
209300
209344
210138
210647
210821
211795
212240
212487
212541
212565
212891
213149
213306
213335
213338
214012
214967
215099
215299
215306
215334
215336
215760
216350
217289
217331
217410
217497
217555
217768
219393
219401
219433
220306
220313
220604
220606
220612
220624
220632
220633
221240
221887
222303
222324
222328
223663
223672
223673
223687
223749
223750
223751
223803
224963
225183
225200
225551
225608
225627
226015
226065
226765
226802
226933
227558
227593
228035
228269
229145
229155
229259
229633
229965
230444
230916
231340
231550
232499
232654
233024
233416
233446
234776
235200
235213
235217
235265
235315
235718
235744
235837
236949
237272
237955
237993
238019
238509
238634
238642
239180
239481
240356
240392
240447
241330
241945
242101
242517
242780
242878
243523
243530
243948
244036
244157
244177
244234
244470
244509
244552
244776
244868
245179
245311
245373
245510
246201
246841
247231
247233
247267
247272
247326
247357
247985
248641
249200
249505
249940
249942
250005
250664
250668
251241
252297
252599
252645
252665
253266
253367
254025
254771
254837
254853
254927
254945
254968
255033
255970
256755
257822
257850
257864
258059
258262
258436
258563
258564
258606
259194
259311
259320
259705
259857
260849
260951
261007
261384
262152
262741
262757
262991
264638
265774
265895
266698
266728
266760
267078
267490
267495
267497
267503
268078
268107
268597
268616
269106
269109
269110
270564
270581
271090
271098
271129
271751
271760
271805
271816
271829
271856
272430
273019
273030
274416
276005
276061
276430
277709
277714
277728
277781
277822
278752
279463
280146
280350
280376
280406
281003
281635
281954
282274
282281
282450
282930
283701
283730
284268
284300
284591
285981
286133
286661
287092
287248
287276
287297
287449
287590
287630
287946
288545
288690
289486
289500
289559
289856
290051
290397
290576
291935
291942
293024
294731
295495
295782
295948
296042
296392
296564
298064
298171
298177
298193
298227
298255
298264
298268
298269
298284
298291
298650
299157
299202
299753
300513
301466
301773
302710
302715
304173
304235
304336
304466
304492
305149
305463
305580
305685
305892
306314
306799
308859
308865
308929
308934
308947
309512
310152
310562
310572
311722
312318
312682
313230
313568
313578
314790
314799
314880
316563
316579
317063
317175
318724
318744
319438
319696
319946
320069
320259
320975
321228
321346
321408
321443
321469
321478
322523
322853
323856
324034
324054
324643
325464
325496
325781
326060
326457
327006
327022
327058
327361
327480
327577
327935
327965
328775
328920
329626
330052
330071
331426
331942
332095
332133
332608
333369
333438
333561
333698
333775
333780
334367
334755
334769
334797
334798
334805
334861
334876
335163
335530
335640
336217
336370
336867
338094
338540
338632
338758
338765
338770
338786
338818
338822
339423
339432
340410
340517
341128
341161
341177
341201
341295
341317
341755
342401
342855
343150
343839
344189
344473
344493
344541
345033
345048
345925
346239
346794
346828
347641
347858
347902
348097
348112
348119
348135
349365
350025
350399
350921
351147
351178
353023
353502
353567
353682
354486
354487
354679
355531
356499
356547
356852
357110
357482
357486
357700
358176
358306
358729
358739
358852
359565
359567
359835
359973
360127
360353
361335
362800
363093
363203
363395
363860
363883
363887
363888
363903
363912
363918
363965
364040
364232
364279
364383
364809
364885
364914
364935
364950
365279
365707
365944
366303
366385
367585
367921
367998
368449
368587
368612
368821
368973
369383
369395
369639
370207
370722
370777
371267
371270
371701
371735
372034
372269
372430
372729
374168
374600
375024
375294
375312
375337
375821
376017
376020
376421
376567
377410
379327
379476
379690
380048
380655
380950
381500
381516
381545
381566
381865
381925
382141
382784
382810
383287
383941
384054
384493
384731
384801
384910
385609
385829
385837
386851
387050
388258
388569
389227
390008
390074
390384
390512
390789
391248
391282
392107
392116
392430
392656
392771
392829
393017
393787
393788
394159
394241
395035
395172
395517
395570
395574
396288
396951
397247
397380
398028
398499
399794
399816
400655
400929
401553
402264
402281
402318
402737
402807
403046
403101
403172
403647
403732
403899
404798
404821
405615
405639
405649
405650
405662
405682
406238
406264
406957
407144
407571
408107
408571
408944
409559
409583
409621
410082
410537
410554
411491
412118
412259
412397
412430
412555
412857
412926
413708
413974
414011
414946
415544
416605
417326
417842
418340
418396
418420
419005
419241
419889
419988
420003
421187
421404
421432
421971
422252
422645
423243
423525
423631
423734
423783
425809
425899
426488
426647
427035
427078
427086
427154
427175
427364
427605
428023
428060
428696
428723
428749
428794
428911
429241
429262
429263
429368
429374
429605
429617
429730
430222
430668
431083
431813
433439
433818
434259
434392
434774
435294
435383
436243
436307
436318
437713
437946
438553
438602
438930
439454
2001 TV99
2001 UN197
2002 LC52
2002 PX18
2002 PW178
2002 PQ190
2002 RD286
2002 VD59
2002 XO32
2003 BW5
2003 QV117
2003 SV208
2003 SQ281
2003 SV338
2004 AK18
2004 EF96
2004 FB1
2004 QS13
2004 RM235
2004 TB83
2004 TZ209
2005 GS17
2005 GO132
2005 GT176
2005 NN31
2005 PR18
2005 QD122
2005 RU46
2005 RB47
2005 SK53
2005 SD62
2005 SR150
2005 SC212
2005 UZ75
2005 UP89
2005 UF365
2005 UN369
2005 UK116
2005 UT202
2005 UY218
2005 US264
2005 VS58
2005 WK66
2005 XM32
2005 YD88
2005 YT275
2005 YQ287
2006 AB62
2006 BB18
2006 BA27
2006 DM216
2006 HY13
2006 RR80
2006 SH54
2006 SE84
2006 SR86
2006 SX341
2006 SL184
2006 SW216
2006 SX341
2006 TD84
2006 TW113
2006 TG118
2006 UV63
2006 UM99
2006 UN142
2006 UN187
2006 UP248
2006 UN187
2006 UP248
2006 UE272
2006 UW334
2006 WZ8
2006 WX15
2006 WA53
2006 WG199
2007 BZ80
2007 CO39
2007 EL8
2007 ER55
2007 EY126
2007 EQ149
2007 ES223
2007 GV3
2007 GE67
2007 HR35
2007 RA188
2007 RG254
2007 RY314
2007 TV167
2007 TY194
2007 TP237
2007 TW278
2007 UJ41
2007 VC90
2007 VJ327
2008 AH136
2008 CS170
2008 DV25
2008 DJ83
2008 ED45
2008 EJ64
2008 FN1
2008 FF3
2008 FK35
2008 FJ36
2008 GC84
2008 QZ8
2008 QT12
2008 QD39
2008 RW42
2008 RY86
2008 RV111
2008 RU134
2008 SC9
2008 SJ90
2008 SQ125
2008 SQ127
2008 SW138
2008 TL34
2008 TL183
2008 UD27
2008 UL138
2008 UE146
2008 UA280
2008 UE285
2008 WL80
2008 WN99
2008 YK105
2008 YD160
2009 AG22
2009 AZ27
2009 AF46
2009 BQ42
2009 BO44
2009 DK19
2009 DZ45
2009 DR133
2009 GK2
2009 HZ103
2009 RB48
2009 RB55
2009 SJ21
2009 SL27
2009 SM158
2009 SM168
2009 ST258
2009 SU297
2009 UT135
2009 VO1
2009 VW50
2009 WS26
2010 AU54
2010 AY91
2010 AY126
2010 CB157
2010 DW
2010 EJ140
2010 FY12
2010 GO23
2010 GV106
2010 JP8
2010 JU45
2010 LM77
2010 NU42
2010 NQ115
2010 OV106
2010 RQ103
2010 RR104
2010 RF112
2010 SN18
2010 SW18
2010 UQ5
2010 UY97
2010 VO64
2010 VQ81
2010 VT174
2010 VA207
2010 VG219
2010 WU68
2011 BJ3
2011 CK16
2011 CC113
2011 ET73
2011 FA158
2011 GP76
2011 HU69
2011 JB27
2011 OS7
2011 QS
2011 QW23
2011 SM111
2011 SF127
2011 SM191
2011 SM245
2011 SB257
2011 SR274
2011 TQ7
2011 TX11
2011 UJ135
2011 US401
2011 UE176
2011 UL335
2011 WS80
2011 WE84
2011 WH87
2011 WG108
2011 WH130
2011 YY30
2011 YF53
2011 YB73
2012 BD56
2012 BC89
2012 BB121
2012 CF15
2012 DA74
2012 EZ16
2012 FF29
2012 FX55
2012 FF69
2012 HO14
2012 HO82
2012 JF11
2012 JA40
2012 JP41
2012 KB40
2012 PZ21
2012 PQ23
2012 QA6
2012 QL37
2012 RV18
2012 RM39
2012 SH13
2012 SE62
2012 TG34
2012 TD101
2012 TO122
2012 TY141
2012 TS222
2012 TA224
2012 TK245
2012 TR275
2012 TY310
2012 UU111
2012 UB151
2012 UC164
2012 VY20
2012 VL27
2012 VF30
2012 VS61
2012 VK105
2012 WZ7
2012 XX14
2012 XL103
2012 XD135
2013 AO70
2013 AJ128
2013 AP160
2013 BK19
2013 BV70
2013 CP117
2013 CC121
2013 CZ137
2013 CH180
2013 CL186
2013 EZ
2013 EW113
2013 FV25
2013 GW113
2013 HK6
2013 JB40
2013 NT8
2013 PZ9
2013 QL15
2013 QO90
2013 RR20
2013 RX29
2013 SZ39
2013 SU85
2013 TG22
2013 TE30
2013 TX59
2013 TY94
2013 TN101
2013 TO121
2013 TW126
2013 TD132
2013 YL110
2013 YY115
2013 YU120
2014 BH10
2014 BR16
2014 BD19
2014 BL30
2014 BT60
2014 DE31
2014 DD66
2014 DM77
2014 FZ35
2014 FO41
2014 FB46
2014 FM57
2014 GQ27
2014 HL111
2014 HS125
2014 HQ183
2014 JC13
2014 JO21
2014 JX45
2014 JF47
2014 JL53
2014 JV68
2014 KQ
2014 KV53
2014 KH86
2014 LX11
2014 MB10
2014 MU58
2014 NW25
2014 NL50
2014 NM65
2014 OO36
2014 OK186
2014 ON188
2014 OG192
2014 OS194
2014 OE263
2014 OK295
2014 PB19
2014 PL47
2014 PC66
2014 QP120
2014 QP416
2014 QT166
2014 QG186
2014 QC258
2014 QV338
2014 QS356
2014 SK42
2014 SV92
2014 SC141
2014 SN304
2014 TN12
2014 UF44
2014 UU46
2014 UL66
2014 UB121
2014 UG157
2014 UK198
2014 VK21
2014 WJ46
2014 WK54
2014 WP129
2014 WL182
2014 WE480
2014 WE495
2014 WF503
2014 WA263
2014 WG280
2014 WN333
2014 WE350
2014 YK10
2014 YE22
2015 AE14
2015 AH140
2015 AN196
2015 AR203
2015 AT232
2015 AS264
2015 AV273
2015 BG6
2015 BO16
2015 BP433
2015 BK269
2015 BT300
2015 BU302
2015 DL50
2015 DG143
2015 DQ207
2015 DP210
2015 DZ212
2015 ES18
2015 ES25
2015 FG75
2015 FK102
2015 FH171
2015 FO224
2015 FT293
2015 FO303
2015 FJ311
2015 FY319
2015 FD339
2015 HF37
2015 HJ87
2015 KA82
2015 KW128
2015 MS
2015 MU114
2015 NR5
1995 SM26
1995 SN39
1997 WO5
1998 DR22
1999 TE84
2000 BU42
2001 FW200
2001 FB227
2001 SY231
2001 TP230
2001 TS259
2002 EV145
2002 FX41
2002 RP251
2002 SN69
2002 TG135
2003 SU72
2003 SE374
2003 SX390
2003 SP402
2003 UH363
2003 UO213
2003 UD325
2004 BP112
2004 TB47
2004 TS63
2004 TD92
2004 TV159
2004 TB195
2004 TT198
2005 BV3
2005 JA23
2005 JT38
2005 NB28
2005 SW8
2005 SL127
2005 SO133
2005 VY8
2005 VB109
2005 WJ93
2005 WG98
2005 XT22
2005 YY155
2005 YX204
2005 YF236
2006 BH64
2006 BE74
2006 BA89
2006 BZ108
2006 DB174
2006 KL88
2006 KD95
2006 OC11
2006 PS7
2006 QP102
2006 RQ13
2006 SR380
2006 SB219
2006 SZ234
2006 SB347
2006 TM65
2006 TZ127
2006 UJ12
2006 UT29
2006 UM133
2006 UN142
2006 UM165
2006 UD359
2006 VX36
2006 VL43
2006 VC64
2006 VU76
2006 VJ121
2006 WZ28
2006 WH46
2006 WQ71
2006 WN93
2006 XE70
2007 DR65
2007 FY41
2007 RW108
2007 RX325
2007 TZ7
2007 TL57
2007 TH391
2007 TN195
2007 TZ253
2007 TY269
2007 TV308
2007 UA35
2007 UQ72
2007 VP32
2007 VX135
2007 VS199
2007 VB308
2007 YG71
2007 YG73
2008 AD103
2008 DQ9
2008 ED2
2008 EC21
2008 GE35
2008 MS2
2008 RA11
2008 RJ62
2008 SC106
2008 SV113
2008 SD174
2008 TE85
2008 UC38
2008 US95
2008 UO234
2008 UX239
2008 WG6
2008 WJ7
2008 WA35
2009 AN11
2009 AW18
2009 BJ79
2009 DY123
2009 FB48
2009 HY36
2009 QJ12
2009 SH41
2009 ST73
2009 SW186
2009 VC5
2009 VX32
2009 WJ118
2009 WA236
2010 AT37
2010 BZ41
2010 BZ48
2010 CN26
2010 CU82
2010 DX34
2010 EU7
2010 GO15
2010 GG43
2010 GP57
2010 GA156
2010 JN23
2010 KV43
2010 KP102
2010 LO117
2010 MD29
2010 OF107
2010 RH60
2010 RU110
2010 RC117
2010 RW155
2010 SF11
2010 SL22
2010 TG90
2010 XP11
2010 YY2
2011 BP48
2011 BR67
2011 BP113
2011 CX28
2011 CF48
2011 CN99
2011 EA68
2011 FZ24
2011 FX37
2011 FP110
2011 HV18
2011 HL49
2011 KT23
2011 OR58
2011 SQ6
2011 SN18
2011 SP43
2011 SM73
2011 SU85
2011 SD87
2011 SA131
2011 SU136
2011 SY149
2011 SH174
2011 SQ223
2011 SV223
2011 UX93
2011 UJ385
2011 UW397
2011 UJ167
2011 UX200
2011 UW237
2011 UH356
2011 WK36
2011 YE43
2011 YN61
2012 BJ29
2012 BT58
2012 BJ114
2012 CG16
2012 CY28
2012 CN34
2012 FO44
2012 FS57
2012 GF6
2012 GN14
2012 HG82
2012 JQ18
2012 JW41
2012 KR9
2012 KL32
2012 MB6
2012 PA29
2012 QE3
2012 QZ35
2012 QR44
2012 RT5
2012 TU15
2012 TR18
2012 TM47
2012 TG160
2012 TF268
2012 UD10
2012 UG52
2012 UA55
2012 UM102
2012 VZ70
2012 VB106
2012 XT82
2013 AR2
2013 AA77
2013 AW145
2013 AG165
2013 AP167
2013 BA76
2013 CN61
2013 CL68
2013 CQ142
2013 CU200
2013 EQ36
2013 GX56
2013 HQ13
2013 HZ30
2013 HR31
2013 HG54
2013 HV55
2013 HJ58
2013 HY60
2013 HU102
2013 JA20
2013 JG52
2013 PG33
2013 PW61
2013 QN6
2013 QG91
2013 QW92
2013 TS78
2013 YU50
2013 YL142
2014 BC27
2014 BB45
2014 DO50
2014 DE108
2014 FD3
2014 FZ5
2014 HZ10
2014 HH11
2014 HJ113
2014 KP59
2014 MF11
2014 OO387
2014 OP176
2014 OF181
2014 OC200
2014 OH208
2014 OE220
2014 OH270
2014 OH335
2014 QG149
2014 QB206
2014 QO283
2014 QR351
2014 SF154
2014 SG289
2014 SM295
2014 TC8
2014 UR209
2014 WH2
2014 WO84
2014 WT105
2014 WT193
2014 WB459
2014 WB259
2014 WF273
2015 AG136
2015 AT174
2015 AF200
2015 AT268
2015 BR43
2015 BZ75
2015 BC85
2015 BK379
2015 BV137
2015 BQ422
2015 BF174
2015 BT435
2015 BB436
2015 BH215
2015 BF251
2015 BV259
2015 BR261
2015 CH27
2015 CK28
2015 FQ13
2015 FF121
2015 FC213
2015 FZ311
2015 GT32
2015 HP89
2015 HM147
2015 KP50
2015 KJ111
2015 MY24
2015 ON10
2015 OF34
2015 PY35
2015 PZ45
