id
27832
28176
30946
39541
43781
60112
65609
65741
69915
70044
70046
71775
73565
78024
79644
80106
82087
88808
90005
90044
90810
91960
92276
92316
92382
94336
94450
94507
94532
94789
94860
94898
96027
96072
100219
100634
100690
100949
101319
101960
102015
102352
102586
102780
103178
103203
105942
105948
110298
110457
112239
112978
113591
114195
114923
115150
115333
117660
117943
118000
118029
118048
118129
118144
118459
120218
120580
120637
120858
120868
120918
120920
120922
120946
120979
121889
123305
123687
124112
124115
124266
124283
124285
124405
124424
124629
124865
125141
125162
125248
125406
125957
127500
127562
127577
127713
128323
128326
128485
128521
129202
129400
129802
129862
130383
130477
130534
130590
130591
131456
131486
131556
131567
131780
133042
133044
133139
133911
133994
134558
134588
134902
135005
135538
135550
135559
136189
136201
136903
137066
137197
137225
137242
137339
137365
137383
137402
137543
137559
137585
137639
137643
137665
138143
138259
138855
139325
139627
141398
141418
141506
141550
141552
141555
141673
141698
141702
141752
141786
142158
142331
143641
143655
143773
143787
144438
144883
144983
145089
145170
145587
145603
145868
145902
146982
146984
147015
147218
147434
147705
147980
148099
148161
148185
148445
148603
149246
149266
149562
149622
149652
149867
150106
150136
150308
150331
150485
150674
150690
150712
151291
151509
151518
151554
151560
151562
151601
151638
151952
151981
152146
152499
152576
152717
152718
152752
152884
152894
153100
153371
153470
153874
154205
154292
154296
154318
154346
154351
154356
154660
154682
155117
155204
155371
155393
155458
155470
155503
155768
155918
155920
155925
155938
156193
156198
156710
156718
156719
157080
157083
157094
157177
157216
157500
157528
157619
157624
157846
157857
157923
157968
158268
158331
158635
158830
158832
158840
158881
158889
158898
158904
159203
159548
159864
159884
159890
160163
160405
160515
160573
160848
160897
161516
161810
161818
162193
162216
162443
162461
162465
162467
162481
162575
162605
162691
163030
163117
163678
163698
164219
164224
164234
164256
164276
164414
164437
164439
164444
164461
164531
164588
164608
164653
164718
164900
165141
165145
165148
165158
165159
165194
165255
165269
165272
165312
165344
165974
166553
166834
166901
166918
166925
166949
166962
167040
167692
167695
167698
167723
167764
168047
168048
168143
168290
168531
168732
168753
168767
168787
168857
168880
170118
170174
170231
170281
170902
171264
171285
171531
171676
171686
171719
171726
171810
172429
172457
173089
173249
173259
173390
173452
173459
173460
173476
173483
173485
173506
173523
173599
174097
174586
174592
174669
174692
174766
175815
175838
175983
175998
176084
176622
176628
176638
176712
177062
177063
177141
177143
177193
177214
177226
177229
177685
177703
177716
177951
178023
178118
178228
178359
178451
178495
178594
178610
178611
178618
178619
178957
179576
179585
179590
179599
179717
179818
180101
180162
180187
180289
180317
180318
180369
180756
181317
181320
181323
181331
181715
181724
181759
181879
181885
181888
181892
181893
181901
181971
182012
182048
182084
182266
182277
182307
182314
182959
182971
182972
183075
183095
183178
183244
183325
183582
183587
183593
183629
183701
183771
183779
183819
184275
184289
184345
184398
184474
184503
184612
185016
185045
185049
185106
185337
185368
185598
185670
185719
185772
185783
185795
185807
185825
185846
186008
186028
186391
186401
186408
186424
186440
186442
186476
186508
186512
186638
186667
187033
187037
187042
187050
187077
187119
187122
187139
187486
187490
187758
187778
187780
187789
187818
187830
187857
187859
187946
188212
188225
188322
188581
188589
188591
188625
188644
188657
188690
188694
188708
189009
189037
189049
189077
189098
189266
189275
189284
189293
189415
189451
189527
189641
189683
189768
189784
189972
189983
189986
190141
190143
190151
190167
190193
190233
190317
190324
190426
190465
190536
190699
190714
190724
190741
190745
190773
190776
190777
190871
190905
190926
190953
191255
191588
191610
191917
191927
191933
191952
191955
191963
191979
191982
192415
192416
192508
192513
192515
192516
192523
192561
192781
193056
193193
193204
193239
193290
193460
193701
193777
193780
193789
193796
193798
193812
193845
193849
193856
193868
193870
193879
193881
193907
193927
193979
194009
194021
194050
194061
194064
194084
194108
194116
194120
194153
194174
194180
194196
194201
194210
194234
194273
194278
194280
194286
194306
194313
194329
194350
194505
194612
194636
194689
195029
195354
195383
196185
196194
196601
196616
196901
197191
197216
197332
197359
197381
197485
197510
197521
197530
197645
197678
197682
197727
197767
197801
197811
197812
197900
197980
198058
198855
198865
198866
198881
198896
198900
198960
198964
198980
199042
199057
199095
199132
199146
199165
199239
199301
199799
199809
199868
199972
200322
200339
200363
200379
200402
200447
200519
200559
200571
200574
200618
200662
200673
200737
200910
201885
201931
201944
201951
201954
201957
201971
201984
202001
202162
202417
202427
202469
202832
202861
202885
202892
202915
203110
203148
203179
203187
203199
203240
203244
203253
203268
203318
203327
203369
203370
203396
203410
203415
203433
203443
203457
203878
203922
204202
204285
204296
204305
204311
204313
204324
204332
204354
204413
204418
204626
204704
204806
204833
204912
204973
205212
205240
205245
205260
205365
205369
205381
205396
205402
205446
205462
205488
205569
205628
205679
205941
205954
206133
206303
206377
206886
206900
206911
206920
206927
206929
206932
206968
206985
207025
207390
207391
208003
208167
208168
208176
208178
208184
208211
208230
208256
208258
208291
208297
208509
208535
208604
208775
208822
208874
208897
209041
209058
209071
209121
209178
209311
209481
209493
209508
209513
209535
209600
209937
209941
209975
210025
210065
210197
210206
210486
210551
210655
210665
210668
210671
210685
210727
210737
210742
210755
210773
210793
211034
211169
211241
211275
211493
211520
211550
211684
211927
211939
212006
212085
212376
212418
212455
212695
212710
212814
212995
213094
213099
213102
213155
213168
213175
213213
213255
213258
213265
213529
213554
213675
213677
213808
213821
213835
213838
213840
213886
213899
213909
213984
214105
214128
214206
214543
214552
214554
214564
215090
215123
215132
215136
215276
215300
215402
215435
215612
215614
215619
215620
215641
215668
215839
216057
216058
216088
216139
216305
216491
216580
216596
216622
216633
216654
216781
216835
216930
216939
216941
216957
216971
217030
217139
217144
217146
217151
217163
217170
217175
217176
217195
217223
217234
217309
217384
217486
217498
217516
217569
217620
217645
217658
217690
217710
217713
217900
217909
217922
217935
218019
218065
218101
218112
218115
218128
218129
218165
218167
218190
218205
218342
218551
218569
218573
218814
218832
218833
218837
218840
218850
218898
218969
219010
219014
219152
219157
219177
219202
219539
219581
219583
219633
220007
220008
220027
220035
220041
220049
220092
220100
220101
220113
220129
220162
220182
220186
220189
220214
220305
220319
220635
220773
220780
220873
220878
220923
220935
221516
221543
221554
221588
221788
221812
221813
221816
221838
221867
221936
221962
222081
222084
222086
222087
222102
222107
222121
222159
222169
222220
222395
222440
222441
222443
222461
222484
222505
222528
222536
222546
222547
222552
222922
222933
222940
222955
222981
222983
222984
223019
223115
223136
223170
223274
223286
223695
223993
223997
223999
224024
224026
224073
224083
224245
224789
224817
224849
224855
225121
225165
225172
225234
225250
225331
225347
225357
225398
225698
225699
225805
225833
226043
226106
226128
226136
226212
226226
226228
226232
226235
226242
226384
226596
227036
227045
227054
227072
227108
227111
227113
227129
227137
227139
227145
227155
227174
227182
227439
228012
228017
228024
228027
228030
228054
228127
228180
228433
228463
228520
228552
228557
228726
228732
228757
228841
229085
229201
229294
229307
229334
229350
229351
229370
229424
229443
229671
229690
229766
229940
229943
229952
230031
230104
230297
230469
230515
230538
230559
230972
231053
231056
231063
231064
231077
231083
231093
231095
231103
231109
231128
231129
231205
231402
231477
231961
231971
231975
231992
232020
232073
232105
232132
232312
232347
232490
232512
232571
232584
232759
232776
232779
232792
233081
233091
233202
233224
234012
234026
234028
234198
234228
234231
234373
234380
234395
234399
234403
234418
234575
234633
234653
234671
234975
234983
235055
235278
235565
235594
235611
235697
235701
236110
236111
236124
236176
236185
236303
236718
236726
236773
236981
237384
237437
237480
237500
237515
237536
237628
237638
237675
237676
237786
237797
237880
238139
238165
238183
238205
238433
238462
238482
238488
238498
238500
238534
238811
238838
238886
239311
239638
239756
239770
239795
239823
239863
239869
239890
239902
239905
239972
240001
240038
240089
240114
240130
240133
240372
240377
240388
240400
240455
240555
240574
240578
240601
240617
240829
240896
241100
241151
241397
241610
241614
241650
241667
241669
241716
241848
242117
242162
242202
242207
242249
242271
242437
242439
242442
242475
242711
242723
242786
242820
243101
243105
243116
243143
243170
243339
243459
243601
243614
243742
243746
243747
243766
243778
243789
243819
243862
243938
243944
243969
244120
244186
244220
244273
244324
244660
244672
244697
244700
244710
244755
244786
244826
244847
244947
245155
245481
245502
245613
245627
245731
246107
246139
246156
246169
246182
246263
246271
246288
246365
246536
246893
246897
246932
246948
247055
247066
247072
247081
247092
247114
247120
247127
247348
247502
247564
247565
247638
247735
247757
247764
247766
247777
247794
247825
247836
247839
247840
248018
248069
248082
248171
248337
248583
248607
248627
248861
248869
248977
249022
249029
249044
249048
249053
249090
249177
249635
249670
249724
249733
249736
249805
249815
250020
250123
250224
250286
250291
250300
250305
250306
250314
250359
250376
250390
250420
250476
250479
250480
250494
250507
250581
250762
250931
250944
250953
250969
250971
250978
251034
251069
251358
251394
251397
251539
251543
251544
251555
251648
251775
251777
251783
251798
251817
251873
251885
251936
251979
252030
252033
252043
252106
252125
252133
252146
252160
252171
252187
252193
252216
252695
252808
252909
252913
252922
252966
252967
252970
253034
253042
253046
253049
253055
253066
253081
253093
253112
253127
253135
253192
253209
253268
253314
253331
253384
253393
253397
253403
253413
253418
253423
253433
253439
253455
253462
253513
253546
253547
253622
253669
253721
253740
253748
253776
253782
253827
254036
254073
254103
254120
254453
255441
255456
255500
255524
255555
255563
255600
255632
255682
255683
256101
256157
256554
256559
256570
256577
256607
256635
257249
257303
257434
257584
257599
257626
257637
257656
257660
257669
257712
257723
257892
257902
257903
257922
257980
257988
257997
258159
258629
258773
258804
258827
258845
258846
258856
258865
258878
258890
258964
258994
259056
259098
259107
259134
259168
259406
259408
259447
259452
259454
259465
259487
259493
259496
259501
259525
259534
259556
259563
259639
259646
259653
259715
259720
259779
259843
259965
259971
260028
260063
260099
260140
260229
260450
261463
261598
261649
261876
261881
261929
261931
261937
261940
261960
261966
261970
261971
261981
261988
261990
261994
262009
262021
262031
262038
262058
262177
262227
262233
263114
263132
263352
263845
263933
263940
264025
264199
264254
264259
264311
264312
264421
264459
264676
264816
264835
264842
264859
264864
264886
264902
264925
264964
264966
264996
264997
265005
265042
265117
265150
265156
265178
265179
265301
265374
265378
265554
265558
266048
266054
266062
266079
266087
266094
266101
266108
266109
266154
266467
266682
267023
267038
267052
267067
267252
267253
267286
267517
267543
267544
267590
267595
267596
267605
267616
267641
267643
267686
267705
267710
267716
267721
267730
267849
267886
268019
268026
268044
268076
268079
268245
268268
268362
268395
268585
268748
268755
268756
268761
268826
268830
268834
269005
269132
269203
269694
269725
269736
269739
269762
269782
269807
269817
269867
270020
270050
270057
270061
270092
270101
270134
270140
270179
270193
270240
270287
270598
270641
270674
270727
270746
270760
270817
270859
270889
270960
270982
270995
270998
271001
271042
271046
271056
271068
271070
271390
271473
271537
271553
271613
271619
271683
271773
271777
271833
271913
272122
272128
272130
272175
272182
272192
272195
272208
272215
272253
272259
272276
272312
272324
272340
272371
272438
272587
272591
272832
273276
273278
273282
273315
273372
273385
273406
273458
273655
274067
274091
274095
274107
274168
274198
274229
274846
275508
275513
275535
275544
275547
275615
275629
275672
275683
275715
275759
275783
275846
275863
275880
275883
275906
275953
276131
276273
276280
276287
276290
276293
276410
276485
276677
276800
276830
276835
276836
276901
277008
277188
277225
277258
277259
277318
277346
277368
277393
277429
277433
277447
277496
277853
277990
278484
278502
278515
278596
278603
278618
278811
278916
278998
279183
279799
279825
279842
279872
279878
279880
279883
279885
279888
279919
279930
279932
280013
280048
280145
280198
280287
280293
280437
280486
280512
280558
280597
280632
280761
280789
280864
280877
281022
281076
281119
281125
281153
281195
281229
281232
281290
281363
281372
281380
281388
281436
281452
281569
281998
282043
282050
282109
282130
282144
282153
282161
282174
282180
282197
282199
282227
282364
282473
282496
282507
282513
282518
282523
282540
282581
282647
282657
282672
282789
282797
282821
282914
283009
283041
283057
283061
283072
283088
283169
283238
283259
283313
283370
283374
283416
283427
283494
283515
283548
283583
283608
283788
283810
283839
283927
283929
283955
283967
283973
284021
284063
284145
284230
284377
284408
284455
284691
284914
285002
285019
285239
285241
285280
285282
285346
285360
285440
285563
285566
285575
285597
285607
285636
285637
285664
285692
285739
285747
285808
285812
285829
285865
285871
285904
285931
285964
285982
286068
286072
286088
286093
286095
286182
286411
286433
286463
286501
286536
286607
286623
286764
286934
287126
287190
287257
287378
287430
287476
287668
287669
287702
287725
287745
287755
287782
287790
287807
287818
287837
287848
287922
287927
287942
287967
287985
288245
288254
288379
288479
288608
288622
288626
288711
288755
288910
288922
288997
288999
289116
289135
289255
289262
289264
289357
289434
289691
289741
289893
289943
289988
290031
290041
290140
290221
290233
290248
290729
290803
290869
290966
290993
291098
291101
291277
291515
291654
291847
291852
291872
291891
291933
291965
291966
291992
292014
292163
292269
292715
293063
293095
293096
293441
293481
293513
293595
293626
293660
293669
293671
293690
293734
293735
293907
294045
294295
294448
294521
295548
295564
295678
295741
295814
295840
295932
296404
296492
296828
296971
297132
297156
297169
297299
297304
297309
297325
297390
297397
297408
297435
297485
297555
297568
297585
297635
297648
297649
297957
298361
298368
298369
298385
298386
298428
298435
298502
298532
298789
298797
298823
298832
298834
298847
298858
298884
298887
298983
299073
299132
299506
299589
300240
300268
300274
300332
301016
301110
301449
301594
301653
301804
301813
301831
301955
301985
302002
302005
302006
302029
302032
302059
302128
302130
302172
302195
302235
302247
302287
302304
302339
302381
302843
302893
302950
302974
303082
303236
303332
303355
303367
303388
303397
303584
303629
303997
304100
304747
304780
304781
304787
304833
304903
304955
304963
305117
305720
306013
306036
306073
306122
306190
306463
306467
306471
306518
306619
306637
306681
306725
306731
306767
306963
307149
307239
307250
307264
307266
307360
307486
307630
307764
307804
307820
307834
307835
307844
308027
308074
308083
308087
308367
308652
309090
309207
309213
309220
309226
309274
309330
309338
309384
309598
309744
309749
310224
310240
310452
310482
310499
310511
310601
310605
310672
310718
310722
310755
310800
310888
310895
310898
310950
311000
311005
311038
311141
311164
311168
311189
311193
311240
311326
311331
311594
311909
311946
311951
311961
312002
312016
312112
312187
312201
312485
312489
312649
312651
312887
312910
312984
313036
313043
313044
313053
313064
313067
313095
313096
313107
313114
313124
313128
313146
313150
313252
313284
313335
313365
313408
313597
313617
313622
313632
313640
313642
313701
313702
313707
313767
313769
313772
313785
313791
313834
314023
314050
314158
314227
314278
314632
314665
314998
315156
315200
315206
315351
315441
315927
315967
315998
316068
316783
316827
316867
316884
316904
316977
317095
317130
317257
317345
317363
317377
317496
317502
317516
317526
317580
317691
317698
317707
317712
317718
317754
317770
317773
317789
317800
317908
317943
317994
318001
318012
318045
318078
318135
318400
318432
318438
318465
318526
318653
318776
318809
318868
319007
319008
319021
319073
319465
319476
319481
319522
319627
319713
319784
319874
320178
320256
320269
320284
320293
320330
320332
320415
320416
321132
321196
321198
321206
321293
321619
321749
321758
321808
321821
321898
321961
322646
322684
322753
322964
322970
322977
322993
323022
323026
323084
323189
323231
323249
323288
323381
323416
323438
323450
323649
323681
323712
323795
323809
323811
324061
324337
324344
324416
324835
324931
324944
324965
325040
325393
325434
325771
325783
325862
325903
326375
326383
326385
326515
326522
326570
326600
326608
326616
326640
326649
326650
326653
326716
326833
326846
326867
326902
326909
326925
326955
327165
327175
327220
327466
327634
327637
327651
327657
327671
327677
328030
328052
328472
328473
328529
328553
328651
328658
329434
329470
329522
329540
329544
329552
329569
329570
329589
329703
329910
329912
330063
330116
330347
330518
330525
330829
330834
330945
331391
331408
331479
331482
331519
331561
331719
331750
331751
331801
331858
331970
332035
332039
332040
332048
332050
332153
332164
332166
332293
332462
332558
332689
332738
332745
332751
332768
333040
333118
333128
333269
333310
333329
333334
333335
333371
333375
333389
333401
333458
333474
333565
333566
333567
333585
333722
333726
333757
333886
334016
334017
334026
334031
334043
334071
334106
334114
334226
334252
334298
334326
334475
334481
334509
334513
334521
334531
334547
334566
334572
334599
334622
334652
334677
334711
334895
335022
335029
335034
335035
335036
335046
335053
335063
335070
335081
335082
335305
335311
335320
335372
335376
335416
335419
335440
335484
335491
335498
335539
336061
336084
336089
336098
336106
336507
336604
336662
336680
336761
336762
336769
337012
337072
337139
337168
337178
337193
337350
337356
337363
337378
337383
337418
337419
337425
337426
337439
337548
337562
337574
337595
337601
337650
337653
337739
337780
337921
338042
338170
338205
338224
338256
338264
338348
338391
338407
338410
338838
339061
339065
339070
339096
339119
339120
339122
339151
339163
339216
339246
339265
339306
339362
339583
339597
339606
339616
339628
339642
339643
339645
339653
339658
339770
339781
339807
339846
339863
339934
339942
340023
340058
340089
340232
340449
340544
340877
341879
341889
341911
342276
342304
342465
343776
343787
343802
344079
344126
344154
344188
344192
344194
344196
344212
344219
344257
344311
344362
344511
344544
344549
344562
344616
344883
344921
344993
345073
345115
345128
345194
345230
345531
346217
346248
346290
346301
346388
346393
346562
346565
346671
346815
346905
347177
347232
347238
347337
347395
347488
347620
347648
347654
347664
347665
347670
347695
347714
347718
347730
347788
347805
347864
347892
348013
348163
348180
348185
348281
348297
348349
348449
348462
348463
348481
348558
348578
348592
348596
348613
348631
348642
349113
349136
349560
349585
350063
350091
350404
350464
350466
350480
350544
350586
350593
350616
350628
350637
350669
350677
350723
350776
350780
350962
350970
351000
351013
351026
351039
351053
351096
351214
351225
351229
351235
351244
351249
351259
351277
351295
351316
351326
351362
351383
351479
351502
351542
351567
351603
351627
351725
351742
351828
351835
352241
352534
352664
352669
352689
352731
352769
352795
352834
352860
353815
353823
353875
353931
353935
353942
353968
353988
354001
354015
354020
354021
354026
354036
354041
354056
354064
354074
354076
354335
354367
354380
354384
354504
354536
354550
354561
354602
354624
354857
354969
355006
355022
355142
355255
355264
355265
355348
355731
355732
355896
356101
356274
356373
356484
356542
356939
357009
357014
357038
357039
357069
357082
357098
357112
357121
357125
357137
357308
357341
357346
357347
357352
357498
357504
357563
357579
357603
357615
357619
357644
357708
357993
358011
358138
358172
358469
358489
358497
359618
359713
359724
360219
360225
360254
360272
360311
360323
360332
360333
360339
360413
360428
360592
360618
360654
360710
360733
360743
360765
360769
360785
360788
360797
360806
360809
360831
361095
361120
361304
361320
361350
361422
361559
361569
361570
361575
361640
362344
362389
362409
362610
363018
363033
363035
363138
363293
363419
363423
363502
363507
363513
363545
363562
363569
363743
363787
364110
364167
364226
364625
364683
364690
364761
365013
365040
365211
365443
365446
365455
366350
366352
366377
366378
366411
366585
366687
366968
367033
367083
367106
367191
367193
367303
367542
367725
367750
367886
368221
368271
368276
368280
368558
368868
368882
368885
368897
368940
368993
369056
369249
369320
369340
369480
369690
370005
370059
370113
370124
370169
370259
370384
370436
370495
370600
370612
370630
370631
370656
370659
370678
370939
370994
371195
371366
371380
371436
371462
371502
371571
371572
371912
371989
372340
372347
372366
372376
372377
373434
373466
373496
373500
373577
373627
373755
373860
373877
373904
373950
373978
374275
374452
374810
374870
375641
375663
375760
375850
376385
376626
376636
376791
376816
376828
376893
376928
377024
377115
377254
377561
377634
377696
377697
377730
377990
378010
378205
378416
379016
379144
379408
380080
380130
380206
380283
380316
380378
380457
380494
380540
380552
380565
380706
380800
380815
380974
381360
381712
381731
381782
381789
382153
382155
382165
382393
382448
382458
382490
382611
382613
382654
382678
382689
382696
382724
382755
382783
382805
382862
382913
382947
382954
383005
383016
383022
383094
383166
383190
383203
383206
383343
383369
383448
383541
383559
383650
383706
383825
384220
384267
384269
384272
384278
384343
384346
384356
384407
384459
384460
384602
384771
385166
385217
385249
385261
385262
385264
385274
385315
385353
385400
385407
385509
385532
385537
385551
385630
385745
385748
386094
386103
386587
386594
386675
386704
387007
387334
387459
387537
387575
387580
387677
387683
387724
387735
387815
387875
388026
388081
388184
388475
388546
388590
388618
389001
389402
389580
389593
389611
389754
390514
390535
390573
390580
390684
390693
390694
390813
390821
390852
390866
391099
391104
391199
391458
391545
391596
391624
391788
391801
391901
392563
392883
393112
393349
393385
393397
393443
393456
393531
393538
393550
393630
393658
393672
393705
393717
394111
394373
394448
394457
394831
395290
395291
395326
395369
395760
396585
396621
396627
396636
396642
396714
396735
396743
396755
396822
396847
396877
396892
396905
396924
396963
397117
397211
397270
397311
397554
397583
397587
397601
397609
397667
397807
397885
398298
398338
398369
399176
399321
399337
399341
399345
399354
399357
399380
399405
399423
399425
399432
399435
399438
399494
399534
399539
399542
399686
399821
399844
400081
400107
400294
400333
400354
400356
400423
400670
400811
400872
400880
401370
401372
401859
401971
402023
402557
402621
402711
402781
402947
403015
403107
403547
404368
404737
404744
404802
404878
404993
405118
405177
405178
405185
405229
405512
405521
405525
405891
406146
406183
406204
406210
406241
406325
406407
406410
406417
406423
406424
406460
408167
408797
408814
408888
408907
408918
408922
408933
409036
409079
409143
409411
409738
409831
410047
410170
410331
410355
410402
410409
410415
410549
411186
411451
411620
412019
412319
412457
412515
412590
412717
412816
412886
412978
413025
413055
413066
413067
413108
413124
413155
413226
413273
413482
413509
413870
413894
413905
413936
413946
413984
414043
414110
414216
414667
414755
414858
415022
415266
415319
415766
415805
416001
416121
416209
416270
416281
416289
416290
416298
416307
416312
416381
416413
416447
416458
416497
416534
416558
416729
416742
416780
416868
417000
417050
417447
417448
417456
417460
417479
417630
417857
417939
418870
419545
419713
419806
420268
420284
420755
420795
421468
421686
421690
421972
421978
422221
422247
422263
422662
422663
422664
422681
422732
422759
422767
422768
422782
422816
422826
423004
423041
423082
423086
423096
423167
423506
423859
423861
423870
423898
424037
424411
425075
425092
425330
425594
426496
426883
427151
427426
427428
427433
427526
427530
427618
427631
427897
427983
428124
428247
428271
428299
428575
429114
429519
429751
429808
429941
429984
430202
430441
430462
430586
430627
430676
430683
430913
431184
431873
431966
431984
432312
432587
432622
432726
432944
432955
432961
433204
433301
433316
433970
434073
434200
434229
434243
434283
434290
434477
434667
434781
434833
434959
435078
435445
435543
435635
435687
435768
435851
436744
436747
436791
436810
436813
436949
437133
437323
437363
437857
437859
437872
437873
437876
437921
437952
437978
438045
438066
438068
438076
438270
438451
438496
438525
438546
438672
438761
439029
439071
439203
439440
439444
439537
439786
1996 TN5
1997 UH3
1998 KP43
1998 QD2
1998 SR148
1999 TC192
1999 TR254
1999 VY20
2000 LP26
2000 PS3
2000 QM193
2000 SF14
2000 SC131
2000 SE135
2000 SO185
2000 SD189
2000 SX206
2000 TP19
2000 TW32
2000 UN3
2000 UV24
2000 UD30
2000 UE73
2000 UK83
2001 CY10
2001 DY8
2001 FD87
2001 ND1
2001 NH13
2001 OO16
2001 OO55
2001 QH55
2001 QS171
2001 QD215
2001 QE237
2001 QB281
2001 RM9
2001 RE61
2001 RK89
2001 SN17
2001 SZ119
2001 SL126
2001 SL156
2001 SS228
2001 SN264
2001 TJ55
2001 TZ103
2001 UW73
2001 UT74
2001 UN84
2001 UR165
2001 VT2
2001 VF4
2001 VN8
2001 VF60
2001 VZ76
2001 VO83
2001 VR83
2001 WP91
2001 XT20
2001 XV102
2001 XF169
2001 XB235
2001 YO107
2002 AD140
2002 CT133
2002 CL140
2002 DF21
2002 EN1
2002 GN191
2002 JG14
2002 KT3
2002 LW62
2002 LA64
2002 MA6
2002 NT3
2002 NP75
2002 OL37
2002 PP5
2002 PZ75
2002 QN47
2002 QR152
2002 RS59
2002 RY136
2002 RU137
2002 RZ190
2002 RU208
2002 TA68
2002 TO126
2002 TB233
2002 TU275
2002 UL79
2002 VH12
2002 VB15
2002 VY45
2002 VB85
2002 VJ123
2002 XT37
2002 XW71
2002 YS11
2003 BS71
2003 CL8
2003 DC10
2003 EL47
2003 FO
2003 FG4
2003 FM4
2003 JQ6
2003 OZ14
2003 QM74
2003 QO76
2003 QU93
2003 SA150
2003 ST234
2003 SD314
2003 TD20
2003 UJ23
2003 UY26
2003 UR83
2003 UN412
2003 UX251
2003 UD281
2003 WE33
2003 WG35
2003 WQ42
2003 YV
2003 YA15
2003 YH33
2003 YN89
2003 YB163
2004 BL28
2004 BZ33
2004 BM113
2004 DW11
2004 EQ9
2004 ER20
2004 EY65
2004 EB72
2004 FF18
2004 GY76
2004 NX9
2004 NR23
2004 PO2
2004 PY4
2004 PQ48
2004 PS95
2004 QR5
2004 RP9
2004 RV16
2004 RA30
2004 RQ48
2004 RK75
2004 RJ86
2004 RM136
2004 RV153
2004 RG177
2004 RF199
2004 RW201
2004 RB248
2004 RJ252
2004 RV305
2004 RT321
2004 SH
2004 SF17
2004 TW6
2004 TB7
2004 TW10
2004 TG14
2004 TQ18
2004 TQ126
2004 TL119
2004 TD120
2004 TQ126
2004 TG127
2004 TJ134
2004 UZ1
2004 XY13
2004 XU88
2004 XC92
2004 XC110
2004 XN111
2005 AC3
2005 AO65
2005 CB19
2005 EL201
2005 KQ7
2005 MA34
2005 NH2
2005 NM102
2005 OQ13
2005 OA20
2005 QC9
2005 QL53
2005 QM68
2005 QQ78
2005 QT170
2005 RN9
2005 SG209
2005 TR13
2005 TE66
2005 TM105
2005 TT183
2005 UV2
2005 UJ43
2005 UR74
2005 UT74
2005 UM98
2005 UJ215
2005 UO130
2005 UK157
2005 UO441
2005 UW441
2005 UJ215
2005 UC480
2005 UZ480
2005 UD488
2005 UL261
2005 UK355
2005 VU49
2005 VS108
2005 VP114
2005 WG108
2005 WL184
2005 YK94
2005 YO153
2005 YS206
2006 AC28
2006 BY43
2006 BC79
2006 GW37
2006 KS19
2006 PV
2006 PN1
2006 QM5
2006 QZ13
2006 QP26
2006 QO37
2006 QY39
2006 QA43
2006 QJ58
2006 QX122
2006 RS3
2006 RA5
2006 RG9
2006 RX9
2006 RM11
2006 RO17
2006 SF
2006 SC8
2006 SY41
2006 SB61
2006 SC112
2006 SG390
2006 SU138
2006 SG287
2006 SY297
2006 TF74
2006 TE78
2006 TG86
2006 TP104
2006 UG63
2006 UQ183
2006 UA204
2006 US227
2006 VR103
2006 VA137
2006 WF53
2006 WV113
2006 WS130
2006 WE139
2006 WN183
2006 WA185
2006 XM35
2006 XG51
2007 AP16
2007 BL3
2007 BF57
2007 CE20
2007 CB62
2007 DN61
2007 HB41
2007 JL42
2007 NJ6
2007 OQ5
2007 PT10
2007 PW10
2007 PV15
2007 PF33
2007 PC35
2007 PE39
2007 RB31
2007 RZ33
2007 RJ55
2007 RQ142
2007 RR145
2007 RH161
2007 RW258
2007 RR259
2007 RJ280
2007 RL281
2007 SO14
2007 TH4
2007 TZ10
2007 TZ20
2007 TF46
2007 TW75
2007 TZ94
2007 TG95
2007 TJ113
2007 TW135
2007 TD208
2007 TP214
2007 TC246
2007 TS358
2007 UH2
2007 UP11
2007 UZ33
2007 UH37
2007 VR4
2007 VE9
2007 VX10
2007 VQ42
2007 VF92
2007 VT126
2007 VG181
2007 VS221
2007 VW240
2007 VX298
2007 VB322
2007 VF327
2007 XW9
2007 YR58
2007 YC74
2008 AL4
2008 AT114
2008 BQ23
2008 BG24
2008 BK41
2008 CW5
2008 CH65
2008 CE80
2008 DO39
2008 EY34
2008 FX21
2008 GE124
2008 GQ128
2008 MS
2008 OW5
2008 OK23
2008 PU8
2008 QE25
2008 QT25
2008 QA26
2008 QZ43
2008 RS73
2008 RT104
2008 RB132
2008 SX93
2008 SU137
2008 SL187
2008 SE309
2008 TO94
2008 TB171
2008 UJ186
2008 UT366
2008 US130
2008 UJ186
2008 UB203
2008 UN203
2008 UV204
2008 UK307
2008 UC323
2008 UM345
2008 WF50
2008 XV
2008 XE47
2008 YK11
2008 YA13
2008 YG28
2008 YE96
2009 BY13
2009 BX49
2009 CL
2009 CH1
2009 CJ1
2009 CD39
2009 HB49
2009 HH82
2009 JE11
2009 KA
2009 KZ2
2009 KQ37
2009 NN
2009 OF1
2009 PP1
2009 QC33
2009 RR3
2009 SF20
2009 SK241
2009 SN333
2009 TM1
2009 TW9
2009 TC10
2009 TX14
2009 TH22
2009 TY45
2009 UA5
2009 US26
2009 UQ135
2009 VO
2009 VM3
2009 VV10
2009 VG45
2009 VF51
2009 VS75
2009 VA78
2009 VZ79
2009 VC103
2009 VL106
2009 VK109
2009 VH115
2009 WR5
2009 WF9
2009 WE15
2009 WE35
2009 WR215
2009 WY224
2009 XM14
2009 YR1
2009 YP10
2010 AW4
2010 AL12
2010 AC40
2010 CN41
2010 CQ101
2010 CB173
2010 EE70
2010 FK88
2010 GK72
2010 HS104
2010 JR114
2010 KG50
2010 KM105
2010 LJ10
2010 LH15
2010 LW98
2010 MU24
2010 MN25
2010 MQ77
2010 MA94
2010 MX95
2010 MF113
2010 ND1
2010 NH3
2010 NQ4
2010 NZ15
2010 NO71
2010 OJ41
2010 PY51
2010 RS12
2010 RX75
2010 SR15
2010 ST29
2010 SR39
2010 TE25
2010 TU36
2010 TC81
2010 TW176
2010 UB29
2010 UF30
2010 UQ73
2010 UQ76
2010 VB19
2010 VK28
2010 VM48
2010 VR70
2010 VV71
2010 VF77
2010 VC89
2010 VE95
2010 VT107
2010 VM131
2010 VA152
2010 VT182
2010 VA195
2010 VW197
2010 VE201
2010 WB50
2010 WG62
2010 XB40
2010 XP49
2010 XZ51
2010 YA2
2011 AJ1
2011 AP37
2011 BJ16
2011 BB40
2011 BO62
2011 CJ71
2011 FG17
2011 FU145
2011 GW4
2011 GT66
2011 HV
2011 HB36
2011 HK39
2011 JM2
2011 KK12
2011 KZ13
2011 KM31
2011 LQ4
2011 LQ19
2011 LE20
2011 MV5
2011 NK
2011 OG45
2011 OU59
2011 QA36
2011 QD65
2011 SQ37
2011 SP66
2011 SZ68
2011 SF118
2011 SY157
2011 SP182
2011 SH215
2011 ST249
2011 TF1
2011 TF2
2011 UF12
2011 UE20
2011 UY20
2011 UA79
2011 UM89
2011 UT159
2011 UC286
2011 UX107
2011 UO127
2011 UG404
2011 UQ159
2011 UO180
2011 UD189
2011 UY194
2011 UB206
2011 UB242
2011 UR245
2011 UG337
2011 US339
2011 VE2
2011 WG17
2011 WM27
2011 WS45
2011 WZ66
2011 WC90
2011 WZ112
2011 WS114
2011 WO120
2011 YR38
2011 YU75
2012 AE22
2012 BF13
2012 BR16
2012 BM24
2012 BN27
2012 BR74
2012 BT132
2012 CB13
2012 DQ14
2012 DV78
2012 DO79
2012 FT72
2012 GO1
2012 HU17
2012 KZ44
2012 LF1
2012 LP4
2012 LG5
2012 MR6
2012 OL
2012 OH1
2012 OG3
2012 OK4
2012 PX10
2012 PN34
2012 QC42
2012 QH42
2012 QC50
2012 RE4
2012 RK4
2012 RR19
2012 SC
2012 SM6
2012 ST30
2012 SA51
2012 SH56
2012 SD65
2012 TG89
2012 TV215
2012 TN227
2012 TK284
2012 TJ310
2012 TC322
2012 UP75
2012 UY131
2012 UA160
2012 UE174
2012 VG2
2012 VP7
2012 VW37
2012 VF62
2012 VE79
2012 VZ97
2012 WA
2012 WN16
2012 XT67
2012 XJ111
2012 XG134
2012 XL144
2013 AT19
2013 AB67
2013 AM89
2013 AK94
2013 AL94
2013 AS94
2013 AK126
2013 BR35
2013 CG1
2013 CX22
2013 CH48
2013 CJ94
2013 DT9
2013 EF
2013 EZ23
2013 ED71
2013 FZ
2013 FX10
2013 GG110
2013 GR121
2013 HU10
2013 HC16
2013 JG3
2013 JR8
2013 JX30
2013 KC3
2013 KG7
2013 KB18
2013 LE25
2013 LM29
2013 LD31
2013 LE31
2013 MM9
2013 NR11
2013 PM11
2013 PO26
2013 PN31
2013 PZ33
2013 QB33
2013 QO78
2013 RW32
2013 RV96
2013 SV20
2013 ST47
2013 SQ75
2013 SQ81
2013 TF1
2013 TX4
2013 TD11
2013 TP42
2013 TK76
2013 TO128
2013 UX1
2013 UH3
2013 UH13
2013 VX20
2013 WH6
2013 WM64
2013 WQ67
2013 WP86
2013 WT106
2013 XF5
2013 XL12
2013 XU20
2013 XD21
2013 YP21
2013 YC66
2013 YW70
2013 YA150
2014 AY15
2014 BD21
2014 BE25
2014 BJ63
2014 CE9
2014 DJ17
2014 DQ20
2014 FJ35
2014 FQ46
2014 FK64
2014 HG177
2014 HK180
2014 JU25
2014 JQ37
2014 KQ4
2014 KZ21
2014 KR45
2014 KF76
2014 MU20
2014 MJ41
2014 MF50
2014 NY59
2014 OQ43
2014 ON72
2014 OD73
2014 OX85
2014 PF
2014 PQ47
2014 PT50
2014 PV57
2014 PG59
2014 PL59
2014 PL65
2014 QJ134
2014 QJ432
2014 QC437
2014 QE249
2014 QW265
2014 QL297
2014 QO297
2014 QQ304
2014 RG12
2014 RQ61
2014 SB217
2014 SG224
2014 SP235
2014 SJ263
2014 SD310
2014 TW35
2014 UM4
2014 UG22
2014 UV28
2014 UZ93
2014 UF94
2014 UZ182
2014 UW184
2014 UR199
2014 UY204
2014 UP223
2014 UT223
2014 VT
2014 VC1
2014 VV1
2014 VB10
2014 VR15
2014 WU6
2014 WH34
2014 WU69
2014 WR335
2014 WB370
2014 WG371
2014 WJ423
2014 WU165
2014 WR480
2014 XF
2014 XQ8
2014 XV17
2014 XD19
2014 XL39
2014 YT32
2015 AO1
2015 AH52
2015 AJ246
2015 BG128
2015 BZ297
2015 BZ347
2015 CT61
2015 DP68
2015 DW143
2015 ET17
2015 FC120
2015 FL343
2015 HA9
2015 JA
2015 KD48
2015 KD144
2015 LK13
1999 BK1
1999 RX65
1999 TP68
1999 VH136
2000 RE37
2000 TW59
2000 WF50
2000 WE81
2001 DL95
2001 FT201
2001 FA230
2001 HJ30
2001 QU2
2001 QM44
2001 QU92
2001 SR5
2001 SF194
2001 SD242
2001 TV150
2001 TH213
2001 UL42
2001 XC225
2002 AH19
2002 JU8
2002 JS67
2002 PP28
2002 PC95
2002 PP99
2002 PZ112
2002 RH215
2002 RM219
2002 SJ37
2002 TK59
2002 TH127
2002 TZ129
2002 TO131
2002 XN4
2002 XD11
2002 XW44
2002 YV10
2002 YT12
2003 BK46
2003 FP111
2003 HZ
2003 SJ212
2003 SY314
2003 UR13
2003 WF38
2004 BA68
2004 CV49
2004 DO9
2004 FX15
2004 GN15
2004 JD43
2004 NG4
2004 NU16
2004 PK66
2004 QW13
2004 RD18
2004 RX58
2004 RJ289
2004 RF343
2004 SY
2004 SO9
2004 SV10
2004 SF44
2004 TO108
2004 TT138
2004 TB242
2004 XC6
2004 XS24
2004 XE65
2004 XY131
2005 EC241
2005 EX327
2005 JA176
2005 KR10
2005 MG6
2005 NV79
2005 OR13
2005 QB30
2005 QL143
2005 UF31
2005 UL129
2005 UC253
2005 VR16
2005 WM8
2005 XS6
2005 XE24
2005 YU63
2005 YV122
2006 AE53
2006 BE
2006 DN81
2006 QT1
2006 QN144
2006 RP118
2006 SZ11
2006 UN116
2006 UM262
2006 VO29
2006 VZ44
2007 DA19
2007 EB122
2007 HU15
2007 LY14
2007 MX26
2007 OT7
2007 PT17
2007 PB28
2007 QQ2
2007 QZ5
2007 SN11
2007 TP
2007 TU80
2007 WK
2007 XJ15
2007 XK56
2008 DK2
2008 GT
2008 MH3
2008 SV40
2008 TB186
2008 UB1
2008 UZ34
2008 UZ86
2008 UZ89
2008 UD92
2008 UX325
2008 WZ110
2008 YS24
2008 YV38
2008 YA121
2009 BW183
2009 DW110
2009 EX12
2009 FZ42
2009 HK57
2009 JG14
2009 JV14
2009 KJ20
2009 OQ
2009 PX9
2009 QG10
2009 SL302
2009 UQ25
2009 VB55
2009 VR77
2009 VP115
2009 VU115
2009 WC105
2009 WC152
2009 YP6
2010 AA40
2010 AS109
2010 AE113
2010 AF113
2010 AB115
2010 AR132
2010 AP138
2010 BZ23
2010 BJ37
2010 BT54
2010 BJ73
2010 BO111
2010 BD125
2010 CT38
2010 CV51
2010 CU88
2010 CO188
2010 CF195
2010 CE196
2010 CQ205
2010 CP207
2010 CH218
2010 CO221
2010 CR224
2010 CL229
2010 CU239
2010 DB
2010 DE15
2010 DT26
2010 DR31
2010 DC51
2010 DJ81
2010 DG83
2010 EY25
2010 EE27
2010 EL44
2010 EA55
2010 EW56
2010 ET151
2010 EM161
2010 ET169
2010 EK170
2010 FY38
2010 FE41
2010 FF51
2010 FP74
2010 GQ36
2010 GB43
2010 GB47
2010 GK47
2010 GY55
2010 GL59
2010 GW70
2010 GY81
2010 GW148
2010 GA150
2010 GZ154
2010 GT163
2010 HY14
2010 HB17
2010 HK31
2010 HJ32
2010 HX38
2010 HQ50
2010 HZ50
2010 HQ53
2010 HQ59
2010 HL66
2010 HY72
2010 HC74
2010 HD86
2010 HT86
2010 HN90
2010 HR93
2010 JS4
2010 JZ4
2010 JR5
2010 JE6
2010 JU13
2010 JE18
2010 JM19
2010 JY21
2010 JN25
2010 JM54
2010 JS54
2010 JY59
2010 JS65
2010 JA68
2010 JK68
2010 JW85
2010 JS88
2010 JC90
2010 JX90
2010 JS91
2010 JP93
2010 JY94
2010 JH98
2010 JS99
2010 JY103
2010 JX105
2010 JF108
2010 JJ130
2010 JW133
2010 JJ134
2010 JU134
2010 JK135
2010 JP140
2010 JV141
2010 JR142
2010 JH143
2010 KS2
2010 KA3
2010 KD4
2010 KH13
2010 KM23
2010 KS23
2010 KU33
2010 KQ41
2010 KC42
2010 KF43
2010 KH50
2010 KR51
2010 KT54
2010 KQ55
2010 KP58
2010 KW58
2010 KM64
2010 KD68
2010 KP68
2010 KZ76
2010 KL79
2010 KD81
2010 KO83
2010 KB84
2010 KO90
2010 KM92
2010 KV93
2010 KW93
2010 KF96
2010 KS100
2010 KT105
2010 KK106
2010 KM106
2010 KV107
2010 KK108
2010 KL112
2010 KQ115
2010 KN120
2010 KA122
2010 LP2
2010 LV2
2010 LT6
2010 LS7
2010 LQ13
2010 LZ13
2010 LJ16
2010 LN16
2010 LX16
2010 LL18
2010 LQ23
2010 LR27
2010 LC32
2010 LV39
2010 LZ44
2010 LY47
2010 LJ48
2010 LC53
2010 LC54
2010 LT58
2010 LC72
2010 LX75
2010 LG77
2010 LB79
2010 LG96
2010 LR99
2010 LU103
2010 LK118
2010 LU119
2010 LG125
2010 LD133
2010 MZ5
2010 MT6
2010 ML7
2010 MQ7
2010 MJ12
2010 MK16
2010 MR16
2010 MB19
2010 MC25
2010 MC32
2010 MB36
2010 MG39
2010 MO39
2010 MA49
2010 ML49
2010 MX49
2010 MG51
2010 MO53
2010 MJ56
2010 MH57
2010 MX58
2010 MV59
2010 MC62
2010 ML62
2010 MZ63
2010 ME64
2010 MN68
2010 MO68
2010 MU69
2010 MV69
2010 MR70
2010 ML72
2010 MO81
2010 MU83
2010 MR92
2010 MS111
2010 NP5
2010 NG8
2010 NU10
2010 NF16
2010 NN16
2010 NF19
2010 NA25
2010 NB28
2010 NS32
2010 NC36
2010 NW40
2010 NW41
2010 NZ42
2010 NN45
2010 NW45
2010 NY45
2010 NR46
2010 NL49
2010 NY50
2010 NW52
2010 NT68
2010 NX71
2010 NO75
2010 NF85
2010 NX91
2010 NG93
2010 NJ94
2010 NR102
2010 OQ11
2010 OL15
2010 OH17
2010 OY19
2010 OG27
2010 OJ29
2010 ON43
2010 OP46
2010 OA50
2010 OE57
2010 OK71
2010 ON71
2010 OM72
2010 OC87
2010 OS89
2010 OV90
2010 OC91
2010 OW94
2010 OA95
2010 OQ98
2010 OO102
2010 OH103
2010 OQ105
2010 OF108
2010 OV109
2010 OL122
2010 PM4
2010 PM6
2010 PX14
2010 PQ16
2010 PY17
2010 PO22
2010 PT48
2010 PM53
2010 PX53
2010 RY57
2010 RC73
2010 SC16
2010 SY34
2010 UJ25
2010 UC49
2010 VH28
2010 WM20
2011 BM72
2011 EM83
2011 GE68
2011 OS24
2011 RL11
2011 SA10
2011 TL
2011 UG26
2011 UG63
2011 UN185
2011 VT14
2011 YD16
2011 YP68
2012 AA1
2012 BK5
2012 BE11
2012 BW19
2012 BZ97
2012 BT141
2012 HA17
2012 HO25
2012 JA26
2012 KY
2012 MS
2012 PR27
2012 SK22
2012 SG45
2012 TX50
2012 TM130
2012 UO168
2012 VX6
2012 XV16
2012 XH44
2012 XQ65
2012 XK67
2012 YY7
2013 AG4
2013 AF8
2013 AH10
2013 BV42
2013 CY27
2013 CS34
2013 CD134
2013 GV17
2013 HS77
2013 JR2
2013 JO14
2013 MH9
2013 NZ3
2013 NR6
2013 NZ9
2013 PX35
2013 PF47
2013 RY1
2013 RH29
2013 SP20
2013 TM25
2013 TQ65
2013 UA
2013 VY8
2013 VN12
2013 VS21
2013 YA
2014 AH12
2014 AV51
2014 BE5
2014 CA14
2014 DD74
2014 DG74
2014 DO106
2014 FV10
2014 FA33
2014 GR39
2014 GT52
2014 HB133
2014 JR16
2014 JF25
2014 JX25
2014 JD50
2014 KZ43
2014 KY45
2014 NJ18
2014 ND39
2014 OF6
2014 OO175
2014 OC194
2014 PD30
2014 PK51
2014 QG393
2014 QT176
2014 RT11
2014 SF223
2014 SF261
2014 TE7
2014 TZ49
2014 WT9
2014 WX366
2014 WO132
2014 WR335
2014 XY7
2015 AT36
2015 AS44
2015 BG37
2015 BY92
2015 BS139
2015 BJ231
2015 BB513
2015 CF13
2015 CU35
2015 CE60
2015 EM7
2015 FK117
2015 FK185
2015 GN
2015 HS15
2015 HM42
2015 HU64
2015 HG68
2015 HD74
2015 HU76
2015 HJ99
2015 HN139
2015 KB121
2015 LB7
2015 MB
2015 MR116
2015 NO12
2015 NO13
2015 NF18
2015 OG
2015 OQ20
