id
120656
127877
134034
137101
138168
138374
142014
145327
146512
147718
148675
152951
153921
154580
155182
155418
155492
157556
157878
158966
160020
160443
161614
162293
164836
167204
167925
169823
169838
170370
170515
172252
173228
173416
174319
174978
175935
177601
179681
179958
180395
180533
180928
180995
181006
181611
182041
182076
182496
183048
183703
183900
184422
184553
184970
185042
185258
185261
185268
185295
185347
185395
185559
185682
187090
187397
187492
187570
187714
188012
188016
188670
188985
189361
191072
192453
193457
194878
195063
195193
195470
195475
196810
197806
197951
198014
198123
198139
198151
198160
198169
198208
198215
198281
198316
199156
199179
199202
199321
199365
200105
200106
200198
200206
201945
202089
202410
202545
202571
202780
202848
202985
203960
205007
205204
205427
205987
206419
206466
206494
206495
207142
207148
207162
207201
207705
207736
208019
209138
209145
209189
209192
209199
209212
209257
209754
209768
209796
209797
209798
209820
210239
210288
210329
210358
210586
210843
211253
211301
211302
211588
211621
211651
212028
212086
212089
212120
212154
212187
212278
212488
212683
212849
213011
213629
213936
213993
214192
214254
214257
214283
214330
214654
214928
215037
215063
215456
215730
216747
218993
219658
219680
220337
221032
221080
221084
221163
221229
221256
221297
221606
221695
221857
221861
221863
221874
221902
222116
222585
223236
223243
224227
224280
224319
224381
224470
224487
224651
224919
225017
225134
225183
225370
225792
226340
226376
227257
227367
227396
227403
227415
227569
228170
228305
229141
229180
229550
229706
229934
230266
230348
230857
231329
231449
231518
232173
232219
232812
232833
233046
233295
233313
233331
233372
233379
234005
235270
235663
235780
235781
235830
236231
236418
236419
236420
236421
236424
236463
236500
237046
237103
237824
238015
238189
238204
238229
238489
238525
238563
239375
239481
239612
239641
239647
239650
239669
239842
239858
239948
240185
240416
240886
240923
240971
241315
241452
241460
241543
241615
241960
241997
242061
242838
243162
243360
243394
243399
243408
244374
244379
244425
244433
244483
244883
245078
245227
245322
245368
246295
246324
246439
246490
246559
246632
246678
246693
246753
246841
247272
248025
248194
248766
248873
249506
249549
250489
251055
251091
251106
251127
251156
251176
251255
251439
251446
251607
251691
252032
252358
252576
253919
253940
253943
253948
253996
254009
254069
254734
254801
255074
255779
255827
255875
255889
255955
255957
255962
255964
255983
255985
255994
256000
256018
256027
256029
256067
256076
256143
256201
256210
256250
256282
256327
256717
256731
256767
256809
256875
256891
256968
257020
257029
257030
257132
257357
257490
257500
257579
257797
258143
258165
258266
258271
258578
259318
259582
259874
260042
260525
260764
260780
260865
260884
260911
260992
261040
261184
261206
261936
262066
262108
262251
262252
262261
262276
262306
262319
262409
262413
262449
262628
262630
262662
262663
262689
262733
262755
262792
262793
262848
262880
262920
263162
263214
263306
263323
263329
263353
263420
263505
263507
263583
263606
263619
263631
263700
263876
263917
263954
264612
264613
264638
264643
264688
264741
264951
265574
265606
265610
265612
265644
265691
265716
265730
265812
265819
266193
266259
266307
266313
266328
266341
266398
266529
266555
266595
266689
266740
266934
266960
267081
267347
268087
268094
268125
268155
268345
268349
268388
268389
268402
268438
268918
269006
269036
269048
269409
269421
269461
269529
269541
270235
270299
270310
270378
270391
270440
270500
271704
271730
271829
271863
272207
272237
272285
272353
272365
272476
272531
272536
272556
272579
272580
272601
272620
272664
272678
272686
272690
272694
272703
272709
272716
272722
272743
272751
272786
272789
272890
272902
272961
273077
273373
273634
273650
273673
273694
273738
273743
273759
273766
273775
273829
273859
273881
273882
273888
273896
273918
274294
274366
274459
274745
274815
274898
274915
274950
275055
275065
275126
275220
275291
275390
275442
275472
275602
275966
275973
276037
276097
276843
276874
276882
276919
276921
277204
277396
277444
277484
277551
277593
277649
277679
277686
277977
278220
278234
278275
278293
278303
278317
278323
278336
278659
278664
278682
278759
278933
278937
279060
279169
279186
279258
279260
279341
279555
279566
279655
279735
279773
279858
280049
280082
280086
280929
280943
280986
280994
281021
281151
281410
281416
281438
281513
281536
281600
281663
281821
281901
282059
282229
282425
282708
282728
282905
283071
283107
283118
283226
283633
283828
283842
284037
284148
284175
284249
284296
284438
284470
284525
284556
284737
284749
284779
284818
284872
284939
285199
285205
285251
285322
285369
285409
285853
285958
285966
285988
286032
286037
286041
286071
286204
286215
286260
286292
286555
286598
286854
286876
286882
286952
286979
286988
287036
287040
287146
287154
287155
287181
287374
287525
287610
287628
287832
288183
288268
288334
288398
288454
288497
288530
289223
289513
289536
289538
289540
289625
289654
289666
289699
289708
289761
289801
289850
289856
289898
289911
289969
289973
290005
290098
290111
290122
290159
290285
290313
290417
290436
290445
290480
290493
290625
290822
290937
290980
291060
291233
291357
291552
291619
291638
291674
291724
291749
291768
291776
291785
292111
292112
292145
292237
292249
292305
292306
292393
292423
292476
292503
292647
292684
292723
292727
292778
292781
292817
292836
292870
292904
292909
292910
292920
292921
292937
293025
293055
293065
293140
293218
293240
293296
293308
293324
293335
293391
293416
293760
293782
293862
293921
293955
294014
294030
294036
294113
294149
294230
294413
294585
294605
294609
294610
294615
294915
294935
294956
294988
295027
295031
295042
295058
295172
295204
295244
295295
295357
295371
295453
295523
295574
295580
295782
295786
295990
296036
296050
296193
296227
296277
296288
296324
296398
296406
296422
296428
296458
296575
296790
296799
296836
296916
296929
296934
296977
296993
297010
297022
297197
297209
297248
297305
297308
297761
298009
298016
298084
298119
298129
298150
298375
298440
298497
298552
298618
299011
299031
299077
299122
299124
299194
299994
300370
300410
300445
300480
300521
300530
300545
300548
300551
300554
300559
300586
300610
300629
300729
300739
301150
301180
301268
301277
301280
301417
301437
301697
301718
301833
302106
302175
302216
302409
302587
302595
302606
302612
302650
302651
302653
302655
302748
303001
303020
303088
303117
303134
303406
303506
303510
303515
303569
303574
303627
304089
304117
304201
304260
304272
304386
304817
304886
304893
304921
304952
305009
305059
305066
305078
305084
305111
305118
305120
305132
305149
305174
305201
305227
305241
305284
305530
305561
305579
305680
305694
305706
305729
305786
305801
305802
305896
305957
306255
306482
306562
306581
306583
306593
306905
306947
307273
307308
307310
307316
307320
307370
307382
307437
307686
307863
307871
307893
308191
308247
308260
308289
308295
308536
308566
308760
308895
308956
309084
309308
309352
309381
309451
309467
309471
309490
309503
309531
309600
309736
309818
309865
309874
309887
309924
309937
309943
309966
310017
310203
310255
310292
310323
310426
310813
310815
310981
311056
311070
311078
311300
311678
311684
311722
311739
311749
311767
311826
311895
312218
312236
312242
312257
312259
312287
312306
312364
312406
312563
312582
312846
312851
312930
313236
313379
313536
313829
314196
314216
314259
314288
314354
314725
314749
314753
314762
314772
314786
314792
314813
314815
314829
314840
314860
314863
314865
314867
314877
314879
314909
314918
314958
314997
315385
315472
315498
315504
315534
315566
315573
315574
315577
315581
315597
315628
315640
315656
315664
315723
315728
315742
315755
315848
315862
316120
316282
316299
316300
316348
316374
316376
316399
316436
316645
316653
316748
317065
317075
317080
317122
317214
317274
317839
317842
317893
317938
318054
318059
318233
318240
318639
318696
318698
318708
318727
318781
318886
318932
318934
318979
318987
319080
319179
319338
319374
319398
319543
319570
319590
319596
319603
319614
319646
319647
319659
319660
319667
319691
319718
319723
319740
319786
319814
319820
319832
319852
319853
319857
319880
319883
319920
319931
319934
320277
320346
320517
320602
320707
320729
320793
320802
320810
320833
320910
320918
320961
321007
321018
321121
321134
321318
321717
321797
321799
321829
321840
321863
321880
321933
321957
321988
322055
322119
322127
322141
322263
322267
322308
322322
322398
322415
322564
322708
322806
322821
322858
322872
322874
322929
323088
323100
323107
323418
323421
323439
323524
323748
323770
323776
323820
323843
323862
323865
323925
324023
324463
324466
324507
324516
324589
324608
324637
324638
324657
324669
325089
325120
325123
325129
325141
325157
325162
325192
325202
325219
325251
325265
325290
325339
325520
325633
325827
325873
325898
325962
325967
325974
325977
325986
325996
326001
326006
326016
326067
326188
326242
326286
326439
326452
326666
326706
326930
326961
327192
327197
327215
327221
327224
327225
327245
327255
327273
327303
327312
327348
327374
327426
327805
327815
327829
327885
327901
327953
328268
328269
328285
328313
328336
328338
328536
328578
328620
328654
328755
328907
328924
328931
328950
328990
329048
329069
329097
329167
329216
329400
329563
329606
329957
329965
329983
330002
330042
330048
330057
330078
330094
330414
330416
330429
330435
330458
330459
330467
330644
330680
330686
330705
330922
330934
330959
331228
331342
331394
331462
331893
332002
332061
332081
332095
332137
332144
332332
332336
332354
332356
332359
332366
332383
332711
332759
332782
332879
332887
332897
333035
333184
333234
333672
333685
333713
333775
333910
333937
334367
334839
335084
335101
335106
335388
335459
335478
335507
335564
335573
335749
335779
335793
335798
335830
335832
336125
336208
336212
336216
336244
336250
336264
336316
336446
336582
336663
336819
336821
336851
336873
336880
336889
336900
336914
337117
337164
337171
337303
338018
338048
338302
338412
338539
338540
338545
338668
338795
338798
339158
339162
339176
339460
339483
340230
340273
340276
340300
340309
340339
340380
340393
340410
340443
340489
340497
340511
340538
341069
341099
341128
341132
341196
341354
341705
341989
342027
342042
342086
342093
342109
342113
342128
342133
342134
342142
342171
342182
342185
342201
342208
342211
342216
342279
342292
342303
342350
342373
342392
342400
342407
342410
342440
342450
342460
342481
342534
342536
342665
342671
342684
342689
342728
342729
342741
342785
343013
343393
343568
343867
343872
343884
343973
344009
344037
344187
344422
344458
344493
344661
344708
344719
344748
344753
344936
344969
345033
345408
345409
345429
345432
345443
345490
345498
345499
345750
345769
345874
345882
345889
345891
345915
346061
346118
346346
346419
346423
346448
346450
346497
346526
346543
346546
346550
346601
346629
346672
346674
346681
346689
346794
346952
347015
347042
347255
347300
347430
347440
347444
347485
347776
348018
348251
348277
348348
348712
348744
348745
348764
348959
348979
348981
349039
349190
349205
349236
349315
349454
349547
349583
349624
349709
349735
349779
350002
350018
350103
350244
350400
350468
350490
350496
350811
350863
350909
350911
351062
351063
351089
351106
351113
351132
351150
351164
351178
351315
351401
351412
351416
351421
351790
351856
352157
352196
352204
352232
352237
352255
352262
352263
352274
352280
352312
352351
352361
352372
352562
352881
352911
352917
352952
353000
353014
353030
353041
353067
353145
353407
353527
353596
353646
353736
353857
353905
353969
354413
354414
354421
354483
354601
354608
354640
355011
355014
355033
355035
355086
355190
355282
355316
355337
355344
355363
355400
355413
355432
355477
355512
355520
355531
355534
355955
356003
356020
356047
356079
356083
356088
356100
356322
356482
356533
356552
356554
356593
356672
356677
356679
356748
356749
356751
356809
356852
356854
356965
357027
357079
357160
357256
357265
357294
357303
357443
357453
357641
357650
357682
358056
358139
358144
358150
358156
358166
358192
358195
358202
358209
358221
358238
358293
358302
358327
358352
358364
358616
358624
358628
358643
358691
358710
358739
359118
359163
359179
359180
359199
359239
359279
359291
359321
359680
359694
359730
359734
359740
359744
359765
359808
359819
359835
359873
359899
360018
360243
360253
360321
360455
360463
360486
360602
360612
360830
360834
360838
360852
361221
361267
361270
361324
361331
361685
361709
361717
361725
361743
361753
361758
361763
361767
361811
361817
362126
362208
362214
362216
362227
362235
362240
362375
362428
362467
362535
362640
362724
362741
362771
362774
362776
362792
362975
362994
363148
363172
363212
363350
363375
363486
363592
363597
363602
363779
363803
363813
363875
363886
363903
363918
363961
363989
364022
364026
364214
364222
364242
364245
364257
364279
364292
364293
364296
364324
364359
364367
364374
364385
364388
364424
364614
364746
364759
364778
364788
364795
364796
364855
364857
364865
364885
364908
364912
364919
364935
364950
364953
364959
365151
365209
365221
365232
365454
365555
365590
365601
365606
365613
365707
365810
365882
365901
365916
365929
366025
366034
366179
366187
366266
366282
366329
366332
366424
366435
366472
366661
366850
366862
366868
366869
366888
366933
366948
366965
366973
367155
367160
367171
367198
367208
367343
367348
367352
367539
367540
367585
367593
367685
367752
367794
367823
367834
367841
367924
367940
367995
368047
368050
368268
368615
368705
368736
368762
368774
368852
368960
368970
368972
369001
369040
369068
369087
369290
369299
369350
369420
369524
369534
369698
369748
369768
369849
369866
369872
369894
369895
369919
369967
370475
370476
370480
370502
370744
370762
370765
370768
370773
370813
370944
370970
370981
370988
370992
371004
371014
371029
371030
371038
371039
371049
371051
371060
371064
371086
371100
371112
371120
371132
371162
371216
371317
371623
371631
371643
371649
371691
371733
371739
371747
371761
371965
371986
372057
372218
372395
372403
372464
372472
372482
372486
372495
372503
372530
372540
372560
372567
372581
372617
372629
372660
372668
372686
372690
372895
372897
372946
372966
372986
373090
373225
373310
373364
373439
373536
373608
374096
374097
374106
374150
374301
374309
374314
374333
374338
374359
374372
374374
374399
374418
374461
374462
374496
374510
374513
374538
374543
374579
374587
374742
374981
375040
375215
375312
375314
375414
375438
375773
375789
375811
375821
375851
375887
375902
375917
375920
375952
375955
375973
375989
376005
376167
376168
376205
376220
376271
376273
376493
376515
376655
376754
376766
376882
376946
377367
377392
377398
377402
377405
377423
377457
377615
377644
377645
377681
377683
377712
377729
377801
377804
377805
377810
377828
377854
377863
377872
378024
378128
378268
378278
378292
378329
378337
378341
378670
378697
378703
378859
378920
378949
379271
379304
379339
379342
379352
379389
379507
379575
379583
379637
379652
379676
379686
379690
379714
379727
379773
379889
379915
380014
380118
380281
380296
380305
380320
380376
380586
380604
380611
380620
380640
380646
380783
380803
380805
380811
380816
380856
380857
380888
380903
381138
381152
381166
381524
381587
381749
381836
381843
381845
381847
381863
381871
381928
382098
382108
382127
382217
382331
382332
382405
382444
382574
382592
382865
382975
383169
383181
383197
383237
383239
383270
383276
383300
383318
383494
383603
383614
383620
383628
383847
383855
383884
383899
383910
383935
383938
383960
383966
383968
383975
383977
384001
384034
384053
384073
384187
384387
384395
384442
384467
384488
384514
384677
384688
384778
385069
385146
385173
385328
385556
385557
385750
385765
385785
385793
385804
385823
385829
385846
386079
386316
386350
386366
386380
386392
386400
386437
386441
386457
386476
386519
386781
386809
386849
386995
387035
387051
387069
387070
387114
387166
387236
387261
387308
387438
387453
387478
387510
387522
387558
387614
387663
387685
387769
387916
387928
387929
388171
388176
388210
388219
388222
388240
388243
388574
388581
388587
388601
388637
388726
388933
389002
389008
389039
389040
389047
389063
389101
389112
389160
389216
389438
389442
389470
389479
389497
389498
389513
389533
389747
389884
389929
389936
390032
390059
390071
390083
390106
390117
390123
390151
390190
390222
390267
390281
390289
390310
390409
390418
390458
390460
390510
390515
390527
390658
390765
390789
390800
390880
390920
390924
391200
391201
391212
391214
391222
391224
391247
391248
391490
391520
391551
391555
391565
391574
391584
391878
391906
391923
391928
391944
391965
392008
392028
392066
392107
392150
392577
392673
392742
392771
392783
392800
392806
392809
392874
392899
392908
392909
392913
392914
393094
393154
393227
393303
393321
393322
393380
393534
393615
393721
393744
393747
393754
393784
393785
394021
394124
394129
394139
394185
394193
394221
394253
394289
394452
394477
394483
394486
394488
394499
394503
394519
394552
394564
394568
394583
394593
394609
394629
394906
394924
394927
394964
394982
394986
395000
395019
395023
395030
395038
395039
395041
395158
395174
395186
395200
395201
395377
395389
395468
395489
395510
395595
395612
395766
395852
395866
395871
395924
395979
396025
396131
396282
396300
396315
396321
396392
396399
396411
396438
396485
396573
396613
396747
396760
396922
396934
396941
396950
396991
397145
397206
397232
397488
397516
397523
397549
397575
397604
397616
397646
397650
397664
397956
397974
397992
397996
398036
398047
398149
398179
398243
398350
398390
398425
398447
398550
398655
398661
398698
398787
398798
398804
398888
398889
398942
399055
399105
399111
399196
399241
399266
399506
399622
399623
399740
399757
399761
399762
399776
399786
399987
400008
400043
400045
400057
400061
400069
400083
400084
400338
400580
400610
400663
400888
401104
401167
401176
401416
401423
401445
401447
401459
401464
401532
401612
401758
401799
401825
401853
401897
401909
401957
402227
402228
402230
402248
402266
402298
402318
402565
402600
402608
402634
402657
402659
402664
402678
402731
402963
402985
402990
403041
403045
403046
403078
403080
403096
403097
403101
403117
403135
403150
403363
403374
403565
403613
403614
403618
403629
403673
403711
403732
403875
403911
403994
404028
404110
404197
404201
404251
404258
404286
404304
404337
404339
404356
404363
404377
404380
404394
404410
404425
404493
404494
404504
404512
404513
404567
404599
404621
404696
404707
404774
404820
404874
405017
405052
405081
405090
405161
405308
405337
405379
405382
405389
405392
405543
405547
405575
405594
405597
405599
405615
405623
405649
405650
405940
405945
405951
405964
405987
406017
406029
406035
406043
406071
406076
406098
406111
406121
406134
406136
406144
406147
406187
406218
406295
406518
406558
406584
406597
406617
406619
406623
406628
406673
406678
406712
406720
406728
406762
406979
407009
407065
407112
407172
407315
407350
407361
407363
407376
407381
407418
407431
407448
407454
407459
407464
407480
407487
407516
407539
407556
407607
407750
407818
407824
407846
407880
407924
407930
407941
407961
407967
408006
408017
408046
408150
408156
408166
408193
408203
408245
408262
408310
408345
408353
408356
408382
408386
408405
408431
408475
408537
408548
408584
408611
408676
408685
408696
408736
408760
408843
408944
409245
409252
409338
409422
409425
409453
409459
409463
409558
409598
409600
409618
409867
409886
409891
409910
409931
409961
409980
410066
410421
410445
410492
410516
410543
410554
410558
410570
410599
410833
410841
411050
411108
411261
411279
411286
411321
411337
411341
411406
411410
411412
411416
411491
411494
411562
411729
411741
411792
411804
411843
411847
411877
412011
412128
412184
412259
412340
412352
412364
412366
412465
412500
412623
412686
412700
412732
412846
412848
412965
412971
413107
413141
413146
413369
413373
413377
413419
413480
413487
413499
413500
413518
413531
413532
413547
413569
413600
413627
413652
413708
413838
413846
413938
413995
414003
414011
414185
414200
414202
414210
414235
414245
414267
414268
414280
414506
414523
414528
414531
414596
414715
414797
414807
414836
414840
414879
414887
414947
414949
415146
415192
415218
415367
415377
415398
415417
415461
415496
415648
415650
415928
416027
416626
416648
416764
416777
416826
416833
416874
416875
416883
416913
416921
416925
416971
416976
417011
417031
417033
417039
417051
417063
417065
417066
417113
417152
417191
417193
417219
417222
417227
417238
417249
417250
417262
417308
417311
417323
417326
417343
417529
417693
417711
417733
417747
417760
417777
417811
417815
417820
417852
418173
418259
418264
418288
418296
418318
418351
418359
418412
418692
419037
419065
419070
419071
419081
419092
419096
419097
419109
419140
419147
419201
419241
419295
419459
419660
419731
419745
419775
419838
419852
419864
419872
419915
419981
419987
420170
420202
420403
420529
420542
420543
420564
420571
420589
420611
420638
420764
420816
420918
420946
421044
421071
421084
421117
421129
421141
421173
421182
421206
421432
421522
421547
421551
421559
421566
421579
421585
421586
421646
421670
421681
421725
421791
421838
421854
421888
421914
421967
422033
422035
422062
422075
422108
422139
422146
422148
422274
422306
422326
422343
422485
422489
422491
422515
422529
422543
422597
422675
422678
422817
422839
422843
422851
422976
423212
423218
423227
423240
423322
423411
423467
423495
423523
423554
423560
423563
423569
423577
423588
423594
423599
423631
423640
423652
423658
423699
423710
423716
423740
423769
423770
423784
423999
424009
424019
424054
424072
424073
424075
424078
424099
424106
424112
424134
424162
424164
424183
424189
424555
424662
424751
424790
424792
424845
425062
425071
425072
425083
425087
425094
425095
425146
425184
425190
425194
425220
425267
425280
425284
425288
425300
425318
425327
425400
425667
425683
425726
425727
425750
425773
425781
425819
425832
425840
425879
425883
425903
425909
425913
425945
425954
425967
425975
425990
426003
426117
426141
426187
426200
426205
426357
426394
426471
426489
426493
426519
426557
426579
426593
426622
426655
426672
426685
426706
426719
426728
426785
426814
426846
426896
426960
427038
427044
427154
427514
427578
427613
427739
427753
427898
427933
427942
427958
428013
428026
428029
428082
428266
428267
428277
428279
428295
428296
428318
428323
428635
428678
428692
428728
428754
428757
428885
428923
429151
429163
429167
429181
429191
429233
429263
429266
429274
429289
429561
429594
429603
429617
429619
429654
429671
429672
429689
429691
429701
429714
429730
430039
430047
430121
430160
430166
430178
430188
430190
430284
430293
430332
430395
430406
430416
430434
430538
430546
430563
430585
430661
430779
430796
430797
430805
430981
430987
430994
430996
431004
431043
431049
431052
431054
431064
431068
431073
431082
431083
431373
431416
431419
431474
431813
431838
431856
431895
431909
431913
431972
432000
432336
432359
432363
432379
432388
432399
432416
432443
432449
432463
432527
432747
432749
432756
432761
432762
432821
432832
432836
432850
432879
432880
432882
432996
433107
433131
433152
433153
433156
433406
433424
433439
433483
433529
433530
433644
433661
433913
433923
433943
433947
434098
434120
434121
434149
434218
434265
434371
434373
434386
434392
434577
434646
434688
434706
434713
434716
434717
434722
434730
434735
434746
434757
434760
435079
435101
435137
435143
435189
435201
435289
435294
435308
435565
435576
435577
435641
435668
435693
435710
435711
435722
435739
435764
435772
435820
435838
435849
435988
436222
436225
436228
436265
436272
436281
436307
436318
436589
436601
436633
436655
436849
436873
436879
436887
436894
436899
436914
436942
436946
436959
436968
437034
437059
437227
437478
437618
437622
437712
437797
437802
437949
437997
438007
438109
438323
438330
438526
438528
438547
438564
438569
438718
438729
438845
438915
438942
438947
439240
439275
439504
439590
439599
439821
1996 JJ3
1996 JU8
1999 FB76
1999 TZ59
1999 VQ19
1999 YZ12
2000 BT9
2000 BK22
2000 CR78
2000 TT6
2000 WW63
2001 SO203
2001 SH305
2001 TG261
2001 UW189
2001 UP231
2001 VR130
2001 YN13
2002 AT194
2002 CE200
2002 EE141
2002 EG163
2002 GO124
2002 GO184
2002 MY6
2002 NO58
2002 NG65
2002 NM76
2002 NP76
2002 OQ34
2002 OO35
2002 OL36
2002 PW178
2002 PB185
2002 QD50
2002 QS70
2002 QU72
2002 QY79
2002 QV93
2002 QN97
2002 QO111
2002 QX111
2002 QS130
2002 QX133
2002 QV136
2002 QV137
2002 QA140
2002 QX142
2002 QX148
2002 RR244
2002 RT247
2002 RU248
2002 RV260
2002 RV273
2002 RJ280
2002 TX367
2002 TS379
2002 TC388
2002 TF306
2002 TZ306
2002 TX307
2002 TZ312
2002 TK315
2002 TH325
2002 TN335
2002 TD347
2002 UH59
2002 WY25
2002 WU27
2003 HJ24
2003 QG120
2003 SP78
2003 SD340
2003 SQ366
2003 SN113
2003 SV136
2003 SE407
2003 SQ407
2003 SK417
2003 SO429
2003 SQ281
2003 SO302
2003 SV326
2003 SU334
2003 SA337
2003 SD340
2003 SA344
2003 TR4
2003 TK54
2003 TP55
2003 TD59
2003 UD34
2003 UY287
2003 UW361
2003 UM384
2003 UZ130
2003 UR407
2003 UX262
2003 UY287
2003 UY295
2003 UG304
2003 UR321
2003 UA334
2003 UY342
2003 WJ43
2003 WS181
2003 YL181
2004 BV64
2004 CH29
2004 CP87
2004 CB105
2004 DC54
2004 FB1
2004 FE132
2004 FY141
2004 RC119
2004 RT146
2004 RB235
2004 RB238
2004 RP244
2004 RW267
2004 RK303
2004 TZ27
2004 TP38
2004 TN71
2004 TX82
2004 TG336
2004 TM150
2004 TO184
2004 TQ188
2004 TG198
2004 TJ202
2004 TZ209
2004 TK235
2004 TJ252
2004 TG336
2004 VH80
2004 XA143
2004 XB181
2004 XV187
2004 YV18
2005 ER192
2005 EE220
2005 EQ255
2005 GS17
2005 GX44
2005 GU109
2005 GU116
2005 GG117
2005 GU131
2005 GO132
2005 GN159
2005 GM177
2005 GO177
2005 GH217
2005 JN32
2005 JV57
2005 JD70
2005 JP71
2005 JP97
2005 JH120
2005 JB149
2005 JH162
2005 LB9
2005 LW13
2005 LU20
2005 ND12
2005 NF26
2005 NE31
2005 PR18
2005 PZ23
2005 QP24
2005 QO32
2005 QX54
2005 QM92
2005 QD121
2005 QD122
2005 QN122
2005 QM128
2005 QY186
2005 QZ186
2005 RV47
2005 RY47
2005 SS11
2005 SM32
2005 SW42
2005 SK53
2005 SG67
2005 SJ76
2005 SE80
2005 SS83
2005 SJ84
2005 SF91
2005 SA92
2005 SZ130
2005 SK137
2005 SW148
2005 SR150
2005 SD171
2005 SJ178
2005 SK188
2005 SX240
2005 SW263
2005 TZ12
2005 TQ23
2005 TP28
2005 TA34
2005 TO47
2005 TW60
2005 TN81
2005 TC89
2005 TA96
2005 TC118
2005 TU120
2005 TW122
2005 TZ144
2005 TR154
2005 TF170
2005 TO191
2005 UG84
2005 UP87
2005 UC93
2005 UF365
2005 UE387
2005 UL387
2005 UE390
2005 UM406
2005 UU420
2005 UU166
2005 UT167
2005 UE176
2005 UD184
2005 UM199
2005 UF218
2005 UE223
2005 UV227
2005 UF231
2005 UB516
2005 UD258
2005 UL518
2005 UH520
2005 UH526
2005 UU281
2005 UW285
2005 UX286
2005 UG297
2005 UK301
2005 US311
2005 UN315
2005 UO316
2005 UE345
2005 VL48
2005 VU58
2005 VM80
2005 VU96
2005 VY96
2005 VL107
2005 VB129
2005 VY129
2005 WF14
2005 WZ16
2005 WT23
2005 WQ59
2005 WK66
2005 WK93
2005 WH166
2005 WK208
2005 XV36
2005 XQ51
2005 XM70
2005 XB72
2005 XZ97
2005 YP13
2005 YW13
2005 YM17
2005 YR51
2005 YA56
2005 YS69
2005 YX79
2005 YG97
2005 YB142
2005 YS201
2005 YW215
2005 YA291
2006 AY18
2006 AL35
2006 AB62
2006 AV104
2006 BJ41
2006 BF48
2006 BB66
2006 BQ74
2006 BU75
2006 BR112
2006 BS113
2006 BL123
2006 BZ133
2006 BB161
2006 BP164
2006 BH177
2006 CG44
2006 CS50
2006 CW50
2006 CD59
2006 CE68
2006 DA43
2006 DC43
2006 DU45
2006 DU56
2006 DP58
2006 DX79
2006 DU105
2006 DD124
2006 DU154
2006 DA177
2006 DD216
2006 ET16
2006 EO34
2006 EF55
2006 EV66
2006 GH20
2006 GA28
2006 GT31
2006 HN12
2006 HH28
2006 HJ33
2006 HY37
2006 HN49
2006 HH97
2006 HH117
2006 HH152
2006 JO4
2006 JU6
2006 KY13
2006 KF21
2006 KA28
2006 KO46
2006 KJ51
2006 KX54
2006 KM55
2006 KJ60
2006 KK66
2006 KB68
2006 QT2
2006 QJ4
2006 QN102
2006 QW157
2006 QD173
2006 RJ55
2006 RL59
2006 RO74
2006 RZ74
2006 RA78
2006 RB80
2006 RR80
2006 RK84
2006 RV108
2006 RV119
2006 SE17
2006 SE37
2006 SP41
2006 SL73
2006 SM83
2006 SQ96
2006 SC242
2006 SY256
2006 SU294
2006 SX345
2006 SO102
2006 SB369
2006 SW373
2006 SB379
2006 SJ380
2006 SO383
2006 SQ383
2006 SD386
2006 SU391
2006 SL396
2006 SE399
2006 SM401
2006 SV142
2006 SA149
2006 SP174
2006 SU187
2006 SJ202
2006 SO231
2006 SZ239
2006 SC242
2006 SS260
2006 SH277
2006 SO292
2006 SU294
2006 SB298
2006 SH301
2006 SU310
2006 SV322
2006 SL331
2006 SX345
2006 TP15
2006 TR19
2006 TK38
2006 TZ50
2006 TR62
2006 TD84
2006 TN97
2006 TE102
2006 TJ103
2006 TW112
2006 TO118
2006 TZ121
2006 TS125
2006 UW3
2006 UL24
2006 UQ26
2006 UP32
2006 UO44
2006 UC51
2006 UV63
2006 UA70
2006 UB84
2006 UY91
2006 UM99
2006 UC148
2006 UM209
2006 UP248
2006 UU360
2006 UP107
2006 UM111
2006 UF115
2006 UJ135
2006 UH140
2006 UL140
2006 UZ140
2006 UC148
2006 UZ170
2006 UG201
2006 UV207
2006 UM209
2006 UX210
2006 UX223
2006 UM252
2006 UE266
2006 UE272
2006 UX288
2006 UP289
2006 UG319
2006 UB321
2006 UJ330
2006 UH332
2006 VQ3
2006 VE7
2006 VR11
2006 VP14
2006 VG32
2006 VG57
2006 VK68
2006 VV70
2006 VU74
2006 VS108
2006 VY120
2006 VY125
2006 VJ173
2006 WX15
2006 WF29
2006 WT38
2006 WW59
2006 WF74
2006 WD85
2006 WD99
2006 WJ119
2006 WS181
2006 WX191
2006 WL202
2006 WW205
2006 XM13
2006 XJ39
2006 XL39
2006 XX72
2006 YG19
2006 YC54
2007 AV27
2007 AA28
2007 AB28
2007 AT29
2007 BR31
2007 BE81
2007 BL87
2007 CJ2
2007 CH11
2007 CQ16
2007 CH33
2007 CE37
2007 CE38
2007 CV38
2007 CO44
2007 CA48
2007 DO5
2007 DS15
2007 DF20
2007 DX22
2007 DU34
2007 DJ39
2007 DX86
2007 DP88
2007 DC92
2007 EL8
2007 EJ9
2007 EU29
2007 EW59
2007 EZ102
2007 EY126
2007 ES150
2007 EZ161
2007 EK194
2007 FS4
2007 FB46
2007 GZ18
2007 GN59
2007 GP60
2007 GE67
2007 HE34
2007 HZ48
2007 HW50
2007 HF57
2007 JH12
2007 JA30
2007 JR38
2007 LJ3
2007 LC5
2007 LG14
2007 MR1
2007 QG2
2007 RZ
2007 RC11
2007 RD43
2007 RN167
2007 RS177
2007 RV188
2007 RG254
2007 RT259
2007 RE260
2007 RV296
2007 RD302
2007 RZ316
2007 RW324
2007 TV8
2007 TM38
2007 TK47
2007 TS74
2007 TP125
2007 TR216
2007 TW117
2007 TP125
2007 TQ386
2007 TQ402
2007 TY422
2007 TW423
2007 TP430
2007 TJ432
2007 TM176
2007 TR216
2007 TU235
2007 TY235
2007 TP237
2007 TQ246
2007 TG249
2007 TW278
2007 TT296
2007 TB326
2007 UH20
2007 US40
2007 UG42
2007 UG47
2007 UU53
2007 UP60
2007 UW87
2007 UW106
2007 UJ113
2007 UU114
2007 UG122
2007 UQ122
2007 UU122
2007 UL128
2007 UC131
2007 US133
2007 UF140
2007 US141
2007 VA
2007 VT25
2007 VF54
2007 VS67
2007 VM79
2007 VU84
2007 VP85
2007 VU106
2007 VD116
2007 VS158
2007 VR165
2007 VJ175
2007 VC182
2007 VF190
2007 VB205
2007 VQ212
2007 VH215
2007 VD218
2007 VW239
2007 VU256
2007 VZ275
2007 VG295
2007 VE308
2007 VP314
2007 VS334
2007 XG26
2007 XP58
2007 YE3
2007 YP20
2007 YP21
2007 YG32
2007 YG35
2007 YM45
2007 YC67
2008 AS15
2008 AA21
2008 AJ23
2008 AO27
2008 AY34
2008 AW35
2008 AM55
2008 AL58
2008 AU93
2008 AD100
2008 AG107
2008 BM15
2008 BT31
2008 BO32
2008 BL34
2008 CP4
2008 CF8
2008 CW13
2008 CO32
2008 CF34
2008 CW42
2008 CC75
2008 CB86
2008 CB88
2008 CA96
2008 CA120
2008 CQ123
2008 CY137
2008 CD146
2008 CD157
2008 CQ159
2008 CD166
2008 CZ169
2008 CS170
2008 CU172
2008 CZ191
2008 CA192
2008 CO206
2008 CH207
2008 DH3
2008 DA33
2008 DM35
2008 DA62
2008 DL65
2008 DH69
2008 DL82
2008 EY11
2008 EV12
2008 EL32
2008 EX44
2008 ER50
2008 EJ64
2008 EQ72
2008 ER111
2008 ES114
2008 EH115
2008 EX115
2008 ER116
2008 EF121
2008 EN147
2008 FA2
2008 FR23
2008 FU23
2008 FK35
2008 FN40
2008 FX53
2008 FP58
2008 FF81
2008 FR84
2008 FX94
2008 FR124
2008 FF125
2008 FJ133
2008 FL135
2008 FM135
2008 GP34
2008 GR52
2008 GY73
2008 GU74
2008 GC84
2008 GP90
2008 GF115
2008 GS137
2008 GE139
2008 HO16
2008 HL22
2008 HR29
2008 HW29
2008 HP40
2008 HT46
2008 HS48
2008 HN54
2008 HJ57
2008 JA3
2008 JL9
2008 JQ11
2008 JL12
2008 JW25
2008 JW32
2008 KS39
2008 LD9
2008 LJ14
2008 MX1
2008 MZ1
2008 PR12
2008 QT12
2008 QT37
2008 QV37
2008 QB38
2008 QJ38
2008 RW42
2008 RF58
2008 RE84
2008 RT86
2008 RY117
2008 RA126
2008 RR127
2008 RE135
2008 SP30
2008 SZ32
2008 SP39
2008 SZ43
2008 ST56
2008 SJ90
2008 SZ94
2008 SE108
2008 SN110
2008 SZ114
2008 SQ120
2008 SU123
2008 SE126
2008 SV126
2008 SR127
2008 SD128
2008 SJ133
2008 SX133
2008 SW138
2008 SM151
2008 SQ192
2008 SU197
2008 SQ199
2008 SL201
2008 SM209
2008 SZ210
2008 SL211
2008 SZ230
2008 ST242
2008 SK268
2008 SM274
2008 SM277
2008 TS4
2008 TJ11
2008 TS16
2008 TO17
2008 TN21
2008 TL34
2008 TF46
2008 TR55
2008 TF60
2008 TP89
2008 TB91
2008 TZ98
2008 TV123
2008 TR125
2008 TG126
2008 TF135
2008 TJ148
2008 TY164
2008 TF166
2008 TE182
2008 TL183
2008 TD188
2008 TA189
2008 UJ8
2008 UL27
2008 UL31
2008 UM37
2008 UJ46
2008 UN47
2008 UA54
2008 UK57
2008 UA157
2008 UZ102
2008 UD103
2008 UL110
2008 UR121
2008 UL128
2008 UW128
2008 UZ132
2008 UV138
2008 UO139
2008 UG140
2008 UA157
2008 UR157
2008 UZ165
2008 UC168
2008 UY172
2008 UT176
2008 UR177
2008 UA181
2008 UG183
2008 UH218
2008 UR231
2008 UR245
2008 UV250
2008 UC254
2008 UU259
2008 UP263
2008 UA280
2008 UG297
2008 UX297
2008 UT303
2008 UJ305
2008 UR308
2008 UY334
2008 UJ340
2008 VZ23
2008 VB33
2008 VB49
2008 VX50
2008 VY61
2008 VS69
2008 VA72
2008 WD5
2008 WO14
2008 WV26
2008 WQ30
2008 WY34
2008 WW39
2008 WM44
2008 WB47
2008 WM48
2008 WD52
2008 WJ59
2008 WF65
2008 WY72
2008 WN73
2008 WD75
2008 WX75
2008 WT84
2008 WD91
2008 WN92
2008 WO94
2008 WN99
2008 WK109
2008 WR109
2008 WT115
2008 WD122
2008 WO123
2008 WD126
2008 WK135
2008 WQ138
2008 XW16
2008 XD33
2008 XW34
2008 XQ35
2008 XH50
2008 XV50
2008 YT4
2008 YH35
2008 YT48
2008 YX50
2008 YW74
2008 YC80
2008 YW80
2008 YX80
2008 YB90
2008 YL95
2008 YC100
2008 YH101
2008 YE142
2008 YL143
2008 YO146
2008 YD150
2008 YF152
2008 YM161
2008 YN161
2008 YB165
2009 AA31
2009 AR31
2009 AS49
2009 BU1
2009 BS18
2009 BS21
2009 BD23
2009 BH27
2009 BL36
2009 BY39
2009 BM41
2009 BO44
2009 BW44
2009 BL51
2009 BJ52
2009 BS52
2009 BL53
2009 BA59
2009 BE62
2009 BD69
2009 BU73
2009 BU83
2009 BL101
2009 BT101
2009 BC119
2009 BM126
2009 BE128
2009 BH129
2009 BQ142
2009 BF148
2009 BJ150
2009 BB159
2009 BC159
2009 BP175
2009 BU176
2009 CK21
2009 CU34
2009 CL49
2009 CO49
2009 CC53
2009 CX64
2009 DS
2009 DR16
2009 DK19
2009 DS34
2009 DP44
2009 DA52
2009 DF53
2009 DB56
2009 DD71
2009 DG73
2009 DU77
2009 DN112
2009 DE124
2009 DR133
2009 DN139
2009 DX141
2009 EN5
2009 FH54
2009 FU64
2009 FM69
2009 FZ69
2009 GY2
2009 GW5
2009 HT7
2009 HB14
2009 HQ19
2009 HH27
2009 HB32
2009 HU34
2009 HS62
2009 HT85
2009 HR87
2009 HU96
2009 HQ102
2009 JK5
2009 JE6
2009 JV13
2009 JH14
2009 KF4
2009 KT7
2009 KZ11
2009 KZ15
2009 KW18
2009 KG24
2009 OL11
2009 PQ9
2009 QG57
2009 RS15
2009 RM30
2009 RB44
2009 RB48
2009 RM51
2009 RT75
2009 SZ17
2009 SL27
2009 SU38
2009 SC44
2009 SN45
2009 SH50
2009 SX75
2009 SG76
2009 SV77
2009 SZ113
2009 SA114
2009 SD117
2009 SN199
2009 SD219
2009 SC222
2009 ST258
2009 SE272
2009 SZ279
2009 SJ280
2009 SN282
2009 SG287
2009 SX290
2009 SR291
2009 SC298
2009 SB308
2009 SA347
2009 SS356
2009 TJ40
2009 TA46
2009 UN39
2009 UR46
2009 UN61
2009 UA62
2009 UJ68
2009 UQ107
2009 UQ108
2009 UQ110
2009 UL146
2009 UC148
2009 UA154
2009 VT3
2009 VD11
2009 VE26
2009 VF27
2009 VR29
2009 VN49
2009 VJ63
2009 VS68
2009 WB20
2009 WZ22
2009 WZ36
2009 WA41
2009 WN64
2009 WY76
2009 WY79
2009 WC119
2009 WD133
2009 WH154
2009 WP164
2009 WZ171
2009 WG174
2009 WJ175
2009 WH185
2009 WT195
2009 WJ208
2009 WM210
2009 WG212
2009 WW229
2009 WC260
2009 XC
2009 YA23
2009 YJ24
2010 AP2
2010 AJ4
2010 AU9
2010 AX23
2010 AW31
2010 AF39
2010 AU54
2010 AC69
2010 AB118
2010 AY126
2010 BW55
2010 BT58
2010 BH130
2010 CM35
2010 CG77
2010 CW86
2010 CB91
2010 CS103
2010 CV103
2010 CR148
2010 CQ158
2010 CM172
2010 CU181
2010 DE8
2010 DU36
2010 DV45
2010 ED71
2010 EQ78
2010 EO84
2010 EX97
2010 EN109
2010 EF123
2010 EF132
2010 FA12
2010 FY12
2010 FQ17
2010 FU19
2010 FG26
2010 FT53
2010 FP66
2010 GA31
2010 GV106
2010 GY158
2010 GO161
2010 HV39
2010 HF41
2010 HV107
2010 JV71
2010 JR73
2010 JG75
2010 JP78
2010 JB155
2010 JE155
2010 JB163
2010 KR2
2010 KV119
2010 LB17
2010 LC17
2010 LQ20
2010 LW60
2010 LD124
2010 MK66
2010 MN72
2010 MN76
2010 MZ99
2010 MP102
2010 NO100
2010 NA107
2010 NP114
2010 OV38
2010 OV40
2010 OS68
2010 OL93
2010 OC100
2010 OZ101
2010 OX102
2010 ON105
2010 OV106
2010 OW106
2010 OF117
2010 PA5
2010 QK1
2010 RN11
2010 RD44
2010 RJ46
2010 RF52
2010 RZ66
2010 RC100
2010 RN105
2010 RF112
2010 RU112
2010 RX125
2010 RY140
2010 RC145
2010 RX174
2010 RX177
2010 RM180
2010 SA3
2010 SW18
2010 TJ9
2010 TP15
2010 TR28
2010 TA115
2010 TG130
2010 TX140
2010 TD159
2010 TP165
2010 TD178
2010 TF180
2010 TW183
2010 TF186
2010 TB187
2010 TE187
2010 UM5
2010 UQ5
2010 UV5
2010 US6
2010 UW6
2010 UJ26
2010 UF45
2010 UK46
2010 UW57
2010 UV76
2010 UQ77
2010 UA84
2010 UT85
2010 UO99
2010 VM19
2010 VG45
2010 VW55
2010 VQ57
2010 VC85
2010 VV85
2010 VU89
2010 VS90
2010 VN102
2010 VK103
2010 VO113
2010 VW162
2010 VP168
2010 VW171
2010 VZ177
2010 VM184
2010 VH193
2010 VV206
2010 VQ213
2010 VK214
2010 WK13
2010 WH17
2010 WV32
2010 WY53
2010 XD1
2010 XH69
2011 AP
2011 AV31
2011 AN39
2011 AF43
2011 AK44
2011 AJ56
2011 AD65
2011 AJ65
2011 AV68
2011 AD76
2011 AR77
2011 BP2
2011 BA17
2011 BJ22
2011 BU32
2011 BY36
2011 BU38
2011 BZ47
2011 BG67
2011 BK67
2011 BV71
2011 BV79
2011 BF80
2011 BL89
2011 BC98
2011 BN100
2011 BP105
2011 BY116
2011 CC24
2011 CX30
2011 CO31
2011 CW35
2011 CO42
2011 CE68
2011 CA75
2011 CX76
2011 CY89
2011 CS91
2011 CA92
2011 CX109
2011 CT112
2011 DS2
2011 DG9
2011 DZ9
2011 DV11
2011 DY24
2011 DB25
2011 DK31
2011 ET1
2011 EQ6
2011 ES23
2011 EE27
2011 EA28
2011 EA29
2011 EF30
2011 EF41
2011 ED65
2011 EZ67
2011 EV69
2011 EJ82
2011 FU3
2011 FT4
2011 FZ7
2011 FW17
2011 FD25
2011 FC26
2011 FF34
2011 FT36
2011 FB43
2011 FN43
2011 FZ47
2011 FJ49
2011 FF53
2011 FT66
2011 FE69
2011 FD105
2011 FG126
2011 FL134
2011 FV137
2011 FV145
2011 GP3
2011 GP32
2011 GG36
2011 HX3
2011 HA13
2011 HV25
2011 HN52
2011 HD59
2011 HB64
2011 HL65
2011 HC74
2011 HZ83
2011 HB85
2011 HX89
2011 JB27
2011 KM25
2011 KH34
2011 KS40
2011 KO46
2011 KK47
2011 LM21
2011 OP2
2011 OD43
2011 OH45
2011 OG48
2011 OX57
2011 PL9
2011 QS
2011 QX
2011 QF11
2011 QY18
2011 QP25
2011 QS48
2011 QP73
2011 QP75
2011 QE80
2011 QX88
2011 RC3
2011 RU11
2011 RR17
2011 SU34
2011 SO37
2011 SP39
2011 SW47
2011 SD58
2011 SU66
2011 SP73
2011 SY85
2011 SG89
2011 SM92
2011 SV97
2011 SG99
2011 SN125
2011 SB127
2011 SG135
2011 SK166
2011 SK188
2011 SL201
2011 SH222
2011 ST241
2011 SU241
2011 SM245
2011 SC254
2011 SB257
2011 SQ257
2011 SB259
2011 SM259
2011 TU7
2011 TX11
2011 UX
2011 UT9
2011 UA13
2011 UX25
2011 UJ29
2011 US30
2011 UU38
2011 UD43
2011 UY44
2011 UK47
2011 UC56
2011 UF64
2011 UJ65
2011 UP77
2011 UQ86
2011 UC88
2011 UH90
2011 UE130
2011 UJ142
2011 UX170
2011 UX234
2011 UP254
2011 UV269
2011 UU320
2011 UD329
2011 UA336
2011 UD101
2011 UC366
2011 UG369
2011 UE130
2011 UA336
2011 UF120
2011 UB126
2011 UD126
2011 UX126
2011 UE130
2011 UU131
2011 UK392
2011 UA397
2011 UX398
2011 US401
2011 UJ142
2011 UL144
2011 UA406
2011 UY406
2011 UM158
2011 UN166
2011 UW167
2011 UX170
2011 UZ179
2011 UV186
2011 UN202
2011 UU217
2011 UP228
2011 US228
2011 UX234
2011 UQ239
2011 US242
2011 UP254
2011 UX257
2011 UC272
2011 UG284
2011 UJ284
2011 UV286
2011 UC297
2011 UD315
2011 UR317
2011 UU320
2011 UD329
2011 UA336
2011 UA345
2011 VN21
2011 WT9
2011 WT17
2011 WG55
2011 WQ62
2011 WS76
2011 WS87
2011 WG97
2011 WG108
2011 WA111
2011 WZ118
2011 WY122
2011 WD124
2011 WT143
2011 WF150
2011 WK152
2011 YS11
2011 YL13
2011 YS18
2011 YB25
2011 YK43
2011 YB73
2012 AU5
2012 AY19
2012 BC5
2012 BA25
2012 BV43
2012 BX51
2012 BD56
2012 BZ57
2012 BY62
2012 BZ79
2012 BK89
2012 BO98
2012 BF101
2012 BM107
2012 BV120
2012 BB121
2012 BO124
2012 BQ126
2012 BZ141
2012 BP147
2012 BR150
2012 BJ152
2012 CO13
2012 CT50
2012 DJ
2012 DE4
2012 DX4
2012 DE7
2012 DQ17
2012 DF29
2012 DS40
2012 DK44
2012 DD46
2012 DK46
2012 DT53
2012 DG58
2012 DM68
2012 DD73
2012 DR81
2012 DZ87
2012 DF88
2012 DL90
2012 DZ90
2012 DF92
2012 DS96
2012 EN8
2012 EW10
2012 EZ16
2012 FM8
2012 FL22
2012 FF29
2012 FM50
2012 FX55
2012 FW68
2012 FY74
2012 FM82
2012 GC3
2012 GA19
2012 GZ19
2012 GP25
2012 GM32
2012 GX36
2012 HO9
2012 HY10
2012 HF14
2012 HQ19
2012 HF24
2012 HU29
2012 HM32
2012 HL35
2012 HA44
2012 HH48
2012 HO49
2012 HM54
2012 HS64
2012 HQ75
2012 HN83
2012 JA2
2012 JS16
2012 JD27
2012 JA55
2012 JV62
2012 KX9
2012 KZ9
2012 KM10
2012 KP25
2012 KE29
2012 KP34
2012 KA45
2012 KC49
2012 LB9
2012 LC9
2012 LO17
2012 PX6
2012 PJ13
2012 PS14
2012 PA23
2012 PB23
2012 QA1
2012 QC22
2012 QQ24
2012 QW27
2012 QH31
2012 QL37
2012 QQ49
2012 RR4
2012 RK9
2012 RK35
2012 RT37
2012 SW1
2012 SU15
2012 SR26
2012 ST48
2012 SS50
2012 SJ53
2012 SU61
2012 SW62
2012 TM12
2012 TH13
2012 TQ22
2012 TM25
2012 TT25
2012 TJ49
2012 TQ66
2012 TU89
2012 TK90
2012 TK134
2012 TN134
2012 TF139
2012 TX152
2012 TT156
2012 TP159
2012 TT169
2012 TZ170
2012 TG182
2012 TA189
2012 TP189
2012 TL193
2012 TR194
2012 TN203
2012 TM208
2012 TS222
2012 TA224
2012 TH243
2012 TM243
2012 TC244
2012 TQ247
2012 TZ260
2012 TP273
2012 TU275
2012 TC284
2012 TU285
2012 TK288
2012 TZ293
2012 TZ294
2012 TK296
2012 TO304
2012 TT305
2012 TU311
2012 UN2
2012 UN12
2012 UT19
2012 UK38
2012 UB39
2012 UU46
2012 UZ51
2012 UM57
2012 UN65
2012 UJ66
2012 UY72
2012 UK80
2012 UG86
2012 UM88
2012 UM89
2012 UJ90
2012 UH96
2012 US98
2012 UL101
2012 UG107
2012 UA109
2012 UA115
2012 UN124
2012 UQ149
2012 UX160
2012 UR172
2012 UR173
2012 VW
2012 VF14
2012 VY20
2012 VE40
2012 VE43
2012 VG43
2012 VH45
2012 VM53
2012 VZ57
2012 VC67
2012 VU71
2012 VC72
2012 VW78
2012 VR90
2012 VW95
2012 VU102
2012 VJ105
2012 VD106
2012 VD107
2012 WZ7
2012 WS12
2012 WT13
2012 WH23
2012 XS
2012 XZ
2012 XF7
2012 XE12
2012 XO38
2012 XA40
2012 XO43
2012 XQ43
2012 XR45
2012 XV45
2012 XZ45
2012 XR63
2012 XH81
2012 XX95
2012 XN97
2012 XH99
2012 XO105
2012 XS127
2012 YL4
2013 AY5
2013 AH9
2013 AU11
2013 AZ18
2013 AN19
2013 AC23
2013 AN31
2013 AL33
2013 AQ33
2013 AO44
2013 AQ44
2013 AP52
2013 AD56
2013 AC60
2013 AO70
2013 AU70
2013 AS78
2013 AG79
2013 AZ92
2013 AN96
2013 AY98
2013 AL101
2013 AW103
2013 AL108
2013 AH111
2013 AR115
2013 AF118
2013 AW160
2013 AZ166
2013 AW182
2013 BA4
2013 BZ7
2013 BK19
2013 BV24
2013 BW30
2013 BF33
2013 BY38
2013 BB41
2013 BN46
2013 BV70
2013 BZ78
2013 BA81
2013 CH9
2013 CJ10
2013 CV21
2013 CH32
2013 CO32
2013 CC35
2013 CD37
2013 CQ56
2013 CJ57
2013 CS60
2013 CY60
2013 CM61
2013 CX70
2013 CH76
2013 CY78
2013 CW79
2013 CC81
2013 CL84
2013 CU86
2013 CN89
2013 CY94
2013 CX96
2013 CE103
2013 CR109
2013 CB114
2013 CR114
2013 CD116
2013 CP117
2013 CN120
2013 CG121
2013 CL130
2013 CP135
2013 CS135
2013 CG143
2013 CC162
2013 CW162
2013 CU171
2013 CW179
2013 CH180
2013 CB181
2013 CO181
2013 CU183
2013 CZ183
2013 CT185
2013 CU187
2013 CN195
2013 CO206
2013 CT214
2013 CX214
2013 DJ
2013 DL3
2013 DU3
2013 DT6
2013 DE10
2013 DJ11
2013 DN12
2013 EZ
2013 EC2
2013 EE9
2013 EZ13
2013 EQ14
2013 EB20
2013 EC35
2013 EH46
2013 EK57
2013 EA64
2013 EJ67
2013 ET67
2013 EC84
2013 ED85
2013 EK87
2013 ES110
2013 ET110
2013 EW110
2013 EC113
2013 EU124
2013 EP126
2013 FT7
2013 FB9
2013 FB12
2013 FB17
2013 FH17
2013 FW18
2013 FH24
2013 FO24
2013 FC27
2013 GO
2013 GR9
2013 GG15
2013 GO20
2013 GH29
2013 GB39
2013 GM42
2013 GC48
2013 GO50
2013 GE57
2013 GV69
2013 GC71
2013 GO71
2013 GJ75
2013 GX76
2013 GE81
2013 GH93
2013 GU93
2013 GO97
2013 GX98
2013 GS99
2013 GE110
2013 GF115
2013 GC116
2013 GE128
2013 GX129
2013 GS133
2013 GH134
2013 HQ8
2013 HU8
2013 HN10
2013 HM16
2013 HU19
2013 HL21
2013 HH25
2013 HN26
2013 HY29
2013 HV30
2013 HB31
2013 HR48
2013 HF54
2013 HU72
2013 HF92
2013 HU93
2013 HF98
2013 HE124
2013 HL134
2013 JN2
2013 JQ4
2013 JQ26
2013 JE28
2013 JT31
2013 JK36
2013 JJ38
2013 JB40
2013 JX40
2013 JE46
2013 JT50
2013 JX54
2013 JW56
2013 JV61
2013 KP3
2013 KL14
2013 KO17
2013 LH3
2013 LM23
2013 LB24
2013 LK26
2013 LC33
2013 MZ3
2013 OR7
2013 PL16
2013 PJ17
2013 PE23
2013 PU27
2013 PE29
2013 PF32
2013 PP32
2013 PL45
2013 PV60
2013 PV64
2013 QW2
2013 QH5
2013 QH7
2013 QL22
2013 QF39
2013 QD45
2013 QM55
2013 QA63
2013 QT67
2013 QG92
2013 RP1
2013 RA8
2013 RJ18
2013 RD25
2013 RY28
2013 RX29
2013 RJ39
2013 RS41
2013 RR45
2013 RN51
2013 RF63
2013 RX77
2013 RW85
2013 SE32
2013 SN35
2013 SJ44
2013 SN50
2013 SX52
2013 SL58
2013 SP70
2013 SV84
2013 SU85
2013 SW85
2013 TF13
2013 TV28
2013 TC42
2013 TZ49
2013 TB72
2013 TH72
2013 TQ77
2013 TB84
2013 TM93
2013 TT99
2013 TW104
2013 TZ110
2013 TO114
2013 TT118
2013 TO121
2013 TD126
2013 TH130
2013 TG134
2013 TY142
2013 US9
2013 VN10
2013 WY1
2013 WR7
2013 WW28
2013 WH37
2013 WY46
2013 WL62
2013 WV63
2013 XZ1
2013 XG5
2013 XC6
2013 XP10
2013 YT1
2013 YH27
2013 YP30
2013 YC31
2013 YB43
2013 YL43
2013 YP43
2013 YH44
2013 YB54
2013 YZ58
2013 YU71
2013 YN90
2013 YR92
2013 YM94
2013 YQ94
2013 YR101
2013 YT107
2013 YF109
2013 YL110
2013 YU110
2013 YK114
2014 AN3
2014 AQ9
2014 AF26
2014 AW40
2014 BR9
2014 BR16
2014 BD19
2014 BY22
2014 BL24
2014 BM44
2014 BF58
2014 BT60
2014 BL61
2014 CK2
2014 CV9
2014 CM12
2014 DD1
2014 DK6
2014 DW7
2014 DP15
2014 DX15
2014 DM16
2014 DG18
2014 DT18
2014 DG21
2014 DH21
2014 DV28
2014 DK29
2014 DO39
2014 DY39
2014 DZ40
2014 DN46
2014 DY51
2014 DT57
2014 DH68
2014 DU83
2014 DX87
2014 DJ88
2014 DM92
2014 DO98
2014 DM113
2014 DQ116
2014 DM119
2014 DC120
2014 DW128
2014 DG135
2014 EN2
2014 EK8
2014 EB10
2014 EA16
2014 EN28
2014 EB30
2014 EV45
2014 FU12
2014 FP16
2014 FM36
2014 FB37
2014 FR51
2014 FR64
2014 GS6
2014 GA9
2014 GF16
2014 GR26
2014 GQ27
2014 GM37
2014 HM1
2014 HX3
2014 HB7
2014 HF9
2014 HC11
2014 HA12
2014 HP18
2014 HP20
2014 HX23
2014 HU24
2014 HM28
2014 HD36
2014 HC40
2014 HU40
2014 HH42
2014 HJ93
2014 HV116
2014 HS125
2014 HP130
2014 HW136
2014 HQ140
2014 HJ142
2014 HK145
2014 HZ146
2014 HE147
2014 HW151
2014 HK155
2014 HQ163
2014 HW178
2014 HH181
2014 HX181
2014 HD185
2014 JC7
2014 JA9
2014 JX9
2014 JM12
2014 JG13
2014 JJ21
2014 JT21
2014 JJ29
2014 JJ32
2014 JF34
2014 JO34
2014 JC35
2014 JH35
2014 JX39
2014 JN41
2014 JO41
2014 JX60
2014 JE61
2014 JH61
2014 JD63
2014 JC67
2014 JG67
2014 JV68
2014 JY70
2014 JN73
2014 JT73
2014 JE76
2014 JJ76
2014 KQ
2014 KF12
2014 KN17
2014 KE18
2014 KD28
2014 KC29
2014 KQ30
2014 KZ30
2014 KW32
2014 KN44
2014 KT51
2014 KW66
2014 KA67
2014 KK78
2014 KH83
2014 KT94
2014 KK100
2014 LZ2
2014 LB10
2014 LX11
2014 LP12
2014 LG14
2014 LV15
2014 LF23
2014 MD7
2014 MJ7
2014 MU13
2014 MM32
2014 MS35
2014 MU37
2014 MZ51
2014 MH57
2014 MU58
2014 NT3
2014 NS11
2014 NK18
2014 NH20
2014 NX20
2014 NA21
2014 NV33
2014 NW33
2014 NA43
2014 NT43
2014 NP47
2014 NL50
2014 NG54
2014 NJ58
2014 NC62
2014 NF62
2014 OW6
2014 ON12
2014 OG27
2014 ON33
2014 OO36
2014 OH37
2014 OY39
2014 OP40
2014 OR40
2014 OC50
2014 OX70
2014 OV79
2014 OR85
2014 OL93
2014 OW94
2014 OH103
2014 OQ103
2014 OL104
2014 OG110
2014 OP111
2014 OK114
2014 OQ115
2014 OF118
2014 OB379
2014 OH121
2014 OD385
2014 OJ385
2014 OQ385
2014 OZ386
2014 OA388
2014 OD388
2014 OF388
2014 OO139
2014 OP139
2014 OY139
2014 OW143
2014 OE145
2014 OM146
2014 OZ147
2014 OR158
2014 OV168
2014 OF171
2014 ON174
2014 ON179
2014 ON184
2014 OZ185
2014 OM187
2014 OW187
2014 OE191
2014 OY191
2014 OA192
2014 OD192
2014 OO196
2014 OT197
2014 OG199
2014 OQ206
2014 OK208
2014 OO208
2014 OT208
2014 OQ217
2014 OZ222
2014 OP223
2014 OW262
2014 OC274
2014 OW286
2014 OH292
2014 OE297
2014 OQ297
2014 OP328
2014 OT329
2014 OY333
2014 OQ355
2014 OE358
2014 PR1
2014 PX1
2014 PP4
2014 PO8
2014 PB19
2014 PF26
2014 PH26
2014 PV38
2014 PZ39
2014 PH41
2014 PB48
2014 PT49
2014 PY51
2014 PD52
2014 PQ54
2014 PH61
2014 PC66
2014 QO10
2014 QM28
2014 QS29
2014 QB34
2014 QC40
2014 QR51
2014 QW58
2014 QN66
2014 QK368
2014 QX108
2014 QM370
2014 QN372
2014 QP113
2014 QX373
2014 QS120
2014 QF125
2014 QV392
2014 QR406
2014 QG423
2014 QV425
2014 QE426
2014 QQ429
2014 QD170
2014 QQ172
2014 QG186
2014 QC214
2014 QK218
2014 QD227
2014 QC234
2014 QH234
2014 QE251
2014 QD269
2014 QP270
2014 QK273
2014 QJ274
2014 QF275
2014 QO275
2014 QX277
2014 QW306
2014 QX320
2014 QJ321
2014 QM321
2014 QZ321
2014 QK323
2014 QU323
2014 QC329
2014 QQ338
2014 QV338
2014 QN349
2014 RS23
2014 RT45
2014 RA48
2014 RY49
2014 RA56
2014 SK37
2014 SW52
2014 SN88
2014 SP95
2014 SP102
2014 SC125
2014 SO146
2014 SG154
2014 ST159
2014 SC161
2014 SL176
2014 SD207
2014 SJ209
2014 SM210
2014 SY213
2014 SP217
2014 SX226
2014 SZ226
2014 SO231
2014 SZ257
2014 SA290
2014 SK292
2014 SJ301
2014 SM316
2014 SK336
2014 SS345
2014 TN4
2014 TG8
2014 TL9
2014 TA27
2014 TD38
2014 TN47
2014 TA54
2014 TV56
2014 TT58
2014 TH59
2014 TC61
2014 TK62
2014 TO70
2014 UQ5
2014 UL6
2014 UP6
2014 UR12
2014 UY12
2014 UM14
2014 UE15
2014 UH15
2014 UR22
2014 UF23
2014 UW28
2014 UC46
2014 UM50
2014 UK63
2014 UT65
2014 UH66
2014 UK66
2014 UL66
2014 UP66
2014 UM67
2014 UB83
2014 UD84
2014 UQ89
2014 UZ89
2014 UY93
2014 UW98
2014 UW101
2014 UM105
2014 UV113
2014 UU133
2014 UO134
2014 UC136
2014 UH136
2014 UF144
2014 UV158
2014 UF167
2014 UE173
2014 UP176
2014 UV200
2014 UV202
2014 VX3
2014 VP8
2014 VT26
2014 VJ33
2014 WN44
2014 WJ46
2014 WS50
2014 WD52
2014 WL52
2014 WK54
2014 WS60
2014 WM61
2014 WY63
2014 WK67
2014 WF94
2014 WU163
2014 WU250
2014 WZ299
2014 WX361
2014 WY105
2014 WA106
2014 WR111
2014 WS374
2014 WT127
2014 WE389
2014 WL131
2014 WA394
2014 WT400
2014 WQ417
2014 WP159
2014 WH165
2014 WF426
2014 WK430
2014 WT437
2014 WR178
2014 WB184
2014 WM449
2014 WG468
2014 WG214
2014 WA478
2014 WC218
2014 WZ479
2014 WH481
2014 WK481
2014 WU481
2014 WH490
2014 WJ490
2014 WW494
2014 WN496
2014 WM261
2014 WM273
2014 WP276
2014 WP283
2014 WW320
2014 WP338
2014 XB2
2014 XM18
2014 XO30
2014 XA38
2014 YE22
2014 YQ31
2014 YJ41
2015 AX11
2015 AU26
2015 AJ31
2015 AQ80
2015 AE141
2015 AK168
2015 AL184
2015 AN238
2015 AN239
2015 AK245
2015 AE247
2015 AH251
2015 AL251
2015 AF261
2015 AV273
2015 AH279
2015 BG6
2015 BK18
2015 BX20
2015 BO24
2015 BL25
2015 BG26
2015 BN27
2015 BH30
2015 BQ34
2015 BT36
2015 BT45
2015 BQ57
2015 BP58
2015 BE61
2015 BE68
2015 BQ69
2015 BF72
2015 BV72
2015 BE85
2015 BF85
2015 BV85
2015 BN87
2015 BP90
2015 BX100
2015 BR101
2015 BG390
2015 BB144
2015 BW144
2015 BX410
2015 BR427
2015 BQ179
2015 BR192
2015 BU205
2015 BJ468
2015 BM468
2015 BQ214
2015 BS222
2015 BW242
2015 BZ249
2015 BJ255
2015 BN261
2015 BT263
2015 BO264
2015 BV264
2015 BX283
2015 BT300
2015 BM303
2015 BK305
2015 BF313
2015 BK321
2015 BV323
2015 BF355
2015 BM356
2015 CH5
2015 CB21
2015 CM25
2015 CK33
2015 CJ34
2015 CH39
2015 CJ49
2015 CX49
2015 CG51
2015 CL53
2015 CO57
2015 DY13
2015 DR22
2015 DC26
2015 DN27
2015 DH32
2015 DT41
2015 DF43
2015 DZ43
2015 DO45
2015 DJ72
2015 DM78
2015 DX82
2015 DT94
2015 DX99
2015 DS119
2015 DO125
2015 DF134
2015 DU136
2015 DG143
2015 DC146
2015 DR150
2015 DM157
2015 DK165
2015 DE175
2015 DK178
2015 DQ207
2015 DW208
2015 DP210
2015 DQ210
2015 DF217
2015 DV217
2015 DH219
2015 DR221
2015 ES18
2015 EA63
2015 FB3
2015 FR3
2015 FE6
2015 FC17
2015 FT19
2015 FN32
2015 FW40
2015 FW56
2015 FB68
2015 FD73
2015 FG75
2015 FU91
2015 FP95
2015 FW95
2015 FM101
2015 FZ101
2015 FK102
2015 FK110
2015 FN112
2015 FG113
2015 FU115
2015 FX125
2015 FY134
2015 FZ139
2015 FS158
2015 FW158
2015 FG160
2015 FE162
2015 FJ164
2015 FZ164
2015 FT174
2015 FT178
2015 FE213
2015 FF213
2015 FV213
2015 FH244
2015 FV289
2015 FJ292
2015 FT293
2015 FB294
2015 FG302
2015 FY303
2015 FT308
2015 FW309
2015 FU331
2015 FH336
2015 FV336
2015 FS338
2015 FA344
2015 FN344
2015 GE5
2015 GN8
2015 GS9
2015 GY22
2015 GN23
2015 GV30
2015 GE32
2015 GC44
2015 HL7
2015 HP15
2015 HB21
2015 HH38
2015 HC59
2015 HT92
2015 HL102
2015 HQ137
2015 HY144
2015 HR151
2015 HJ179
2015 KS14
2015 KZ14
2015 KM21
2015 KL23
2015 KU32
2015 KB41
2015 KT58
2015 KG61
2015 KQ82
2015 KS84
2015 KU122
2015 KF140
2015 KJ151
2015 LC8
2015 LN22
2015 LL32
2015 MG6
2015 MV9
2015 MQ11
2015 MC12
2015 MQ19
2015 MD42
2015 MS46
2015 MX46
2015 MZ62
2015 MS67
2015 MG72
2015 MB75
2015 MH85
2015 MU89
2015 MO92
2015 MK96
2015 MC101
2015 MU114
2015 NS9
2015 NJ16
2015 NB17
2015 OB
2015 OU4
2015 OM24
2015 ON68
1994 AA5
1994 TZ12
1995 OJ18
1995 SU40
1996 JW11
1996 TH32
1997 KZ1
1997 WF13
1998 BH31
1998 WV37
1999 RW4
1999 TO47
1999 TU48
1999 TW57
1999 UP31
1999 VK129
1999 XV227
1999 XE228
1999 YY16
2000 CW120
2000 WW65
2001 CE37
2001 FM203
2001 FG222
2001 FO231
2001 FH232
2001 QH302
2001 SL88
2001 SZ299
2001 SW336
2001 TV262
2001 UP70
2001 XJ161
2002 CO92
2002 CW213
2002 CG267
2002 EQ108
2002 NC61
2002 ND73
2002 OO37
2002 PZ169
2002 PF177
2002 QP63
2002 QN76
2002 QQ100
2002 QF134
2002 QJ142
2002 QV143
2002 RR234
2002 RC250
2002 RX262
2002 RV287
2002 ST74
2002 TU307
2002 VQ138
2002 WN28
2003 AJ93
2003 FH25
2003 ME13
2003 RK24
2003 SG28
2003 SC374
2003 SQ376
2003 SE125
2003 SG388
2003 SA399
2003 SC405
2003 SM159
2003 SA186
2003 SK260
2003 SZ264
2003 SX333
2003 SG343
2003 SW345
2003 SJ354
2003 UJ58
2003 UR58
2003 UK80
2003 UR334
2003 UU337
2003 UC349
2004 BC49
2004 BC61
2004 BH64
2004 BF153
2004 FM23
2004 GZ30
2004 RQ13
2004 RS41
2004 RV126
2004 RH247
2004 RM264
2004 RO266
2004 TA88
2004 TF89
2004 TS98
2004 TX104
2004 TE106
2004 TP194
2004 TE217
2004 TV224
2004 TX228
2004 VS31
2004 VH63
2004 VD64
2004 XZ33
2004 XB36
2004 XT71
2005 AS71
2005 ER39
2005 EH57
2005 EO145
2005 EU186
2005 GF49
2005 GB107
2005 GW176
2005 JJ18
2005 JA23
2005 JT38
2005 JL39
2005 JY171
2005 NB28
2005 NK125
2005 PE24
2005 PC28
2005 QK10
2005 QW27
2005 QV47
2005 QE64
2005 QE139
2005 QJ164
2005 RR38
2005 RH47
2005 RD52
2005 SX12
2005 SU17
2005 SR38
2005 SH82
2005 SW120
2005 SR130
2005 SN178
2005 SA245
2005 TD19
2005 TY58
2005 TR98
2005 TP120
2005 TR135
2005 TX143
2005 UV44
2005 UF45
2005 UH65
2005 UC379
2005 UC135
2005 UX407
2005 UN411
2005 UW152
2005 UH154
2005 UG415
2005 UT162
2005 UH192
2005 UX471
2005 UB258
2005 UQ262
2005 UJ263
2005 UL265
2005 UH266
2005 UO526
2005 UH272
2005 UO287
2005 UV321
2005 UT323
2005 UP344
2005 UW357
2005 UM359
2005 VS11
2005 VT25
2005 VP82
2005 VT84
2005 VQ100
2005 VN130
2005 WR10
2005 WJ14
2005 WC35
2005 WC50
2005 WP58
2005 WJ93
2005 WG98
2005 WV143
2005 WE188
2005 YV6
2005 YN45
2005 YP51
2005 YX54
2005 YT61
2005 YN87
2005 YU114
2005 YB130
2005 YK136
2005 YJ160
2005 YL169
2005 YN199
2006 AA19
2006 AN23
2006 AY59
2006 AN76
2006 AP105
2006 BQ13
2006 BM29
2006 BR36
2006 BR51
2006 BH64
2006 BN64
2006 BX73
2006 BP81
2006 BX102
2006 BK135
2006 BU180
2006 BU202
2006 BH207
2006 BZ279
2006 CO11
2006 CL21
2006 CH64
2006 DN18
2006 DM38
2006 DE55
2006 DE172
2006 DB174
2006 DA212
2006 EK7
2006 EP28
2006 FE46
2006 HK28
2006 HA37
2006 HA78
2006 HU143
2006 JN47
2006 KV1
2006 KQ28
2006 KF44
2006 KL52
2006 KO97
2006 OJ24
2006 OJ34
2006 QB9
2006 QE14
2006 QE70
2006 QK85
2006 QX92
2006 RQ13
2006 RX56
2006 RO67
2006 RL84
2006 RE91
2006 RO100
2006 SO3
2006 SQ10
2006 ST57
2006 SC99
2006 SD102
2006 SR380
2006 SB399
2006 SJ408
2006 SK174
2006 SS262
2006 SY302
2006 SG319
2006 SS337
2006 SA342
2006 TJ5
2006 TV22
2006 TW27
2006 TK34
2006 TC37
2006 TM65
2006 TB88
2006 TJ100
2006 TB111
2006 TD124
2006 TP126
2006 UJ12
2006 UO55
2006 UX84
2006 UA92
2006 UT92
2006 UQ95
2006 UR122
2006 UD155
2006 UZ157
2006 UK211
2006 UK249
2006 UQ252
2006 UR255
2006 UV336
2006 UB338
2006 UZ345
2006 VO53
2006 VC64
2006 VF81
2006 VK97
2006 VM97
2006 VU107
2006 VE124
2006 VE130
2006 VY170
2006 WH21
2006 WT21
2006 WS40
2006 WV40
2006 WP54
2006 WE71
2006 WA109
2006 WR114
2006 WN116
2006 WD139
2006 WL166
2006 WH202
2006 XF
2006 YY
2006 YC3
2006 YJ43
2007 AH11
2007 AB14
2007 BO11
2007 BV56
2007 DK30
2007 DJ43
2007 DC44
2007 DF68
2007 DX75
2007 DB99
2007 DY99
2007 EX22
2007 ED42
2007 EH50
2007 EZ80
2007 EC88
2007 EN104
2007 EU121
2007 EO165
2007 EQ191
2007 FT16
2007 FY41
2007 GM4
2007 GY62
2007 HQ23
2007 HB38
2007 HX46
2007 HQ73
2007 HM81
2007 MO2
2007 MR10
2007 MA11
2007 PH11
2007 PL48
2007 RD9
2007 RX70
2007 RG71
2007 RJ90
2007 RX98
2007 RK108
2007 RT108
2007 RW108
2007 RV117
2007 RJ165
2007 RR203
2007 RN234
2007 RM257
2007 RS263
2007 RE273
2007 RQ289
2007 RB290
2007 SK19
2007 TB3
2007 TV39
2007 TA45
2007 TV53
2007 TL57
2007 TX86
2007 TD88
2007 TU104
2007 TK389
2007 TX398
2007 TX158
2007 TE438
2007 TW196
2007 TA204
2007 TJ233
2007 TZ253
2007 TD279
2007 TN283
2007 TV297
2007 TX302
2007 TZ304
2007 TV308
2007 TP313
2007 TF342
2007 TZ347
2007 UQ23
2007 US31
2007 UA35
2007 UR44
2007 UA48
2007 UT89
2007 UO92
2007 UU102
2007 UL113
2007 UZ118
2007 UR135
2007 VB13
2007 VP32
2007 VR32
2007 VX56
2007 VK58
2007 VH79
2007 VH94
2007 VC96
2007 VP105
2007 VD112
2007 VW113
2007 VD118
2007 VM120
2007 VR120
2007 VX135
2007 VS162
2007 VR235
2007 VH236
2007 VE292
2007 VB308
2007 WU2
2007 WN10
2007 WY13
2007 WZ13
2007 XK51
2007 YC24
2007 YC34
2007 YY67
2008 AW46
2008 AK49
2008 AD62
2008 AZ70
2008 AM79
2008 AE111
2008 AV116
2008 AF118
2008 AH127
2008 AB138
2008 AG138
2008 BY13
2008 CT32
2008 CY37
2008 CS41
2008 CX73
2008 CK93
2008 CO112
2008 CK143
2008 CB147
2008 CS155
2008 CJ167
2008 DT12
2008 ES9
2008 EU10
2008 EZ11
2008 ED33
2008 EV79
2008 EH112
2008 EE144
2008 EZ149
2008 FJ6
2008 FD27
2008 FT35
2008 FH39
2008 FA46
2008 FC46
2008 FF53
2008 FS57
2008 FH73
2008 FP73
2008 FV78
2008 FV83
2008 FB132
2008 GC44
2008 GS45
2008 GO47
2008 GR115
2008 GC119
2008 HH5
2008 HJ20
2008 HK34
2008 HP49
2008 HC67
2008 HH67
2008 JG9
2008 JO30
2008 JJ38
2008 KL12
2008 KZ24
2008 LC4
2008 MA2
2008 OD5
2008 QD15
2008 QR47
2008 RY2
2008 RF12
2008 RM15
2008 RP32
2008 RC34
2008 RF56
2008 RJ62
2008 RQ75
2008 RP76
2008 RV84
2008 RK89
2008 RC99
2008 RZ136
2008 RX144
2008 RZ145
2008 SK20
2008 SN26
2008 SV26
2008 SK109
2008 SH111
2008 SP123
2008 ST125
2008 SP183
2008 SW186
2008 SQ188
2008 SW236
2008 SA251
2008 SR262
2008 SR267
2008 SZ283
2008 SD286
2008 SB306
2008 TK16
2008 TB33
2008 TX48
2008 TM62
2008 TG94
2008 TZ96
2008 TN99
2008 TO99
2008 TH107
2008 TK139
2008 TR148
2008 TX151
2008 TE167
2008 TU171
2008 TQ187
2008 UE15
2008 UH47
2008 UJ63
2008 UF80
2008 UM85
2008 US95
2008 UK105
2008 UC110
2008 UD116
2008 UX118
2008 UZ174
2008 UL190
2008 UU194
2008 UZ220
2008 UO234
2008 UE259
2008 UL272
2008 UV272
2008 UF276
2008 UX279
2008 UW307
2008 UL314
2008 UY328
2008 UY339
2008 VQ
2008 VP33
2008 VR35
2008 VW51
2008 VZ71
2008 WJ7
2008 WX16
2008 WP21
2008 WA35
2008 WZ37
2008 WH77
2008 WG131
2008 XD22
2008 XK55
2008 YU12
2008 YM39
2008 YO46
2008 YE48
2008 YY55
2008 YC64
2008 YW73
2008 YG97
2008 YX130
2008 YK136
2008 YP140
2008 YY140
2008 YA150
2008 YR152
2009 AV9
2009 AD23
2009 AA29
2009 AF33
2009 BQ36
2009 BW103
2009 BQ115
2009 BJ122
2009 BP141
2009 BS143
2009 BW144
2009 BG166
2009 BJ175
2009 CB43
2009 DQ
2009 DM7
2009 DH11
2009 DD53
2009 DB73
2009 DZ76
2009 DB120
2009 DY123
2009 EB27
2009 FS2
2009 FE16
2009 FB48
2009 FP51
2009 FO62
2009 FS63
2009 HH12
2009 HN14
2009 HV15
2009 HV41
2009 JE14
2009 QV10
2009 QN32
2009 QJ64
2009 RX35
2009 RP57
2009 SJ11
2009 SM21
2009 SU26
2009 SF39
2009 SV52
2009 SN59
2009 ST73
2009 SZ75
2009 ST77
2009 SW77
2009 SX117
2009 SQ118
2009 SC122
2009 SN127
2009 SA132
2009 SA133
2009 SF142
2009 SC150
2009 SR159
2009 SK162
2009 SR191
2009 SB197
2009 SK199
2009 SO200
2009 SW209
2009 SV216
2009 SS269
2009 SE274
2009 SN348
2009 SR356
2009 TZ9
2009 UB8
2009 UJ36
2009 UT65
2009 UM87
2009 UY95
2009 UH100
2009 UZ133
2009 VC5
2009 VB6
2009 VX32
2009 VW60
2009 VW62
2009 VL107
2009 VM113
2009 WG40
2009 WS45
2009 WE51
2009 WF53
2009 WR67
2009 WF82
2009 WS89
2009 WN121
2009 WE191
2009 WK199
2009 WZ201
2009 WE204
2009 WB250
2009 WV259
2009 YD2
2010 AP33
2010 AL35
2010 CD61
2010 CJ66
2010 CD77
2010 CU82
2010 CD85
2010 CH149
2010 CL158
2010 CX186
2010 DO43
2010 EJ37
2010 EZ93
2010 EA123
2010 ET171
2010 FU85
2010 GM29
2010 GT97
2010 GS123
2010 GN125
2010 GZ125
2010 GD128
2010 HF26
2010 HA28
2010 HU33
2010 HO51
2010 HE53
2010 JN23
2010 JE168
2010 KG4
2010 KL37
2010 KG111
2010 LC3
2010 MH10
2010 MW18
2010 MD60
2010 OL19
2010 OU28
2010 OU54
2010 ON91
2010 RG13
2010 RS54
2010 RB70
2010 RM86
2010 RS152
2010 RQ154
2010 RW173
2010 RB179
2010 RU183
2010 SH6
2010 SM18
2010 SL22
2010 TT26
2010 TB45
2010 TB64
2010 TC64
2010 TZ121
2010 TX184
2010 TE185
2010 TT187
2010 UG1
2010 UJ2
2010 UB23
2010 UC23
2010 UH28
2010 UL49
2010 VN56
2010 VG58
2010 VJ84
2010 VU95
2010 VM120
2010 VA159
2010 VN160
2010 VN183
2010 VA190
2010 VM198
2010 VZ198
2010 VP205
2010 VS205
2010 VJ218
2010 WO
2010 WP1
2010 WA11
2010 WQ51
2010 XC20
2010 XF23
2010 XQ29
2010 XB42
2011 AQ8
2011 AQ45
2011 AF60
2011 BE7
2011 BS16
2011 BJ26
2011 BP48
2011 BO52
2011 BP66
2011 BR67
2011 BZ79
2011 BD127
2011 BW143
2011 BX143
2011 BS156
2011 CX10
2011 CL12
2011 CT19
2011 CW20
2011 CF48
2011 CJ58
2011 CU62
2011 CS78
2011 CY83
2011 CY94
2011 CX98
2011 CA112
2011 CQ116
2011 DK2
2011 DH7
2011 DQ20
2011 DO36
2011 DG46
2011 EH3
2011 ER18
2011 EJ19
2011 EX59
2011 EU70
2011 FE20
2011 FQ47
2011 FK50
2011 FB54
2011 FD64
2011 FF65
2011 FU65
2011 FR157
2011 GS
2011 GR2
2011 GK11
2011 GN32
2011 GY73
2011 GA74
2011 HA12
2011 HQ39
2011 HL49
2011 HN49
2011 HG52
2011 HF59
2011 HW59
2011 HH85
2011 HL99
2011 JL12
2011 JJ14
2011 KL1
2011 KW7
2011 KU12
2011 KE44
2011 LF15
2011 OD15
2011 OR23
2011 OP32
2011 OT58
2011 QQ1
2011 QK20
2011 QM67
2011 SV14
2011 SJ47
2011 SU85
2011 SD87
2011 SJ99
2011 SU134
2011 SS140
2011 SF147
2011 SR167
2011 SV180
2011 ST187
2011 SQ223
2011 TG
2011 TR9
2011 UN27
2011 UB51
2011 UT70
2011 UK82
2011 UO86
2011 UZ87
2011 UA104
2011 UT117
2011 UD120
2011 UA125
2011 UE385
2011 UY388
2011 UW397
2011 UL140
2011 UP407
2011 UL158
2011 UO158
2011 UW177
2011 UO179
2011 UT180
2011 UX191
2011 UF195
2011 UJ197
2011 UX200
2011 UC204
2011 UG212
2011 UX224
2011 UB241
2011 UJ247
2011 UW256
2011 UY272
2011 UT306
2011 VA11
2011 VZ21
2011 WW9
2011 WX33
2011 WM43
2011 WT53
2011 WA60
2011 WM61
2011 WK64
2011 WG79
2011 WC81
2011 WM86
2011 WB88
2011 WW88
2011 WW93
2011 WM124
2011 WS126
2011 WY136
2011 WV149
2011 WC153
2011 YA8
2011 YU14
2011 YK31
2011 YE44
2011 YS45
2011 YZ50
2011 YB61
2011 YG66
2011 YL73
2012 AT3
2012 AA10
2012 AB10
2012 AA19
2012 AT19
2012 BX2
2012 BV25
2012 BT26
2012 BU27
2012 BV84
2012 BN85
2012 BS91
2012 BA92
2012 BU104
2012 BB105
2012 BY106
2012 BD129
2012 BP150
2012 CY28
2012 DG12
2012 DH34
2012 DP41
2012 ER2
2012 EA9
2012 EN13
2012 FT7
2012 FL14
2012 FL19
2012 FN30
2012 FE35
2012 FO44
2012 FT61
2012 FP70
2012 GF6
2012 GH14
2012 GN14
2012 GJ17
2012 GN17
2012 GK21
2012 GT31
2012 GL36
2012 HR14
2012 HA16
2012 HE33
2012 HA46
2012 HX54
2012 HB67
2012 HL69
2012 HM70
2012 HX79
2012 JM3
2012 JL14
2012 JA44
2012 JX46
2012 KO2
2012 KG6
2012 KK27
2012 KM34
2012 KH42
2012 KM44
2012 KO49
2012 LO
2012 LV4
2012 MF5
2012 PG4
2012 PZ4
2012 PJ11
2012 PB22
2012 PU35
2012 QX1
2012 QO44
2012 QR44
2012 QW45
2012 QR49
2012 RS35
2012 RA36
2012 SF6
2012 ST12
2012 SM25
2012 SM35
2012 SD40
2012 SB41
2012 TS27
2012 TD28
2012 TL32
2012 TM47
2012 TJ51
2012 TD68
2012 TU80
2012 TB81
2012 TG90
2012 TH99
2012 TU126
2012 TB136
2012 TW136
2012 TS160
2012 TZ161
2012 TR163
2012 TK167
2012 TF171
2012 TR174
2012 TL176
2012 TB197
2012 TS198
2012 TC233
2012 TM247
2012 TS250
2012 TC267
2012 TR267
2012 TF268
2012 TH271
2012 TK272
2012 TV279
2012 TT288
2012 TP295
2012 TE304
2012 UY2
2012 UD10
2012 UU10
2012 UZ19
2012 UH27
2012 UC30
2012 UF37
2012 UX39
2012 US47
2012 UG49
2012 UF55
2012 UY77
2012 UO87
2012 UX90
2012 UT97
2012 UE108
2012 UV113
2012 UH114
2012 US116
2012 UV123
2012 UC137
2012 UE138
2012 UL145
2012 UC157
2012 US164
2012 VD1
2012 VQ2
2012 VA19
2012 VR35
2012 VL58
2012 VJ60
2012 VF69
2012 VM78
2012 VE84
2012 WX
2012 WB4
2012 WC5
2012 XJ1
2012 XY1
2012 XV4
2012 XK8
2012 XA11
2012 XE13
2012 XX18
2012 XQ21
2012 XL25
2012 XO29
2012 XK36
2012 XP40
2012 XC50
2012 XJ54
2012 XS58
2012 XL73
2012 XF81
2012 XV105
2012 XA135
2012 XN141
2012 XG143
2012 XR143
2012 XQ146
2012 YN4
2012 YW4
2013 AR2
2013 AG11
2013 AJ69
2013 AU73
2013 AA77
2013 AA82
2013 AU99
2013 AN101
2013 AM108
2013 AE110
2013 AW126
2013 AH129
2013 BS30
2013 BP46
2013 BU54
2013 BX54
2013 BE61
2013 BL69
2013 CO
2013 CY1
2013 CR2
2013 CJ12
2013 CO12
2013 CA34
2013 CB38
2013 CU57
2013 CN61
2013 CN81
2013 CE93
2013 CT103
2013 CU115
2013 CF126
2013 CR131
2013 CR147
2013 CZ171
2013 CM175
2013 CT175
2013 CM186
2013 CV187
2013 CJ211
2013 CN216
2013 DT4
2013 DW12
2013 DU14
2013 EA16
2013 EK18
2013 EW18
2013 EY30
2013 EG34
2013 EW40
2013 EL68
2013 ED86
2013 ER98
2013 EG102
2013 EG111
2013 EB124
2013 FR4
2013 FV6
2013 FQ8
2013 GU3
2013 GJ29
2013 GF52
2013 GA63
2013 GP86
2013 GQ103
2013 GN123
2013 GM129
2013 HS1
2013 HM4
2013 HL9
2013 HL13
2013 HQ13
2013 HC18
2013 HN19
2013 HH156
2013 JN8
2013 JV12
2013 JR16
2013 JY20
2013 JB21
2013 JY23
2013 JW25
2013 JF26
2013 JS26
2013 JR30
2013 JX31
2013 JL38
2013 JF42
2013 JO44
2013 JN45
2013 KC1
2013 KE7
2013 LH15
2013 LQ17
2013 LE18
2013 LZ22
2013 LL30
2013 LT32
2013 MY8
2013 NF9
2013 NB14
2013 NU23
2013 PK5
2013 PK9
2013 PY11
2013 PN16
2013 PV19
2013 PW22
2013 PX57
2013 QN6
2013 QT15
2013 QR36
2013 QM58
2013 QQ66
2013 QG67
2013 QD76
2013 QD89
2013 RE29
2013 RP38
2013 RZ45
2013 RD53
2013 RU57
2013 RS75
2013 RG86
2013 SQ15
2013 SL33
2013 SW33
2013 SZ65
2013 SC74
2013 SQ74
2013 TW8
2013 TN39
2013 TD50
2013 TB53
2013 TS78
2013 TT93
2013 TD100
2013 TK104
2013 TT104
2013 TU143
2013 TO150
2013 VP
2013 VS8
2013 VU22
2013 WD1
2013 WE10
2013 WJ13
2013 WC34
2013 WZ48
2013 WQ55
2013 WZ56
2013 WC70
2013 WE71
2013 WX93
2013 WD104
2013 XF14
2013 XG15
2013 XV22
2013 YH
2013 YC8
2013 YE53
2013 YG54
2013 YL56
2013 YO59
2013 YZ71
2013 YG96
2013 YL99
2013 YQ100
2013 YZ100
2013 YB106
2013 YH118
2013 YL130
2013 YH132
2014 AS8
2014 AK9
2014 AP12
2014 AR12
2014 AH14
2014 AK15
2014 AW21
2014 AD43
2014 AQ43
2014 BB13
2014 BZ15
2014 BY19
2014 BA26
2014 BM31
2014 BM46
2014 BY55
2014 CK1
2014 CB2
2014 CK3
2014 DT17
2014 DK18
2014 DB53
2014 DH58
2014 DB59
2014 DM84
2014 DP97
2014 DE106
2014 DE119
2014 DT120
2014 DS128
2014 DV132
2014 DZ137
2014 EB14
2014 EC30
2014 FS1
2014 FO35
2014 FZ42
2014 FO46
2014 FJ65
2014 GA5
2014 GK7
2014 GV8
2014 GD17
2014 GE27
2014 GD28
2014 GX33
2014 GO41
2014 GR48
2014 HG23
2014 HV41
2014 HE61
2014 HU74
2014 HA103
2014 HX126
2014 HB145
2014 HN151
2014 HX174
2014 HH180
2014 JG
2014 JD5
2014 JJ35
2014 JR41
2014 JR51
2014 JH52
2014 JM53
2014 JM60
2014 JL64
2014 JR74
2014 JK75
2014 KX2
2014 KV5
2014 KH18
2014 KX25
2014 KZ25
2014 KT29
2014 KZ31
2014 KQ54
2014 KC56
2014 KF56
2014 KV57
2014 KN75
2014 KO81
2014 KJ100
2014 LE9
2014 MT49
2014 MU56
2014 MW56
2014 MA66
2014 NC17
2014 NX18
2014 NQ25
2014 NJ47
2014 NJ50
2014 OD14
2014 OW14
2014 OD16
2014 OX16
2014 OM20
2014 OH27
2014 OK34
2014 OM56
2014 OF80
2014 OB88
2014 OC89
2014 OP89
2014 OH91
2014 OA99
2014 OG370
2014 OH118
2014 OB385
2014 OB125
2014 OY385
2014 OD127
2014 OE130
2014 OY131
2014 OP132
2014 OC134
2014 OG136
2014 OX136
2014 OH144
2014 OD152
2014 OU152
2014 OJ155
2014 OT160
2014 OT164
2014 OY166
2014 OG167
2014 OF181
2014 OP183
2014 OM185
2014 OF186
2014 OJ187
2014 ON205
2014 OD211
2014 OW223
2014 OB234
2014 OH239
2014 OH245
2014 OA256
2014 OX300
2014 OT311
2014 ON316
2014 ON323
2014 OU328
2014 OT330
2014 PQ16
2014 PB18
2014 PL27
2014 PG42
2014 PP43
2014 QV27
2014 QU35
2014 QT51
2014 QG56
2014 QG105
2014 QU369
2014 QC376
2014 QD128
2014 QS389
2014 QS393
2014 QZ404
2014 QN148
2014 QG150
2014 QR411
2014 QE416
2014 QJ425
2014 QK431
2014 QL178
2014 QR213
2014 QA215
2014 QL227
2014 QN239
2014 QP241
2014 QS243
2014 QA247
2014 QR255
2014 QO257
2014 QP259
2014 QJ260
2014 QF274
2014 QS281
2014 QJ282
2014 QQ282
2014 QV282
2014 QF285
2014 QX301
2014 QR351
2014 RA1
2014 RA6
2014 RE7
2014 RF32
2014 RL50
2014 SL18
2014 SJ83
2014 SU100
2014 SM113
2014 SG151
2014 SF154
2014 SY154
2014 SK161
2014 SA168
2014 SX179
2014 SM226
2014 SO232
2014 SJ253
2014 SX255
2014 SA264
2014 SA282
2014 SG282
2014 SL291
2014 ST297
2014 SL320
2014 SG329
2014 TP8
2014 TA13
2014 TM23
2014 TK24
2014 TB27
2014 TD59
2014 TD61
2014 TU66
2014 TT71
2014 US2
2014 US13
2014 UE20
2014 UL20
2014 UO27
2014 UH30
2014 UM44
2014 UJ84
2014 UW94
2014 UR132
2014 UM153
2014 UP153
2014 UR156
2014 UT162
2014 UJ173
2014 UM180
2014 UO187
2014 UA189
2014 UJ197
2014 UV201
2014 UZ201
2014 VT8
2014 VC17
2014 VC32
2014 WL3
2014 WV3
2014 WE26
2014 WN49
2014 WV55
2014 WV80
2014 WY83
2014 WK198
2014 WH305
2014 WV110
2014 WX114
2014 WK133
2014 WJ135
2014 WL158
2014 WU163
2014 WV178
2014 WT193
2014 WR199
2014 WH205
2014 WY210
2014 WW481
2014 WF490
2014 WM490
2014 WU495
2014 WE259
2014 WC269
2014 WA278
2014 WJ281
2014 WC297
2014 WZ299
2014 WH305
2014 WZ306
2014 WB357
2014 XO1
2014 XX30
2014 YA2
2014 YL13
2014 YD30
2014 YJ32
2014 YM38
2014 YF43
2015 AR16
2015 AK17
2015 AQ27
2015 AA32
2015 AD38
2015 AW54
2015 AP76
2015 AS165
2015 AT174
2015 AA207
2015 AD225
2015 AQ249
2015 AN250
2015 AK273
2015 BQ6
2015 BM9
2015 BA10
2015 BJ32
2015 BX34
2015 BY45
2015 BZ45
2015 BV55
2015 BK58
2015 BZ61
2015 BJ65
2015 BY65
2015 BQ67
2015 BJ73
2015 BD77
2015 BF79
2015 BY85
2015 BT88
2015 BG89
2015 BU101
2015 BL100
2015 BU101
2015 BV102
2015 BB107
2015 BT119
2015 BV119
2015 BS133
2015 BT140
2015 BL146
2015 BD410
2015 BH416
2015 BS418
2015 BT161
2015 BV424
2015 BC427
2015 BM167
2015 BK432
2015 BF174
2015 BF176
2015 BY176
2015 BN439
2015 BV180
2015 BY445
2015 BJ189
2015 BF454
2015 BY195
2015 BF197
2015 BL198
2015 BQ200
2015 BF462
2015 BL462
2015 BW203
2015 BU468
2015 BV215
2015 BM235
2015 BV497
2015 BH243
2015 BL243
2015 BG507
2015 BM247
2015 BQ248
2015 BT250
2015 BF251
2015 BO251
2015 BK512
2015 BZ256
2015 BE258
2015 BN264
2015 BL270
2015 BR285
2015 BV285
2015 BP293
2015 BL308
2015 BX308
2015 BT333
2015 BX346
2015 BQ347
2015 CC2
2015 CR6
2015 CN22
2015 CJ23
2015 CD25
2015 CO25
2015 CU28
2015 CC33
2015 CC37
2015 CN39
2015 CO39
2015 CZ43
2015 CF47
2015 CZ53
2015 DJ2
2015 DE14
2015 DS15
2015 DZ16
2015 DX35
2015 DO40
2015 DQ43
2015 DU48
2015 DN83
2015 DS94
2015 DF109
2015 DT110
2015 DB112
2015 DG112
2015 DG116
2015 DX125
2015 DD130
2015 DW134
2015 DD137
2015 DD141
2015 DL150
2015 DQ154
2015 DA160
2015 DD160
2015 DF165
2015 DG165
2015 DM166
2015 DV171
2015 DD177
2015 DL203
2015 EM1
2015 EE2
2015 EC6
2015 ED13
2015 EK21
2015 EU22
2015 EN25
2015 EX41
2015 EO57
2015 FE15
2015 FB24
2015 FZ40
2015 FN43
2015 FM77
2015 FA107
2015 FS110
2015 FF121
2015 FU124
2015 FB139
2015 FO151
2015 FU153
2015 FX184
2015 FC213
2015 FA221
2015 FR271
2015 FE280
2015 FH286
2015 FK289
2015 FF298
2015 FD321
2015 FW323
2015 FH328
2015 FS328
2015 GO2
2015 GH4
2015 GM14
2015 GB20
2015 GF24
2015 GO26
2015 GC28
2015 GB34
2015 GT35
2015 GV38
2015 GS41
2015 GT42
2015 GY42
2015 HO
2015 HV1
2015 HY2
2015 HV3
2015 HK5
2015 HF28
2015 HK28
2015 HX40
2015 HZ42
2015 HZ65
2015 HX74
2015 HF80
2015 HA81
2015 HW85
2015 HA87
2015 HA88
2015 HP91
2015 HW100
2015 HR102
2015 HL115
2015 HZ120
2015 HZ122
2015 HC128
2015 HS132
2015 HS155
2015 HQ157
2015 HC169
2015 HK174
2015 HQ177
2015 JS5
2015 KF14
2015 KE16
2015 KJ35
2015 KK45
2015 KL45
2015 KW59
2015 KK64
2015 KN79
2015 KN102
2015 KP104
2015 KF108
2015 KL129
2015 KY130
2015 KQ132
2015 KX149
2015 KT152
2015 LM33
2015 LK34
2015 LQ35
2015 LK38
2015 MX
2015 MH6
2015 MD37
2015 MQ44
2015 MX47
2015 MN50
2015 MU50
2015 ML58
2015 MP61
2015 MC63
2015 MJ75
2015 MU76
2015 MR81
2015 MZ83
2015 MG88
2015 MH93
2015 MD100
2015 MD111
2015 MP117
2015 MC123
2015 ND4
2015 NC14
2015 NW23
2015 OP7
2015 OP10
2015 OJ20
2015 OE42
2015 OT44
2015 ON65
2015 OZ67
2015 OS68
2015 OD72
2015 PN6
2015 PB8
2015 PT8
2015 PB35
2015 PJ36
2015 PD37
2015 PS37
2015 PA38
2015 PY42
2015 PD43
2015 PW44
2015 PZ45
2015 PD46
2015 PG46
2015 PH49
2015 PS50
2015 PU51
