id
4446
11251
14569
15376
20630
20947
21271
22008
22010
32460
37298
42114
47907
48249
53436
63175
63176
67065
73418
78133
89836
98362
100231
111932
127426
127442
127532
128203
133559
137014
144866
145806
158158
160826
175355
186646
186649
193291
195056
200417
201006
216613
225229
225765
225984
228116
236682
242008
242016
244878
247507
250124
253037
257387
264034
272297
275333
278044
287385
289142
299012
316177
329924
332019
332031
334549
340215
353180
353360
359346
374288
381417
385553
394130
394544
396350
396413
398118
413899
416567
416693
2002 YK29
2003 SO79
2006 RP45
2006 ST381
2006 SL202
2006 UW89
2006 UE193
2006 UA203
2006 UV263
2007 TK187
2008 VX43
2009 MY1
2009 WT48
2012 TQ67
2013 CD65
2013 OE10
2014 WX199