id
174993
175086
175330
177771
177848
178105
180683
180698
181179
184625
184646
186863
186885
187640
188494
188701
191680
192204
197544
197953
198282
199895
201921
204172
204173
204894
206848
206880
207375
207614
209342
209379
209387
209426
209439
209878
209910
210388
211772
212178
212264
212493
214010
214034
214038
214060
214094
214399
214788
215061
215785
216252
216306
216434
216680
216783
217289
217295
218347
218357
218359
218407
218430
218743
220576
220594
220648
220649
220658
220710
220771
221079
221400
221478
221715
223640
223663
223694
223759
223795
223797
223824
223899
223908
223918
224220
224358
224401
224450
224577
224628
225085
225164
225200
225232
226832
226945
227593
227685
229155
229269
230813
230864
230882
233024
233362
233423
235748
235760
235786
236806
236830
236891
236923
237302
237308
238377
238408
238529
238764
239093
239430
239713
239762
240465
240482
240732
241297
241303
241478
241487
242417
242419
242609
242613
242625
242881
243154
243246
245032
245038
245044
245418
245420
245893
245927
246091
246279
246378
246516
246676
246758
246838
248097
248098
248475
248743
248824
248880
249074
249119
249330
249498
250506
250634
250664
251179
251312
251554
254000
254053
254082
254146
254193
254198
254251
254301
254333
254624
254758
254989
255174
255179
255241
255334
255381
256289
256423
256447
257181
257214
257268
257340
259944
260002
260121
260178
260245
260254
260302
260312
260320
260326
260349
260421
260689
260836
261473
261564
261615
261733
261778
261819
262346
262364
262741
263638
263679
263681
263782
263838
263925
263951
263972
265344
265359
265364
265827
265844
265850
265913
265945
266723
266964
268045
268078
268087
268171
268609
269410
271560
271638
271639
271653
271655
271687
271760
271829
271839
271844
271853
271856
272184
272544
273814
273883
273886
273935
274309
274435
274644
274714
274793
275048
275063
275423
276817
276829
276926
276966
276977
276988
277034
277565
277580
277798
277916
277972
278012
278214
278616
278953
279015
279066
279101
279165
279251
279298
279370
279664
280571
280695
281427
281740
282459
282671
282760
282917
283892
283901
283909
283913
284038
284311
284331
284580
284586
284621
284642
284747
284786
284865
284998
288507
288545
288911
289080
289402
289745
289758
289886
290051
290491
290552
290575
291028
291308
291338
291961
292563
292733
292768
292799
293144
293344
293520
293523
293578
293592
293890
294070
294275
294354
294388
295404
295408
295436
295495
296047
296058
296110
296322
296341
296392
296576
296593
296668
296688
296922
298646
298650
298662
298666
298719
298727
298750
299728
299739
299821
299887
300089
303101
303131
303200
303449
304177
304240
304448
304472
304478
304492
304516
304520
304539
304949
305222
305794
305944
307937
307961
307964
308067
308080
308138
308701
308802
308810
308865
308871
309462
309500
309583
309957
309999
310352
311090
311096
311100
311120
311467
311674
311725
311883
311922
311958
312449
312530
312607
312737
312776
313876
313882
313885
313912
313919
313944
313975
313981
314394
314455
314511
314864
315019
315031
315070
315133
315176
315376
315570
315650
316084
316154
316200
316246
316277
316312
316460
318057
318073
318092
318113
318120
318121
318137
318165
318177
318192
318222
318232
318248
318252
318280
318295
318297
318345
318688
318869
318872
318992
319100
319976
320099
320109
320127
320175
320176
320186
320191
320705
320924
320991
321018
321399
321430
321432
321568
321908
321999
322017
322123
322547
322587
323452
323458
323466
323468
323484
323490
323501
323503
323514
323530
323554
323564
323577
323579
323597
323617
323629
324055
324157
324204
324624
324653
324697
324746
324752
324754
324774
324811
324818
324832
325132
325191
325207
325232
325277
325356
325454
325483
325596
325707
325709
325736
325756
326026
326039
326046
326079
326973
326977
326989
326990
327002
327017
327020
327069
327078
327080
327084
327097
327291
327936
327948
327965
328019
328023
328292
328305
328598
328757
328761
328824
329019
329034
329146
329786
329790
329819
329843
329863
329867
329871
330491
330510
330927
331089
331218
331355
331399
331917
331941
332169
332370
332542
332778
333208
333483
333484
333494
333608
333640
333840
334929
334933
335080
335119
335134
335143
335160
335172
335569
336043
336188
336203
336305
336391
336415
336418
336436
336525
336748
336947
338894
338903
338943
338944
338959
338967
338989
339003
339231
339238
339257
339278
339324
339335
339352
339354
339390
339487
340665
340681
340775
340778
340790
340965
341079
341188
341191
341264
341296
341305
341385
341425
341447
341521
341587
341780
341992
342144
342168
342419
342439
342519
342527
342895
342955
342981
343063
343150
343305
343848
344831
344861
344893
344901
345586
345689
345783
345988
346065
346069
346137
346190
346366
346439
346511
346533
346619
346659
346684
346735
346754
346821
347322
348165
348409
349328
349334
349335
349365
349835
349876
349881
349912
350038
350118
350418
351169
351187
351285
351558
351569
352323
352528
352805
352861
353669
353768
353833
354456
354480
354487
354501
354720
355493
355555
355746
355894
356133
356142
356184
356187
356320
356361
356415
357452
357536
357680
357700
357703
357713
357762
357764
357780
357853
358187
358687
358852
359438
359456
359467
359492
359567
359571
359691
359981
360127
360624
360645
360664
360669
360681
360714
360857
360893
361039
361044
361444
361455
361476
361686
361813
361909
361951
361970
362159
362594
362619
362714
362754
362795
363590
363600
363604
363605
363606
363607
363614
363624
363632
363644
363666
363670
364005
364087
364256
364316
364496
364521
364763
364868
365005
365036
365321
365337
365390
365514
365610
365726
365739
366737
366740
366752
366753
366820
367010
367232
367329
367530
367602
367606
367640
367799
367998
368039
368062
368587
368602
368609
368630
368821
369004
369356
369395
369407
369412
369420
369422
369639
369770
369892
370694
370710
370716
370722
370726
370774
370777
370792
370815
370816
370822
370832
371059
371133
371170
371183
371225
371252
371262
371267
371676
371708
371917
371925
372387
372430
373077
373113
373236
373270
373377
374059
374062
374065
374071
374090
374095
374106
374111
374115
374125
374149
374155
374156
374161
374168
374172
374185
374189
374254
374322
374578
374958
376001
376034
376045
376421
376656
377334
377344
377350
377410
377420
377424
377435
377436
377440
377445
377458
377779
378346
378501
378513
378700
378732
378905
379117
379388
379461
379754
379818
380048
380557
380625
380632
380634
380642
380643
380693
381430
381460
381485
381514
381582
381867
381889
381917
382176
382205
382278
382346
382841
382880
382901
382903
382921
382928
382937
382956
382967
382968
382972
383137
383306
383417
383708
383782
383923
383924
383942
383943
384081
384166
384437
384448
384462
384531
384534
384544
384549
384586
384862
384911
385141
385506
385510
385513
385524
385579
385585
385590
385829
386330
386414
386510
386523
386579
386743
386745
386772
386828
387043
387165
387307
387323
387328
387456
387830
387927
388295
388313
388354
388373
388748
388868
388878
388928
389041
389084
389113
389151
389156
389161
389196
389744
389807
390202
390282
390426
390480
390811
390878
390886
390934
391247
391275
391282
391284
391358
391381
391951
392046
392094
392116
392126
392611
392698
393017
393318
394258
394324
394358
394800
394825
395044
395398
395517
395554
395591
395774
395844
396189
396358
396506
396779
396782
396866
396889
397086
397281
397421
397677
397760
398012
398038
398066
398167
398247
398600
398873
398948
399005
399035
399622
399697
399699
400637
400655
400933
400941
400966
400969
401039
401115
401183
401263
401272
401281
401497
401524
401553
401591
401611
401767
402163
402187
402197
402371
402780
402804
402830
403031
403328
403367
403647
403675
403725
403731
404010
404055
404178
404296
404492
404555
404573
404770
405387
405388
405427
405449
405758
405850
406049
406270
406272
406292
406311
406660
406965
406968
406974
406977
407038
407047
407242
407524
407547
407605
407856
407966
408041
408081
408285
408616
408727
409255
409257
409277
409324
409327
409329
409349
409379
409500
409645
409650
409734
410032
410101
410150
410472
410853
410885
410917
410932
410944
410954
410961
410967
411010
411052
411384
411543
411897
411899
411969
412277
412306
412362
412472
412555
412557
412681
412761
412794
412886
412954
413372
413376
413379
413381
413706
413708
413726
414516
414550
414611
414622
414624
414634
414641
414660
414929
415130
415229
415645
416559
416587
416591
416592
416605
416616
416622
416633
416642
416654
416679
416682
417017
417132
417206
417226
417287
417326
418395
418493
418990
419057
419188
419254
419276
419284
419311
419326
419329
419340
419505
419935
419959
420003
420101
420535
420689
420732
420942
420972
421104
421297
421333
421367
421404
421413
421416
421516
421871
421897
421944
422267
422509
423114
423119
423130
423160
423198
423201
423207
423215
423217
423234
423235
423240
423243
423628
423746
424298
424347
424645
424930
424992
425117
425324
425337
425402
425487
426274
426284
426548
426575
426599
426655
426869
426886
426953
426991
427068
427081
427113
427144
427175
427213
427731
427744
427752
427763
427771
427772
428345
428364
428371
428415
428501
428696
428955
428970
428989
428990
429237
429239
429263
429362
429381
429725
429910
429911
429944
429996
430075
430096
430151
430162
430194
430206
430226
430233
430294
430337
430701
430767
430768
430783
430788
430790
430792
430793
430805
431493
431796
431833
432065
432166
432168
432178
432204
432417
432518
432535
432854
433082
433098
433139
433211
433361
433435
433439
433469
433632
433738
433757
433810
433850
433915
434293
434319
434337
434384
434385
434726
434806
434829
434859
435349
435389
435575
435579
435608
435656
435797
435851
435898
435920
435923
435933
435965
436256
436286
436290
436354
436958
437016
437041
437078
437162
437169
437199
437225
437261
437483
437494
437555
437562
437580
437709
437722
438348
438612
439351
439363
439416
439546
439621
439688
2004 AK18
2004 BN10
2004 BE16
2004 BS75
2004 BB100
2004 BC100
2004 BA138
2004 BX143
2004 CC9
2004 CO12
2004 CH27
2004 CH60
2004 CY103
2004 CL107
2004 CN108
2004 CW127
2004 DN35
2004 ER4
2004 EH9
2004 ED25
2004 EM41
2004 EM64
2004 EF96
2004 ES96
2004 FB1
2004 FF30
2004 FB78
2004 FR80
2004 FA116
2004 FT146
2004 GK5
2004 GL5
2004 GO20
2004 GH29
2004 GO40
2004 GS74
2004 HB46
2004 HZ52
2004 HQ60
2004 HS61
2004 HR78
2004 NL
2004 NX19
2004 PY60
2004 PC91
2004 QZ12
2004 QS13
2004 QS15
2004 RZ19
2004 RG20
2004 RS40
2004 RY49
2004 RJ88
2004 RO93
2004 RO114
2004 RK120
2004 RG129
2004 RS149
2004 RA172
2004 RC175
2004 RL208
2004 RY217
2004 RG229
2004 RM229
2004 RM235
2004 RV245
2004 RE253
2004 RY256
2004 RT271
2004 RF298
2004 RA303
2004 RK332
2004 RE337
2004 SU23
2004 SK34
2004 SR34
2004 SE54
2004 SE62
2004 TU7
2004 TC15
2004 TG16
2004 TV25
2004 TK26
2004 TA34
2004 TU38
2004 TO50
2004 TS55
2004 TW62
2004 TO64
2004 TB83
2004 TY90
2004 TS92
2004 TM96
2004 TS96
2004 TD98
2004 TD107
2004 TR368
2004 TW135
2004 TK159
2004 TS161
2004 TO182
2004 TQ183
2004 TC186
2004 TH194
2004 TZ201
2004 TZ209
2004 TD217
2004 TF269
2004 TK274
2004 TF276
2004 TB291
2004 TC291
2004 TQ296
2004 TX327
2004 TV348
2004 UE6
2004 UJ7
2004 VY14
2004 VR20
2004 VE63
2004 XT54
2004 XL103
2004 XT108
2004 XE130
2004 XD134
2004 XK143
2004 XS147
2004 XP148
2004 XC167
2005 AT1
2005 AL4
2005 AT14
2005 AM16
2005 AJ18
2005 AU65
2005 AX72
2005 TV125
2005 UE95
2005 UX95
2005 UC133
2005 UF431
2005 WF116
2005 YG10
2005 YB105
2005 YR173
2006 BX24
2006 CV2
2006 DC142
2006 DD143
2006 QB142
2006 RY92
2006 SZ58
2006 SA378
2006 SC141
2006 SY143
2006 SL223
2006 TP2
2006 TF51
2006 TO112
2006 UN28
2006 UO71
2006 UT323
2006 UU346
2006 WD55
2007 BF15
2007 BR78
2007 CU36
2007 DG6
2007 DC50
2007 DL59
2007 DL65
2007 DO83
2007 EX2
2007 EX45
2007 ET64
2007 EN130
2007 FR1
2007 GQ17
2007 GD43
2007 HQ32
2007 HG88
2007 KB3
2007 RA150
2007 TZ42
2007 TU397
2007 TP414
2007 TZ434
2007 TC301
2007 UR137
2007 VB15
2007 VO18
2007 VJ34
2007 VQ42
2007 VW100
2007 VZ154
2007 VQ168
2007 VO281
2007 VV293
2007 VU307
2007 VS314
2007 VY328
2007 WG35
2007 WQ39
2007 XJ54
2007 XK59
2007 YS15
2007 YF22
2007 YQ27
2007 YB50
2007 YD71
2008 AS68
2008 AC92
2008 AH136
2008 BU1
2008 BS30
2008 BJ48
2008 CR22
2008 CV203
2008 CK209
2008 DE50
2008 FO112
2008 GU96
2008 GY139
2008 HZ17
2008 HB18
2008 HU57
2008 HF67
2008 KL1
2008 KU37
2008 LC7
2008 PB19
2008 PA20
2008 QH10
2008 RK3
2008 RW4
2008 RL10
2008 RA19
2008 RM30
2008 RN50
2008 RO72
2008 RR88
2008 RE117
2008 RL138
2008 SQ11
2008 SF13
2008 SZ46
2008 SS47
2008 SS81
2008 SZ97
2008 SM127
2008 SP166
2008 SR200
2008 SY234
2008 SQ235
2008 SQ291
2008 SX294
2008 TH8
2008 TS17
2008 TO27
2008 TP59
2008 TE79
2008 TP112
2008 UX12
2008 UQ55
2008 UJ61
2008 UZ62
2008 UH67
2008 UW72
2008 UX99
2008 UU116
2008 UR123
2008 UT125
2008 UE130
2008 UV145
2008 UJ158
2008 UX182
2008 UA222
2008 UO266
2008 UT285
2008 UN301
2008 UG308
2008 VY2
2008 VT24
2008 VW50
2008 VY54
2008 WF1
2008 WM9
2008 WV12
2008 WB54
2008 WB64
2008 WP103
2008 WH107
2008 XJ13
2008 YE108
2008 YK118
2008 YU162
2009 AG1
2009 AO15
2009 AN27
2009 AW46
2009 BH54
2009 BK85
2009 BH142
2009 CV38
2009 CR62
2009 DG18
2009 DZ45
2009 DC84
2009 DR133
2009 FP22
2009 FJ49
2009 FN50
2009 FY68
2009 HV48
2009 HZ103
2009 PV9
2009 QJ13
2009 QX14
2009 QN21
2009 SS36
2009 SZ46
2009 SW47
2009 SS83
2009 SX100
2009 SC112
2009 SM158
2009 SK261
2009 SA317
2009 SS346
2009 UA45
2009 UV47
2009 UU56
2009 UT135
2009 VN65
2009 VT84
2009 WY91
2009 WN140
2009 WU143
2009 XG20
2009 YJ20
2009 YO25
2010 AN46
2010 BY11
2010 LR116
2010 RB60
2010 UU37
2010 UC106
2010 VS191
2010 VR204
2010 VH207
2010 VH210
2010 WF47
2011 BB38
2011 DT8
2011 FL
2011 HW1
2011 QS17
2011 QM82
2011 RT8
2011 RP14
2011 SF85
2011 SZ85
2011 SH91
2011 SB107
2011 SS197
2011 SM235
2011 SF275
2011 TE8
2011 TU9
2011 US267
2011 UD379
2011 UA165
2011 UE176
2011 US267
2011 UQ317
2011 UZ348
2011 WY69
2011 WH150
2011 YS
2011 YT38
2012 AN2
2012 AH8
2012 BX24
2012 BR66
2012 BU76
2012 BW86
2012 BU90
2012 BQ131
2012 BF152
2012 CV30
2012 CA44
2012 DG27
2012 DE33
2012 DT78
2012 DS84
2012 FZ1
2012 FN46
2012 GA13
2012 HJ3
2012 HK26
2012 HE32
2012 KK16
2012 PK2
2012 PP13
2012 PR39
2012 SV33
2012 SK59
2012 TB8
2012 TE13
2012 TV40
2012 TL126
2012 TU165
2012 TO206
2012 TJ247
2012 TG287
2012 TS312
2012 UO50
2012 UG131
2012 UE136
2012 US149
2012 UL154
2012 VT110
2012 WP16
2012 XV2
2012 XC86
2012 XD135
2013 AZ25
2013 AA69
2013 AA91
2013 BK19
2013 BN38
2013 BV70
2013 CA3
2013 CC81
2013 CO95
2013 CS98
2013 CC155
2013 CG178
2013 CH202
2013 CP222
2013 DX6
2013 DH10
2013 EG10
2013 EK58
2013 EU92
2013 ED126
2013 FX1
2013 FW9
2013 FO10
2013 FP10
2013 FK11
2013 FP13
2013 FJ19
2013 FS25
2013 FZ26
2013 GE3
2013 GX21
2013 GQ24
2013 GQ25
2013 GQ31
2013 GK37
2013 GC63
2013 GS74
2013 GY87
2013 GV90
2013 GM97
2013 GL110
2013 GW113
2013 HF11
2013 HY22
2013 HJ29
2013 HN35
2013 HU57
2013 JU11
2013 JA23
2013 JA45
2013 JF56
2013 LH24
2013 OS2
2013 PG
2013 QG3
2013 QD4
2013 QQ5
2013 QA26
2013 QJ46
2013 QQ57
2013 RH9
2013 RY18
2013 RJ26
2013 RZ30
2013 RA35
2013 RL61
2013 RA71
2013 RV97
2013 SM30
2013 SA36
2013 SV45
2013 SY45
2013 SH78
2013 SB82
2013 TP8
2013 TE18
2013 TE30
2013 TP43
2013 TK44
2013 TC48
2013 TY56
2013 TP72
2013 TP88
2013 TP105
2013 TT109
2013 TP128
2013 TD145
2013 WY2
2013 WL6
2013 WH22
2013 WM46
2013 WE59
2013 WR70
2013 WK72
2013 XF
2013 YG17
2013 YO22
2013 YJ106
2013 YT116
2014 AE8
2014 AX20
2014 AQ48
2014 AB53
2014 BV24
2014 BF41
2014 DV27
2014 DZ30
2014 DB38
2014 DM54
2014 DW78
2014 DD91
2014 DL107
2014 DL110
2014 DL119
2014 EW15
2014 FY14
2014 GF5
2014 HF12
2014 HA26
2014 JY23
2014 JH27
2014 JL53
2014 KQ
2014 KV53
2014 KE69
2014 KX87
2014 NM65
2014 OZ18
2014 OA39
2014 OY58
2014 OR88
2014 OJ119
2014 OY187
2014 OX226
2014 OV245
2014 OB286
2014 OK295
2014 OS334
2014 OU336
2014 ON353
2014 PU11
2014 PG18
2014 PR63
2014 QU42
2014 QH97
2014 QG130
2014 QO228
2014 QN235
2014 QN240
2014 QF243
2014 QE343
2014 RX62
2014 SB37
2014 SL119
2014 SX144
2014 UA42
2014 UW97
2014 UA188
2014 US216
2014 VK29
2014 WO193
2014 WL214
2014 WD357
2014 YN10
2014 YR22
2014 YU23
2015 AV45
2015 AA185
2015 AZ186
2015 BW7
2015 BS23
2015 BZ25
2015 BU74
2015 BZ132
2015 BJ456
2015 BQ275
2015 CS41
2015 DE12
2015 DP100
2015 DZ100
2015 DL122
2015 DC135
2015 DQ207
2015 EW5
2015 FZ38
2015 FN42
2015 FM44
2015 FL96
2015 FK102
2015 FA165
2015 FH171
2015 FL205
2015 FE214
2015 GU35
2015 GC38
2015 GO38
2015 HW175
2015 KP105
2015 MY55
2015 ML57
2015 MS76