id
2285
3331
3991
6876
6942
7026
7107
7295
7675
7792
7883
8277
8302
8957
10053
10310
10710
10869
11253
11676
11723
13162
13298
13608
13639
13992
14686
15355
15362
15604
15882
16443
16822
17211
18127
19147
19776
19916
20983
21187
21398
21679
24180
25371
25981
26263
28538
29358
30308
30567
30814
31655
31841
33803
34491
35357
36472
36695
37796
40481
42046
43276
44774
45469
49706
49909
53626
53751
54702
54788
56626
59226
67336
78835
79756
82097
94343
95035
95170
96192
97868
104730
111953
115787
136193
159929
217185