id
1598
1704
1733
1837
1855
2411
2609
2640
2652
2678
2852
3386
3640
4120
4395
4774
4790
5072
5129
5161
5185
5414
5447
5671
5816
5881
5893
5918
5966
6006
6024
6080
6220
6373
6596
6653
7184
7206
7244
7346
7396
7578
7607
7609
7674
7964
8104
8182
8283
8312
8372
8539
8774
8850
9034
9042
9257
9444
9759
9834
10098
10265
10656
10769
10793
10888
11103
11321
11419
11497
12000
12039
12135
12428
12531
12563
12764
13391
13486
13560
13618
13814
14204
14254
14316
14649
14658
14995
15143
15172
15256
15631
15637
15965
16045
16213
16663
16793
16918
16963
16964
17834
17854
17863
18049
18369
18715
18724
18847
18860
18993
19086
19665
19694
19698
20389
20523
20676
20679
20820
21078
21555
21600
22015
22068
23076
23328
23455
25399
26387
26510
27148
27222
28022
28352
29599
29919
29926
30401
30434
31148
31340
31610
31743
31762
32353
33997
34369
34719
34835
36730
37790
38573
39285
39463
39691
40197
41204
41342
43390
44549
45468
48462
48604
49351
51328
51920
54582
65134
65179
65206
65240
65583
66048
68112
70005
70008
72911
74477
74538
77916
100619
117446
125062
129583
153464
154990
155337
157469
160856
161027
168362
181665
184306
187479
188053
190309
190674
192388
192929
195126
195230
195412
200024
202824
212694
219902
222859
240914
247421
248986
248996
252762
253380
274566
284047
289861
299572
301037
312459
341870
350009
350202
356909
360390
362981
373381
376067
376535
2010 UT50
2012 TJ124