id
1813
2082
4004
4355
4569
6885
9250
10246
10430
10649
10652
11761
12145
12611
12622
12941
13451
13453
13878
14003
14745
14758
15000
15178
16296
17307
18202
18205
18223
19862
20564
20920
20925
22191
22313
23350
24552
24556
26017
26028
26030
26299
27697
28812
29015
30617
31728
32651
32665
32668
34204
34895
34896
34909
35632
36661
36885
39141
39378
39404
39417
40155
40863
42386
42400
43698
43700
45443
46494
48346
48808
51124
51221
52100
52102
52121
52130
55286
55670
55849
57774
60028
61531
61843
64484
64720
65382
65492
65503
65514
65539
65607
69167
69296
70593
72576
73576
73922
74280
75945
76723
78819
79005
79665
79668
80117
80923
81660
81864
83087
85022
85053
85055
88670
88794
89218
89285
89300
90484
90589
90593
90614
91552
92722
95359
95519
96064
96755
96783
104020
105018
109163
109424
109901
110927
111154
113365
113590
116298
117061
117075
117453
117884
117917
117946
117952
118447
120391
120879
123910
125211
127917
129348
129902
129986
131246
133339
133601
134795
136547
136649
137169
138297
138354
138360
139989
140120
140152
140234
143416
144210
144360
144437
144559
145289
145370
145632
145642
145654
145660
146517
146716
148713
148764
148934
148963
151146
153118
153252
154811
155116
155560
157232
158011
161605
162864
164047
164346
165078
167247
167647
168199
168616
169240
171070
172224
173114
173776
174272
175327
175782
176256
176318
178059
178452
179163
181115
181434
181435
181478
181537
182206
182467
185196
186643
188043
188525
189798
189853
192765
195094
195410
195420
196999
202247
204680
206257
209731
209851
211399
213073
213298
213318
213714
213852
213925
214415
214518
214562
214726
214827
214900
214937
214945
216799
217487
218038
218481
219011
219013
219884
222485
224230
224298
224953
224985
225939
226809
226824
228193
233567
234749
236600
237548
241273
245963
247263
251049
256885
260164
260269
261019
261168
265609
272846
281017
286016
287350
290345
292177
297226
299135
301838
308331
317073
318815
319450
337004
374993
422237
422632
433937