id
3271
8013
14710
16695
23714
28090
28118
29114
29427
29608
29611
29613
30059
30685
31349
31927
32902
33330
37308
39792
39801
40324
43265
43671
43995
44102
46502
47172
48020
48351
48848
48885
49745
49828
51401
51547
52186
53713
54852
55807
56413
57042
57064
57327
57406
57479
58062
58127
58399
59813
59850
60139
60150
60225
60272
60585
60713
60717
60719
60734
60800
60804
60820
60830
60938
60966
60995
61016
61274
63551
63553
63557
63558
63588
63904
63962
64222
64548
65349
65425
65721
66112
67409
67432
67434
67473
67497
67504
67532
67534
67552
67559
67714
67729
67782
68618
68619
70102
71769
71780
71783
71789
71796
71797
71804
71819
71880
71890
72971
72973
72985
72996
73022
73059
73112
73118
73261
73360
73735
73746
74022
74542
74559
74696
74988
76823
76849
76872
76938
77966
77979
79150
79507
79524
80110
80120
80123
80136
80139
80141
80170
80193
80212
80213
80231
80240
80253
80291
80303
80348
80495
80636
82137
82141
82152
82175
82178
82275
84253
84572
85024
85078
85197
85216
85430
85435
85467
85762
86431
86485
86567
86592
88320
88321
88332
88412
88572
88574
88624
88630
88674
88686
88708
88748
88816
88938
88977
89092
89160
89943
90086
90465
90791
91213
91214
92288
92296
92298
92300
92305
92318
92328
92335
92343
92354
92356
92377
92380
92414
92448
94337
94361
94368
94375
94380
94392
94394
94395
94397
94399
94411
94442
94485
94494
94549
94568
94572
94586
94613
94625
94632
94638
94660
94705
94909
94989
95740
96357
97663
97703
97736
97848
97875
97909
97917
97980
98035
98137
98150
98194
98224
98293
98299
98310
99321
99355
99358
99445
99453
99479
99539
99569
100022
100051
100441
100445
100685
100789
100897
101818
101848
101854
101976
102431
102580
102614
102714
102738
102803
102888
102940
102948
103057
103276
105145
105345
105348
105355
105375
105404
105405
105578
105605
105688
105786
105892
106075
106224
106252
106292
106308
106352
106377
106422
106439
106482
106554
106562
106650
107149
107209
107400
107454
107494
107500
107618
107713
108013
108019
108231
111206
111346
111641
111705
111726
111784
111870
111872
111874
111881
111883
111894
111916
111918
111936
112033
112037
112082
112091
112127
112134
112212
112278
112280
112363
112683
112762
112875
112891
113029
113119
113340
113497
113514
113531
113571
113695
113703
113858
113945
113992
114045
114055
114060
114075
114125
114163
114246
114250
114309
114379
115111
115166
115304
115780
115822
115978
116101
116220
116440
116479
116668
116768
116867
116906
117491
117537
117640
117744
118271
118279
118445
118469
118472
118479
119044
119048
119049
119051
119055
119058
119064
119984
119997
120195
120230
120248
120407
120420
120463
120612
120677
120848
120870
120871
120872
120875
120900
120919
120929
120931
120933
120941
120980
121432
121679
121903
121920
121924
121979
121984
122040
122067
122074
122092
122119
124113
124125
124132
124153
124192
124216
124253
124305
124324
124350
124397
124464
124550
124555
124614
124617
124622
124656
124673
124687
124712
124717
124742
124798
124804
124814
124824
124858
124862
124895
124958
125009
125021
125057
125073
125131
125149
125166
125240
125253
125475
125903
125979
127464
127475
127535
127543
127556
127591
127603
127678
127839
127938
128017
128344
128347
128382
128746
128801
129384
129464
129468
129525
130276
130387
130434
130474
130518
130533
130672
131510
131514
131528
131530
131531
131554
131562
131578
131587
131617
131641
131650
131651
131659
131673
131707
131716
131742
131777
131856
132031
132137
133101
133544
133898
133991
134015
134053
134406
134856
134888
134893
134899
135527
135534
135535
135561
135574
136135
136144
136149
136164
136245
136249
136422
136442
136603
136771
136846
136928
137178
137194
137203
137213
137215
137219
137220
137244
137247
137287
137556
138325
138850
138877
138921
138951
138979
138984
141536
141541
141542
141556
141558
141561
141568
141612
141613
141621
141635
141639
141642
141650
141651
141660
141667
141689
141832
141935
143677
143692
143699
143703
143706
143718
143721
143734
143736
143743
143762
143778
143780
143791
143798
143804
143819
143849
143948
143953
144495
144893
145143
145315
145705
145735
145779
145865
145870
145873
145891
145900
146259
146964
146967
146970
146971
147011
147040
147067
147133
147159
147167
147468
147558
147641
147932
147997
148109
148136
148421
149239
149240
149248
149572
149573
149589
149639
149788
149794
150291
150292
150293
150311
150316
150349
150359
151521
151535
151595
151632
151640
151909
151913
151916
151917
152531
152596
152623
152689
152827
152872
152874
152875
152877
153305
153313
154291
154293
154298
154319
154320
154327
154338
154340
154359
154363
154628
154634
154650
154676
154677
154681
154683
154684
154689
154694
154696
154710
155080
155188
155287
155455
155466
155576
155587
155601
155907
155909
155910
155916
155919
155922
155924
155952
155966
156732
156737
156740
156741
156748
156758
157095
157096
157103
157104
157105
157492
157776
157845
157948
158157
158177
158196
158846
159172
159228
159553
159571
159572
159577
159898
160158
160160
160406
160542
160895
160906
160911
160912
160924
161513
161535
162065
162438
162991
163005
163016
163022
163035
163037
163043
163046
163048
163062
163075
163079
163110
163699
163709
163718
164248
164259
164262
164269
164423
164624
165121
165132
165146
165947
165957
165961
165962
165968
165985
165995
166014
166045
166051
166923
166927
166935
167701
167784
168222
168315
168358
168378
168383
168385
168388
168447
168457
168734
168751
168755
168764
168766
168768
168773
168776
169413
169423
169432
169447
169449
169452
169460
169461
169470
169482
169487
169491
169513
170172
170908
170914
171527
171668
171673
171695
171697
171708
172110
172451
172981
172982
172983
173104
173454
173461
173466
173470
173492
173508
173512
174054
175785
175786
175973
175975
176016
176023
176060
176061
176063
176069
176071
176073
176075
176494
176524
176600
176603
176611
177164
177236
177260
177261
177266
177280
177990
178462
178468
178769
178776
179587
179594
179669
180205
180213
180233
180264
180322
180324
180338
180799
180811
180812
180838
180852
180860
181328
181412
181520
181531
181783
181793
181886
181896
181897
181904
182120
182967
182985
182996
183024
183025
183165
183574
183645
183674
183682
183692
183698
183700
184321
184350
184358
184384
185407
185433
185609
185643
185752
185788
185943
185951
186392
186435
186475
186656
186669
186682
186693
187045
187808
187823
187838
187926
187928
188191
188228
188364
189167
189171
189175
189257
189331
189485
189827
189828
190145
190159
190448
190462
190717
191245
191918
191924
191931
191935
191944
191945
191991
192284
192522
192961
193034
193769
193785
194036
196180
196183
196184
196192
196197
196207
196208
196259
196345
197565
197585
197604
197614
197633
198890
198910
198916
198927
198933
198943
199028
199036
199881
201425
201431
201433
202009
202422
203233
203251
203276
203288
203299
203332
203912
204280
204641
205440
205457
205518
205555
205602
205629
206292
206313
206315
207020
207463
207473
208031
208194
208489
208540
209579
209587
210656
211933
212378
212391
212765
212949
213160
213164
213165
213201
213217
213431
213443
213446
213449
213450
213451
213812
214123
214129
214132
214137
214529
214870
215191
215194
215196
215352
215382
215392
215664
216570
216990
217251
217255
217813
218852
219482
219978
220436
220440
220451
220463
220939
221560
221835
222377
223505
223509
223529
224039
225152
225374
225376
225378
226088
226101
226112
226175
226588
226610
227778
228264
228266
228404
228696
229020
229390
229985
230415
230476
230481
230498
230501
230799
230809
231652
231773
232323
232349
233509
233972
234371
234382
235573
236131
236195
236206
237185
237599
239270
239971
241649
241654
241924
243034
243127
243981
246173
246637
247200
247403
250021
250034
250585
250968
252040
252691
252722
252761
252882
253387
255429
259474
259527
261992
264669
265051
265124
265474
265489
270004
270012
270678
272254
273416
275110
275561
277473
280200
284119
284187
285944
287512
287828
290074
291005
295493
295780
306288
306629
307654
307998
310060
316757
317223
324332
324926
326769
329253
333453
338847
340832
347149
359379
360249
360491
360643
365937
377134
387513
390553
390978
394938
397131
403198
405895
436036
2001 PS4
2002 RR28
2006 YE4
2003 XD
2005 VK46
2007 TU269
2010 AG85
2010 AV94
2010 AO97
2010 AY97
2010 AA102
2010 AP105
2010 AS106
2010 AH111
2010 AQ113
2010 AJ125
2010 AO127
2010 AJ128
2010 AK129
2010 AT130
2010 BW12
2010 BB15
2010 BZ15
2010 BK19
2010 BT22
2010 BH23
2010 BG27
2010 BK30
2010 BR30
2010 BT33
2010 BY36
2010 BU37
2010 BG38
2010 BO40
2010 BB41
2010 BW42
2010 BP44
2010 BA46
2010 BW48
2010 BV56
2010 BN61
2010 BZ66
2010 BV70
2010 BX71
2010 BY72
2010 BK80
2010 BM81
2010 BQ83
2010 BS86
2010 BH91
2010 BR92
2010 BP93
2010 BG97
2010 BW100
2010 BY101
2010 BB102
2010 BK103
2010 BY106
2010 BM110
2010 BC111
2010 BM113
2010 BU116
2010 BB118
2010 BC118
2010 BH119
2010 BD121
2010 BA125
2010 CP6
2010 CU16
2010 CQ130
2010 CE186
2010 CK187
2010 CQ198
2010 CG199
2010 CH200
2010 CH211
2010 CX212
2010 CC218
2010 CP218
2010 CW220
2010 CL227
2010 CC232
2010 CW236
2010 CJ237
2010 CK237
2010 CL239
2010 CL241
2010 CH247
2010 DZ18
2010 DJ20
2010 DO24
2010 DY55
2010 DH60
2010 DG82
2010 EV57
2010 ES150
2010 ED152
2010 EL154
2010 EB156
2010 EE158
2010 EX160
2010 EM166
2010 EO167
2010 FN34
2010 FH35
2010 FY35
2010 FK43
2010 FM105
2010 FO105
2010 FO118
2010 GS1
2010 GX2
2010 GM4
2010 GM37
2010 GQ37
2010 GR40
2010 GW44
2010 GC50
2010 GF50
2010 GS57
2010 GY59
2010 GX60
2010 GR67
2010 GM70
2010 GH71
2010 GO82
2010 GQ87
2010 GT87
2010 GY87
2010 GJ91
2010 GX154
2010 GS163
2010 GX166
2010 GT167
2010 HP15
2010 HK17
2010 HD18
2010 HK34
2010 HM36
2010 HU38
2010 HL54
2010 HA58
2010 HR73
2010 HG82
2010 HJ83
2010 HL83
2010 HV88
2010 HW93
2010 HH101
2010 HM110
2010 HN110
2010 HD111
2010 JD6
2010 JX6
2010 JD8
2010 JW10
2010 JT12
2010 JA16
2010 JL16
2010 JC24
2010 JW24
2010 JN51
2010 JB52
2010 JB54
2010 JZ57
2010 JO61
2010 JG66
2010 JD69
2010 JA92
2010 JA94
2010 JW139
2010 JQ140
2010 JZ142
2010 JD144
2010 JM145
2010 KK1
2010 KC7
2010 KK7
2010 KJ15
2010 KP16
2010 KQ20
2010 KA22
2010 KN28
2010 KW28
2010 KM30
2010 KG32
2010 KW35
2010 KY42
2010 KK43
2010 KZ50
2010 KX53
2010 KO54
2010 KD56
2010 KF67
2010 KR69
2010 KC71
2010 KA75
2010 KK81
2010 KA83
2010 KW86
2010 KN87
2010 KU89
2010 KH90
2010 KX94
2010 KP98
2010 KE99
2010 KV99
2010 KM104
2010 KZ105
2010 KH106
2010 KZ114
2010 KN121
2010 LB6
2010 LM11
2010 LC13
2010 LR22
2010 LU25
2010 LQ28
2010 LV36
2010 LL40
2010 LP42
2010 LS47
2010 LP49
2010 LD50
2010 LD52
2010 LS57
2010 LX57
2010 LH59
2010 LM79
2010 LR95
2010 LZ97
2010 LA119
2010 LC120
2010 LS127
2010 MD17
2010 MW24
2010 ME26
2010 MY31
2010 ML35
2010 MS35
2010 MZ35
2010 ME41
2010 MO49
2010 MA51
2010 MG54
2010 ML65
2010 MG66
2010 MJ67
2010 MK80
2010 MA90
2010 MS92
2010 MA96
2010 MV96
2010 MT99
2010 MQ101
2010 MW104
2010 MV106
2010 ME110
2010 ML115
2010 NO1
2010 NZ19
2010 NH22
2010 NB25
2010 NB29
2010 NZ29
2010 NR33
2010 ND38
2010 NJ52
2010 NG69
2010 NG84
2010 NJ88
2010 NQ92
2010 NX93
2010 NF96
2010 NN96
2010 NJ99
2010 NR104
2010 NJ106
2010 NS106
2010 NR107
2010 OV2
2010 OO13
2010 OT18
2010 OA20
2010 OF24
2010 OJ35
2010 OM35
2010 ON50
2010 OU62
2010 OH64
2010 OK64
2010 OL65
2010 OB70
2010 OK77
2010 ON78
2010 OG86
2010 OP87
2010 OO91
2010 OV98
2010 ON102
2010 ON108
2010 OX115
2010 OG125
2010 PX3
2010 PQ4
2010 PK5
2010 PJ6
2010 PP12
2010 PM14
2010 PV17
2010 PD19
2010 PU28
2010 PZ37
2010 PB38
2010 PN39
2010 PD71
2010 TX50
2010 VX218
2010 WK46
2011 QO37
2011 UT255
2011 WU47
2015 MP116
