id
128716
135326
140465
145537
147976
149839
149914
150009
151289
152375
154038
154095
154816
154907
155517
155545
155549
155834
157207
157725
157843
157936
158443
159237
160434
162926
165051
166615
168021
168288
168453
173121
173123
173890
175322
175528
175709
176401
176406
176467
178221
179263
179328
179404
181012
181078
181437
181738
181765
182576
183543
184444
184654
184672
184786
184790
184818
184868
184916
185070
185132
185251
185267
185297
185392
185452
185577
185677
187213
187252
187255
187377
187595
187642
187760
188655
188770
188901
189311
189358
190708
191341
191382
192376
192550
192915
193660
195165
196018
196632
198670
199439
199497
199795
201281
202304
202308
202344
202646
202860
203825
204540
204566
204755
205017
205521
206022
206142
206146
206187
206208
207317
207320
207372
207610
207707
207882
207896
207925
207978
208929
209286
209341
209878
210129
210135
210179
210201
210433
210887
210916
212348
212493
212639
212764
212892
213019
213366
214076
214083
214392
214409
214686
214744
214788
214790
216234
216377
216436
216889
217247
218779
218786
219166
219191
219895
220640
220752
221384
221403
221418
221433
221442
221444
221731
221762
222090
222099
222112
222119
222135
223731
223758
223759
223848
223879
223901
224617
224644
224673
225068
225081
225316
226871
226894
226915
227528
227609
227611
227616
227617
227625
227689
227696
227725
227734
227752
227926
228207
229583
229617
229794
229942
230642
230659
231357
231383
231532
231536
231560
231780
231813
232270
232301
232942
233453
233472
233671
233823
234791
235250
235361
235957
235985
236645
236839
236880
237047
237169
237177
237194
237243
237283
237284
237308
237309
237394
237481
237978
237982
238639
238640
238643
238659
238671
238683
238688
238718
238754
238800
239345
239453
239483
239545
239699
240158
240371
240482
240704
240721
240746
241243
241247
241309
241310
241312
241431
241444
241491
241777
242367
242560
242569
242609
242937
242950
243271
244112
244736
245367
245377
245390
245408
246189
246452
246528
246539
246659
246696
246754
246836
247290
247306
247527
247870
247947
247990
248354
248486
248590
248696
249151
249279
249291
249422
249778
250702
250730
250744
250747
250768
250779
250793
250837
250863
251319
251441
251660
251675
251677
252077
252103
252113
252706
252717
252733
252748
254304
254360
254857
254885
254900
254901
254905
254932
254955
254998
255050
255060
255061
255069
255073
255078
255080
255086
255090
255091
255112
255115
255122
255129
255159
255183
255220
255221
255250
255293
255311
255331
255335
255430
256402
256417
257047
257128
257144
257428
258607
258723
259317
260043
260137
260301
260328
260361
260756
260882
260958
261014
261042
261156
261222
261227
261229
261254
261267
261288
261289
261291
261298
261309
261317
261342
261469
261495
261501
261506
261523
261538
261602
261680
261730
261786
262299
262441
262550
262577
262864
262875
262878
262887
262890
262902
262932
262942
262951
262993
263005
263037
263455
263602
263693
263736
264171
264323
264335
265364
265418
265419
265697
265827
265855
265888
265913
265917
265923
265924
265931
265932
265948
265950
265951
265953
265966
265972
266423
266440
266631
266723
266796
266807
266832
266879
266968
267222
267805
268061
268165
268507
268617
268630
268648
268658
268660
269066
269249
269292
269325
269338
269510
269511
269531
269569
269729
270023
270025
270614
270676
270699
270728
270730
270908
270917
271195
271198
271220
271237
271244
271303
271939
271959
272311
272754
272817
272905
272913
272928
272943
272980
273079
273080
273096
273166
273257
273840
273862
274161
274250
274255
274405
274412
274417
274522
274597
274611
274626
274630
274678
274756
275057
275125
275203
275235
275256
275290
275458
275540
275696
276188
276261
276529
276548
276586
276609
276648
276655
277051
277286
277660
277678
277687
277805
277808
277818
277828
277872
277876
277890
277954
278312
278423
278562
278642
278651
278705
278707
278782
278783
278787
278861
278873
278893
278931
278935
278947
279002
279038
279226
279247
279254
279283
279293
279295
279694
280622
280654
280661
280662
280727
281049
281058
281064
281066
281303
281495
281589
281597
281619
281647
281704
281719
281831
281859
282133
282165
282686
282823
282995
283115
283506
283550
284079
284241
284304
284325
284559
284569
284572
284580
284601
284613
284620
284621
284631
284793
284832
284893
285025
285042
285175
285737
285748
285974
285997
286005
286007
286042
286117
286161
286171
286962
287623
288173
288375
288577
288582
288876
288879
288927
289047
289057
289102
289409
289474
289512
289626
289679
289696
289733
289750
289839
289906
290113
290115
290121
290192
290401
290406
290428
290443
290475
290481
290573
290605
290608
290662
290829
290852
290863
291059
291088
291106
291123
291164
291166
291196
291377
291426
291433
291684
291897
292001
292042
292123
292151
292253
292312
292345
292403
292466
292579
292664
292735
292844
292886
293108
293113
293122
293181
293256
293277
293348
293352
293354
293413
293415
293477
293508
293517
293562
293570
293721
293891
294070
294144
294181
294240
294372
294378
294537
294555
294625
294659
294801
294873
294957
294958
295071
295072
295080
295104
295134
295139
295150
295201
295246
295328
295358
295364
295367
295480
295494
295666
295668
295689
295714
295815
296109
296121
296147
296194
296208
296212
296409
296632
296872
296918
296978
297006
297095
297171
297188
297547
297604
297626
297647
297681
297693
297719
297782
298718
298744
299269
299662
299681
299698
299710
299714
299721
299722
299738
299739
299741
299742
299745
299757
299774
299785
299787
299792
299793
299798
299799
299819
299820
299822
299823
299835
299848
299853
299877
299881
299893
299899
299917
300004
300012
300024
300051
300097
300152
300721
300809
300864
300874
301186
301351
301393
301395
301500
301616
301689
301783
301824
301858
301913
302126
302134
302152
302218
302230
302234
302249
302289
302806
302824
303172
303202
303210
303611
303694
303711
303752
304291
304296
304358
304359
304376
304389
304407
304410
304422
304428
304442
304443
304444
304476
304479
304484
304500
304502
304508
304524
304545
304550
304554
304557
304558
304600
304605
304620
304632
304655
304666
304675
304680
304693
304699
304714
304739
304750
305283
305384
305402
305432
305443
305486
305495
305840
305975
306262
306273
306387
306391
307145
307385
307565
308319
308328
308333
308344
308357
308358
308954
308957
308960
308962
308988
308998
309025
309060
309062
309076
309078
309080
309097
309118
309126
309636
309652
309656
309659
309689
309698
309972
309995
310168
310620
311338
311340
311343
311346
311349
311385
311903
311923
312363
312407
312412
312537
312669
312752
312854
312907
313350
313590
313975
314299
314300
314314
314344
314347
314364
314380
314382
314393
314394
314395
314398
314407
314409
314420
314422
314436
314456
314457
314489
314984
315001
315007
315010
315015
315018
315045
315084
315106
315136
315137
315792
315803
315865
315874
316307
316388
316506
316531
316565
316679
316836
317126
317262
317275
317382
317422
317481
317485
317656
318199
318237
318242
318246
318414
318626
318710
318919
318937
318955
319015
319029
319053
319063
319101
319224
319358
319893
319996
320007
320026
320030
320068
320081
320107
320115
320117
320120
320140
320231
320313
320400
320484
320511
320593
320982
320993
321047
321117
321125
321143
321146
321147
321155
321164
321234
321351
321392
321411
321450
321544
321593
321617
321704
321944
321981
322047
322089
322161
322241
322300
322352
322431
322474
322529
322620
322679
322945
322966
323258
323359
323532
323565
323990
324015
324051
324055
324085
324113
324132
324140
324146
324147
324164
324166
324187
324193
324691
324714
324719
324724
324725
324739
324740
324747
324753
324781
324810
324821
324826
324843
325459
325485
325513
325559
325597
325982
326040
326042
326108
326252
326320
326495
326503
327033
327036
327048
327059
327067
327364
327479
327484
327516
327524
327535
327949
327987
328004
328011
328021
328028
328447
328458
328572
328594
328598
328693
328694
328747
328761
328762
328783
328798
328803
328858
329637
329643
329663
329705
330050
330096
330104
330149
330163
330169
330173
330177
330186
330487
330495
330497
330501
330712
330736
330782
330905
330907
331001
331034
331065
331080
331098
331149
331419
331715
331957
332197
332207
332398
332557
332582
332611
332627
332810
332900
332938
332948
333219
333376
333684
333688
333704
333958
334458
334474
334491
334494
334497
334514
334533
334534
334555
334628
334906
334920
335192
335237
335586
335627
335641
335647
335912
336008
336388
336413
336423
336496
336528
336534
336842
336908
336972
337229
338176
338190
338196
338223
338277
338279
338303
338321
338330
338885
338887
338949
338959
339444
339446
339451
339455
339487
339506
339518
339525
340436
340465
340492
340539
340553
340568
341170
341188
341216
341229
341242
341277
341280
341289
341292
341293
341296
341297
341303
341312
341319
341326
341343
341348
341357
341365
341370
341379
341385
341410
341430
341434
341439
341460
341473
341475
341485
341504
341521
341522
341533
341537
341541
341553
341555
341571
341575
341578
341579
341582
341592
341637
341640
341655
341718
341779
341784
341802
341824
342856
342875
342878
342892
342935
342944
342960
342967
342968
342974
342997
343010
343080
343084
343103
343229
343412
343463
343553
343582
343597
343602
343656
343924
343954
344207
344264
344804
344829
344832
345051
345062
345072
345075
345884
345896
345945
345968
345969
345999
346006
346013
346053
346060
346067
346069
346078
346083
346091
346104
346107
346117
346130
346141
346160
346173
346729
346754
346781
346787
346816
346852
346854
346881
347328
347415
348410
348528
348786
348816
348846
348899
348911
348916
348983
349252
349300
349310
349324
349354
349364
349367
349371
349386
349392
349438
349868
349889
349912
350105
350133
350140
350173
350180
350290
350340
350389
350592
350608
350622
350634
350644
350954
350994
351205
351460
351863
351883
351884
351892
351894
351899
351908
351921
351925
351932
351935
351946
351959
351982
352001
352004
352068
352090
352348
352412
352417
352418
352437
352443
352451
352457
352462
352467
352479
352510
352515
352579
352630
353139
353141
353159
353164
353170
353586
353746
353791
353804
353833
354061
354100
354336
354348
354672
354701
354741
355036
355076
355106
355110
355114
355119
355137
355139
355144
355158
355160
355182
355471
355513
355524
355536
355583
355620
355626
355645
355671
355674
355684
355686
356170
356400
356404
356503
356585
356608
356652
356684
356700
356862
356892
356932
357088
357116
357325
357564
357706
357707
357726
357729
357753
357783
357797
357803
357805
357838
357846
357910
358090
358184
358187
358229
358273
358320
358326
358331
358353
358360
358733
358738
358750
358766
358779
358782
358800
358801
358808
358813
358826
358828
358845
358853
358855
358856
358878
358899
358900
358911
359206
359348
359528
359531
359538
359549
359839
359846
359875
359887
359894
359991
360027
360121
360125
360382
360869
360882
360883
360884
360895
360899
360916
360919
360938
360941
360954
360960
360964
360973
360984
361007
361025
361047
361248
361381
361399
361423
361872
361877
361878
361881
361886
361897
361934
362272
362316
362365
362411
362450
362505
362517
362527
362541
362777
362855
362885
362887
362933
363051
363225
363251
363669
363896
363915
363973
363985
363991
363992
363998
364043
364061
364064
364065
364066
364087
364325
364357
364365
364465
364484
364516
364535
364967
365002
365007
365011
365229
365318
365382
365579
365710
365738
365776
365779
365931
366003
366108
366259
366342
366477
366615
366652
366710
366787
366981
367000
367010
367011
367015
367016
367019
367021
367030
367031
367279
367400
367462
367561
367620
367657
367847
367872
367966
368464
368487
368530
368543
368816
368844
369004
369045
369115
369130
369138
369142
369144
369366
369416
369418
369426
369543
369607
369631
369660
369677
369843
369907
369930
370021
370068
370487
370497
370516
370518
370536
370541
370555
370559
370562
370581
370582
370583
370842
371189
371222
371226
371243
371244
371264
371269
371273
371278
371290
371292
371295
371297
371315
371737
371763
371771
371778
372022
372044
372049
372062
372069
372074
372075
372078
372082
372085
372087
372149
372172
372183
372193
372199
372292
372317
372647
372705
372711
372972
373028
373077
373098
373250
373375
373854
373867
373871
373876
373888
373893
373896
373902
373917
373918
373936
373937
373938
373968
374191
374194
374594
374615
374627
374659
375066
375324
375328
375347
375348
375352
375362
375384
375386
375393
375400
375407
375410
375434
375440
375443
375454
375461
375472
375474
375512
375514
375519
375554
375563
375571
375597
375610
375652
375900
376008
376031
376147
376254
376288
376291
376293
376316
376334
376349
376357
376572
376595
376617
376661
376714
376770
376998
377031
377189
377199
377202
377227
377472
377531
377920
377941
377948
377966
378365
378797
378835
378837
378845
378846
378858
378871
378877
378901
378907
378908
378911
378917
378924
378942
378944
378958
378963
378972
378982
378984
378986
378994
379008
379015
379019
379032
379040
379047
379055
379063
379065
379070
379081
379430
379440
379449
379455
379473
379689
379721
379808
379820
379908
380003
380009
380112
380344
380346
380480
380482
380507
380660
380699
380933
380938
380939
380949
381207
381216
381490
381585
381594
381609
381614
381638
381643
381936
381956
382324
382342
382352
382677
382813
382832
382834
382844
382845
382992
383358
383626
383631
383636
383704
383723
383779
384113
384138
384143
384147
384156
384169
384201
384238
384552
384554
384780
384852
384854
384891
384911
384916
384927
384934
384999
385094
385192
385265
385390
385393
385491
385867
385886
386110
386125
386131
386133
386143
386153
386154
386159
386172
386194
386348
386469
386484
386487
386507
386518
386530
386531
386558
386562
386581
386693
386825
386843
387019
387033
387058
387061
387127
387242
387309
387323
387357
387360
387368
387440
387654
387659
387806
387812
387951
387977
388275
388286
388291
388294
388299
388308
388314
388316
388324
388328
388331
388340
388373
388631
388673
388676
388687
388693
388711
388714
388756
388831
389086
389099
389134
389151
389152
389179
389214
389217
389225
389240
389249
389255
389499
389683
389707
389744
389751
389797
389807
389831
390021
390077
390095
390109
390135
390181
390212
390216
390217
390226
390229
390231
390272
390801
390811
390938
391274
391280
391289
391329
391336
391358
391548
391563
391617
391627
391688
391700
391718
392096
392112
392114
392118
392156
392168
392169
392179
392411
392501
392522
392589
392637
392677
392930
392944
392991
393013
393121
393151
393164
393168
393203
393244
393553
393631
393797
393808
393847
393893
393912
394196
394225
394230
394236
394239
394243
394268
394269
394276
394283
394286
394288
394301
394309
394622
394636
394640
394646
394653
394654
394663
394664
394723
395054
395068
395071
395076
395081
395085
395087
395088
395240
395257
395425
395440
395480
395500
395501
395525
395533
395534
395580
395593
395601
395618
395623
395640
395660
395676
395819
395858
395894
395902
395951
396053
396074
396118
396152
396160
396296
396360
396481
396519
396639
396791
396956
396962
396966
396982
396985
397005
397022
397291
397382
397400
397402
397657
397669
397674
397689
397692
397710
397713
397720
397751
397753
397997
397999
398063
398066
398068
398071
398075
398186
398248
398250
398251
398253
398289
398443
398477
398516
398580
398611
398776
398837
398839
398869
398882
398903
398918
398946
398965
398974
399195
399219
399232
399273
399274
399352
399627
399639
399653
399697
399808
399827
399829
399832
399864
399876
399930
399946
400175
400201
400207
400397
400424
400437
400448
400456
400486
400565
400666
400719
400745
400892
400908
400918
400952
400957
400969
400974
400979
401148
401329
401340
401395
401473
401507
401509
401628
401632
401680
401849
401900
401930
401939
402135
402145
402176
402338
402349
402351
402356
402365
402371
402375
402423
402771
402778
402779
402802
402804
402806
402815
402817
402820
403151
403188
403386
403394
403615
403675
403697
403705
403720
403723
403737
403901
403950
403967
403975
403985
404059
404090
404240
404310
404503
404562
404570
404648
404728
404794
404795
404836
405114
405413
405430
405442
405453
405454
405457
405469
405780
405784
406234
406249
406257
406281
406742
406751
406756
406765
406767
406974
407037
407050
407081
407082
407096
407141
407147
407159
407175
407180
407212
407247
407517
407541
407561
407613
407856
407911
407939
407954
407958
407993
408028
408042
408062
408080
408204
408246
408290
408407
408435
408624
409271
409282
409297
409304
409307
409312
409315
409324
409329
409349
409356
409639
409645
409650
409654
409677
409685
409691
409705
409773
409777
410099
410103
410107
410114
410121
410126
410133
410157
410541
410743
410848
410854
410863
410893
410896
410899
410916
410928
410941
410965
410980
410991
410996
411000
411002
411003
411020
411054
411063
411093
411446
411521
411578
411794
411837
411859
411884
411899
411908
411995
412245
412272
412306
412308
412345
412374
412375
412441
412615
412702
412746
412750
412758
412762
412787
412819
412832
412943
413158
413258
413404
413413
413415
413694
413704
413720
413723
413732
413747
413750
414012
414013
414014
414518
414547
414549
414556
414583
414591
414592
414619
414623
414641
414643
414650
414653
414665
414668
414685
414744
414934
414973
414978
414992
415125
415128
415169
415184
415252
415260
415374
415418
415443
415506
415521
415558
416435
416438
416655
416669
416681
416688
416709
417273
417286
417319
417328
417336
417340
417350
417396
417402
417409
417428
418430
418493
418521
418622
418654
418675
419187
419237
419260
419273
419288
419297
419311
419315
419361
419384
419412
419853
419937
419963
420036
420056
420068
420109
420111
420123
420145
420161
420184
420189
420216
420278
420434
420553
420669
420672
420682
420969
421033
421042
421047
421076
421090
421100
421317
421366
421455
421656
421665
421695
421734
421752
421753
421799
421877
421880
421898
421900
421907
421913
421931
421954
422016
422088
422097
422114
422131
422606
422624
422691
422992
423020
423043
423061
423111
423282
423287
423299
423319
423771
423806
424209
424658
424666
424670
424689
424702
424721
424726
424730
424731
424737
424748
424755
424756
424757
424761
424762
424775
424777
424781
424800
424836
424854
424871
424874
424880
424930
424997
425189
425196
425223
425239
425328
425347
425379
425399
425414
425462
425484
425499
425862
426276
426318
426417
426440
426449
426525
426642
426693
426800
426906
426967
426970
426975
426983
426984
426997
427080
427081
427118
427121
427149
427213
427228
427311
427318
427319
427332
427354
427360
427389
427527
427534
427540
427559
427590
427616
427623
427797
428083
428349
428362
428367
428372
428400
428402
428712
428801
428810
428843
428847
428851
428875
428876
428882
428897
428899
428903
428905
428906
428908
428917
428919
428922
428930
428933
428964
429034
429224
429283
429308
429313
429317
429319
429343
429882
429913
429945
430040
430067
430170
430247
430268
430290
430296
430326
430466
430604
430605
430606
430681
430809
430816
430817
430818
430833
431127
431171
431304
431441
431443
431454
431461
431463
431471
431502
431522
431532
431590
431870
431999
432018
432028
432039
432045
432046
432051
432061
432062
432083
432105
432146
432168
432189
432431
432470
432506
432537
432855
432926
432999
433046
433068
433094
433118
433129
433135
433154
433163
433212
433234
433390
433464
433467
433764
433783
433837
433839
433844
433853
433874
433883
433894
433899
433921
433952
434034
434064
434402
434405
434410
434411
434415
434789
434819
434840
434852
434857
434871
434877
434955
434972
434974
435209
435223
435226
435236
435241
435255
435267
435268
435279
435295
435300
435312
435335
435338
435339
435353
435367
435390
435868
435869
435870
435872
435882
435889
435896
435901
435917
435932
436302
436314
436322
436363
436628
436629
436630
436638
436649
436650
436687
436692
436723
436731
436893
436971
437023
437056
437101
437129
437161
437167
437168
437171
437209
437231
437246
437289
437469
437473
437570
437621
437640
437641
437644
437655
437662
437663
437667
437706
437714
437717
437718
437722
437758
437793
437811
437887
437889
438113
438118
438338
438348
438365
438373
438375
438381
438386
438421
438601
438648
438846
438853
438854
438857
438862
438865
438875
438977
438989
439094
439144
439183
439333
439371
439405
439453
439485
439515
439578
439660
1988 PF1
1995 QL8
1995 QP13
1995 SQ12
1995 SA41
1995 UB19
1997 HZ3
1998 SO172
1999 UE18
2000 WT110
2000 YE29
2001 FU201
2001 QT210
2001 SR103
2001 SD209
2001 SY300
2001 SV318
2001 SP354
2001 TV55
2001 TR70
2001 TV112
2001 TL120
2001 TL124
2001 TL261
2001 UL59
2001 UN88
2001 UH191
2001 WC4
2001 WX6
2001 XB114
2001 XM187
2001 YT36
2001 YR57
2002 CY
2002 CJ4
2002 ET49
2002 JT22
2002 KJ15
2002 NW2
2002 NW58
2002 NE65
2002 NP80
2002 OW34
2002 PM5
2002 PU19
2002 PH81
2002 PE152
2002 PT185
2002 QO17
2002 QA61
2002 QK61
2002 QF86
2002 QN92
2002 QN93
2002 QG95
2002 QS126
2002 QZ136
2002 QA144
2002 QH150
2002 RV238
2002 RA264
2002 TT104
2002 TT364
2002 TA381
2002 TY386
2002 TZ151
2002 TM239
2002 TJ317
2002 TA350
2002 UJ69
2002 UY71
2002 WY22
2003 GO25
2003 GW37
2003 SP93
2003 SE427
2003 SN434
2003 SR195
2003 SZ268
2003 SJ325
2003 SP335
2003 SQ336
2003 SR339
2003 TZ26
2003 UL397
2003 WJ158
2003 WO163
2003 WZ192
2004 BW7
2004 CH8
2004 FL117
2004 HH64
2004 JA31
2004 RE39
2004 RA59
2004 RL243
2004 RC301
2004 TD217
2004 TJ283
2004 VG88
2005 EP174
2005 EH235
2005 GL19
2005 GS201
2005 JN53
2005 JC170
2005 MW29
2005 NZ7
2005 NZ17
2005 NS122
2005 OO16
2005 PM3
2005 QG32
2005 QS103
2005 QY121
2005 RC45
2005 SC7
2005 SP57
2005 SH156
2005 SW168
2005 SV235
2005 SA257
2005 SF287
2005 TU7
2005 TW25
2005 TG54
2005 TH68
2005 TY96
2005 TE119
2005 TA144
2005 TM180
2005 UW30
2005 UT72
2005 UM76
2005 UD84
2005 UW94
2005 UE95
2005 UR129
2005 US144
2005 UA176
2005 UJ225
2005 UP329
2005 UG332
2005 UV117
2005 UT380
2005 UR129
2005 US144
2005 UJ424
2005 UC429
2005 UA176
2005 UT436
2005 UB182
2005 UG193
2005 UH460
2005 UV202
2005 UW202
2005 UK204
2005 UO211
2005 UJ225
2005 UG228
2005 UD248
2005 UN517
2005 UV517
2005 UM519
2005 UT269
2005 UT284
2005 UA318
2005 UP329
2005 UG332
2005 UR343
2005 VO13
2005 VL38
2005 VK97
2005 VJ134
2005 WU9
2005 WH18
2005 WR22
2005 WC28
2005 WZ37
2005 WH65
2005 WQ92
2005 WG97
2005 WQ131
2005 WR144
2005 WU146
2005 WP152
2005 WZ154
2005 WD170
2005 XU19
2005 XG54
2005 XE67
2005 XN86
2005 YF58
2005 YC77
2005 YH88
2005 YX140
2005 YZ185
2005 YV187
2005 YQ196
2005 YA216
2005 YE253
2005 YA266
2006 AP52
2006 AA53
2006 AF53
2006 AF105
2006 BK88
2006 BO226
2006 CF7
2006 CB8
2006 DK2
2006 DH56
2006 DD63
2006 DO99
2006 FG31
2006 FT41
2006 HA41
2006 HU106
2006 JL50
2006 KC92
2006 KG94
2006 QV
2006 QP70
2006 QR121
2006 RQ21
2006 RD28
2006 RM73
2006 RY92
2006 SB4
2006 SX10
2006 SG79
2006 SJ139
2006 SC260
2006 SZ374
2006 SQ381
2006 SA382
2006 SJ386
2006 SV388
2006 SR395
2006 SX398
2006 SJ139
2006 SO403
2006 SK412
2006 SQ176
2006 SR185
2006 ST241
2006 SQ254
2006 SC260
2006 SW260
2006 SU295
2006 SB358
2006 SY359
2006 TN10
2006 TO11
2006 TK24
2006 TH61
2006 TG69
2006 TB84
2006 TM90
2006 TL91
2006 TO103
2006 TX107
2006 TU112
2006 TL114
2006 TW117
2006 UN28
2006 UC29
2006 UX37
2006 UR42
2006 UH57
2006 UR86
2006 UP88
2006 UC283
2006 UX137
2006 UP156
2006 UZ158
2006 UT168
2006 UQ217
2006 UL230
2006 UY241
2006 UC273
2006 UC282
2006 UC283
2006 UH289
2006 UL334
2006 UX335
2006 VA10
2006 VK10
2006 VK20
2006 VV23
2006 VJ45
2006 VP63
2006 VB72
2006 VB119
2006 VM135
2006 WG10
2006 WZ74
2006 WO84
2006 WB129
2006 WP131
2006 WG134
2006 WV145
2006 WY185
2006 WF200
2006 XZ12
2006 YC17
2006 YK45
2007 AD30
2007 BB4
2007 BO76
2007 CX19
2007 DY27
2007 DF32
2007 DO46
2007 DK48
2007 DU67
2007 DY90
2007 DV99
2007 DB109
2007 EF172
2007 EC190
2007 EL212
2007 FY10
2007 FQ19
2007 FH50
2007 JM14
2007 JF37
2007 JB38
2007 LF22
2007 PU49
2007 RJ16
2007 RV43
2007 RX45
2007 RL68
2007 RA150
2007 RT189
2007 RN213
2007 RV244
2007 RX248
2007 RW288
2007 RR325
2007 TB21
2007 TY26
2007 TD39
2007 TZ42
2007 TE45
2007 TS51
2007 TL58
2007 TC60
2007 TC69
2007 TT112
2007 TL132
2007 TX409
2007 TV152
2007 TV433
2007 TY179
2007 TG182
2007 TV231
2007 TP233
2007 TO281
2007 TO300
2007 TN306
2007 TO322
2007 TO329
2007 TZ342
2007 TO346
2007 UN2
2007 US34
2007 US47
2007 UA53
2007 UZ53
2007 UJ59
2007 UY72
2007 UH90
2007 UL93
2007 UO97
2007 UF99
2007 UT108
2007 UC114
2007 US114
2007 UG117
2007 VB15
2007 VH49
2007 VT72
2007 VJ76
2007 VK81
2007 VH109
2007 VL138
2007 VX160
2007 VK161
2007 VZ194
2007 VT214
2007 VV228
2007 VY230
2007 VP239
2007 VH295
2007 WM1
2007 WR45
2007 XJ44
2007 XO52
2007 XW58
2007 YS22
2007 YE39
2008 AM46
2008 AL117
2008 BG2
2008 BN3
2008 BR14
2008 BM19
2008 BZ52
2008 CU21
2008 CT27
2008 CH48
2008 CE61
2008 CG71
2008 CB120
2008 CC136
2008 CA199
2008 CD204
2008 DK3
2008 DX17
2008 DS31
2008 DS59
2008 EL86
2008 EU86
2008 EG88
2008 EP114
2008 EQ137
2008 EA154
2008 ER154
2008 EV164
2008 EA168
2008 FR31
2008 FQ33
2008 FS44
2008 FW51
2008 FV62
2008 FR87
2008 FG88
2008 FJ100
2008 FW135
2008 GG29
2008 GW75
2008 GW80
2008 GX123
2008 GE144
2008 HF1
2008 HK8
2008 HD29
2008 HT35
2008 HG55
2008 JX22
2008 JE40
2008 LB12
2008 OW7
2008 PH9
2008 PA15
2008 QY25
2008 RX32
2008 RF39
2008 RP65
2008 RL69
2008 RS86
2008 RU112
2008 RW112
2008 RK113
2008 SY44
2008 SE56
2008 SP61
2008 SD101
2008 SF104
2008 SD169
2008 SD182
2008 SY202
2008 SG236
2008 SN239
2008 SL265
2008 SM273
2008 SB279
2008 SN281
2008 TX49
2008 TL62
2008 TG64
2008 TP79
2008 TY88
2008 TD96
2008 TQ96
2008 TA136
2008 TB160
2008 TW164
2008 TQ166
2008 TX167
2008 UQ37
2008 UY51
2008 UH52
2008 UC53
2008 UH69
2008 UR360
2008 UL111
2008 UR114
2008 UW115
2008 UA146
2008 UV160
2008 UU230
2008 UL233
2008 UJ262
2008 UH290
2008 UM306
2008 UY344
2008 UE348
2008 UU351
2008 UY355
2008 UX356
2008 VG26
2008 VM70
2008 WP3
2008 WP6
2008 WL20
2008 WW46
2008 WJ47
2008 WA48
2008 WQ83
2008 WN110
2008 WR114
2008 WC128
2008 XZ10
2008 XY11
2008 YY16
2008 YP17
2008 YB60
2008 YW90
2008 YV111
2008 YW122
2008 YW142
2008 YX144
2008 YG151
2008 YF158
2008 YC173
2009 AQ18
2009 AY24
2009 AL31
2009 AS35
2009 AR43
2009 AW46
2009 BN15
2009 BD32
2009 BH33
2009 BF36
2009 BJ38
2009 BC55
2009 BC77
2009 BW79
2009 BK85
2009 BR87
2009 BE127
2009 BX134
2009 BK137
2009 BE143
2009 BF157
2009 BZ171
2009 BD172
2009 BQ177
2009 BB190
2009 CR2
2009 CR11
2009 CQ22
2009 CR41
2009 CP52
2009 DJ2
2009 DG20
2009 DZ58
2009 DJ84
2009 DS94
2009 DY102
2009 DE128
2009 DS132
2009 DV138
2009 FR27
2009 FB44
2009 FH65
2009 FY68
2009 HR6
2009 HU37
2009 HT46
2009 QG
2009 QU2
2009 QT34
2009 QW41
2009 QO62
2009 QE64
2009 RK14
2009 RS34
2009 RF35
2009 RF45
2009 RW73
2009 SJ57
2009 SB75
2009 SH75
2009 SB77
2009 SV91
2009 SB98
2009 ST114
2009 SC120
2009 SH121
2009 ST151
2009 SE213
2009 SJ243
2009 SP277
2009 SM280
2009 SW287
2009 SN293
2009 SM342
2009 SW350
2009 TE14
2009 TF18
2009 TY47
2009 UL6
2009 UO58
2009 UK68
2009 UT85
2009 UA100
2009 UF101
2009 UC110
2009 UY113
2009 UE149
2009 VG40
2009 VX70
2009 VV81
2009 VV87
2009 WZ10
2009 WF32
2009 WZ55
2009 WS57
2009 WC60
2009 WS82
2009 WY91
2009 WP114
2009 WU125
2009 WG139
2009 WN146
2009 WC149
2009 WL170
2009 WW193
2009 WX211
2009 WC212
2009 WG234
2009 XC3
2010 AO48
2010 BR14
2010 BW17
2010 BG66
2010 BZ70
2010 CW2
2010 CQ92
2010 CD127
2010 CR147
2010 CF153
2010 DM37
2010 DO41
2010 DH44
2010 DZ49
2010 DL79
2010 ES69
2010 ET82
2010 EP94
2010 EE113
2010 EU121
2010 FY2
2010 GJ105
2010 HU80
2010 JA9
2010 JN76
2010 KD55
2010 LB57
2010 LP79
2010 MR21
2010 MZ45
2010 NW65
2010 NO88
2010 OG3
2010 OL45
2010 OR88
2010 OJ93
2010 PY36
2010 PO68
2010 PH80
2010 RX10
2010 RQ32
2010 RF61
2010 RJ61
2010 RP149
2010 RZ153
2010 RF184
2010 SR5
2010 TW17
2010 TE65
2010 TO70
2010 TO84
2010 TE91
2010 TQ100
2010 TR101
2010 TD103
2010 TD106
2010 TA125
2010 TT140
2010 TW141
2010 TL187
2010 UX9
2010 UC36
2010 UK79
2010 UX80
2010 VT5
2010 VB14
2010 VA16
2010 VC16
2010 VS48
2010 VQ73
2010 VU88
2010 VF90
2010 VW208
2010 VS209
2010 WV9
2010 WB13
2010 WU47
2010 XU22
2010 XF51
2010 XV64
2010 XN78
2010 XG81
2010 XM86
2011 AQ25
2011 AQ42
2011 AG44
2011 AB66
2011 BF20
2011 BA48
2011 BX87
2011 BH113
2011 BD125
2011 BT143
2011 BX153
2011 CE25
2011 CP42
2011 CW76
2011 CN95
2011 CW108
2011 CC110
2011 CV112
2011 DG1
2011 ES38
2011 EU38
2011 EG67
2011 EB69
2011 FJ3
2011 FB25
2011 FC27
2011 FO40
2011 FZ58
2011 FZ65
2011 FK80
2011 FJ87
2011 FF92
2011 FK126
2011 FM133
2011 FW149
2011 FJ155
2011 GQ27
2011 GV38
2011 GF64
2011 GQ74
2011 GA83
2011 GD85
2011 HV1
2011 HQ3
2011 HY36
2011 HX39
2011 HH53
2011 HN54
2011 HZ88
2011 HO90
2011 HP100
2011 KQ2
2011 KG6
2011 LV21
2011 LF28
2011 OV25
2011 OK48
2011 QO8
2011 QF36
2011 QH37
2011 QU54
2011 QZ57
2011 QC58
2011 QW63
2011 QW77
2011 QH78
2011 QM88
2011 RM4
2011 RT8
2011 RD13
2011 SU11
2011 SE99
2011 SM104
2011 SR104
2011 SA134
2011 SG147
2011 SY225
2011 SF275
2011 TJ10
2011 UZ11
2011 UB15
2011 UA19
2011 UJ84
2011 UR180
2011 UZ297
2011 UM300
2011 UQ367
2011 UV369
2011 UW374
2011 UC116
2011 UG116
2011 UL138
2011 UZ401
2011 UH145
2011 UT157
2011 UH178
2011 UR180
2011 UV191
2011 UH240
2011 UD244
2011 UU246
2011 UM268
2011 UZ297
2011 UM300
2011 UO301
2011 UJ306
2011 UY311
2011 UJ313
2011 UL326
2011 UB332
2011 VL12
2011 VZ12
2011 VX21
2011 VR22
2011 WE14
2011 WJ16
2011 WE28
2011 WB33
2011 WT46
2011 WT60
2011 WL67
2011 WR81
2011 WD85
2011 WY93
2011 WM120
2011 WZ132
2011 WZ133
2011 WA134
2011 WQ151
2011 XU
2011 XP1
2011 YU
2011 YN11
2011 YR12
2011 YC16
2011 YW17
2011 YJ43
2011 YL44
2011 YT56
2011 YD57
2011 YN58
2012 AK4
2012 BN12
2012 BW21
2012 BJ22
2012 BA32
2012 BM34
2012 BH47
2012 BB57
2012 BF59
2012 BP81
2012 BP93
2012 BZ116
2012 BJ129
2012 BT138
2012 BV138
2012 BA147
2012 BQ148
2012 CP21
2012 CT36
2012 CA40
2012 CT41
2012 CC56
2012 DM10
2012 DE41
2012 DX56
2012 DM57
2012 DB67
2012 DQ68
2012 DZ74
2012 DX84
2012 DW89
2012 DK96
2012 EN17
2012 FW10
2012 FS49
2012 FF54
2012 FX60
2012 FD65
2012 FN69
2012 HX11
2012 HC47
2012 HQ71
2012 HA78
2012 JM19
2012 JR60
2012 KM8
2012 KA37
2012 KX44
2012 KK50
2012 PR7
2012 PT40
2012 PK43
2012 QM21
2012 QQ35
2012 QL46
2012 RS28
2012 SG4
2012 SU26
2012 ST32
2012 SY45
2012 SU49
2012 SU59
2012 TC22
2012 TD55
2012 TE57
2012 TH77
2012 TU101
2012 TN111
2012 TM116
2012 TG125
2012 TG164
2012 TF197
2012 TJ217
2012 TO234
2012 TD259
2012 TK264
2012 TV270
2012 TO280
2012 TA310
2012 UD24
2012 UP24
2012 UX25
2012 UT26
2012 UY35
2012 UN47
2012 UQ55
2012 UD58
2012 UP81
2012 UO86
2012 UB88
2012 UH89
2012 UX99
2012 UV105
2012 UW106
2012 UG135
2012 UD146
2012 UR163
2012 VG19
2012 VE63
2012 VF73
2012 VS88
2012 VA94
2012 WQ
2012 WK6
2012 WK10
2012 WK11
2012 WH12
2012 WP22
2012 XZ5
2012 XP21
2012 XR27
2012 XG29
2012 XK31
2012 XH34
2012 XJ39
2012 XF48
2012 XT56
2012 XD62
2012 XK80
2012 XM80
2012 XM85
2012 XJ99
2012 XD108
2012 XK109
2012 XT144
2013 AO28
2013 AH29
2013 AJ37
2013 AO56
2013 AM61
2013 AK78
2013 AP87
2013 AO166
2013 AP171
2013 BY14
2013 BW35
2013 BM39
2013 BD71
2013 CJ29
2013 CU46
2013 CB82
2013 CH99
2013 CO108
2013 CK117
2013 CJ141
2013 CR150
2013 CH158
2013 CC159
2013 CU159
2013 CK161
2013 CJ162
2013 CN173
2013 CM188
2013 CU203
2013 CU204
2013 CV205
2013 CF218
2013 EQ1
2013 EW8
2013 EK13
2013 EE15
2013 EV16
2013 ED18
2013 EB21
2013 EA27
2013 EB35
2013 ED40
2013 EZ60
2013 EW70
2013 EJ76
2013 EH87
2013 EK100
2013 EW104
2013 EX122
2013 ED125
2013 EP130
2013 FD2
2013 FX14
2013 FM17
2013 FQ21
2013 GW2
2013 GP5
2013 GO11
2013 GU23
2013 GG70
2013 GJ74
2013 GD97
2013 GF106
2013 GC126
2013 HG4
2013 HZ43
2013 HU45
2013 HB47
2013 HK51
2013 HA59
2013 HY145
2013 JP15
2013 JH21
2013 JG32
2013 JU43
2013 JQ61
2013 LM24
2013 NA20
2013 PS3
2013 PP21
2013 PA25
2013 PQ30
2013 PZ42
2013 PJ46
2013 PP46
2013 QX2
2013 QP8
2013 QX44
2013 QH57
2013 QF59
2013 QL60
2013 QM62
2013 QO68
2013 QH95
2013 RQ12
2013 RL37
2013 RE46
2013 RN48
2013 RL53
2013 RT58
2013 RG71
2013 RR74
2013 RH88
2013 RA89
2013 RN93
2013 SW21
2013 SP38
2013 SB43
2013 SL51
2013 SO77
2013 TD2
2013 TH29
2013 TC54
2013 TB79
2013 TH106
2013 VQ8
2013 VW9
2013 VV10
2013 VW10
2013 WB3
2013 WY25
2013 WD40
2013 WR54
2013 WQ65
2013 WX86
2013 WA96
2013 XX20
2013 YE13
2013 YQ26
2013 YZ32
2013 YK41
2013 YL81
2013 YH92
2013 YN92
2013 YY108
2014 BJ46
2014 BW62
2014 CE11
2014 DH4
2014 DH13
2014 DB15
2014 DF21
2014 DZ30
2014 DD31
2014 DE34
2014 DG42
2014 DP45
2014 DP47
2014 DH51
2014 DM54
2014 DM55
2014 DF70
2014 DY84
2014 DD91
2014 DZ96
2014 DN99
2014 DL119
2014 DF123
2014 EB3
2014 EC9
2014 EE19
2014 EP26
2014 EM29
2014 EM38
2014 EH47
2014 EA48
2014 FA22
2014 FD28
2014 FC30
2014 FW45
2014 GJ3
2014 GF5
2014 GE18
2014 GZ22
2014 GX38
2014 HD7
2014 HE16
2014 HS25
2014 HA26
2014 HO28
2014 HH30
2014 HY36
2014 HT37
2014 HV44
2014 HA45
2014 HY73
2014 HZ77
2014 HW100
2014 HX122
2014 HQ133
2014 HP150
2014 HY155
2014 HR161
2014 HY162
2014 HE163
2014 HD172
2014 HT179
2014 HA187
2014 JM3
2014 JB7
2014 JS10
2014 JV12
2014 JB14
2014 JY27
2014 JT37
2014 JE41
2014 JJ44
2014 JO48
2014 JR48
2014 JP61
2014 KU23
2014 KA55
2014 KP55
2014 KC66
2014 KF68
2014 KL72
2014 KN80
2014 MF26
2014 MZ32
2014 MQ38
2014 MQ62
2014 MH64
2014 NZ
2014 NS16
2014 NQ31
2014 OK3
2014 OY11
2014 OF17
2014 OR19
2014 OD39
2014 OG48
2014 OR48
2014 OR56
2014 OK62
2014 OJ70
2014 OC80
2014 OG94
2014 OJ104
2014 OC369
2014 OD118
2014 OB120
2014 OH120
2014 OQ134
2014 OU139
2014 OH147
2014 OQ166
2014 OF173
2014 OD180
2014 OU184
2014 OH189
2014 OS205
2014 OR209
2014 OE213
2014 OM224
2014 OR224
2014 OV238
2014 OD240
2014 OC243
2014 OH254
2014 OO257
2014 OE300
2014 OR317
2014 OE333
2014 OS334
2014 OE341
2014 OB346
2014 ON353
2014 PK14
2014 PE18
2014 PE19
2014 PX22
2014 PN26
2014 PR28
2014 PH33
2014 PA36
2014 PJ39
2014 PZ51
2014 PR63
2014 QM20
2014 QJ38
2014 QH50
2014 QW384
2014 QS394
2014 QZ395
2014 QE136
2014 QH420
2014 QU431
2014 QV171
2014 QN174
2014 QB179
2014 QV214
2014 QJ232
2014 QL246
2014 QZ251
2014 QZ259
2014 QP268
2014 QH270
2014 QQ273
2014 QF277
2014 QS277
2014 QE281
2014 QR290
2014 QA291
2014 QN292
2014 QG314
2014 QW319
2014 QX329
2014 QP338
2014 QH340
2014 RY9
2014 RH10
2014 RO25
2014 RU36
2014 SX12
2014 SL45
2014 SM58
2014 SP88
2014 SJ92
2014 SC93
2014 SG116
2014 SS117
2014 SP134
2014 SJ138
2014 SO187
2014 SR207
2014 SD211
2014 SB213
2014 SQ213
2014 SN215
2014 SX215
2014 SO218
2014 SJ251
2014 SN252
2014 SU309
2014 SH310
2014 SF330
2014 SP339
2014 TR7
2014 TJ45
2014 TD65
2014 TB70
2014 TZ73
2014 UC1
2014 UE1
2014 UK1
2014 UR4
2014 UD10
2014 UJ12
2014 UQ17
2014 UC21
2014 UA42
2014 UD42
2014 UE42
2014 UD48
2014 UJ48
2014 UL50
2014 UL52
2014 UO84
2014 UY89
2014 US95
2014 UE98
2014 UO105
2014 UZ108
2014 UR113
2014 UA117
2014 UH119
2014 UB135
2014 UQ135
2014 UC138
2014 UC163
2014 UG169
2014 UR172
2014 UE193
2014 UB200
2014 UZ200
2014 VP10
2014 VK15
2014 VD22
2014 VK29
2014 WB11
2014 WL19
2014 WR41
2014 WH44
2014 WA45
2014 WB53
2014 WF58
2014 WX66
2014 WR68
2014 WR72
2014 WR79
2014 WM82
2014 WB88
2014 WV92
2014 WK179
2014 WZ198
2014 WB105
2014 WM382
2014 WR127
2014 WZ390
2014 WD136
2014 WQ396
2014 WR399
2014 WQ141
2014 WW410
2014 WB163
2014 WR165
2014 WS445
2014 WN198
2014 WE463
2014 WZ219
2014 WO226
2014 WY228
2014 WD236
2014 WT239
2014 WF253
2014 WN263
2014 WT268
2014 WN275
2014 WR277
2014 WF278
2014 WR287
2014 WQ291
2014 WH295
2014 WG298
2014 WF321
2014 WP326
2014 WM342
2014 WW342
2014 XC15
2014 XA37
2014 YO26
2015 AT27
2015 AN43
2015 AD48
2015 AD51
2015 AJ113
2015 AU133
2015 AC155
2015 AV168
2015 AA232
2015 AQ233
2015 AU238
2015 AG239
2015 AM248
2015 AX258
2015 AG261
2015 AH274
2015 AN274
2015 AT275
2015 AB279
2015 AP280
2015 BJ10
2015 BL26
2015 BG30
2015 BJ30
2015 BM34
2015 BE72
2015 BQ83
2015 BQ89
2015 BP119
2015 BV101
2015 BR106
2015 BJ107
2015 BN126
2015 BU421
2015 BN167
2015 BU442
2015 BJ200
2015 BE484
2015 BH493
2015 BB234
2015 BG241
2015 BD252
2015 BF255
2015 BT265
2015 BL269
2015 BK277
2015 BF314
2015 BG315
2015 CS29
2015 CJ30
2015 CX36
2015 CD56
2015 CH56
2015 CO56
2015 CS57
2015 CE61
2015 DO16
2015 DZ27
2015 DH28
2015 DY31
2015 DF33
2015 DD41
2015 DS52
2015 DU96
2015 DY124
2015 DK207
2015 DX207
2015 DZ217
2015 DO220
2015 ET32
2015 EU49
2015 FS2
2015 FG14
2015 FE53
2015 FL74
2015 FG76
2015 FK101
2015 FX102
2015 FF140
2015 FK143
2015 FU152
2015 FS173
2015 FW213
2015 FT322
2015 FF334
2015 FP336
2015 GZ19
2015 GH31
2015 GZ32
2015 GP33
2015 GN42
2015 GM43
2015 HG4
2015 HB13
2015 HR64
2015 HG144
2015 HC151
2015 HJ166
2015 HD169
2015 KJ3
2015 KA15
2015 KD29
2015 KK30
2015 KZ62
2015 KD86
2015 KO94
2015 KC105
2015 KX129
2015 KB131
2015 KA142
2015 KE154
2015 LY26
2015 LZ32
2015 LB33
2015 LC33
2015 LE35
2015 MK2
2015 MJ7
2015 MP8
2015 MH15
2015 MV25
2015 MT36
2015 MK58
2015 MP58
2015 MK69
2015 MP74
2015 MH80
2015 MC85
2015 MK86
2015 MC93
2015 MX106
2015 ME114
2015 MN115
2015 MK117
2015 MO123
2015 NX7
2015 NM17
2015 OD34
1994 RY5
1995 UC58
1998 RU13
1998 TD28
1998 WE44
1999 TE3
1999 UU37
2000 BS21
2000 CP68
2000 HC1
2001 FV205
2001 FE231
2001 QW110
2001 QM307
2001 QO307
2001 SG29
2001 SL354
2001 UM78
2001 VT101
2001 WF13
2002 CU205
2002 QB147
2002 QK150
2002 QE155
2002 RJ167
2002 RM258
2002 RA288
2002 RT291
2002 RL294
2002 SF67
2002 SV67
2002 TK303
2003 AM71
2003 BS9
2003 BJ37
2003 FO29
2003 SK406
2003 SG241
2003 ST336
2003 UO79
2003 UM365
2003 UP153
2003 UX238
2003 US304
2003 US337
2003 WD160
2004 PB20
2004 PJ26
2004 RJ92
2004 RV204
2004 RB270
2004 RX341
2004 TZ111
2004 TF123
2004 TB147
2004 TF152
2004 VU68
2004 VN98
2004 VM102
2005 AF74
2005 BD35
2005 EH244
2005 EA304
2005 JE8
2005 JP40
2005 NV66
2005 QB126
2005 SR125
2005 SQ126
2005 SO258
2005 SF267
2005 SP282
2005 SH283
2005 SZ287
2005 TQ16
2005 TC95
2005 TC106
2005 TU166
2005 US
2005 US31
2005 UZ33
2005 UG102
2005 UA123
2005 US124
2005 US138
2005 UL401
2005 UR148
2005 UT413
2005 UP179
2005 UK454
2005 UR224
2005 UZ224
2005 UX235
2005 UU517
2005 UA528
2005 VT26
2005 VR36
2005 VU61
2005 VB69
2005 WT53
2005 WM70
2005 WO98
2005 WF176
2005 YD20
2005 YW39
2005 YJ54
2005 YC66
2005 YS74
2005 YU141
2005 YQ160
2005 YF161
2005 YF245
2006 AT28
2006 BN36
2006 BR83
2006 BJ92
2006 BB118
2006 BU155
2006 CW54
2006 DS40
2006 DW58
2006 DH142
2006 DK147
2006 EU5
2006 EC27
2006 EQ74
2006 HM61
2006 HJ153
2006 KY5
2006 KU49
2006 KZ73
2006 KF97
2006 QV17
2006 RE32
2006 RP52
2006 SX64
2006 SZ121
2006 SW409
2006 SA172
2006 SK180
2006 SM215
2006 SQ237
2006 ST246
2006 SR325
2006 TW88
2006 TQ104
2006 UV42
2006 UW59
2006 UG137
2006 UJ151
2006 UP223
2006 VS39
2006 VB53
2006 VC59
2006 VB127
2006 VD146
2006 WP87
2006 WK98
2006 YB24
2007 AD19
2007 BE9
2007 BU28
2007 CG4
2007 EV5
2007 EX6
2007 EJ29
2007 ES151
2007 EX203
2007 EP220
2007 FO16
2007 GD72
2007 HT28
2007 HM50
2007 MD22
2007 MS24
2007 PV4
2007 RR72
2007 RS87
2007 RK122
2007 RC131
2007 RS180
2007 RN182
2007 RD207
2007 RY225
2007 RF249
2007 RH269
2007 RZ314
2007 TL100
2007 TK135
2007 TW229
2007 TJ340
2007 UA73
2007 UB93
2007 UH111
2007 VA35
2007 VO81
2007 VZ120
2007 VE159
2007 VY174
2007 VB221
2007 VZ245
2007 VT254
2007 VK285
2007 VX285
2007 VV287
2007 WD3
2007 XQ42
2007 XG49
2007 XG54
2008 AL13
2008 AM61
2008 AW72
2008 CK52
2008 CM69
2008 CC109
2008 EU67
2008 EO81
2008 EV113
2008 EY146
2008 FN95
2008 FZ97
2008 FZ103
2008 GH43
2008 GW64
2008 GR75
2008 HB24
2008 HQ48
2008 HL50
2008 KR14
2008 RQ106
2008 RA143
2008 RE145
2008 SJ111
2008 SW191
2008 SL207
2008 TJ76
2008 UF19
2008 UZ117
2008 UC124
2008 UT169
2008 UL171
2008 UL180
2008 UC195
2008 UE221
2008 UM248
2008 UZ278
2008 UN280
2008 UT284
2008 UF304
2008 UQ313
2008 VX7
2008 VG43
2008 VT60
2008 VR74
2008 WE9
2008 WB32
2008 WW40
2008 WC83
2008 XU26
2008 YE44
2008 YP55
2008 YJ107
2008 YQ161
2009 BW116
2009 BW125
2009 BK134
2009 DG36
2009 DX48
2009 DU72
2009 DW75
2009 DT135
2009 EX5
2009 ET16
2009 ES25
2009 FT58
2009 FB60
2009 HH5
2009 HZ31
2009 HR34
2009 HO67
2009 HP81
2009 HZ88
2009 HP100
2009 HS100
2009 JG12
2009 JR14
2009 JB15
2009 KA30
2009 LL1
2009 LV1
2009 QL11
2009 QO15
2009 QL28
2009 QS32
2009 QA44
2009 QT44
2009 QQ49
2009 RA10
2009 RX41
2009 RO76
2009 SS3
2009 ST12
2009 SO13
2009 SW27
2009 SJ64
2009 SP92
2009 SX148
2009 SR179
2009 SK197
2009 SU204
2009 ST237
2009 SX356
2009 UY35
2009 UL81
2009 VN12
2009 WV39
2009 WJ48
2009 WM64
2009 WR88
2009 WV103
2009 WE127
2009 WC176
2009 WD185
2009 WC187
2009 WH194
2009 WH198
2009 YK8
2009 YJ19
2010 AL82
2010 AJ83
2010 AP107
2010 AY132
2010 AB133
2010 BD3
2010 BM7
2010 BH18
2010 BP18
2010 BE23
2010 BU33
2010 BV37
2010 BW49
2010 BK90
2010 BA92
2010 BJ101
2010 BM112
2010 BP113
2010 BB115
2010 CR52
2010 CZ60
2010 CP84
2010 CG126
2010 CB192
2010 CR193
2010 CU230
2010 DU14
2010 DA83
2010 DG89
2010 EP76
2010 ED96
2010 EN158
2010 ET161
2010 FB1
2010 FK49
2010 FA51
2010 FU52
2010 FG70
2010 FR71
2010 FS75
2010 FZ96
2010 GY22
2010 GG37
2010 GA43
2010 GF44
2010 GJ45
2010 GS45
2010 GV49
2010 GV64
2010 GZ67
2010 GO74
2010 GX75
2010 GV79
2010 GU80
2010 GC84
2010 GO84
2010 GU85
2010 GC95
2010 GU123
2010 GF150
2010 GX155
2010 GC167
2010 HH11
2010 HM16
2010 HN26
2010 HO28
2010 HL32
2010 HQ32
2010 HL38
2010 HC42
2010 HW50
2010 HB56
2010 HV89
2010 HB96
2010 HK96
2010 JH6
2010 JN6
2010 JS11
2010 JF17
2010 JS17
2010 JU19
2010 JT24
2010 JT26
2010 JL51
2010 JG65
2010 JJ69
2010 JM97
2010 JJ125
2010 JN144
2010 KM1
2010 KC15
2010 KX31
2010 KA66
2010 KW73
2010 KX100
2010 KB111
2010 LK9
2010 LF17
2010 LJ23
2010 LW29
2010 LT50
2010 LJ99
2010 LV115
2010 LB123
2010 LW132
2010 MU3
2010 MV3
2010 MW7
2010 MM15
2010 MA31
2010 MG38
2010 MS40
2010 MB47
2010 MZ73
2010 MF77
2010 MW83
2010 MG85
2010 MF89
2010 NF57
2010 NX59
2010 NW62
2010 NF67
2010 NJ86
2010 OH18
2010 OT53
2010 OY55
2010 OA65
2010 OS93
2010 OV96
2010 OC108
2010 OA120
2010 PE
2010 PU3
2010 PR11
2010 PA17
2010 PY18
2010 PU20
2010 PR32
2010 PB34
2010 PK42
2010 PG51
2010 PJ51
2010 PA80
2010 RN32
2010 RH83
2010 RN100
2010 RF133
2010 SH22
2010 TS13
2010 TL58
2010 TL78
2010 TY185
2010 UW26
2010 UY37
2010 UE52
2010 UP62
2010 UU75
2010 UC104
2010 VN26
2010 VB38
2010 VN55
2010 VF126
2010 VW143
2010 VE161
2010 VS163
2010 VL174
2010 VA182
2010 VK204
2010 VY206
2010 VT209
2010 VF210
2010 WN11
2010 WJ20
2010 WC35
2010 WQ47
2010 WP59
2010 XR8
2010 YU2
2010 YY3
2011 AT30
2011 AE44
2011 BP42
2011 BW51
2011 BT52
2011 BC60
2011 BD68
2011 BB84
2011 BM87
2011 CH21
2011 CR23
2011 CK31
2011 CJ77
2011 DF14
2011 DG21
2011 FS23
2011 FD26
2011 FM26
2011 FX26
2011 FT34
2011 FZ36
2011 FP82
2011 GZ20
2011 GY31
2011 GT33
2011 GP35
2011 GE56
2011 GS56
2011 HX2
2011 HY2
2011 HQ14
2011 HG79
2011 JM10
2011 PU14
2011 QR36
2011 RL18
2011 SP8
2011 SS17
2011 SY63
2011 SP111
2011 SR117
2011 SB166
2011 SD188
2011 TQ3
2011 UJ103
2011 UP122
2011 UN126
2011 UD133
2011 UD135
2011 UZ193
2011 UB209
2011 UJ233
2011 UB265
2011 UD286
2011 US319
2011 VZ1
2011 VJ6
2011 WO
2011 WZ7
2011 WM20
2011 WC53
2011 WG64
2011 WO66
2011 WX70
2011 WK78
2011 WV92
2011 WR110
2011 WT151
2011 WM152
2011 YC2
2011 YL3
2011 YM3
2011 YP11
2011 YJ66
2012 BA6
2012 BB31
2012 BM61
2012 BU94
2012 DG37
2012 DF41
2012 DV54
2012 DP55
2012 FM16
2012 FL39
2012 FA63
2012 HP25
2012 HB38
2012 HE81
2012 JZ34
2012 KS41
2012 KR48
2012 PS23
2012 PT29
2012 PZ41
2012 QC9
2012 QO9
2012 QD25
2012 RO4
2012 RF13
2012 RJ22
2012 SZ25
2012 SH36
2012 SP39
2012 TF12
2012 TU36
2012 TM121
2012 TC134
2012 TC167
2012 TA177
2012 TF184
2012 TD217
2012 TS219
2012 TV223
2012 TT241
2012 TB249
2012 TX275
2012 UM4
2012 UX20
2012 UB24
2012 US60
2012 UJ70
2012 UW154
2012 US161
2012 UH176
2012 VA38
2012 VV41
2012 VL81
2012 WA20
2012 WN27
2012 WL29
2012 XD4
2012 XY8
2012 XK20
2012 XY27
2012 XR30
2012 XK42
2012 XG44
2012 XT64
2012 XO80
2012 XU97
2012 XY97
2012 XV100
2012 XX107
2012 XH118
2012 XD119
2012 XK122
2012 XM130
2012 YR8
2013 AT18
2013 AC45
2013 AB64
2013 AT84
2013 AN90
2013 CB2
2013 CK12
2013 CU19
2013 CS112
2013 CQ196
2013 DE4
2013 EM39
2013 EU54
2013 EA83
2013 EO114
2013 EJ142
2013 GW35
2013 GW59
2013 HA25
2013 HK78
2013 HH96
2013 JD19
2013 JG50
2013 NB12
2013 PK17
2013 PP19
2013 PS41
2013 PG62
2013 PV71
2013 QO24
2013 RK20
2013 RS27
2013 RE42
2013 RL45
2013 RP46
2013 SS22
2013 SB29
2013 SG53
2013 TA26
2013 TB50
2013 TE52
2013 TE82
2013 TJ137
2013 UZ9
2013 VN3
2013 VX3
2013 VA17
2013 WF10
2013 WR29
2013 WD41
2013 WY53
2013 WA98
2013 YV32
2013 YS60
2013 YT83
2013 YP93
2013 YC106
2013 YZ119
2013 YG129
2013 YV143
2014 AL2
2014 AK11
2014 AF20
2014 AP23
2014 AD35
2014 BG16
2014 DA2
2014 DY35
2014 DD50
2014 DF56
2014 DS58
2014 DN117
2014 DP135
2014 EW5
2014 EH6
2014 EM31
2014 FM3
2014 FC17
2014 FP51
2014 GL19
2014 HP11
2014 HQ21
2014 HG22
2014 HQ32
2014 HG132
2014 HR134
2014 HP141
2014 HZ161
2014 HR168
2014 HP177
2014 HV183
2014 JU38
2014 JB41
2014 KW15
2014 KP16
2014 KZ40
2014 KJ44
2014 KJ64
2014 KZ74
2014 KD93
2014 KF99
2014 LP6
2014 LF10
2014 NV
2014 NW18
2014 NK19
2014 NQ19
2014 NW23
2014 NM40
2014 ND59
2014 OZ21
2014 OG26
2014 OW27
2014 OJ29
2014 OH47
2014 OD56
2014 OR79
2014 OB91
2014 OC361
2014 ON102
2014 OE105
2014 OH105
2014 OD106
2014 OK113
2014 OZ124
2014 OW127
2014 OL133
2014 OA136
2014 OL137
2014 OK175
2014 OC178
2014 OG184
2014 OU186
2014 OY197
2014 OW200
2014 OY201
2014 OR203
2014 OS220
2014 OC239
2014 OL239
2014 OP276
2014 OB281
2014 OV318
2014 OB332
2014 OB349
2014 PB34
2014 QR94
2014 QB119
2014 QJ146
2014 QC424
2014 QX424
2014 QP180
2014 QY196
2014 QG202
2014 QA205
2014 QB211
2014 QP225
2014 QU225
2014 QO232
2014 QB248
2014 QY249
2014 QA269
2014 QR354
2014 SY19
2014 SQ53
2014 SL65
2014 SU96
2014 SA111
2014 SV116
2014 SN118
2014 SU132
2014 SD147
2014 SJ280
2014 SL339
2014 TP7
2014 TP12
2014 TG13
2014 TK14
2014 TJ22
2014 TC81
2014 TT84
2014 UY8
2014 UC10
2014 US16
2014 UK17
2014 UC44
2014 UH45
2014 UA66
2014 UO111
2014 UR153
2014 UB166
2014 UF199
2014 UA208
2014 VK16
2014 VL31
2014 VV31
2014 WX
2014 WQ40
2014 WQ44
2014 WJ58
2014 WS76
2014 WR99
2014 WU251
2014 WL341
2014 WA351
2014 WB376
2014 WQ133
2014 WL403
2014 WY188
2014 WL189
2014 WU189
2014 WE198
2014 WZ198
2014 WL207
2014 WK208
2014 WP215
2014 WU251
2014 WM256
2014 WB269
2014 WE272
2014 WB278
2014 WG278
2014 WM282
2014 WC293
2014 WE308
2014 WB315
2014 WL319
2014 WW325
2014 WL341
2014 XG2
2014 YX16
2014 YU22
2015 AU33
2015 AY38
2015 AB43
2015 AC65
2015 AZ88
2015 AJ112
2015 AD148
2015 AJ237
2015 AR260
2015 AT260
2015 BK7
2015 BT8
2015 BT37
2015 BW38
2015 BY40
2015 BR45
2015 BD55
2015 BV56
2015 BN58
2015 BH59
2015 BC62
2015 BD64
2015 BW64
2015 BD74
2015 BH74
2015 BH84
2015 BC86
2015 BP89
2015 BP98
2015 BJ106
2015 BN124
2015 BF126
2015 BY132
2015 BJ133
2015 BU133
2015 BD143
2015 BZ144
2015 BM410
2015 BR151
2015 BZ154
2015 BV155
2015 BR416
2015 BN164
2015 BO165
2015 BK426
2015 BG170
2015 BY430
2015 BE444
2015 BW450
2015 BH193
2015 BK454
2015 BZ195
2015 BW456
2015 BS200
2015 BP210
2015 BC222
2015 BM490
2015 BW232
2015 BN233
2015 BS233
2015 BC499
2015 BX242
2015 BP253
2015 BA257
2015 BZ258
2015 BM259
2015 BB352
2015 CM4
2015 CC6
2015 CW6
2015 CD16
2015 CY19
2015 CK39
2015 CD53
2015 CJ53
2015 CK57
2015 DG2
2015 DG16
2015 DA30
2015 DV33
2015 DE35
2015 DZ40
2015 DD43
2015 DC97
2015 DK115
2015 DU117
2015 DR152
2015 DH159
2015 DL160
2015 DR163
2015 DG168
2015 DW173
2015 DG177
2015 DQ178
2015 DF223
2015 EN6
2015 EH21
2015 EV22
2015 ES35
2015 EY37
2015 EQ42
2015 EY49
2015 FE19
2015 FB119
2015 FC144
2015 FW150
2015 FY173
2015 FO181
2015 FG185
2015 FN211
2015 FE316
2015 FL319
2015 FJ327
2015 FX331
2015 GY3
2015 GX4
2015 GM18
2015 GH22
2015 GW29
2015 GV41
2015 GF42
2015 GX44
2015 HU7
2015 HV12
2015 HR15
2015 HF18
2015 HP77
2015 HJ83
2015 HQ123
2015 HZ139
2015 KR5
2015 KB9
2015 KW9
2015 KN14
2015 KW16
2015 KX41
2015 KB65
2015 KV69
2015 KH112
2015 KX114
2015 KH134
2015 KV143
2015 KX151
2015 LD
2015 MV31
2015 MP57
2015 MQ89
2015 MA111
2015 MU127
2015 NK19
2015 OF7
2015 OR9
2015 ON17
2015 OO43
2015 OZ44
2015 OC73
2015 OD73
2015 PZ1
2015 PC3
2015 PX25
2015 PA26
2015 PN31
2015 PZ36
2015 PH40
2015 PL42
2015 PM44
2015 PX44
2015 PW47
2015 PU48
2015 PH52
2015 PP52
