id
79
163
305
604
883
1117
1472
1514
1530
1682
2006
2339
2831
2902
3119
3403
3500
3831
3942
4901
5272
5615
6007
6111
6164
6265
6520
6537
6567
6889
6961
6963
7320
7897
8134
8470
8930
9143
9290
9388
9413
9502
9600
10087
10509
10799
11124
11268
11269
11401
11718
12160
12207
12225
12465
12746
13063
14141
14417
14426
15528
15704
15983
16075
16091
16260
16488
16599
16848
17660
17735
18026
18170
18357
18516
18856
19035
19160
19707
19779
19781
20256
20893
21068
21895
22307
22679
22733
22869
22949
23044
23475
23481
23542
23660
23722
24028
24169
24186
24250
24278
24653
25030
25393
25973
25996
26059
26171
26779
27130
27286
27683
27756
27762
28047
28169
28405
28540
29120
29208
30154
30710
30812
31939
31951
32058
32694
32801
33063
33425
33513
33809
33866
34208
35869
36395
36692
37604
38256
38636
39125
39527
39585
39654
40558
40894
40919
41609
41889
41931
42109
42405
42893
42901
43399
43749
43907
43914
44178
44380
45138
46052
46398
46473
46832
46888
46961
47211
47739
47793
48058
48198
48273
48631
48855
48866
49256
49676
49813
49911
49925
50724
51420
51482
51657
52427
52764
52888
52933
53137
53671
53691
54016
54661
54739
56038
56374
56762
57093
57177
57196
57287
58181
58278
58764
58963
59230
59431
59456
59971
60323
60895
61058
61072
61111
61142
61262
61269
61375
61427
61504
61738
62040
63381
63610
63627
64145
64501
64758
64892
64940
65033
65380
65537
66184
66252
67518
67755
67819
67837
67931
68020
68567
68772
69053
69505
69753
70083
70229
70511
70896
71368
71878
71932
72158
73007
74064
74282
74562
74681
74769
74796
74879
74889
75228
75356
76067
76935
77274
77943
78494
79044
79078
79188
79201
79273
79405
79427
79538
79622
79831
79921
80122
80324
80765
80777
80894
81512
82165
82208
82345
82398
83052
83279
84122
84411
84501
84660
84895
85010
85142
85697
86059
86464
86621
86751
86799
86822
86937
86961
87039
87378
87475
87810
88004
88283
88347
88843
88853
88921
89188
89573
90070
90631
90674
90706
91029
91968
92456
92461
92559
92987
93140
94495
94730
94918
95086
95107
95623
95663
95756
96140
96352
97791
97795
97802
97817
97839
98254
98929
99533
99554
99710
99812
100155
100240
100582
100907
101014
101096
101162
101306
101438
101632
101995
102041
102208
102285
102320
102449
102600
103003
103363
103869
103987
104050
104186
104418
104515
104931
105187
106302
107071
107477
108108
108158
108210
108685
109016
109344
109404
109436
109546
110259
110528
111047
111189
111254
111580
111954
112146
112275
112750
113611
113668
114073
114265
114488
114494
114762
115040
115607
115890
116593
116654
116829
117139
117199
117443
117732
117886
117889
117940
117956
117969
117970
118000
118261
118290
118312
118361
118424
119427
119732
120459
120502
120635
120950
122165
122484
122608
123003
123139
124148
124375
124476
124507
124642
124900
124977
125384
125410
125471
125836
125971
126090
126450
126462
127804
127967
128163
128361
128664
128736
128764
128901
128907
129505
129779
129783
129873
130179
130180
130409
130872
130924
130944
131062
131110
131349
131378
132218
132556
132625
132991
133108
134132
134432
134469
134731
134826
135254
135579
135931
136217
136245
136479
136752
137115
137116
137194
137261
137417
137536
137862
137946
137963
138149
138185
138272
138288
138892
138950
139174
141590
141665
141678
141737
141747
141790
141895
141974
142194
142903
142946
143177
143291
143482
143798
144129
144304
144956
145087
145156
145206
145295
145822
145865
146202
146214
146352
146489
146975
147029
147150
147918
147928
147984
148045
148049
148111
148233
148333
148534
148678
149406
149505
149848
149918
150338
150489
150493
150542
150760
150811
151180
151520
151689
152033
152159
152199
152622
152697
153379
153394
153543
153646
153689
153944
154285
154552
155143
155457
155461
155554
155713
155925
156111
156186
156246
156268
156772
157096
157691
157906
158015
158415
158711
158722
158737
159412
159486
159499
160338
160411
160616
160697
160770
161150
161944
162114
162175
162461
162527
162995
163029
163775
163882
164573
164764
164932
164935
165141
165202
165245
165366
165992
166048
166241
166353
166470
166772
167145
167263
167280
167325
167405
168447
168882
169007
169123
169324
169546
170249
170338
170339
171466
171597
171772
171914
172424
172455
172497
173290
173495
174634
174657
174706
174801
175897
176025
176026
176084
176128
176142
176400
176718
176769
176792
176984
177203
177241
177315
177327
178050
178184
178347
178854
179012
179175
179205
179692
179904
179959
179960
179992
180352
181099
181193
181253
181315
181994
182382
183013
183320
183322
183353
183585
183787
183833
183939
184390
184601
184917
184955
185065
185118
185630
185729
186052
186077
186120
186211
186995
187077
187484
187879
187970
188062
188196
188462
188694
189266
189537
189672
189967
190078
190183
190322
190426
190521
190600
191682
191792
191975
192037
192385
192483
192718
193093
193394
193491
193571
194096
194110
194408
194620
194799
194860
195731
195926
197551
197765
197982
198390
199009
199053
199311
199650
200219
200596
200704
200785
200845
201455
201563
202128
202169
202455
202605
202886
202988
203190
203253
203257
203330
203568
203905
204046
204681
204808
205019
205138
205151
205233
205790
205847
206408
207586
207878
208078
208293
208308
208372
209027
209069
209146
209197
210087
210092
210120
210206
210766
210911
210994
211123
211220
211405
211515
211694
212254
212376
212418
212755
213100
213125
213602
213828
213915
214585
214901
214933
215309
216605
216622
216750
216953
217363
217482
217724
218258
219186
219242
219251
219306
219514
219570
219604
220156
220923
220971
222121
222477
222549
222551
222678
222702
222922
222953
222990
223017
223064
223128
223147
223537
223645
223659
224047
224377
224507
224633
225003
225165
225541
225639
225701
225748
226190
226254
226654
226690
227180
227435
227748
227800
228131
228509
228614
228743
229372
229394
229407
229938
230176
230454
230514
230582
230711
231095
231486
231489
232066
232109
232122
232178
232388
232497
232534
232616
233182
234014
234182
234373
234683
234948
235350
235811
236269
236398
236529
236537
236594
236732
236779
237116
238003
238235
238329
238516
239350
239405
240429
241705
241887
241904
242181
242424
242821
243021
243702
243937
244103
244214
244669
244983
245078
245692
246263
246422
246601
246781
246897
247452
247808
247862
248042
248598
248919
249015
249720
249970
250387
250463
251050
251637
252149
252199
253044
253252
253345
253493
253754
254138
254199
254250
254318
254355
254659
254764
255232
255464
255554
255645
255666
255679
255698
255717
255917
255918
256228
256249
257365
257693
258031
258590
258893
258918
258921
258976
259238
259412
259479
259748
260621
260666
262018
262081
262232
262274
262277
264234
264907
264916
265085
265200
265573
265741
266023
266079
266365
266587
266651
267918
267947
267965
268331
268645
270104
270213
270401
270617
270817
271038
271421
271423
271596
271624
271699
272118
272160
272222
272284
272444
272535
272615
272844
273406
273901
274306
274658
274804
274935
275090
275095
275610
276163
276233
276298
276441
276799
276837
277154
277193
278043
278242
278315
278862
278882
278885
279154
279267
279705
279812
279902
279943
280005
280278
280290
280298
280425
280437
280575
280593
280599
280855
280864
281555
281793
281855
282190
282442
282517
282522
283072
283212
283335
283387
283415
283476
284243
284557
284695
284746
285081
285217
285584
286054
286185
287065
287067
287211
287286
287447
287853
288687
288742
288743
288982
289410
290031
290234
290607
290802
290897
291671
291895
292068
292092
292427
292692
292728
293710
293721
294057
294076
294543
294544
295001
295178
295221
295573
295682
296112
296433
296489
296844
296973
297023
297291
297334
297493
298319
298414
298477
298606
298995
299446
300076
300362
301112
301960
302203
302282
302632
303025
303425
304152
304839
305243
305617
306172
306346
306365
306423
306764
306968
306993
307007
307022
307664
307856
308683
308759
308948
309054
309279
309294
310342
310438
310543
310590
310875
310932
311069
311717
312055
312566
313011
313252
313402
313696
313815
314076
314150
314699
315212
315230
315253
315270
315295
316092
316657
316757
317380
317406
317575
318070
318383
318443
318687
318904
319180
319221
319491
319513
319520
319557
319639
319752
319873
320343
320609
320787
320815
321309
322478
322510
322738
323218
324502
325059
325833
325849
326611
326641
326647
326747
326837
326855
326876
326905
327005
327148
327155
327429
327652
327766
327778
327898
328210
328243
328266
328511
328709
329451
329699
329741
329962
329980
330185
330587
331090
331538
331582
332277
332297
332542
332795
332870
333086
333142
333279
333582
333720
333830
334162
334185
334234
334359
334409
334462
334532
334567
334627
334642
335095
335188
335275
335299
335319
335456
335864
336091
336241
336690
337449
337869
337940
337948
338076
338139
338189
338235
338255
338513
338628
338777
339561
339768
339964
339975
340148
341152
342149
342428
342756
343169
343292
343383
343936
344637
344690
344890
344894
344931
345082
345107
345172
345293
345474
345698
345944
345948
345970
346118
346275
347171
347201
347272
347822
347953
348045
348276
348324
348656
348881
348966
349099
349180
349573
349608
349927
350066
350639
350737
350798
350892
351352
351530
351676
351905
352071
353011
353073
353224
353459
353832
354106
354402
354416
354849
354961
355378
355618
355800
356139
356178
356337
357409
357506
357588
357879
357991
358486
358741
359038
359096
359158
359294
359638
359718
359769
359838
360011
360224
360264
360401
360480
360576
361397
361660
362131
362325
362413
362624
362677
362707
363358
363441
363738
364700
365678
365985
366169
366228
367272
367699
367705
367769
368215
368226
368399
368474
368536
369234
369275
369510
370011
370078
370495
371529
371676
371984
372390
372805
373229
373371
373606
373643
373663
373770
373869
374054
374688
374953
376104
376418
376448
376664
377326
377578
377669
377671
377977
378127
378149
378296
378424
378920
379119
379199
379240
379460
380300
381018
381198
381398
381432
381439
381615
381760
382400
382621
382752
382942
383063
383121
383274
383370
383448
383567
384055
384120
384300
384305
385209
385349
385547
385693
385981
386630
386705
386882
386899
386999
387672
387775
387784
388430
389339
389357
389368
389414
389524
389771
389989
390121
391073
391088
391145
391443
391614
391858
392438
392576
393306
393444
393507
393585
393704
393741
393800
393832
394235
394879
395148
396197
396200
396329
396339
396343
397038
397504
397976
398953
399693
399844
400373
400399
400916
401004
401046
401920
401977
402178
402291
402494
402541
403488
403791
403972
404038
404114
405006
405008
405102
405142
405972
406169
406425
407384
408483
408615
408817
409273
410046
410364
410381
410389
411361
411558
411578
411617
411625
411785
412177
412878
412942
413016
413161
413424
413684
414131
414198
414659
414831
415123
415652
415782
416242
417466
417749
417804
417885
417887
418104
418130
418384
419613
419933
420781
421529
422032
422321
422856
423067
423102
423109
423461
423501
423646
423947
424176
424268
424599
425631
425806
425864
426175
426227
426300
426572
426997
427232
427398
427626
428596
428621
428690
428745
428763
429097
429439
429492
429503
429544
429589
429642
429991
430138
430217
430299
430757
431141
431770
431900
432021
432635
432708
432777
433230
433537
434409
435045
435129
435212
435969
436095
436227
436801
437040
437400
437893
437940
438034
438114
438192
438309
438510
439069
1995 OY10
1995 UU24
1996 TE36
1996 VL17
1998 XD4
1999 WP18
2000 SV359
2001 NO13
2001 SQ152
2001 SU269
2001 TO24
2001 TD89
2001 UL229
2002 CR308
2002 JH48
2002 NM80
2002 PN172
2002 PH198
2002 QG124
2002 RZ160
2002 RQ207
2002 RR218
2002 TS88
2002 TR107
2002 TF241
2002 VB112
2003 SA82
2003 SE108
2003 SD160
2003 SJ160
2003 SS163
2003 SO257
2003 SE262
2003 SS264
2003 SL319
2003 UJ42
2003 UB68
2003 UN89
2003 UE137
2003 UX414
2003 UY351
2004 FX21
2004 PN2
2004 PH32
2004 RY99
2004 RY153
2004 RM278
2004 SY23
2004 TH32
2004 VZ75
2004 XT9
2004 XK90
2005 ES11
2005 EE61
2005 EK210
2005 ET211
2005 GZ150
2005 NG71
2005 QA64
2005 RM22
2005 SN83
2005 SL142
2005 TK34
2005 TO145
2005 UY16
2005 UJ47
2005 UW121
2005 UK185
2005 UX460
2005 UM468
2005 UC209
2005 UV217
2005 UZ235
2005 UK523
2005 UC268
2005 UW309
2005 VF97
2005 WB36
2005 WN68
2005 WZ153
2005 WT160
2005 XE15
2005 XX60
2005 YU29
2006 BO109
2006 BR126
2006 BV126
2006 BL232
2006 DS33
2006 GG27
2006 HZ22
2006 QG4
2006 QM91
2006 QC102
2006 RK76
2006 RW82
2006 SY26
2006 SB109
2006 SA122
2006 SZ130
2006 SC210
2006 SM238
2006 SP272
2006 SS319
2006 SW330
2006 SM355
2006 TK10
2006 TC34
2006 TR62
2006 TY79
2006 TB81
2006 TF104
2006 UQ30
2006 UE82
2006 UM166
2006 UH139
2006 UM166
2006 VU32
2006 VS70
2006 WP37
2006 WN38
2006 WC79
2006 WO100
2006 WC151
2006 YF
2007 BM23
2007 CN61
2007 DZ19
2007 DM67
2007 EG17
2007 EY91
2007 EG202
2007 GM25
2007 HB31
2007 RG48
2007 RD54
2007 RP173
2007 RD295
2007 TZ4
2007 TP9
2007 TN39
2007 TZ91
2007 TU368
2007 TJ183
2007 TV204
2007 TL256
2007 TN288
2007 TC334
2007 TV350
2007 UE48
2007 UJ75
2007 UD85
2007 UY126
2007 UK140
2007 VP59
2007 VX96
2007 VZ154
2007 VZ185
2007 VZ310
2007 YC1
2007 YP66
2008 AE128
2008 DR59
2008 EU12
2008 EX50
2008 EX58
2008 FQ38
2008 FN51
2008 FT59
2008 FZ104
2008 FC129
2008 GG89
2008 HN41
2008 SE44
2008 SK46
2008 SA58
2008 SJ105
2008 SG158
2008 SX200
2008 TO50
2008 TW54
2008 TA96
2008 TC161
2008 TE165
2008 UB11
2008 UE71
2008 UB283
2008 UL154
2008 UU175
2008 UH337
2008 UU356
2008 WW27
2008 WC79
2008 WO99
2008 WO126
2008 XA24
2008 YX8
2008 YV96
2008 YH160
2008 YU170
2009 BU65
2009 CP45
2009 CD52
2009 CK52
2009 CU54
2009 DY56
2009 DX86
2009 DY115
2009 EL9
2009 FH17
2009 FL60
2009 QB1
2009 SV38
2009 TF48
2009 UB23
2009 UT66
2009 UQ83
2009 UH85
2009 US99
2009 VN17
2009 VJ40
2009 VL43
2009 VD95
2009 WN62
2009 WX88
2009 WJ136
2009 XX8
2010 AJ42
2010 AA78
2010 DT74
2010 EN80
2010 EO91
2010 FN26
2010 GN114
2010 GX114
2010 JX33
2010 JU43
2010 JG48
2010 JC158
2010 LY69
2010 MH60
2010 MM76
2010 RF62
2010 RU70
2010 RC98
2010 RA114
2010 RU115
2010 TC24
2010 TA41
2010 TO43
2010 TX86
2010 TM165
2010 TJ186
2010 UK10
2010 UZ61
2010 VV33
2010 VW51
2010 VV90
2010 VD116
2010 VN118
2010 VJ152
2010 VS216
2010 WJ62
2010 YG5
2011 AM2
2011 BF88
2011 BP118
2011 CY91
2011 EW13
2011 EO43
2011 FO53
2011 FE75
2011 FW149
2011 OW
2011 QL74
2011 SB62
2011 SE86
2011 SR103
2011 SJ117
2011 SX122
2011 SO124
2011 SL177
2011 TQ
2011 TD17
2011 UN25
2011 UX66
2011 UO89
2011 UB247
2011 UK112
2011 UG114
2011 UC146
2011 UC198
2011 UB247
2011 UH268
2011 UW293
2011 UZ336
2011 WL64
2012 BO
2012 BA89
2012 CZ13
2012 CQ43
2012 DY20
2012 DS23
2012 HE21
2012 JT13
2012 JJ21
2012 PC16
2012 PE20
2012 QJ33
2012 QS35
2012 RR31
2012 SZ46
2012 TQ19
2012 TD57
2012 TK84
2012 TJ118
2012 TY138
2012 TK171
2012 TK227
2012 TK277
2012 TV290
2012 TE302
2012 UD7
2012 UA12
2012 UP41
2012 UK63
2012 UJ83
2012 UM105
2012 UT132
2012 VH19
2012 VG52
2012 VA113
2012 WV9
2012 XV33
2012 XV36
2012 XT139
2012 XF156
2013 AU11
2013 AA69
2013 AY116
2013 BP41
2013 BA69
2013 CE2
2013 CN45
2013 CK79
2013 CX84
2013 CB107
2013 CF144
2013 CM179
2013 DJ2
2013 EU22
2013 EB66
2013 EM67
2013 EW121
2013 FU11
2013 GM127
2013 LN
2013 LD34
2013 LC35
2013 OF6
2013 OQ9
2013 QR47
2013 QH69
2013 QE92
2013 RZ12
2013 RY20
2013 RB22
2013 RF57
2013 RY85
2013 SE24
2013 SD27
2013 SQ53
2013 SG78
2013 SB82
2013 TL23
2013 TP43
2013 TH120
2013 TJ130
2013 TK134
2013 UB3
2013 WF13
2013 WM57
2013 WG104
2013 XV8
2013 YR60
2013 YD140
2014 AH25
2014 BB58
2014 CS17
2014 DM11
2014 DL70
2014 DL118
2014 EY30
2014 GA39
2014 GX46
2014 HJ33
2014 HE123
2014 HU146
2014 HQ156
2014 HM180
2014 KE17
2014 KX85
2014 LR16
2014 MZ25
2014 MU49
2014 MS61
2014 NH1
2014 NE37
2014 ND51
2014 NC59
2014 OZ58
2014 OV164
2014 OG177
2014 OG195
2014 OU295
2014 PA23
2014 PS26
2014 PT33
2014 QF100
2014 QC367
2014 QX109
2014 QT115
2014 QJ380
2014 QL382
2014 QX133
2014 QQ398
2014 QJ151
2014 QA153
2014 QY227
2014 QZ235
2014 QG277
2014 QQ306
2014 QP313
2014 QD331
2014 QX339
2014 RY46
2014 SO51
2014 SB54
2014 SU147
2014 SO157
2014 SV159
2014 SF201
2014 SM207
2014 SV307
2014 SU319
2014 SV331
2014 TF53
2014 TL73
2014 UX3
2014 UL10
2014 UN13
2014 UG51
2014 UE69
2014 UK92
2014 UL92
2014 UU93
2014 UO179
2014 WL60
2014 WH69
2014 WS181
2014 WP150
2014 WF433
2014 WX232
2014 XV37
2015 AO46
2015 AB230
2015 BP129
2015 BB132
2015 BN225
2015 BB269
2015 BT355
2015 CR17
2015 DT82
2015 DL105
2015 DL156
2015 DW201
2015 FE42
2015 HA56
2015 HH58
2015 KZ40
2015 OE2
1996 TV27
2000 QM106
2000 SZ328
2001 XS128
2002 BE18
2002 PN165
2002 PV189
2002 QQ106
2002 RY147
2002 RD210
2002 TL334
2003 AQ8
2003 GN47
2003 SL34
2003 WN2
2004 BP10
2004 TF142
2005 AE52
2005 CQ47
2005 EQ127
2005 NH50
2005 NQ53
2005 NF75
2005 SP161
2005 SY274
2005 SU282
2005 TS61
2005 TZ68
2005 TW101
2005 TR147
2005 UN363
2005 UU364
2005 US365
2005 UU367
2005 UH149
2005 UP460
2005 UU225
2005 UA323
2005 VP96
2005 VE106
2005 VF130
2005 VQ136
2005 XD45
2005 YV84
2005 YY147
2006 BU88
2006 BA282
2006 FY33
2006 JD25
2006 KV30
2006 OC27
2006 QU94
2006 RC32
2006 RO67
2006 SX84
2006 SL322
2006 TM3
2006 TB88
2006 TH127
2006 UF92
2006 UM129
2006 UN137
2006 UL246
2006 WX36
2006 WS92
2006 WM103
2006 WT113
2006 YR29
2007 CN28
2007 DZ15
2007 EO126
2007 FA17
2007 GM61
2007 HA81
2007 NQ1
2007 RC53
2007 TR2
2007 TN24
2007 TP78
2007 TJ110
2007 TQ193
2007 TJ269
2007 TA324
2007 TE329
2007 UL15
2007 UT35
2007 UG41
2007 UZ78
2007 UR116
2007 UU139
2007 VO30
2007 VR272
2007 VD274
2008 CE131
2008 CZ198
2008 GM17
2008 GX141
2008 HL19
2008 KQ3
2008 OA10
2008 OZ12
2008 RL52
2008 SB2
2008 SM61
2008 SK93
2008 SQ101
2008 SH200
2008 TR11
2008 TR119
2008 UU18
2008 UZ50
2008 UP120
2008 UJ123
2008 UL134
2008 US138
2008 UU181
2008 UQ229
2008 UB283
2008 UR299
2008 UB302
2008 WU130
2009 AB50
2009 EO10
2009 HY42
2009 HS61
2009 QQ29
2009 SO14
2009 SH23
2009 SB60
2009 SN88
2009 SY163
2009 UW6
2009 VS49
2009 WY26
2009 WJ30
2009 WB108
2009 WC189
2010 AO118
2010 BR31
2010 BS116
2010 CB3
2010 CV54
2010 CG78
2010 CE186
2010 DT30
2010 EM6
2010 HP105
2010 JL145
2010 KK87
2010 KE91
2010 LL27
2010 LM42
2010 MB115
2010 OA3
2010 RE15
2010 RV32
2010 RR55
2010 RG86
2010 TG30
2010 TS89
2010 TT106
2010 TH137
2010 UC10
2010 UK75
2010 UQ80
2010 VS72
2010 VA84
2010 VM153
2010 VO196
2010 WD7
2011 AK53
2011 BQ9
2011 BX113
2011 CG93
2011 CP104
2011 ET
2011 FR28
2011 FE34
2011 FD98
2011 GC50
2011 QT
2011 QX59
2011 RU1
2011 SZ99
2011 SK258
2011 UZ123
2011 US186
2011 UH245
2011 UT316
2011 WY14
2011 WC19
2012 BY48
2012 FT38
2012 FO59
2012 FE65
2012 JX2
2012 RV26
2012 RB35
2012 RF40
2012 SJ49
2012 TU5
2012 TM22
2012 TM84
2012 TW119
2012 TQ134
2012 TU178
2012 TQ201
2012 TZ201
2012 TZ208
2012 TA227
2012 TM231
2012 TR262
2012 TR297
2012 UX4
2012 UJ29
2012 UO38
2012 UX119
2012 UZ153
2012 VR11
2012 VM17
2012 VZ91
2013 CC2
2013 CV51
2013 CL175
2013 EY1
2013 ER5
2013 EA14
2013 EA110
2013 EV118
2013 FZ9
2013 HU35
2013 HP36
2013 HR50
2013 HD67
2013 HZ73
2013 HM87
2013 HW109
2013 HF125
2013 HR140
2013 HD141
2013 LS4
2013 NE3
2013 NL13
2013 NQ13
2013 PZ3
2013 RP51
2013 RP58
2013 RO84
2013 ST37
2013 TT21
2013 TU58
2013 TM121
2013 YE51
2013 YX90
2014 AG44
2014 BK22
2014 DL84
2014 HW12
2014 HR23
2014 HX24
2014 HB78
2014 JO14
2014 JR69
2014 LO6
2014 OQ32
2014 OM38
2014 OL67
2014 OF108
2014 OF372
2014 OV390
2014 OU253
2014 OH277
2014 OR302
2014 OU309
2014 QD390
2014 QM135
2014 QH200
2014 QK237
2014 SG134
2014 SZ154
2014 SF189
2014 SF328
2014 TE16
2014 UA4
2014 UX111
2014 UU118
2014 UT144
2014 WN35
2014 WE53
2014 WC94
2014 WB96
2014 WS165
2014 WO262
2014 WM101
2014 WS165
2014 WS181
2014 WO262
2014 WB285
2014 WC285
2015 AL33
2015 AM36
2015 BY1
2015 BQ18
2015 BD61
2015 BO83
2015 BY119
2015 BS120
2015 BP442
2015 BH196
2015 BV196
2015 BD228
2015 BU339
2015 FU123
2015 GG27
2015 HU62
2015 HT66
2015 HK94
2015 HQ95
2015 KJ25
2015 KQ36
2015 KF127
2015 KC143
2015 MN46
2015 NT9
2015 OZ1
2015 PH31
2015 PY46
