id
296
315
525
763
841
864
871
883
935
985
1026
1060
1131
1270
1314
1335
1338
1344
1377
1405
1446
1455
1496
1514
1536
1577
1608
1634
1648
1676
1682
1696
1704
1707
1739
1785
1797
1807
1810
1814
1823
1831
1837
1850
1855
1856
1879
1899
1905
1938
2017
2031
2033
2036
2087
2093
2156
2162
2171
2199
2253
2259
2275
2287
2341
2402
2409
2410
2411
2438
2467
2473
2486
2500
2510
2511
2512
2545
2554
2571
2575
2609
2633
2635
2637
2647
2648
2678
2714
2784
2795
2815
2820
2831
2839
2854
2862
2871
2873
2874
2880
2887
2888
2896
2912
2942
3002
3029
3031
3033
3067
3068
3077
3105
3165
3181
3221
3260
3306
3314
3382
3437
3459
3478
3500
3527
3533
3573
3605
3640
3680
3698
3722
3738
3807
3825
3918
3956
3982
3986
3998
4148
4150
4225
4263
4289
4299
4422
4606
4729
4774
5008
5069
5080
5235
5404
5448
5452
5518
5536
5754
6027
6192
6386
6418
6555
7360
7776
7792
10357
14257