id
174
392
1366
1702
1930
2053
2172
2378
5505
8848
9067
12386
12885
14177
15130
15697
18032
18464
18912
20859
21899
22169
23938
26056
26669
27532
28009
28226
28349
28739
29038
29214
33129
34281
35420
35548
36932
37616
38215
39545
41045
41224
41884
41891
42922
43298
43989
44304
48780
49614
49624
50571
52175
53245
54812
57688
58385
58608
58797
59786
65632
65704
66015
66519
69380
71133
72737
75405
75927
75932
76306
77731
78495
78651
78783
78881
81420
82711
84217
84414
84494
84576
86082
90201
90652
91114
91403
91655
91812
91870
95265
97242
98962
99703
99929
100813
101483
104210
104445
104452
104502
104799
105284
105549
105574
107296
108768
108812
109134
110206
110333
111519
111813
112453
112835
112866
113724
114006
114165
114777
115721
115966
116170
116422
117029
118758
120405
122904
123111
126987
127444
128020
128279
128730
129673
130186
133711
133957
134084
134312
134468
135031
135132
136368
136653
136761
137188
139535
139723
139729
139804
139862
139915
139987
140073
140218
140299
140438
140562
141060
141185
143053
143832
144375
145325
146120
146157
146413
146736
146864
148354
148364
150561
151784
156659
157678
162401
163356
164104
164180
164348
165105
169129
169872
170633
170996
171634
172276
172283
172366
173676
173846
174359
175009
175353
175981
176216
176287
176386
176409
179077
179350
180986
182637
183483
184534
185005
186245
187183
187913
188316
188498
188822
189805
191337
191810
197475
199363
200291
201228
201812
201842
203034
203779
204279
204519
204928
206051
206149
207693
208401
208896
209287
214061
217543
219450
220673
223281
223774
223797
225574
226876
226909
228672
229218
229637
231706
232622
232632
232829
232935
233567
234810
235320
235324
235943
238206
238648
239518
241870
242550
243414
244599
244952
244958
245142
245309
249713
249973
250720
252055
252622
252668
254896
254989
255137
256440
256493
256695
257452
257882
258248
260150
261181
261572
264221
265344
266478
267481
268088
268594
268641
269128
271123
271136
271145
271844
272995
273025
273072
274490
274740
274780
275133
276166
276194
276205
276546
279165
280179
281258
282593
282600
284640
286175
287236
288287
288894
290155
290188
290370
290455
292608
296263
296474
297078
297548
297554
297577
299675
299775
300728
300843
300844
300849
301768
301984
304329
304402
304504
306106
306874
306894
310274
310593
311334
311390
311776
311803
312406
316117
317229
318165
318177
318788
318877
320096
321018
321787
322180
323484
323503
323510
323822
325286
326482
327002
330714
331019
331456
331960
331967
332406
332546
332778
332973
334320
334440
334528
334776
334901
336844
338092
338108
338116
338152
338156
338220
340551
341194
341258
341259
342903
343033
344088
345986
346772
347348
351834
351837
354330
355092
355559
356452
358165
359277
359456
361034
361844
361860
362468
364493
364847
364879
364964
364979
365272
365307
366157
366792
367530
368453
368834
369412
369420
369638
369770
370501
370796
370815
370835
371250
372719
373236
373861
375409
377185
378750
378766
378781
379470
380450
380454
381470
383702
383984
384899
385146
385378
386939
387689
389142
389843
391271
392546
394249
395049
396224
397356
397407
398206
398234
399835
400438
401289
402298
403126
404352
405725
406240
406961
407123
408804
409591
410772
410869
411008
412707
412722
412973
414534
414629
416066
416617
416622
416625
417220
417254
419151
419913
422632
422892
422998
423028
423799
425129
425137
425229
426219
426269
427771
428397
428772
430089
430703
431132
435260
436306
437281
438359
439091
439151
439605
1998 ST18
1999 TB45
2001 SY213
2001 TN259
2001 VM23
2001 VZ129
2002 PV156
2002 QR104
2003 SF193
2003 SA345
2004 FR80
2004 TO64
2004 TS92
2005 HW3
2005 JP150
2005 SD46
2005 SM225
2005 TA34
2005 TP90
2005 UE223
2005 VL67
2005 VQ89
2005 XM37
2005 YO81
2006 AZ46
2006 BK23
2006 BA109
2006 HP61
2006 RT85
2006 SV221
2006 SK388
2006 SV221
2006 UN26
2006 UX213
2006 UX213
2006 WS105
2006 XU43
2007 BX24
2007 CC64
2007 DX86
2007 HY83
2007 LJ24
2007 OH10
2007 RO45
2007 RQ292
2007 TL189
2007 TP333
2007 UY43
2007 UJ83
2008 AB53
2008 EK39
2008 OY22
2008 RR112
2008 RK116
2008 SV95
2008 SO256
2008 TP54
2008 UH217
2008 WK75
2009 AR31
2009 HV48
2009 SK261
2009 SP318
2009 UR104
2009 VT84
2009 WF234
2010 BT40
2010 EW142
2010 LP50
2010 LO82
2010 MF102
2010 NF45
2010 RC5
2010 RC99
2010 RO150
2010 RL175
2010 SF13
2010 TB11
2010 TH82
2010 TU89
2010 VO179
2010 WZ68
2011 AW43
2011 EC80
2011 FT36
2011 FL150
2011 HW1
2011 HR96
2011 SC75
2011 SU95
2011 SZ199
2011 SV274
2011 TE5
2011 UE157
2011 UE360
2011 UU406
2011 UE157
2012 CX18
2012 GA13
2012 GC39
2012 RF12
2012 RT32
2012 SG64
2012 TK244
2012 UD163
2012 VF52
2012 VQ92
2012 VT110
2012 XU85
2013 CL70
2013 CJ136
2013 DR4
2013 EM2
2013 GN131
2013 HM32
2013 JJ50
2013 LS22
2013 PH65
2013 RQ1
2013 RL54
2013 RV57
2013 RC91
2013 SD23
2013 TF13
2013 TF90
2013 TW133
2013 VA18
2013 WE96
2013 XU17
2013 YD93
2014 DE42
2014 FC64
2014 GA32
2014 HV102
2014 HF183
2014 KM51
2014 MS62
2014 NF50
2014 NP62
2014 OS37
2014 OO372
2014 OQ385
2014 OU219
2014 OS297
2014 OH312
2014 OH344
2014 QK25
2014 QM310
2014 RZ1
2014 SW211
2014 SF214
2014 SC293
2014 UJ133
2014 US149
2014 VS9
2014 WT62
2014 WQ470
2014 WC237
2015 AC38
2015 AV45
2015 AB264
2015 BD78
2015 BO91
2015 CD62
2015 FU327
2015 HY178
2015 KC36
2015 LR24
2015 LH27
2015 MT
2015 NT25
2000 CN132
2000 KM40
2001 FU213
2001 QV306
2001 SP126
2001 UT198
2002 QY105
2002 RL289
2002 TM367
2002 TO359
2002 XT117
2003 QE120
2003 SZ74
2003 SR116
2003 ST413
2003 SZ431
2004 FW144
2004 TN3
2004 TX97
2004 TW262
2004 VO42
2004 VS52
2004 XP62
2005 BE38
2005 GD98
2005 JJ7
2005 PE24
2005 QM131
2005 SE58
2005 SF140
2005 SV208
2005 UM170
2005 UQ487
2005 UT515
2005 VQ27
2005 WH146
2006 BX47
2006 DW2
2006 JP75
2006 SD157
2006 TG113
2006 UA125
2006 UT279
2006 VX9
2006 VT66
2006 XT22
2007 DW17
2007 EP149
2007 RQ91
2007 TW22
2007 TF54
2007 TK375
2007 TD317
2007 TA345
2007 UY109
2007 VY236
2007 VR306
2008 AT53
2008 AN54
2008 AF117
2008 CK83
2008 CD171
2008 CQ213
2008 ES45
2008 ER96
2008 GK117
2008 TW14
2008 UO18
2008 UY209
2008 UX304
2008 YO20
2008 YL56
2009 BL135
2009 DU67
2009 JJ5
2009 KN32
2009 SZ8
2009 SR140
2009 SN224
2009 VF13
2009 VB18
2009 VM88
2009 VL107
2009 XM7
2010 BJ82
2010 BN111
2010 EZ95
2010 GC45
2010 GP163
2010 HU9
2010 HQ85
2010 HH111
2010 JO8
2010 JH13
2010 JJ22
2010 KQ48
2010 KE114
2010 LA52
2010 LE128
2010 MS18
2010 MG48
2010 MD62
2010 MH85
2010 NY23
2010 OB6
2010 SD31
2010 TT52
2010 UV9
2010 UR17
2010 VT140
2010 VM192
2010 VK219
2010 XQ87
2011 BM145
2011 CQ67
2011 DJ50
2011 EC85
2011 FV16
2011 FJ66
2011 FQ71
2011 GD84
2011 HH77
2011 QH26
2011 RD17
2011 SY47
2011 SF136
2011 SZ229
2011 US365
2011 UN162
2011 WC37
2012 BJ8
2012 RA20
2012 SD46
2012 TO117
2012 TC121
2012 TX121
2012 TH152
2012 TF183
2012 UQ52
2012 UH72
2012 VO52
2012 VW92
2013 AD12
2013 BL74
2013 CE38
2013 CW65
2013 CX219
2013 FE2
2013 GQ2
2013 HL32
2013 HR32
2013 HY99
2013 QH28
2013 RT
2013 RF48
2013 SM8
2013 TJ33
2013 WU51
2013 YA137
2014 DR53
2014 JT1
2014 JR42
2014 KP31
2014 MG40
2014 NH14
2014 NH35
2014 OY64
2014 OT94
2014 OK375
2014 OV384
2014 OG158
2014 OD248
2014 QF39
2014 QC374
2014 QB171
2014 QJ241
2014 QF301
2014 RT10
2014 SM62
2014 TF49
2014 WW288
2014 WV178
2014 WR199
2014 WW288
2014 WJ290
2015 AX35
2015 AA48
2015 BT123
2015 BR155
2015 BM235
2015 BC245
2015 BH286
2015 CA15
2015 CR54
2015 DK86
2015 DZ92
2015 FM77
2015 GO23
2015 GN34
2015 KE135
2015 MT2
2015 MO6
2015 NG4
2015 OJ65
2015 PX47
2015 PS53
