id
419
738
1010
1111
1671
1809
2054
2268
2344
2611
2681
2724
2782
3079
3434
3889
4723
5868
5966
6691
7277
7345
7533
7595
7666
7690
8539
8656
8776
8904
9408
9456
9490
9501
9914
10534
10975
11003
11111
11527
11935
12076
12285
12343
12386
12388
12586
12594
12695
12775
12875
13756
13865
14189
14288
14900
15011
15443
15879
16135
16493
17355
17456
17490
17937
18076
18080
18154
18706
18986
19178
19192
19322
19751
19860
19891
19993
20123
20584
21081
21839
21859
22372
22902
22920
22962
22994
23041
23434
23564
23872
24330
24368
24522
24551
24618
24637
24738
25171
25241
25300
25303
25313
25398
26769
27680
27785
27984
28009
28097
30286
30413
30417
30447
30801
30904
31192
31218
31266
31903
32352
32656
32732
32819
32948
34408
34917
35251
35481
35747
35863
35955
35992
36325
36461
36529
36806
37095
37425
37773
38001
38177
38211
38384
38566
38653
38667
38894
38944
39149
39308
39340
39475
39669
39752
39893
40023
40124
40575
40601
40886
41197
41228
41291
41368
41465
41732
42454
42730
42751
43870
44266
44327
44375
44457
45292
45674
46145
46296
46318
46322
46555
46899
46942
46956
47025
47812
47882
47895
47909
48358
48465
48557
48596
49176
50464
50857
50902
51079
51847
51884
52085
52138
52414
52416
53297
53332
53470
54189
54429
54590
54733
54875
55036
55055
55137
55193
55357
56230
56914
57063
57190
57690
57766
57768
58047
58376
58394
58513
58674
58724
58730
58978
59005
59099
60219
60576
60984
61136
62234
62298
62358
62449
62562
63069
63467
63523
63525
63771
65175
65329
65416
65691
65786
65850
65990
66477
66491
66583
66606
66640
66911
66922
66938
67075
67126
69044
69183
69891
69934
70526
70534
70595
70609
70621
71039
71040
71268
71537
72718
72820
73333
73683
73748
73918
74161
74190
75037
75674
75860
76134
76161
76164
76214
76306
76518
76529
76569
77283
77492
77593
77609
78238
78291
78543
78621
78665
78831
78950
79059
79115
79577
79602
79818
79854
80703
81923
81956
82593
82753
82783
82846
83067
83191
83260
83327
83549
83581
83690
83712
83719
84116
84172
84601
85719
85780
85791
86659
87140
87207
87356
87374
87391
87396
87567
87568
87792
87868
88033
88103
89036
89373
89835
90360
90580
90823
90905
91687
91783
91919
92044
92971
93231
93441
93472
93592
93700
93747
93837
93879
93901
94081
94090
95576
96109
96886
96917
97059
97067
97097
97272
97468
98679
98829
99209
99730
99887
100074
100138
100261
100357
100658
100718
100844
101020
101064
101163
101182
101219
101231
101322
101468
102010
102441
102669
102711
102882
102969
103290
103296
104049
104559
104635
104754
104904
105037
105054
105420
105931
106065
106214
106275
107625
107967
107982
108193
109088
109120
109175
109192
109198
109217
109778
109833
109895
109988
110172
110262
110445
110503
110522
110874
111395
111451
111598
111634
112100
112412
112632
112675
112679
112972
113011
113330
113437
114715
114917
115209
115371
115681
115754
115986
116059
116088
116380
116473
116515
117140
117168
117284
117453
117865
117936
117937
117938
117951
118097
118143
118203
118637
118719
119311
119565
119751
119916
119924
120070
120344
120448
120552
121187
121196
121214
121362
121484
122230
122242
122302
122332
122398
122567
122611
122697
122717
122804
122887
123189
123286
123289
123299
123376
123785
124034
125929
126082
126547
126617
126648
126658
126686
126712
126833
126863
126866
126883
126917
127001
127159
127332
127360
128142
128294
128538
128628
128773
128865
128867
128992
129486
129658
129671
129707
129880
129927
129934
130047
130061
130096
130107
130286
130327
130729
131249
132730
132789
132898
133714
133806
134024
134069
134084
134107
134301
134308
134407
134454
134491
134752
134992
135503
135968
136061
136336
136616
136996
137009
137029
137048
138033
138317
138398
138964
139366
139464
139529
139549
139865
139883
139915
139923
139999
140144
140159
140214
140426
140698
140702
141005
141017
141159
141185
141213
141300
141375
142255
142318
142677
142708
142921
142967
143032
143186
143286
143490
144188
144627
144700
145136
145251
145383
145537
145558
145659
145662
145825
146164
146462
146511
146648
146750
146835
146917
147084
147404
147571
147788
147881
147914
148605
148888
148902
149080
149428
149477
149860
149946
150008
150164
150314
150494
150631
150890
151065
151207
151251
151274
152411
152542
152668
152777
152814
152823
152851
153044
153063
153091
153140
153428
153521
153549
153769
153807
153987
154078
154084
154895
154940
154985
154987
155153
155239
155313
155321
155364
155397
155437
155527
155840
156195
156563
156590
156653
157006
157007
157033
157144
157336
157445
157447
157465
157652
157699
157715
157819
157893
158087
158551
158946
159157
159212
159874
160047
160589
160612
160750
160833
161115
161398
161409
161658
161816
162128
162137
162263
162367
163410
163496
163516
163824
164031
164179
164638
164889
164924
164964
164971
165884
165926
166516
166572
167139
167147
167215
167313
167387
167474
167480
167483
168183
168221
168263
168312
168336
168683
169176
169214
169705
170091
170442
170697
171136
171407
171418
171894
171915
172267
172322
172337
172629
172637
172671
172765
172940
173223
173883
173895
173918
174033
174187
174883
175079
175586
175673
175763
175765
176255
176286
176297
176783
176910
176985
177235
177504
177625
177763
177848
177979
178173
178179
178323
178412
178894
178916
178943
179023
179052
179108
179174
179284
179526
179789
179792
179982
179988
180698
181130
181179
181206
181242
181334
181676
181856
182077
182396
182903
183071
183280
183462
183773
184487
184622
184655
184763
184772
184803
184849
184918
185203
185233
185234
185294
185327
185513
185614
185890
185909
186020
186209
186219
186252
187259
187311
187367
187430
187652
187882
188503
188796
188799
189043
189063
189288
189506
190161
190671
191365
191464
191521
191680
191861
192023
192132
192244
192336
192465
192783
192813
193261
195357
195567
195661
195964
196139
196600
196678
196719
197015
197024
197091
197145
197151
197503
198047
198061
198131
198353
198373
198506
198539
198554
198579
198749
199188
199670
199843
199895
200189
200233
200237
200540
201099
201523
201535
201560
201569
201576
201634
201730
201735
201749
201932
202071
202130
202261
202294
202617
202661
202835
202954
202955
202956
202997
203305
203779
203824
203840
204102
204173
204276
204476
204536
204615
204894
204896
204928
204956
205085
205117
205198
205204
206047
206059
206099
206208
206442
206528
206616
206740
206817
206971
207032
207211
207227
207339
207375
207448
207597
207776
207896
208317
208466
208771
208842
208929
209158
209216
209344
209809
209843
209878
210134
210388
210813
210933
210957
210961
211272
211334
211346
211362
211587
211635
211681
211749
212467
212493
212503
212596
212646
212678
212776
212850
212891
213122
213287
213388
214038
214277
214393
214779
215356
215696
215936
215969
216381
216681
217555
217943
217967
218022
218028
218045
218351
218353
218412
218910
218995
219220
219336
219485
219664
219672
219759
219939
220593
220604
220658
220710
220794
221188
221198
221242
221295
221313
221731
222246
222256
222471
222508
222656
222726
222787
222809
222853
223714
223908
223918
224540
224734
224902
225401
225458
225867
225930
226527
226722
226751
226763
226917
227030
227551
227624
227640
227645
227647
227685
227691
227712
227929
227985
228167
228178
228221
228326
228351
228551
228602
228625
229182
229204
229218
229617
229644
229650
229757
229823
229903
230042
230049
230660
230864
231356
231364
231370
231580
231674
231847
231855
231856
231876
232243
232267
232356
232886
232964
233855
234001
234146
234236
234264
235173
235315
235760
235762
235947
236013
236379
236545
236830
236937
236959
237578
237970
238117
238412
239275
239428
239450
239470
239549
240979
241221
241276
241303
242050
242137
242525
242609
243011
243195
243575
243999
244036
244177
244479
245049
245232
245415
245869
245915
246045
246068
246261
246468
246643
246645
246924
247193
247327
247542
248431
248659
248774
248901
248956
249527
249997
250155
250172
250624
250678
250779
250794
251051
251277
251321
251899
252077
252316
252404
252472
252564
252627
252718
252747
253064
253080
253249
253280
253317
254626
254670
254758
254792
254889
255033
255073
255112
255118
255296
255352
255416
255833
256032
256090
256146
256199
256394
256436
256516
257168
257190
257340
257379
258050
258086
258145
258180
258229
258231
258327
258458
258501
258971
259197
259234
260302
260320
260339
260542
260900
261097
261473
261775
261822
262145
262458
262644
262701
262786
262866
262886
263004
263602
264160
264416
264426
264583
264620
264765
264927
265102
265453
265670
265742
265813
265901
266011
266016
266590
266760
266799
266852
266864
266865
266875
266934
267085
267098
267190
267308
267421
267586
268164
268332
268339
268394
268449
268509
269220
269366
269510
269552
269587
269591
269690
269738
269931
269974
270141
270222
270359
270497
271211
271257
271829
271839
271930
272405
272710
272764
272795
272872
272905
272941
273257
273888
274151
274294
274324
274331
274359
274405
274435
274545
274644
274663
274759
274768
275048
275174
275201
275238
275301
275665
275704
275737
276010
276261
276817
276829
277471
277693
277748
277811
278608
278641
278889
278931
279038
279600
279777
280296
280635
281636
281740
281804
281836
281953
282054
282786
282943
282987
283240
283353
283438
283662
283673
283730
283835
283847
284540
284554
284580
284588
284621
285042
285479
285593
285914
285947
286324
286971
287003
287068
287072
287412
287543
287997
288008
288115
288129
288173
288389
288583
288620
288758
288964
289252
289424
289546
289856
289907
290047
290475
290491
290528
290552
290575
290697
290715
290901
291025
291028
291186
291804
291961
292260
292799
293122
293217
293309
293426
293548
293890
293981
294119
294331
294843
295139
295423
295773
295894
295996
296110
296258
296593
296632
296841
297179
297351
297731
297994
298123
298193
298255
298531
298634
298689
299153
299321
299677
299891
300778
301304
301468
301950
302192
302249
302717
303031
303818
304216
304303
304558
304679
304989
305021
305057
305365
305486
305497
305794
306368
306391
306494
306566
306599
306906
307276
307326
307363
307509
307578
307787
308619
308865
308871
308885
309115
309148
309354
309566
309633
310036
310069
310781
310995
311327
311385
311426
311515
311687
311688
313183
313391
313399
313562
313720
313885
313935
314394
314422
314744
314790
314857
315031
315080
315176
315556
315823
316120
316215
316474
316490
316616
316822
317603
317829
318810
318828
318999
319057
319108
319271
319303
319304
319358
319775
320081
320157
320583
320660
320705
320797
320833
321051
321223
321531
321981
322089
322820
323564
323919
324032
324055
324085
324113
324143
324147
324204
324415
324499
324635
324746
324767
325575
325630
326210
326219
326447
326984
327424
327479
328759
329309
329581
329809
330021
330112
330128
330187
330401
330418
331080
331264
331295
332095
332618
332624
332649
333258
333860
333940
334008
334842
334876
334877
334888
335043
335143
335160
335172
335206
335564
335980
336197
336203
336204
336305
336327
336363
336402
336424
336503
336717
336988
338055
338156
338200
338298
338531
338532
338600
338602
338657
338733
338758
338822
339275
339375
339383
339396
339437
339453
339487
340478
340549
340647
340763
340778
341054
341079
341235
341288
341365
341425
341461
341478
341552
341555
341556
341757
341780
342237
342560
342568
342894
343038
343140
343388
343678
344104
344164
344496
344664
344728
344745
344781
345004
345022
345033
345988
346224
346683
346695
346735
346742
346757
346758
346794
346831
347104
347656
348111
348207
349801
349835
349881
350482
350501
350535
351047
351050
351052
351097
351105
351145
351902
351997
352003
352089
352167
352183
352320
353119
353408
353524
353784
353851
354283
354304
354442
355009
355459
355894
356092
356184
356503
356547
356661
356997
357093
357797
358360
358729
358751
358829
358847
359492
359565
359617
359780
359981
359991
360234
360476
360595
360664
360978
362527
363153
363160
363818
363874
363888
363965
364066
364087
364279
364868
364907
365227
365551
365659
365721
366400
366403
366413
366752
366838
366955
366970
367174
367350
367541
367574
367585
367600
367793
367809
367937
368027
368178
368586
368690
368730
368731
368788
368797
369045
369151
369155
369385
369407
370152
370157
370583
370846
370963
370977
371012
371015
371035
371057
371101
371127
371133
371149
371174
371250
371264
371270
371292
371312
371701
371735
371917
372198
372538
372625
372711
372943
373107
373559
373587
374095
374109
374447
374497
374559
375821
375870
376036
376421
376566
376799
376937
376951
377202
377369
377424
378756
379270
379450
379457
379482
380098
380165
380177
380299
380353
380393
380558
381448
381491
381567
381619
382284
382464
382786
382823
382904
383626
383877
383924
384011
384050
384074
384124
384169
384564
384854
384999
385059
385187
385584
385851
386230
387019
387133
387315
387540
387659
387762
388676
388713
388729
388928
389084
389103
389151
389233
389807
390458
390811
390878
391519
391566
391618
392665
392771
392776
392884
393207
393336
394193
394682
394800
394987
395076
395398
395525
395633
395642
395698
395922
396007
396196
396358
396700
396702
396958
396986
398071
398173
398256
398911
399054
399060
399188
399252
399502
399507
399509
399894
400019
400102
400119
400127
400157
400176
400699
401256
401889
401956
401970
402276
402368
402369
402397
402428
402564
402575
402633
402686
402700
402701
402753
403050
403147
403312
403572
403635
403647
403675
403697
403976
404596
405050
405172
405363
405570
405612
405615
405717
405758
405956
406046
406063
406097
406105
406138
406242
407458
407468
407476
407634
408067
408080
408233
408285
408492
408990
409013
409462
409471
409515
409559
409909
409912
410026
410039
410110
411112
411369
411505
411538
412277
412537
412707
412787
412919
412923
412950
413054
413065
413068
413205
413627
413632
413640
413654
413667
413727
413761
414536
414855
415691
415856
415860
415896
417017
417223
417227
417343
417372
417632
417636
418493
419066
419189
419241
419291
419329
419752
419915
420188
420194
421567
421631
421722
421743
421814
421956
422135
422165
422578
422630
422806
422818
422830
423192
423476
423516
423527
423565
423638
423656
423734
423769
424689
424738
425052
425163
425180
425275
425809
426188
426903
427006
428395
428501
428696
428867
428906
429188
429225
429730
429887
429902
430151
430211
430369
430474
430581
431087
431589
431817
431851
431893
432045
432417
432475
432490
432984
433229
433234
433439
433522
433553
433818
433894
433915
433924
434216
434293
434663
434725
434727
434758
435196
435230
435261
435575
435604
436574
436936
437169
437202
437438
437555
437571
437718
437981
438300
438312
438517
438951
1994 UU9
1997 TZ16
1998 BY7
1998 SQ122
1999 US54
2000 QG252
2000 SZ37
2000 US64
2001 CM47
2001 FY211
2001 HX13
2001 QJ6
2001 RF20
2001 SB95
2001 SV332
2001 UD166
2001 UK213
2001 VZ5
2001 XG1
2002 GY62
2002 NN75
2002 NM79
2002 PW171
2002 PW183
2002 QZ50
2002 QQ69
2002 QK116
2002 QH131
2002 RD95
2002 RL159
2002 RB243
2002 RL264
2002 VV24
2002 XA119
2003 QV32
2003 QV117
2003 RU27
2003 SO103
2003 SJ208
2003 SO103
2003 SV104
2003 SY371
2003 SD372
2003 SJ208
2003 SQ281
2003 SY299
2003 ST332
2003 TS40
2003 UJ78
2003 UN376
2003 UF125
2003 UD275
2003 UM332
2003 VJ4
2003 WF13
2003 WW30
2003 WH98
2003 WZ181
2003 YV36
2004 AK18
2004 CO12
2004 DW29
2004 RH63
2004 TX41
2004 TY90
2004 TK159
2004 TS161
2004 TJ183
2004 TQ183
2004 TQ296
2004 VE63
2005 AP21
2005 BX45
2005 EY187
2005 GO187
2005 LD52
2005 QG17
2005 QJ95
2005 QL99
2005 QE102
2005 QF102
2005 QQ117
2005 QY186
2005 SB15
2005 SZ76
2005 SP230
2005 SA248
2005 SA277
2005 SR290
2005 TV108
2005 TA144
2005 TA150
2005 TN166
2005 UA45
2005 UC51
2005 UC133
2005 UX133
2005 UR401
2005 UJ406
2005 UU452
2005 UO471
2005 UY218
2005 UO224
2005 UE226
2005 UX286
2005 UX343
2005 UA348
2005 VM29
2005 VD54
2005 VG112
2005 VJ126
2005 WT23
2005 WT24
2005 WJ70
2005 WC93
2005 YO72
2005 YD88
2005 YD135
2005 YB152
2005 YT200
2006 AB62
2006 AR80
2006 BV109
2006 BD231
2006 BB284
2006 DP99
2006 DD143
2006 DU154
2006 GS18
2006 JK16
2006 QM115
2006 RV8
2006 RT30
2006 RH44
2006 RD81
2006 RX87
2006 RU89
2006 SB17
2006 SZ91
2006 SU294
2006 SX341
2006 SG404
2006 ST189
2006 SN215
2006 SE232
2006 SU294
2006 SK301
2006 SV327
2006 SF329
2006 SX341
2006 SU343
2006 TT38
2006 TX42
2006 TA73
2006 TD84
2006 TF126
2006 TQ129
2006 UD10
2006 UZ28
2006 UM62
2006 UV63
2006 UP74
2006 UZ125
2006 UK130
2006 UW211
2006 UA220
2006 UH220
2006 UL273
2006 UB281
2006 UK335
2006 VL9
2006 VR16
2006 VH56
2006 VP61
2006 VE103
2006 VC123
2006 WG37
2006 WS105
2006 WE167
2006 XL39
2006 XG67
2006 YG28
2006 YW38
2006 YM54
2007 BO76
2007 DL38
2007 MW17
2007 QG3
2007 QO14
2007 RO45
2007 RU54
2007 RO174
2007 RA188
2007 RR190
2007 RH240
2007 RA274
2007 RD298
2007 RD317
2007 RZ321
2007 TS63
2007 TN69
2007 TJ85
2007 TU86
2007 TZ114
2007 TP126
2007 TB104
2007 TO105
2007 TZ114
2007 TJ122
2007 TP126
2007 TH192
2007 TX201
2007 TB202
2007 TS224
2007 TP237
2007 TU312
2007 UH29
2007 UQ51
2007 UB84
2007 UE85
2007 UZ138
2007 VU8
2007 VZ20
2007 VO39
2007 VL72
2007 VW100
2007 VB122
2007 VL139
2007 VA142
2007 VH142
2007 VE149
2007 VN188
2007 VO281
2007 VV293
2007 VU314
2007 VN325
2007 VV329
2007 XF4
2007 XZ9
2007 XJ44
2007 YH1
2008 AG5
2008 AL28
2008 AL51
2008 AX73
2008 AZ76
2008 AC92
2008 AW104
2008 AD133
2008 AJ134
2008 AQ137
2008 CC10
2008 CW18
2008 CP23
2008 CY33
2008 CX57
2008 DH34
2008 ES5
2008 EJ64
2008 FO35
2008 FM64
2008 FB83
2008 GU28
2008 HF67
2008 PA20
2008 RR88
2008 RE117
2008 SP16
2008 SD27
2008 SK55
2008 SB79
2008 SU94
2008 SF100
2008 SK159
2008 ST257
2008 SS280
2008 SZ282
2008 SJ299
2008 TP54
2008 TM65
2008 TM70
2008 TP112
2008 TM163
2008 UX12
2008 UJ61
2008 UM66
2008 UW69
2008 UB108
2008 UK108
2008 UU116
2008 UR123
2008 UK141
2008 UU165
2008 UX182
2008 UR185
2008 UZ189
2008 UV199
2008 UA222
2008 UO266
2008 UD275
2008 UT285
2008 UJ291
2008 UA300
2008 UN301
2008 UV329
2008 UM358
2008 VH25
2008 VP61
2008 VP71
2008 VV71
2008 WX5
2008 WZ8
2008 WG30
2008 WJ54
2008 WB64
2008 WM78
2008 XJ13
2008 XT31
2008 XF33
2008 YT12
2008 YP24
2008 YP36
2008 YT54
2008 YC97
2008 YH101
2009 AU5
2009 AN27
2009 AR31
2009 AQ39
2009 BZ13
2009 BJ38
2009 BO87
2009 CS
2009 DL1
2009 DK19
2009 DU49
2009 FS76
2009 HQ16
2009 RO29
2009 RT41
2009 SQ86
2009 SX100
2009 SS133
2009 SM158
2009 SK159
2009 SP203
2009 SE289
2009 SK322
2009 SR327
2009 SS346
2009 SK357
2009 UG22
2009 UQ31
2009 UT108
2009 UW141
2009 UC149
2009 VS60
2009 WJ36
2009 WO84
2009 WC89
2009 WU94
2009 WE216
2010 CF78
2010 CD127
2010 EF43
2010 EH129
2010 JG78
2010 MN17
2010 NG77
2010 PZ79
2010 RN49
2010 RL88
2010 RZ122
2010 RV123
2010 RB129
2010 TD14
2010 TR26
2010 TR39
2010 TC42
2010 TF61
2010 TG63
2010 TW90
2010 TU99
2010 TR103
2010 TT138
2010 TP143
2010 TW152
2010 TT169
2010 TW174
2010 UG15
2010 UR44
2010 UA84
2010 VF
2010 VX14
2010 VO37
2010 VJ78
2010 VX127
2010 VB128
2010 VA150
2010 VA207
2010 VY215
2010 VM218
2010 XA12
2010 XR12
2011 AJ4
2011 BJ3
2011 BK71
2011 BO86
2011 EL7
2011 EU38
2011 EH79
2011 FK21
2011 GV14
2011 HM63
2011 KB27
2011 LJ15
2011 QS17
2011 QD40
2011 RK1
2011 RO9
2011 RO10
2011 SE37
2011 SO57
2011 SQ91
2011 SM111
2011 SC175
2011 ST183
2011 SZ199
2011 SW208
2011 SD250
2011 SO256
2011 UD7
2011 UX37
2011 UO82
2011 UR116
2011 UE157
2011 UT262
2011 UZ297
2011 UR116
2011 UM133
2011 UE157
2011 UP187
2011 UY198
2011 UZ255
2011 UT262
2011 UZ297
2011 WF13
2011 WC58
2011 WY69
2011 WH87
2011 XN1
2011 YN16
2011 YU24
2011 YX46
2011 YH58
2012 AH8
2012 AF19
2012 BK24
2012 BJ78
2012 CA23
2012 DG89
2012 JT2
2012 JR24
2012 KK16
2012 KP20
2012 MN2
2012 QZ18
2012 QK45
2012 QB49
2012 RP21
2012 SU15
2012 ST36
2012 SQ50
2012 TB26
2012 TR34
2012 TV55
2012 TD56
2012 TF59
2012 TZ68
2012 TR98
2012 TO122
2012 TF141
2012 TS215
2012 TX224
2012 TK256
2012 TT273
2012 UB4
2012 UR49
2012 UT49
2012 UX85
2012 UQ90
2012 UN94
2012 UU97
2012 UJ137
2012 UB151
2012 UC164
2012 VN7
2012 VX58
2012 VV68
2012 VA72
2012 WA12
2012 WP16
2012 WA26
2012 XW40
2012 XH146
2013 AO10
2013 AB23
2013 AS71
2013 AV82
2013 AQ84
2013 AU109
2013 AR115
2013 BS62
2013 CO50
2013 CE103
2013 CC121
2013 CL124
2013 EV26
2013 ER78
2013 FA8
2013 FB16
2013 GM103
2013 HM35
2013 HQ65
2013 HS85
2013 HP108
2013 HP122
2013 HP138
2013 KH7
2013 LK10
2013 NY
2013 PD37
2013 PC39
2013 PO40
2013 QL15
2013 QA26
2013 QQ57
2013 QA63
2013 QV87
2013 RY18
2013 RZ30
2013 RN94
2013 SL42
2013 SF78
2013 TV6
2013 TM21
2013 TG32
2013 TW36
2013 TP72
2013 TH79
2013 TP88
2013 TT109
2013 TS142
2013 VG8
2013 WV55
2013 WD69
2013 XJ14
2013 XJ18
2013 XB24
2013 YG4
2013 YY93
2014 AQ12
2014 AS19
2014 BK15
2014 BL30
2014 CL5
2014 DV27
2014 DU41
2014 DM54
2014 DR104
2014 DY116
2014 FB1
2014 GA16
2014 HN150
2014 HQ187
2014 JC13
2014 JT48
2014 LX11
2014 LH16
2014 OB34
2014 OR47
2014 OO94
2014 OZ377
2014 OT145
2014 OF228
2014 OG228
2014 OJ342
2014 PU11
2014 QL26
2014 QA27
2014 QC27
2014 QM418
2014 QC431
2014 QW222
2014 QW234
2014 QV272
2014 QJ278
2014 QM313
2014 QW323
2014 QR350
2014 SK31
2014 SP104
2014 SL119
2014 SE123
2014 SF221
2014 SH250
2014 SG262
2014 SP299
2014 SN304
2014 SB315
2014 TE4
2014 TM8
2014 TB21
2014 TT21
2014 TR22
2014 TF28
2014 TH28
2014 TO40
2014 TX70
2014 UW35
2014 UL40
2014 UF44
2014 UK65
2014 UJ187
2014 UA194
2014 VX15
2014 VY23
2014 VQ26
2014 VU29
2014 WL2
2014 WR17
2014 WO25
2014 WJ46
2014 WU49
2014 WS53
2014 WB54
2014 WH58
2014 WJ86
2014 WQ90
2014 WK233
2014 WV406
2014 WV436
2014 WT239
2015 AC38
2015 AN140
2015 AZ186
2015 AU238
2015 BB6
2015 BG6
2015 BO16
2015 BP32
2015 BW60
2015 BU118
2015 BP415
2015 BN457
2015 BY501
2015 BN252
2015 CZ16
2015 DG69
2015 FF231
2015 HH83
2015 HD169
2015 KX144
2015 LK19
2015 MV25
1993 OW5
1995 SP72
1998 SN42
1998 SU97
1999 KN15
2000 GP156
2000 SG247
2000 US65
2001 FW198
2001 FZ201
2001 FO202
2001 FE215
2001 FZ223
2001 FK227
2001 QV321
2001 SP196
2001 SU209
2001 SH320
2001 TV161
2001 UU101
2001 UZ103
2001 XE142
2002 CK257
2002 OV28
2002 PH193
2002 QV86
2002 QC148
2002 RO197
2002 RT245
2002 RM260
2002 RF274
2002 SN73
2002 TV338
2003 HY25
2003 QC4
2003 SM371
2003 SF384
2003 SW385
2003 SB413
2003 SD263
2003 UX384
2003 WJ186
2004 FE79
2004 PD54
2004 RX16
2004 RW171
2004 RB186
2004 RN199
2004 RE244
2004 TO31
2004 TN38
2004 TV159
2004 TA201
2005 BL40
2005 JE41
2005 PC7
2005 QU9
2005 QO14
2005 QU77
2005 QL125
2005 SH228
2005 TO51
2005 TM95
2005 TM100
2005 UH22
2005 UC31
2005 UV35
2005 UU82
2005 UM122
2005 UL137
2005 UV423
2005 UR435
2005 UM192
2005 US194
2005 UF224
2005 UO280
2005 VB109
2005 VF118
2005 YH146
2006 BM29
2006 BW64
2006 BE74
2006 BR78
2006 BA89
2006 BT136
2006 BZ140
2006 BZ181
2006 CC4
2006 DH75
2006 EF4
2006 ED31
2006 EQ73
2006 ER73
2006 FX31
2006 HF68
2006 KF54
2006 QP12
2006 QP102
2006 RD47
2006 RB76
2006 SC76
2006 SL373
2006 SO177
2006 SH189
2006 SZ204
2006 SB219
2006 SB263
2006 SR278
2006 SE279
2006 SF298
2006 SF308
2006 SN318
2006 SW354
2006 TF2
2006 TD95
2006 UF95
2006 UL160
2006 UM165
2006 UL195
2006 UU247
2006 US250
2006 VR80
2006 VY117
2006 VG122
2006 WP27
2006 WT109
2006 WM129
2007 BG28
2007 CE32
2007 EZ104
2007 EA219
2007 HH75
2007 HD87
2007 RJ44
2007 RP46
2007 RT72
2007 RL88
2007 RH98
2007 RD118
2007 RD151
2007 RF178
2007 RD207
2007 RV208
2007 RW287
2007 RO319
2007 TN66
2007 TC88
2007 TD88
2007 TF146
2007 TT423
2007 TV230
2007 TH236
2007 TM252
2007 TM265
2007 TR276
2007 TD313
2007 TM322
2007 UQ45
2007 UX131
2007 VT27
2007 VU47
2007 VY58
2007 VT159
2007 VY195
2007 YN7
2008 AG10
2008 AY62
2008 BF7
2008 CK83
2008 DY3
2008 DQ9
2008 GW64
2008 OY13
2008 QM25
2008 RR34
2008 RB35
2008 RT44
2008 RX125
2008 SO16
2008 SB23
2008 SO34
2008 SW51
2008 SE184
2008 SS252
2008 SC291
2008 TE15
2008 TZ59
2008 TH130
2008 UT149
2008 UB218
2008 US231
2008 UN234
2008 UT341
2008 WJ7
2008 WD16
2008 WD57
2008 YM90
2008 YT130
2009 CY4
2009 CZ18
2009 FF63
2009 HP100
2009 KY20
2009 QJ62
2009 RC13
2009 SH41
2009 SP116
2009 SM185
2009 SL192
2009 SN224
2009 ST276
2009 SF328
2009 SX356
2009 UZ38
2009 VS12
2009 VB48
2009 WP4
2009 WQ15
2009 WC28
2009 WF41
2009 WX89
2010 AY7
2010 CH38
2010 CU88
2010 CT204
2010 DV5
2010 ED22
2010 EM23
2010 EM95
2010 EZ95
2010 EP97
2010 FP52
2010 GH83
2010 GO116
2010 HP27
2010 HV109
2010 JK108
2010 KM63
2010 KN96
2010 LC12
2010 LW49
2010 LA76
2010 MN11
2010 MC21
2010 MU28
2010 NM20
2010 NW105
2010 OB29
2010 OJ87
2010 PJ71
2010 RC73
2010 RW155
2010 SP7
2010 SZ22
2010 TU2
2010 TB10
2010 TU53
2010 TR86
2010 TL102
2010 TF118
2010 TO138
2010 TL152
2010 TF153
2010 VJ56
2010 WW27
2010 XJ5
2010 XQ87
2011 AF8
2011 BG32
2011 BK59
2011 BZ110
2011 CD15
2011 CG26
2011 CG41
2011 CG106
2011 EC85
2011 LY11
2011 QR36
2011 QX87
2011 ST40
2011 SJ48
2011 SM73
2011 SR98
2011 SW130
2011 SD145
2011 SL180
2011 SK185
2011 SF186
2011 SA214
2011 SK229
2011 SK257
2011 SK260
2011 UW22
2011 UT73
2011 UC392
2011 UD133
2011 UY172
2011 WM39
2011 WX51
2011 WC79
2012 BD120
2012 CP8
2012 GN14
2012 HA7
2012 HY28
2012 HY38
2012 JL41
2012 QZ35
2012 RT5
2012 SH35
2012 SC49
2012 TN28
2012 TA44
2012 TV59
2012 TR90
2012 TY131
2012 TK132
2012 TA162
2012 TG178
2012 TG214
2012 TF228
2012 TT295
2012 UK4
2012 UP40
2012 UK125
2012 UR160
2012 UW174
2012 VR14
2012 VZ59
2012 VZ83
2012 VN87
2012 XZ27
2012 XR49
2012 XR51
2012 XG89
2012 XY136
2012 XG138
2013 AR2
2013 AX48
2013 AA77
2013 CQ147
2013 CG155
2013 FS
2013 GQ2
2013 HO41
2013 HR43
2013 HU43
2013 HW50
2013 HE51
2013 HP81
2013 HB88
2013 HK91
2013 HG97
2013 HQ98
2013 HQ113
2013 HS126
2013 HT131
2013 HC132
2013 HV137
2013 HP141
2013 JK10
2013 LP1
2013 QO24
2013 RW64
2013 RG76
2013 RJ91
2013 SL45
2013 SX53
2013 SH73
2013 SO74
2013 TS78
2013 TX92
2013 TF132
2013 WG82
2013 YB17
2013 YP17
2013 YA29
2013 YP67
2013 YL123
2013 YL142
2014 DA128
2014 GS4
2014 GS29
2014 HK142
2014 JC12
2014 KZ93
2014 MA22
2014 NH14
2014 OP10
2014 OF29
2014 OB40
2014 OG56
2014 OV68
2014 OS108
2014 OZ368
2014 OE112
2014 OR115
2014 OG137
2014 OS161
2014 OW174
2014 OE210
2014 OG210
2014 OQ277
2014 OS305
2014 OK316
2014 OQ318
2014 OM324
2014 OC327
2014 OY344
2014 PK36
2014 QS18
2014 QW430
2014 QR435
2014 QX206
2014 QV211
2014 QO215
2014 QW318
2014 RL11
2014 RL17
2014 RY42
2014 RV46
2014 SQ100
2014 SR112
2014 SN118
2014 SC123
2014 SF154
2014 SV171
2014 SV179
2014 SB314
2014 SH334
2014 TC8
2014 TP8
2014 TO12
2014 TV22
2014 TS60
2014 UZ77
2014 UB99
2014 UO100
2014 UP188
2014 VY14
2014 VU15
2014 VS29
2014 WF2
2014 WP16
2014 WM28
2014 WM51
2014 WC64
2014 WX94
2014 WA140
2014 WZ384
2014 WA140
2014 WK233
2014 WY271
2015 AD50
2015 AG180
2015 AC249
2015 BN73
2015 BD81
2015 BA97
2015 BY107
2015 BQ109
2015 BX121
2015 BW123
2015 BA128
2015 BZ144
2015 BB436
2015 BJ441
2015 BE192
2015 BH194
2015 BC197
2015 BN205
2015 BZ489
2015 BM490
2015 BA498
2015 BZ502
2015 BH253
2015 BD262
2015 BX334
2015 CP43
2015 DV33
2015 DO67
2015 DL83
2015 DM200
2015 HX68
2015 HW73
2015 HB124
2015 HK128
2015 HG143
2015 HS172
2015 KZ29
2015 MG68
2015 OB29
2015 PF38
2015 PN38
2015 PN40
