id
875
1402
1794
1886
2255
2813
3550
5215
5231
5356
5651
6422
6671
6720
8380
8551
9083
9982
10573
10697
10766
11552
11971
12193
12214
13082
14126
14931
17194
18915
19651
19743
20128
20361
20749
20801
20805
22651
23773
24630
25278
25687
25947
26034
26126
26178
26538
28717
29260
29398
30345
31666
31695
32099
33497
33692
34583
34997
35109
35452
35563
35923
36022
36986
37206
37442
38067
38476
38619
38913
40005
40069
40659
41769
43322
43509
44221
44285
45427
45650
47373
48229
48297
48591
48806
48819
49245
49268
49280
49292
49317
49354
49403
49420
50047
50258
50748
50906
50921
51654
51862
52261
53123
53124
53388
53439
54226
56260
56281
57669
57807
58214
58505
59702
61084
62233
62567
63154
63604
63772
64952
65732
67056
68013
68534
69743
70525
71071
71244
71664
72438
72477
72892
73124
73143
73421
74203
75376
76562
76905
77028
77512
78113
80066
80075
81473
82382
83869
83987
84354
84631
84880
85588
86320
87509
87945
89656
89869
89907
90982
92048
92126
92939
93359
93776
95380
95714
95776
95974
96248
97057
97155
97269
97439
99825
99858
99925
100637
101238
102370
102667
102730
103170
103364
103441
103720
103978
104470
105569
106157
106570
108282
108594
108950
110611
110853
110985
111950
114911
115390
115439
115452
116046
116366
119484
120239
121738
122500
123255
123298
123552
123730
125122
126180
126757
127281
127844
128148
128594
129534
129959
129995
130147
130149
132679
132985
133371
133507
134119
135008
135946
136546
137183
137860
138231
138358
138428
138520
138565
138703
139430
139476
139564
140285
141057
142214
143173
143176
143984
144338
145150
146412
147366
147644
147668
148549
149445
151158
151699
151763
152469
153244
153265
154737
155504
155735
156397
156444
157268
157405
157781
158102
158308
160622
163647
163872
164070
164161
166528
166704
168249
168431
168434
169350
169795
170527
171518
172293
172650
173882
175011
176828
178643
180035
180659
181069
181119
181694
182168
183431
183655
183680
185616
185882
186149
187923
188450
188527
188571
189148
190042
190207
190253
190652
192510
195411
195739
196596
196947
199226
200289
202974
204767
205041
205175
206089
207697
209225
211685
212274
213785
214354
214362
216628
217010
217313
218762
219268
221728
224261
225375
225836
228669
229238
229551
231512
232203
233983
235113
235446
235799
235952
236012
236456
236853
236938
237413
237418
237897
238578
238731
239119
239196
239414
239772
240947
241279
242627
242693
244579
244818
246078
246318
246344
247944
248038
248060
249464
252296
252618
254775
257063
257438
258110
258316
258360
259129
259996
260459
260747
261146
261766
262632
264601
264730
264878
265721
265784
266437
266458
269502
269788
270095
270407
270993
271891
276785
276965
276970
281727
282751
283838
283866
284028
284494
285256
285983
286024
287192
287453
288187
289133
290536
292289
295282
296262
296851
297559
298049
298069
298211
298348
298510
299172
300172
300834
301366
302163
302299
303064
303065
304380
305196
306153
306473
306648
306748
306807
306956
308360
308966
309332
309408
309752
310365
311104
311112
311296
311298
312700
313512
314201
316152
316313
317397
318112
320696
320994
322430
323080
323109
323165
323895
324215
325321
325983
326404
327250
327391
328327
328855
328978
329064
329584
329819
330105
332665
333419
334216
335067
335975
337311
337787
338047
338131
338642
338691
340248
340570
342031
342165
342254
342360
343130
346103
348015
348099
348393
350021
351503
353189
353418
354458
357090
357505
357676
358946
359327
359488
359757
361155
361940
362555
363373
363921
364246
365257
365306
365635
366373
367511
367748
368124
369774
369948
370270
372288
373031
373940
374555
374582
374966
375582
375585
377621
379324
379343
381464
382738
385182
386597
387558
388803
388805
389616
389817
390146
391750
391753
392559
394536
394664
395044
396162
396761
398020
398175
398795
400016
400049
400701
400909
400922
402157
402479
404552
404953
405168
405295
405699
405967
406197
407269
407524
407957
408258
408394
408425
408515
409814
409837
410541
410609
411188
411322
411483
411690
412241
412493
412851
413660
413944
414544
415110
415237
415381
415422
415685
415820
416962
417122
418391
419098
420485
420624
420705
420729
420981
421942
422486
423269
423779
425535
426890
427019
428085
428387
428685
428820
430040
430278
430653
430654
430658
431429
431612
431840
431992
432889
433260
435795
436811
437617
438613
439142
439297
439813
2000 HP40
2001 QS92
2001 TG156
2001 UG232
2001 XX12
2002 AW139
2002 NO65
2002 PJ194
2002 QP73
2002 QL127
2002 RW71
2002 TG370
2003 FJ53
2003 OW11
2003 QP105
2003 SJ385
2003 SK276
2003 UM324
2003 WR58
2004 DW1
2004 XP58
2005 OH16
2005 TZ86
2005 UL46
2005 UG104
2005 WX39
2005 YB161
2006 CC48
2006 QO45
2006 QS170
2006 SU53
2006 SK186
2006 TN70
2006 UZ330
2006 VU170
2006 XM56
2006 YX7
2007 BR55
2007 DP72
2007 EB85
2007 GZ37
2007 HR40
2007 LV12
2007 TU207
2007 UX137
2007 VB59
2007 VZ59
2007 VP85
2008 AA17
2008 CQ123
2008 CX141
2008 HT46
2008 KZ13
2008 SC55
2008 TW139
2008 TM181
2008 UJ369
2008 US221
2008 WH129
2008 YP72
2009 BK10
2009 BO60
2009 BH106
2009 FK35
2009 FX67
2009 HB52
2009 QC4
2009 RR49
2009 SC142
2009 SB194
2009 SF347
2009 UB39
2009 WS25
2009 YE2
2010 AH44
2010 DD79
2010 EA111
2010 GZ101
2010 HP55
2010 HZ107
2010 KU39
2010 MS74
2010 OW91
2010 PH66
2010 RY36
2010 RB99
2010 RT108
2010 SN12
2010 TO1
2010 XT77
2011 BK60
2011 BT68
2011 DP30
2011 GP3
2011 HL44
2011 HK45
2011 KV1
2011 KG6
2011 KE16
2011 KQ37
2011 QW24
2011 QF62
2011 RT12
2011 SY19
2011 SN115
2011 SH202
2011 ST255
2011 UU182
2011 UF207
2011 VT8
2011 WY128
2012 BE10
2012 BX10
2012 BS14
2012 BF126
2012 FL34
2012 HV66
2012 HR70
2012 JJ19
2012 JJ47
2012 PQ
2012 QY20
2012 RW21
2012 TR37
2012 TR101
2012 TU306
2012 TC318
2012 UF39
2012 UD77
2012 UN88
2012 WF17
2013 AD11
2013 AF77
2013 BK61
2013 CM98
2013 CX122
2013 CR146
2013 CK183
2013 CC190
2013 CW197
2013 FU8
2013 GX52
2013 GO99
2013 NT9
2013 PW1
2013 PG51
2013 RX44
2013 RZ60
2013 SH49
2013 WF22
2013 WU63
2013 YS26
2013 YC35
2014 BP21
2014 CH3
2014 DS135
2014 FK55
2014 GD1
2014 HT22
2014 HW32
2014 HU161
2014 JG7
2014 JX49
2014 JA62
2014 NH46
2014 NN61
2014 OH101
2014 ON386
2014 OK165
2014 OX295
2014 OC298
2014 PO1
2014 QH233
2014 QT234
2014 QE245
2014 SP168
2014 SH210
2014 SU212
2014 SJ233
2014 SS256
2014 SY266
2014 TM24
2014 TL58
2014 UU139
2014 UX205
2014 VC11
2014 VW32
2014 WY467
2014 WT501
2014 XH18
2015 AE26
2015 BS90
2015 BN137
2015 BE432
2015 BL203
2015 BY207
2015 CW14
2015 CY32
2015 CT46
2015 CA59
2015 DQ113
2015 DP116
2015 DX196
2015 DC209
2015 FA335
2015 FQ343
2015 GR42
2015 HN9
2015 HU149
2015 LG4
1998 VF57
2001 TE56
2001 YL92
2002 QT110
2002 RK272
2002 RB291
2003 SL127
2003 UZ14
2004 EG6
2004 RY166
2004 TQ208
2004 TZ291
2005 JR158
2005 NT90
2005 TW178
2005 UR35
2005 UG38
2005 UH154
2005 WP141
2006 AJ103
2006 CV15
2006 DM125
2006 OP27
2006 VB128
2007 GP44
2007 RB271
2007 UH107
2007 VG319
2008 CB104
2008 DX3
2008 DE60
2008 GS140
2008 TG80
2009 AY6
2009 HG5
2009 OZ22
2009 SG45
2009 SB88
2009 SG112
2009 SU273
2009 TE24
2009 UZ57
2009 WJ101
2010 AF119
2010 AA133
2010 BH18
2010 BO48
2010 BS92
2010 BY107
2010 BL123
2010 CG182
2010 CV198
2010 DC69
2010 EB169
2010 FM79
2010 GZ79
2010 GE86
2010 GP89
2010 HF7
2010 HP40
2010 HJ92
2010 JH7
2010 JM61
2010 JU88
2010 JS89
2010 KS20
2010 KL102
2010 LZ26
2010 LE71
2010 MN28
2010 MT52
2010 MW74
2010 NQ23
2010 NF40
2010 NY51
2010 NF57
2010 NA93
2010 OX1
2010 OB22
2010 OT40
2010 OY42
2010 OH72
2010 OH105
2010 PU3
2010 PV38
2010 PU44
2010 TS94
2010 VK163
2010 YL1
2011 AY63
2011 BY3
2011 BE13
2011 BL91
2011 BL109
2011 BB115
2011 CS69
2011 CS90
2011 CW99
2011 FE22
2011 JJ5
2011 RD5
2011 SL174
2011 UB19
2011 UG133
2011 UZ150
2011 UD193
2011 UD262
2012 DC17
2012 KU45
2012 MZ1
2012 PC7
2012 TO127
2012 TB238
2012 VQ34
2012 VO59
2012 VJ108
2012 WK30
2012 XK9
2012 XK128
2013 AM64
2013 AF147
2013 AP149
2013 AJ166
2013 FK5
2013 GR131
2013 HY25
2013 HF67
2013 HY92
2013 HP103
2013 HT105
2013 JV12
2013 NG8
2013 QA64
2013 SP46
2013 SK58
2013 VP6
2013 WE22
2013 WH68
2013 YD53
2013 YO111
2014 AJ14
2014 FF6
2014 GE41
2014 HZ194
2014 KF35
2014 LW19
2014 MX21
2014 NH41
2014 OA12
2014 OJ142
2014 OX318
2014 QT250
2014 RA8
2014 SW320
2014 TO44
2014 WG159
2015 AN6
2015 AT17
2015 AL22
2015 AE42
2015 AO195
2015 AD271
2015 BP75
2015 BE121
2015 BF453
2015 BQ465
2015 BD219
2015 BR240
2015 DQ43
2015 DS94
2015 EH57
2015 FO252
2015 HF65
2015 HW91
2015 HD92
2015 HW154
2015 KY10
2015 KU160
2015 MZ67
2015 MU95
2015 MD114
2015 OB27
2015 PX25
2015 PE41
