id
935
1405
1454
1879
2011
2042
2200
2328
2437
2554
2805
2839
2853
2867
3265
3306
3531
3541
3601
3643
3797
3863
3892
3934
4005
4050
4191
4242
4277
4523
4562
4582
4635
4838
5096
5128
5149
5196
5204
5235
5448
5478
5484
5754
5835
6011
6014
6150
6169
6388
6458
6644
6783
6830
6868
6929
6930
6960
7064
7082
7109
7176
7499
7571
7581
7679
7773
7792
7906
8067
8197
8292
8354
8363
8375
8500
8659
8701
8712
8834
9193
9644
10148
10564
10623
10638
10920
11020
11140
11147
11163
11857
12554
12753
12892
13348
14198
14867
14889
15153
15222
15473
15966
16054
16940
17019
17117
17133
17282
17796
17855
18036
18631
19148
19220
19291
19953
20735
20755
21586
22023
23303
23899
24433
27220
28388
29470
29918
31006
31284
32248
35175
36188
38029
38507
39292
43110
45566
48498
49650
53402
54628
54674
63184
65250
71193
74415
91776
233925
257412
275681
312631
418997
2010 BK104
2013 RO26