id
73
321
1311
2224
2322
2357
2369
2700
2806
2985
3016
3131
3610
4138
4441
5589
5679
6442
6987
7311
7719
7902
8437
8541
8695
8751
9056
9376
9377
10340
10456
10699
11342
12297
12491
12820
13147
13717
14403
14440
14540
15077
15397
15597
15651
15670
15743
16333
16343
17320
17874
17886
18215
18636
18794
19008
19463
19582
20194
20271
20858
21475
22193
22222
22648
22819
22909
23042
23338
23719
24845
25106
25246
25293
25298
25482
25665
26044
26642
27046
27464
27551
27979
28392
28509
28602
29024
29212
29834
30006
30528
31245
31496
31688
33177
33518
34285
34334
34412
34453
34457
35249
35433
35492
36036
36130
36666
38557
38992
39039
39076
39403
41019
41113
41260
41482
41988
42034
42331
42659
42966
43254
43309
43655
44418
44564
44998
45517
45561
45652
46018
46103
47098
47629
47723
48799
48954
49380
50327
50481
50576
50922
51104
51151
51401
52184
53493
54054
55149
55342
55370
55488
55509
55819
57575
57662
57724
57892
58380
58632
58633
58749
59011
60981
60988
61405
61570
61865
61885
62065
62173
62226
62350
62674
64336
64528
64681
65084
65116
65313
67493
68428
69782
70895
71031
71228
71769
72553
72668
72774
73745
73791
74237
74611
75124
76125
76142
76453
77198
77348
78284
78992
79284
79668
79886
80679
80730
81189
81338
81602
81705
82418
83073
83330
83387
83508
83713
84415
84820
85360
86924
87355
88635
90420
90616
91040
91116
91859
94097
94153
94522
94816
94907
94917
95051
95295
95306
95401
96272
96529
96933
97574
98744
99464
99720
99894
100257
101947
102835
102872
103792
104068
104522
105726
108123
109237
109364
109758
110468
110951
111048
111082
111490
112765
112776
112793
112918
113132
113311
114722
115137
115154
115356
115364
115365
115482
115995
116061
116180
116286
116507
117334
117950
119501
119825
120535
121530
122020
122414
123177
124017
125211
125228
125253
125804
126256
126312
126647
126674
126678
126681
126829
126880
127042
127060
127189
127560
128247
128524
128672
129167
129268
129652
130846
131250
131581
131827
131987
131989
132415
133235
133489
134168
134203
134211
134269
135831
135832
135890
136037
136720
137572
138130
139098
139693
139917
139974
140139
140198
140833
141548
142092
142390
142992
143726
143779
143932
144051
144217
144394
144435
144682
145096
145197
145398
145447
145772
145812
146535
146601
146853
146955
147796
147835
148432
148681
148732
148794
148897
148929
149147
149954
149961
150032
151283
152077
152284
152355
152384
152477
153801
154124
155041
155208
155274
155305
156424
156515
156516
156616
156732
157293
157341
157423
157448
157757
157833
158385
159016
159056
159998
161597
161628
162020
162025
162442
163483
163894
163993
164300
164349
164543
164651
164777
164862
164893
166110
166431
166629
166659
167557
168145
168432
168667
169050
170918
171026
171102
171119
171220
172133
172744
172797
173433
173759
173801
174274
174975
174979
174980
175222
175571
176055
176182
176314
176472
176488
178098
178101
180283
180400
180523
180680
180899
181095
181499
181560
184414
184431
184657
185043
185064
185270
185396
185410
185416
185456
185488
187213
187224
187281
187289
187435
188073
188756
188921
189325
189361
189770
190619
191477
191527
191548
192025
192696
192839
192846
192960
193689
193714
195010
195068
195142
195659
196014
196496
197166
198393
198641
198825
199179
199317
199453
199497
199580
199582
199598
199680
199722
200230
201753
202069
202215
202268
202297
202553
202579
202639
202867
202872
204016
204137
204545
204899
205170
206501
206747
206749
207118
207231
207317
207336
207376
207519
207595
207824
207922
207931
208075
208334
209325
209796
209807
209823
209863
210117
210374
210515
210986
211056
211651
212195
212399
212531
212635
212661
212803
212965
212989
214301
214949
214975
215064
215976
216127
216368
216468
216568
216821
218454
219107
219640
220331
220636
220763
220951
221251
221593
221636
221713
222826
222835
222858
223012
223300
223590
223916
223920
224581
224696
224801
224946
225218
225793
226346
226357
226868
226912
227454
227602
227620
227707
227717
227944
227974
228072
228094
228190
229511
229589
229803
230169
230941
230974
231288
231583
232641
232856
232915
233034
233151
233354
233431
233514
233529
233669
233832
233862
234109
235486
235800
236334
237311
238495
238721
239388
239440
239547
239711
239866
239982
240242
241069
241210
241431
243200
243353
245764
246515
246618
246753
246799
249518
249985
251195
251851
252638
254953
255126
255143
255278
255494
255783
256299
256323
256438
256724
257008
257021
257374
258208
258656
260228
261342
261360
261385
262086
262290
262457
262528
262799
262830
262928
263038
263285
263579
265429
265636
265708
265757
265838
266764
266870
267080
267768
268542
269266
269427
271303
271872
272517
272717
272989
273002
273014
273051
273090
273668
273670
273733
273857
274531
274597
274611
275298
275474
276951
277035
277518
277526
277645
277664
277680
277687
277725
278036
278051
278192
278672
278783
279534
280915
280979
281019
281859
282755
283208
283227
283310
283917
284388
284604
284693
286311
288227
288474
290116
290318
290323
290334
290395
290512
291047
292512
292831
292897
292912
293019
293143
293204
293340
293343
293810
293953
294737
294999
295062
295091
295150
295363
295699
295714
296010
296040
298483
299081
299409
300594
300601
300618
300820
301333
301478
301485
301496
301525
301851
302352
303183
304309
304310
304409
304493
305071
305261
305792
305812
305859
305972
306344
307358
307758
307884
307888
308297
308907
308993
309476
309480
309489
309631
309686
309827
310266
310832
311658
312039
312233
312338
312927
313963
314309
314339
314648
314721
314862
315313
315619
315654
316169
316513
317941
318107
318393
318893
318981
319091
319537
319893
320495
320827
321149
321155
321177
321184
321333
321976
322256
322601
325173
325243
325538
326201
326252
327362
327713
328537
329207
329890
330135
330598
331385
331945
332532
332635
332947
333109
335178
336010
339461
340357
341784
342084
342781
342896
343204
343401
344120
346746
346775
346868
348251
349009
349384
349720
349879
349911
350001
351165
351465
351836
351897
352140
352322
352363
352415
352610
353082
353489
356255
356385
356523
356644
356791
357805
358212
358280
358298
358608
358813
358983
359164
360861
361328
362141
362638
362666
362855
362971
364311
365411
365573
366322
366327
367714
367907
368007
369646
369850
371074
371254
371276
372200
372442
372600
372974
374594
375439
375559
375710
376153
376227
376673
377157
377795
378330
378951
378964
379365
380817
380910
383346
383976
384037
384062
384379
384473
384823
385003
385199
386897
387089
387951
388128
388595
388701
388738
389162
390022
390154
390161
390171
390793
391147
391357
392097
394002
396034
401155
401718
402314
402709
404395
404520
404534
404664
407126
407427
407731
407786
408545
408832
411003
411042
411995
413608
413681
415080
415594
416674
416794
417072
417199
417331
417574
418747
421479
421711
421717
422025
422114
422302
423720
424260
425956
426875
428738
429153
430807
431098
431150
432153
432888
433897
434543
435021
435754
436460
437161
437528
437570
437673
439425
1998 KY61
1999 RT214
2000 QC226
2002 WL21
2003 QJ91
2004 EU95
2004 MT8
2005 TF31
2005 UY387
2005 UH435
2006 BZ48
2006 DF43
2006 KF83
2006 QQ56
2006 RZ82
2006 SE407
2006 SC248
2006 TQ31
2006 TY119
2006 UN34
2006 UJ359
2006 WF206
2007 DV16
2007 RU308
2007 UA95
2007 VM176
2008 AW55
2008 CO35
2008 FH9
2008 FF18
2008 UR39
2008 UW189
2008 UW278
2008 UZ304
2009 BB183
2009 DR26
2009 SL85
2009 SB201
2009 WR12
2010 CR74
2011 BO108
2011 CJ55
2011 CP58
2011 DH19
2011 EC24
2011 FV20
2011 FY45
2011 SB147
2011 UV257
2011 WU2
2011 WS24
2012 BK84
2012 FS17
2012 FJ48
2012 FZ79
2012 SK20
2012 TQ49
2012 TQ105
2012 UY48
2012 UK100
2012 WR13
2013 AH80
2013 BE39
2013 FL23
2013 GL28
2013 HV82
2013 HA98
2013 HL119
2013 QQ44
2013 RU48
2013 SO21
2013 TO40
2013 YW6
2014 AM45
2014 BN42
2014 DA129
2014 DD136
2014 DE136
2014 EG26
2014 HF15
2014 HE137
2014 HV138
2014 JE21
2014 OG17
2014 OL201
2014 OE310
2014 OU355
2014 PL5
2014 QL207
2014 QT207
2014 QF349
2014 SG97
2014 SU148
2014 UR16
2014 US120
2014 WB16
2014 WL80
2014 WA141
2014 WR320
2015 AD155
2015 BO256
2015 DU82
2015 DG93
2015 GZ20
2001 FP202
2001 FO205
2001 FG207
2001 FD216
2001 FE218
2001 FU221
2001 XC255
2002 GC32
2003 LD7
2003 SC377
2004 PC112
2005 BV31
2005 GU30
2005 GY191
2005 JO179
2005 SE229
2005 TW37
2005 UW387
2005 UN207
2005 UZ519
2006 BC49
2006 BC278
2006 DH89
2006 EA3
2006 HS134
2006 QB181
2006 RD79
2006 SR177
2006 SO188
2006 YE41
2007 GA26
2007 RV164
2007 TZ201
2007 UU110
2007 VS200
2007 VX200
2007 VX225
2007 VN293
2008 GK125
2008 TK169
2008 UC22
2008 UG295
2008 YO88
2009 HP81
2009 SY84
2009 VO6
2010 FK41
2010 JK19
2010 KW41
2010 LT8
2010 MH28
2010 MS37
2010 MS90
2010 OD21
2010 PO34
2010 RX120
2011 BX58
2011 BT104
2011 DQ45
2011 SK96
2011 UH297
2011 WR59
2012 BL62
2012 BW144
2012 FK18
2012 FZ63
2012 FH65
2012 SG49
2012 TD82
2012 VK22
2012 XG33
2013 AX54
2013 BN11
2013 EK95
2013 EG150
2013 GW59
2013 HY98
2013 HB106
2013 HL114
2013 HG131
2013 RS63
2013 TK82
2013 YC106
2014 DF94
2014 HN133
2014 MT35
2014 OF39
2014 OZ149
2014 OW202
2014 OQ214
2014 OS237
2014 OZ305
2014 OU326
2014 PN9
2014 QJ123
2014 QQ128
2014 RB46
2014 SB85
2014 ST96
2014 SA100
2014 SC100
2014 SO127
2014 SU172
2014 SJ179
2014 UH67
2014 WM49
2014 WZ77
2014 WN382
2014 WA138
2014 WD139
2015 AE166
2015 AD174
2015 BP33
2015 BX73
2015 BA160
2015 BO424
2015 BH437
2015 BC189
2015 BU484
2015 BP489
2015 BY493
2015 DF165
2015 HP78
2015 HB128
2015 HH147
2015 KR39
2015 MW98
