id
257206
263827
264057
264073
266898
274272
274666
297056
300242
304774
311997
312484
315205
315923
315932
316127
316168
316553
321082
321095
321599
321613
341875
341909
341926
353186
353191
353354
355310
355781
355820
355822
355857
356212
356280
356441
356911
359365
360072
376535
378332
378617
378681
379998
381148
388935
389331
389810
389825
389889
390280
390347
390350
391792
391806
393186
394869
396108
399091
412477
418400
424606
432377
435658
437285
437311
437728
2007 DM115
2007 TJ359
2008 FK40
2008 KJ34
2008 SH120
2008 SG262
2008 SU275
2008 SV275
2009 RK72
2009 SO164
2009 SL199
2010 AD30
2010 CL206
2012 TL52
2012 TQ79
2012 TL182
2012 YF1
2013 AL129
2013 AQ161
2013 CY48
2013 CV97
2013 CB197
2015 HY5