id
1435
1441
1759
1935
1983
2134
2229
3027
3205
3238
3434
3488
3503
3524
3604
3685
3711
3718
3864
3889
3897
4047
4092
4504
4618
4667
4784
4785
4793
4920
4943
4978
5007
5048
5056
5152
5173
5255
5268
5308
5329
5373
5432
5544
5545
5584
5608
5625
5640
5688
5694
5721
5784
5799
5825
5831
5848
5856
5988
6005
6012
6113
6127
6302
6335
6391
6468
6513
6579
6598
6603
6633
6700
6702
6758
6767
6772
6775
6828
6891
6895
6915
7177
7197
7205
7249
7259
7306
7329
7339
7356
7370
7427
7439
7450
7456
7477
7532
7636
7680
7693
7764
7771
7775
7796
7811
7813
7837
7855
7873
7878
7937
7954
8006
8082
8110
8111
8209
8214
8273
8350
8379
8402
8464
8472
8494
8512
8515
8597
8634
8745
8769
8863
8864
8919
8984
9002
9038
9054
9065
9077
9093
9161
9192
9334
9352
9358
9359
9363
9403
9533
9550
9559
9580
9653
9804
9888
9906
9935
9953
9976
10006
10171
10189
10191
10299
10350
10369
10372
10376
10387
10394
10517
10566
10568
10587
10607
10668
10669
10715
10716
10784
10838
10884
10931
10933
11005
11035
11093
11171
11192
11327
11555
11620
11683
11684
11797
11847
11928
12077
12136
12269
12272
12273
12274
12277
12278
12304
12424
12550
12574
12667
12688
12709
12894
12915
12926
12937
12965
13056
13125
13276
13284
13354
13359
13376
13421
13555
13614
13615
13617
13707
13786
13959
13978
14095
14210
14348
14377
14380
14401
14430
14495
14630
14657
14663
14790
14842
14901
15013
15100
15149
15154
15243
15302
15327
15419
15425
15438
15450
15496
15511
15525
15580
15717
15719
15761
15764
15851
15871
15963
15981
16056
16057
16157
16187
16216
16523
16532
16535
16680
16739
16771
16774
16779
16818
16833
16878
16959
17010
17016
17027
17136
17168
17207
17209
17382
17426
17482
17487
17520
17563
17565
17568
17580
17644
17658
17665
17725
17766
17778
17846
17850
17857
17949
18042
18078
18226
18509
18519
18544
18598
18638
18666
18718
18742
18745
18845
18889
18942
19021
19031
19152
19179
19188
19189
19327
19333
19490
19491
19493
19517
19520
19522
19524
19569
19718
19733
19735
19759
19771
19773
19918
19919
20013
20021
20057
20115
20121
20219
20434
20623
20677
20682
20712
20750
20758
20805
20810
20885
20891
20909
20963
21087
21107
21153
21215
21254
21255
21346
21378
21536
21561
21591
21607
21655
21907
21934
21974
21999
22053
22088
22115
22135
22183
22360
22637
22651
22690
22978
23051
23052
23104
23143
23304
23448
23702
23976
23977
23978
23985
24004
24276
24368
24375
24694
24698
25064
25242
25281
25283
25349
25379
25467
25494
25503
25536
25581
25703
25747
25871
25897
25935
25983
26095
26161
26178
26257
26260
26353
26361
26363
26408
26432
26499
26520
26616
26636
26793
26912
26972
27153
27331
27355
27395
27704
27867
28188
28191
28257
28284
28304
28365
28432
28637
28862
29155
29244
29251
29480
29489
29515
29550
29664
29670
29740
29757
29798
29846
29854
29863
29905
29908
29947
30001
30010
30072
30262
30274
30366
30376
30432
30443
30581
30598
30788
30882
30885
30887
30925
30936
30947
31068
31175
31230
31373
31401
31459
31485
31623
31666
31685
31723
31815
31887
32209
32221
32256
32436
32441
32445
32466
32495
33140
33150
33275
33284
33493
33718
33729
33785
33820
33834
33956
34052
34812
34873
34997
35552
35566
35592
35629
35676
36027
36057
36173
36572
36969
37187
37287
37390
38454
38575
39322
39910
40137
40281
40333
40462
41233
41437
42724
42797
43084
43174
43595
44028
44300
44506
45013
45156
45205
45222
45352
45411
45423
45440
45467
45481
45487
45857
46354
46915
46946
47303
47334
47530
47532
47594
48433
49023
49483
49491
49576
49627
50246
50352
50363
50862
51046
51149
51262
51915
51921
53247
53343
53434
53527
54432
54941
55466
55484
55580
58042
59511
61226
61640
64215
64552
66949
67059
67158
67691
68280
69538
71096
72379
72685
74155
79997
88604
93493
94030
97079