id
4587
6523
7374
8462
9479
9809
11600
11792
11817
12145
12433
12774
12941
12955
12957
13083
13440
13443
13447
13545
13878
14600
14754
14937
15223
15396
15420
15869
16281
17324
17355
17392
18520
18637
18948
19106
19262
19464
19579
19841
19886
20116
20186
20189
20317
20793
20861
20888
20928
20949
21085
21769
21850
21859
21886
21942
21944
22191
22194
22205
22218
22421
22483
22516
22869
22878
22933
22993
23288
23393
23506
23555
23603
23684
23685
23926
24017
24028
24045
24067
24316
24496
24522
24535
24559
24574
24640
24810
25043
25219
25370
25425
25439
25497
25566
25595
25728
25766
25876
25987
25988
26030
26038
26063
26338
26396
26622
26704
26759
26773
26980
27166
27216
27344
27376
27450
27522
27582
27673
27817
27970
28122
28219
28237
28409
28415
28426
28602
28629
28706
28953
28974
28994
29203
29391
29395
29449
29472
29491
29720
29759
29841
29984
30041
30080
30089
30136
30170
30229
30272
30276
30325
30339
30714
30741
30755
30762
30883
31033
31140
31163
31186
31214
31482
31582
31642
32102
32311
32561
32634
32722
32752
32982
33113
33134
33435
33682
33886
33898
33936
33980
34085
34140
34182
34285
34322
34338
34343
34346
34380
34693
35011
35015
35031
35034
35040
35044
35126
35283
35303
35306
35462
35515
35521
35825
35842
35896
35923
35996
36008
36014
36400
36474
36479
36561
36597
36610
36622
36634
36652
36658
36662
36664
36665
36672
36704
36710
36803
36804
36820
36856
36965
36970
36972
36992
36996
37176
37179
37215
37226
37253
37279
37389
37541
37546
37547
37551
37592
37743
37749
37857
37866
37869
37890
37893
37922
37985
37986
38230
38324
38353
38415
38436
38444
38565
38644
38694
38814
38847
38870
38902
38956
38978
39014
39066
39096
39101
39106
39109
39122
39123
39141
39143
39152
39162
39185
39188
39343
39378
39402
39544
39573
39638
39650
39658
39660
39662
39663
39666
39735
39747
39749
39752
39754
39755
39972
40004
40009
40027
40051
40053
40363
40477
40505
40512
40554
40575
40585
40592
40618
40619
40627
40657
40722
40735
40737
40740
40777
40821
40822
40834
40837
40865
40891
40899
40902
40911
40978
41037
41127
41131
41132
41181
41249
41271
41368
41519
41526
41531
41553
41590
41656
41700
41701
41739
41756
41762
41790
41828
41859
41942
41944
41959
41992
42007
42010
42013
42071
42084
42099
42113
42143
42148
42191
42216
42321
42353
42384
42416
42422
42425
42458
42463
42508
42528
42533
42581
42664
42705
42932
42968
42976
43016
43031
43048
43049
43080
43131
43234
43253
43254
43465
43466
43526
43528
43548
43565
43614
43630
43638
43655
43669
43836
43839
43842
43851
43884
43912
43933
43968
43979
43984
43990
44074
44248
44268
44272
44333
44337
44378
44391
44412
44439
44453
44481
44900
44948
44998
45113
45264
45296
45305
45343
45348
45428
45442
45507
45594
45780
45831
45840
45933
45982
45998
46018
46043
46082
46122
46130
46150
46157
46161
46184
46192
46201
46229
46310
46317
46405
46407
46408
46432
46481
46486
46487
46489
46505
46574
46663
46716
46891
46892
46894
46895
46899
46913
46938
46942
46948
46970
46984
47006
47011
47052
47098
47154
47412
47491
47512
47537
47548
47599
47629
47633
47685
47703
47755
47756
47804
48023
48052
48062
48079
48087
48106
48117
48123
48127
48194
48223
48231
48327
48374
48429
48431
48432
48434
48535
48536
48537
48538
48609
48708
48768
48857
49013
49086
49110
49136
49146
49179
49270
49274
49296
49319
49329
49337
49366
49374
49383
49414
49457
49536
49972
50022
50050
50083
50193
50210
50250
50255
50272
50278
50279
50282
50295
50300
50309
50312
50356
50365
50383
50409
50428
50441
50446
50450
50457
50476
50477
50491
50516
50522
50559
50595
50614
50633
50662
50674
50720
50760
50814
50821
50842
50875
50948
50968
50978
51006
51015
51025
51027
51053
51065
51161
51172
51196
51272
51413
51427
51464
51518
51520
51580
51600
51605
51677
51691
51712
51719
51723
51743
51752
51759
51782
51803
52032
52042
52054
52136
52141
52223
52339
52395
52396
52397
52404
52405
52407
52461
52509
52591
52595
52598
52599
52603
52604
52608
52610
52617
52633
52641
52642
53082
53137
53155
53269
53373
53470
53471
53568
53668
53678
53681
53712
53810
53904
53955
53963
54054
54055
54132
54150
54191
54200
54225
54258
54339
54377
54385
54393
54536
54677
54733
54814
54838
54926
55036
55126
55149
55155
55162
55165
55169
55171
55189
55210
55216
55227
55264
55287
55295
55297
55304
55333
55409
55415
55461
55507
55535
55593
55594
55603
55610
55620
55629
55632
55822
55843
55875
56139
56149
56179
56204
56206
56225
56230
56259
56291
56315
56636
56684
56725
56738
56759
56779
56793
56799
56812
56840
56848
56893
56945
57091
57096
57174
57178
57319
57338
57354
57370
57373
57397
57401
57437
57472
57485
57494
57510
57548
57563
57584
57597
57620
57658
57683
57724
57741
57747
57921
57990
58015
58030
58118
58130
58139
58149
58182
58217
58289
58367
58394
58482
58483
58505
58510
58557
58567
58655
58674
58682
58783
58807
58864
58872
58918
58937
58938
58963
59044
59064
59095
59103
59111
59130
59140
59393
59469
59479
59485
59486
59497
59509
59532
59576
59584
59593
59611
59614
59671
59675
59679
59693
59696
59697
59705
59713
59725
59727
59731
59732
59735
59743
59751
59759
59760
59794
59801
59820
59848
60028
60119
60133
60243
60264
60277
60280
60299
60319
60367
60417
60435
60455
60489
60499
60531
60550
60587
60592
60594
60599
60609
60676
60687
60701
60708
60722
60740
60743
60751
60772
60774
60781
60787
60803
60850
60952
61046
61106
61225
61275
61284
61305
61333
61335
61356
61388
61400
61409
61421
61435
61441
61476
61494
61517
61522
61575
61611
61626
61630
61656
61670
61749
61750
61784
61807
61831
61840
61850
61861
61867
61885
61887
61888
61900
61901
61939
61999
62160
62171
62178
62191
62194
62202
62250
62271
62291
62292
62310
62322
62328
62338
62341
62350
62417
62458
62462
62478
62486
62555
62567
62570
62577
62591
62592
62600
62622
62638
62646
62694
62709
62842
62861
62865
62873
62879
62892
62896
62901
62902
62939
62951
63036
63051
63052
63106
63122
63248
63345
63385
63388
63397
63419
63431
63443
63469
63482
63505
63543
63632
63664
63717
63841
63874
63879
63881
63935
64048
64081
64136
64175
64176
64183
64218
64275
64278
64289
64299
64313
64330
64344
64397
64430
64441
64444
64454
64463
64473
64482
64500
64516
64555
64556
64622
64625
64660
64666
64684
64709
64714
64726
64779
64786
64792
64797
64807
64820
64834
64837
64857
64866
64891
64924
64997
65009
65052
65064
65074
65090
65234
65238
65267
65284
65337
65359
65452
65460
65482
65505
65523
65538
65548
65655
65658
65762
65770
65772
65782
65785
65805
65850
65851
65856
65875
65892
65939
65959
65961
65975
65979
65981
65986
65995
66122
66214
66231
66437
66455
66465
66468
66470
66472
66473
66474
66501
66507
66517
66527
66535
66579
66580
66583
66586
66590
66594
66600
66606
66607
66618
66620
66624
66628
66634
66642
66664
66666
66669
66675
66678
66686
66705
66711
66716
66726
66728
66729
66733
66747
66778
66799
66804
66828
66839
66849
66865
66871
66876
66891
66919
66929
66932
66943
67005
67016
67084
67096
67110
67127
67171
67307
67328
67375
67414
67470
67493
67523
67649
67709
67727
67860
67968
68028
68038
68065
68111
68169
68238
68336
68340
68361
68391
68399
68410
68467
68480
68487
68499
68564
68581
68583
68584
68591
68602
68606
68610
68691
68692
68711
68713
68775
68779
68808
68829
68841
68865
68901
68920
68925
68936
68952
68962
68970
68989
69006
69024
69123
69139
69194
69224
69227
69231
69238
69281
69288
69296
69299
69325
69362
69363
69365
69416
69425
69504
69514
69523
69526
69540
69542
69544
69743
69746
69750
70348
70399
70439
70444
70446
70448
70456
70461
70471
70476
70490
70505
70509
70548
70553
70578
70584
70587
70588
70608
70622
70625
70631
70632
70633
70637
70649
70651
70662
70666
70669
70681
70689
70714
70717
70726
70737
70738
70741
70753
70755
70761
70764
70766
70779
70781
70782
70792
70796
70798
70822
70825
70831
70832
70834
70842
70867
70882
70886
70911
70923
70927
70931
70955
70974
70978
70985
70986
71007
71019
71020
71025
71028
71029
71032
71040
71058
71067
71086
71094
71110
71118
71120
71144
71163
71176
71179
71206
71224
71227
71241
71243
71246
71247
71285
71292
71344
71345
71389
71416
71448
71453
71463
71496
71945
71956
72051
72123
72175
72194
72217
72228
72277
72286
72329
72333
72346
72353
72385
72394
72406
72425
72428
72458
72459
72489
72518
72524
72528
72530
72560
72562
72576
72577
72620
72624
72656
72738
72744
72745
72751
72765
72780
72834
72948
72998
73000
73011
73137
73177
73189
73191
73222
73260
73269
73283
73294
73332
73355
73374
73378
73404
73405
73416
73420
73421
73435
73516
73547
73602
73631
73685
73708
73733
73780
73785
73829
73837
73838
73889
73917
74017
74075
74078
74089
74097
74099
74105
74106
74109
74113
74122
74124
74128
74130
74136
74138
74146
74148
74161
74163
74165
74166
74172
74174
74180
74181
74188
74198
74204
74205
74216
74238
74240
74244
74254
74255
74260
74265
74268
74270
74274
74292
74305
74307
74313
74332
74335
74341
74347
74354
74363
74369
74376
74377
75057
75068
75097
75130
75158
75161
75303
75332
75340
75352
75356
75363
75368
75402
75421
75436
75437
75446
75470
75484
75491
75508
75592
75598
75609
75648
75701
75705
75724
75725
75740
75758
75771
75780
75782
75791
75793
75801
75802
75804
75819
75843
75847
75868
75873
75884
75898
75906
75923
75928
75937
75938
75943
75952
75963
75964
75965
75988
75990
76000
76027
76034
76035
76045
76049
76058
76060
76061
76071
76072
76095
76116
76169
76175
76190
76203
76236
76237
76246
76248
76287
76311
76332
76339
76343
76363
76404
76415
76420
76443
76477
76491
76529
76558
76562
76595
76618
76623
76669
76687
76784
76893
76975
76992
77020
77035
77044
77056
77087
77144
77190
77195
77205
77220
77250
77255
77258
77265
77303
77310
77350
77354
77355
77366
77371
77410
77433
77447
77458
77464
77491
77534
77538
77539
77617
77642
77647
77684
77710
77915
77941
77955
77990
78015
78051
78134
78143
78153
78187
78195
78235
78269
78294
78315
78329
78375
78386
78457
78459
78461
78465
78509
78570
78611
78612
78630
78652
78716
78738
78747
78753
78808
78855
78918
78938
78960
78961
78988
78990
79022
79046
79058
79120
79147
79192
79193
79194
79199
79260
79320
79421
79435
79566
79753
79791
79793
79794
79810
79811
79817
79836
79840
79843
79849
79864
79875
79884
79887
79890
79891
79896
79897
79910
79939
79940
79942
79963
79964
79982
80379
80647
80660
80703
80774
80878
80902
80953
80964
80997
81005
81008
81018
81022
81026
81037
81041
81042
81044
81055
81083
81093
81125
81129
81135
81146
81162
81165
81167
81170
81197
81203
81217
81222
81223
81234
81238
81247
81270
81272
81285
81290
81299
81301
81304
81311
81320
81329
81336
81340
81364
81369
81373
81379
81389
81395
81397
81403
81411
81412
81413
81416
81464
81480
81507
81509
81515
81524
81527
81530
81544
81547
81555
81560
81572
81573
81574
81579
81592
81597
81603
81615
81636
81640
81646
81648
81651
81652
81663
81690
81696
81710
81719
81723
81724
81732
81742
81744
81748
81749
81755
81759
81762
81773
81789
81798
81801
81812
81824
81845
81851
81852
81855
81856
81866
81869
81874
81897
81920
81930
81941
82287
82359
82362
82377
82382
82388
82413
82431
82459
82472
82480
82492
82517
82518
82545
82565
82588
82595
82602
82607
82609
82619
82635
82645
82673
82685
82699
82718
82734
82751
82769
82770
82811
82813
82819
82848
82879
82881
82885
82895
82909
82930
82941
82960
83016
83020
83027
83037
83044
83083
83088
83102
83111
83121
83140
83144
83159
83185
83186
83189
83198
83236
83266
83277
83278
83298
83349
83351
83360
83407
83462
83499
83501
83521
83555
83619
83667
83690
83791
83799
83812
83936
83974
84016
84062
84090
84116
84121
84140
84145
84147
84182
84188
84189
84209
84231
84235
84251
84272
84312
84313
84329
84336
84346
84354
84364
84396
84408
84425
84437
84463
84466
84468
84478
84484
84501
84502
84519
84526
84527
84532
84553
84560
84571
84580
84587
84589
84593
84615
84623
84630
84637
84671
84674
84677
84700
84711
84733
84739
84754
84763
84767
84769
84791
84817
84818
84830
84839
84846
84880
84910
84924
84939
84991
85000
85005
85118
85131
85187
85192
85215
85248
85251
85318
85320
85390
85395
85397
85398
85507
85518
85540
85578
85582
85586
85603
85618
85745
85771
85786
85803
85831
85842
85866
85884
85886
85891
85901
85911
85912
85913
85917
85949
85952
85963
85972
85983
85985
85998
86002
86008
86013
86029
86042
86628
87016
87072
87079
87102
87103
87111
87113
87150
87154
87220
87226
87244
87254
87277
87290
87297
87317
87327
87335
87346
87353
87355
87373
87384
87385
87407
87424
87426
87430
87433
87447
87463
87474
87481
87487
87491
87493
87497
87501
87516
87525
87527
87534
87553
87554
87556
87561
87563
87566
87568
87569
87579
87581
87585
87587
87634
87644
87655
87660
87669
87673
87677
87681
87686
87700
87702
87715
87728
87738
87742
87752
87766
87787
87798
87804
87806
87837
87840
87850
87895
87913
87914
87915
87921
87931
87936
87937
87940
87942
87968
87973
87974
87981
87982
87986
87988
88030
88044
88091
88187
88374
88398
88418
88440
88465
88510
88565
88578
88581
88585
88588
88589
88612
88617
88618
88625
88650
88662
88673
88677
88736
88746
88751
88763
88768
88772
88774
88776
88795
88819
88824
88828
88831
88844
88873
88876
88882
88941
88967
88971
88978
88980
88986
88998
89003
89009
89021
89026
89028
89039
89044
89058
89060
89103
89111
89119
89120
89125
89152
89163
89203
89209
89227
89278
89280
89336
89348
89376
89379
89380
89381
89421
89439
89448
89464
89468
89497
89549
89636
89637
89656
89702
89751
89778
89905
89962
89971
89981
90004
90013
90019
90026
90035
90064
90074
90089
90098
90111
90120
90130
90168
90182
90184
90188
90198
90202
90203
90208
90209
90213
90231
90233
90234
90237
90239
90240
90292
90415
90425
90427
90430
90440
90486
90492
90509
90520
90521
90533
90565
90573
90574
90579
90607
90680
90690
90701
90702
90720
90721
90725
90740
90785
90821
90826
90835
90876
90894
90898
90906
91024
91035
91046
91067
91079
91083
91087
91088
91106
91125
91135
91138
91291
91334
91337
91347
91351
91352
91358
91368
91371
91386
91395
91407
91415
91423
91639
91725
92706
92737
92752
92763
92779
92884
92904
92908
92911
92930
92933
92935
92938
92943
92960
92962
92974
92977
92983
92998
93013
93014
93019
93021
93033
93034
93036
93039
93060
93077
93079
93093
93100
93120
93139
93148
93153
93165
93189
93193
93215
93218
93220
93223
93232
93242
93249
93266
93267
93268
93283
93300
93303
93307
93323
93361
93374
93382
93389
93396
93397
93403
93410
93415
93418
93422
93440
93447
93458
93462
93470
93481
93488
93489
93490
93492
93496
93501
93503
93505
93509
93513
93514
93533
93544
93545
93546
93555
93570
93586
93594
93599
93613
93616
93620
93623
93627
93634
93665
93666
93667
93670
93684
93701
93704
93708
93710
93726
93736
93746
93753
93769
93771
93789
93792
93793
93797
93798
93809
93810
93836
93850
93857
93883
93899
93901
93909
93921
93923
93924
93926
93941
93947
93949
93952
93954
93962
93970
93980
93987
94003
94026
94035
94040
94054
94056
94067
94096
94099
94118
94135
94163
94165
94200
94234
94290
94726
94819
94838
94872
94886
94947
94967
94980
94981
95037
95047
95061
95069
95114
95115
95123
95149
95150
95183
95195
95204
95213
95236
95239
95308
95330
95334
95359
95376
95391
95398
95404
95454
95462
95472
95493
95528
95547
95634
95662
95684
95694
95698
95713
95729
95736
95769
95777
95780
95787
95790
95817
95856
95870
95894
95917
95929
95981
95991
96093
96103
96113
96114
96185
96263
96279
96321
96340
96439
96451
96456
96473
96483
96486
96491
96506
96693
96730
96732
96735
96737
96738
96751
96753
96755
96770
96771
96786
96790
96796
96797
96801
96804
96828
96835
96836
96837
96839
96841
96854
96856
96868
96871
96887
96892
96897
96908
96909
96911
96919
96947
96957
96961
96965
96966
96970
96983
96987
96990
97008
97014
97024
97025
97028
97029
97035
97044
97048
97049
97050
97057
97066
97069
97080
97081
97082
97088
97105
97112
97125
97133
97141
97157
97158
97188
97219
97231
97232
97253
97263
97269
97315
97393
97395
97438
97671
98209
98386
98468
98512
98563
98592
98598
98634
98656
98702
98723
98728
98738
98768
98777
98784
98786
98813
98816
98817
98825
98832
98833
98851
98858
98877
98887
98920
98922
98930
98936
98939
98941
98945
98957
98959
98965
98975
98994
99003
99014
99028
99030
99033
99036
99037
99040
99051
99055
99062
99074
99075
99087
99094
99105
99109
99116
99136
99144
99152
99168
99192
99197
99205
99223
99274
99332
99342
99385
99416
99460
99546
99557
99575
99609
99633
99653
99671
99677
99698
99718
99744
99773
99811
99970
100067
100073
100077
100120
100121
100125
100126
100130
100136
100179
100189
100263
100296
100421
100443
100542
100644
100646
100660
100664
100675
100687
100704
100718
100732
100753
100940
100964
100988
100993
101015
101016
101018
101039
101046
101115
101131
101136
101143
101218
101256
101273
101293
101302
101315
101330
101372
101416
101443
101464
101469
101482
101489
101503
101525
101562
101566
101606
101611
101641
101655
101670
101677
101695
101711
101714
101729
101733
101766
101812
101827
101829
101842
101845
101957
101970
101972
102058
102250
102318
102413
102421
102426
102467
102499
102624
102640
102653
102702
102704
102765
102777
102794
102929
102962
103050
103054
103113
103115
103120
103147
103150
103157
103190
103199
103209
103210
103211
103219
103220
103249
103275
103289
103297
103305
103328
103340
103343
103344
103355
103379
103397
103404
103410
103430
103447
103451
103452
103453
103503
103565
103566
103577
103583
103596
103612
103631
103634
103637
103671
103678
103689
103693
103711
103719
103739
103756
103789
103814
103819
103827
103844
103895
103914
103918
104007
104010
104031
104057
104079
104092
104214
104215
104257
104276
104293
104297
104351
104394
104454
104468
104646
104658
104704
104778
104783
104790
104796
104797
104815
104823
104832
104848
104885
104905
104910
104926
104937
104940
104955
104962
104963
105003
105019
105029
105049
105050
105054
105062
105100
105102
105132
105139
105148
105165
105167
105176
105177
105228
105259
105281
105303
105453
105471
105679
105736
106275
106565
106633
106687
106697
106729
106763
106841
106850
106876
106932
106957
107028
107049
107071
107079
107080
107086
107137
107138
107204
107224
107247
107253
107298
107328
107341
107349
107355
107375
107384
107430
107486
107522
107537
107541
107626
107637
107674
107707
107715
107717
107720
107765
107777
107778
107782
107784
107795
107796
107800
107816
107825
107832
107843
107917
107946
107970
107992
108012
108043
108044
108045
108063
108065
108071
108093
108101
108104
108131
108152
108164
108172
108194
108196
108217
108221
108227
108236
108274
108281
108282
108325
108382
108394
108402
108423
108424
108432
108456
108458
108460
108467
108472
108487
108493
108499
108524
108530
108562
108569
108583
108591
108603
108615
108617
108644
108653
108681
108690
108748
108799
108801
108845
108876
108879
108881
108883
108894
108936
109059
109065
109066
109067
109086
109089
109090
109105
109140
109156
109169
109182
109183
109191
109198
109206
109215
109218
109219
109236
109254
109259
109288
109317
109338
109349
109376
109378
109415
109419
109421
109430
109431
109437
109503
109527
109544
109550
109563
109571
109596
109622
109630
109635
109647
109655
109707
109709
109718
109744
109746
109751
109752
109757
109761
109771
109792
109855
109864
109866
109883
109888
109905
109910
109924
109936
109945
109949
109963
109965
110005
110007
110012
110015
110022
110029
110081
110122
110126
110127
110130
110138
110156
110164
110168
110182
110190
110201
110276
110277
110281
110295
110301
110313
110314
110317
110327
110331
110336
110339
110354
110355
110361
110373
110383
110411
110412
110435
110438
110447
110453
110482
110507
110510
110520
110521
110522
110530
110542
110547
110580
110592
110603
110608
110624
110631
110642
110646
110648
110654
110662
110665
110668
110675
110677
110685
110688
110696
110702
110709
110736
110746
110755
110759
110789
110825
110828
110830
110839
110854
110862
110865
110873
110878
110891
110900
110910
110916
110917
110936
110937
110947
110958
110963
110975
110978
110987
111003
111008
111019
111028
111059
111071
111090
111100
111111
111114
111116
111119
111140
111146
111156
111157
111164
111171
111182
111186
111235
111282
111330
111341
111443
111450
111452
111454
111491
111518
111549
111552
111562
111602
111648
111653
111656
111724
111764
111816
111849
111904
112013
112031
112154
112180
112201
112245
112284
112307
112316
112320
112376
112377
112381
112405
112406
112416
112427
112437
112438
112467
112476
112489
112554
112596
112599
112649
112650
112665
112668
112675
112715
112817
112847
112854
112928
112956
112995
113058
113081
113084
113104
113106
113127
113165
113180
113188
113264
113289
113292
113332
113336
113375
113379
113409
113496
113537
113575
113592
113629
113680
113686
113690
113691
113750
113752
113754
113762
113768
113776
113787
113793
113804
113812
113845
113884
113941
113955
114027
114051
114078
114082
114091
114107
114148
114171
114184
114189
114226
114239
114253
114261
114265
114283
114300
114314
114361
114397
114427
114464
114468
114500
114544
114557
114597
114606
114642
114651
114688
114713
114755
114759
114760
114812
114819
114829
114902
114967
114999
115013
115034
115055
115091
115122
115139
115234
115255
115316
115368
115378
115389
115405
115410
115430
115431
115436
115470
115475
115477
115480
115514
115516
115520
115524
115545
115573
115575
115626
115628
115637
115642
115646
115669
115677
115708
115722
115734
115735
115774
115836
115851
115857
115882
115893
115903
115936
115996
116024
116025
116037
116056
116070
116085
116091
116097
116108
116146
116150
116162
116165
116178
116207
116210
116305
116306
116366
116386
116387
116399
116419
116430
116455
116480
116495
116497
116525
116552
116582
116600
116684
116737
116770
116797
116807
116840
116858
116897
116928
116933
116942
116961
117009
117025
117047
117080
117146
117160
117163
117165
117198
117209
117216
117217
117220
117232
117248
117251
117282
117287
117292
117295
117331
117333
117357
117363
117387
117402
117417
117427
117436
117441
117452
117504
117533
117559
117676
117699
117707
117741
117766
117777
117809
117824
117825
117903
117905
118008
118078
118156
118205
118252
118258
118261
118262
118383
118392
118676
118684
118704
118711
118715
118717
118722
118733
118736
118740
118746
118747
118754
118781
118798
118811
118813
118814
118832
118861
118862
118867
118875
118881
119273
119296
119369
119392
119398
119436
119449
119465
119471
119521
119548
119550
119554
119555
119556
119567
119568
119569
119580
119589
119600
119609
119627
119631
119632
119634
119635
119640
119645
119647
119650
119651
119664
119665
119676
119681
119683
119715
119719
119728
119730
119750
119755
119760
119770
119772
119788
119803
119826
119830
119992
120031
120067
120080
120088
120094
120102
120113
120137
120139
120160
120180
120229
120233
120240
120271
120285
120300
120309
120314
120317
120337
120342
120361
120364
120373
120403
120444
120576
120644
120673
120766
120803
120810
120816
120821
120828
120829
120839
120841
120843
120845
120852
121113
121155
121173
121241
121259
121266
121274
121276
121337
121429
121506
121507
121532
121541
121599
122166
122201
122210
122216
122223
122246
122248
122251
122260
122281
122294
122299
122311
122331
122332
122356
122380
122382
122396
122410
122424
122427
122434
122468
122469
122473
122489
122500
122509
122520
122575
122579
122584
122598
122599
122612
122622
122631
122636
122638
122657
122664
122670
122678
122718
122728
122732
122754
122770
122790
122831
122851
122855
122856
122859
122918
122919
122921
122925
122965
123012
123024
123035
123063
123081
123084
123086
123102
123103
123154
123184
123192
123195
123215
123255
123293
123296
123325
123329
123336
123339
123345
123350
123356
123361
123362
123366
123371
123391
123434
123439
123452
123462
123463
123477
123510
123527
123529
123533
123535
123537
123538
123549
123550
123569
123581
123586
123587
123614
123622
123641
123642
123665
123670
123672
123691
123711
123715
123726
123733
123750
123794
123821
123942
124562
124672
124736
124967
125136
125175
125194
125198
125328
125369
125388
125433
125443
125524
125542
125570
125635
125686
125710
125737
125744
125779
125833
125873
125890
125942
126042
126049
126064
126077
126097
126130
126137
126142
126151
126180
126204
126271
126313
126316
126352
126362
126372
126376
126379
126380
126393
126397
126411
126417
126445
126478
126479
126497
126498
126501
126505
126574
126599
126606
126714
126724
126750
126751
126759
126846
126895
126904
126907
126941
126946
126954
126957
126960
126962
126969
127004
127009
127010
127018
127029
127057
127064
127068
127069
127071
127081
127106
127130
127162
127182
127210
127219
127232
127321
127329
127343
127346
127349
127398
127566
127686
127718
127780
127840
127893
127926
127932
127996
128039
128043
128081
128109
128130
128148
128154
128240
128405
128414
128415
128558
128763
128787
128791
128806
128810
128838
128879
128939
129033
129045
129054
129150
129166
129172
129201
129294
129307
129319
129326
129332
129336
129357
129361
129465
129491
129517
129670
129705
129726
129728
129822
129856
129878
129889
129892
129896
129953
129985
129988
129995
130060
130066
130068
130069
130106
130120
130131
130151
130173
130201
130264
130566
130792
130866
130901
130913
130918
130938
130975
131000
131007
131010
131011
131012
131017
131023
131024
131026
131027
131030
131037
131041
131042
131060
131067
131076
131082
131083
131086
131091
131093
131094
131103
131114
131126
131130
131140
131150
131161
131168
131172
131177
131182
131184
131188
131215
131216
131218
131225
131229
131231
131234
131236
131237
131239
131258
131271
131296
131303
131304
131319
131342
132306
132330
132425
132455
132464
132469
132477
132504
132506
132518
132524
132529
132544
132546
132565
132567
132571
132581
132582
132586
132603
132609
132613
132616
132617
132619
132627
132636
132639
132641
132647
132649
132654
132657
132664
132670
132692
132702
132703
132744
132769
132879
132910
132913
132955
132985
132988
133121
133126
133246
133247
133369
133437
133519
133557
133568
133580
133599
133619
133623
133624
133638
133639
133640
133654
133656
133733
133734
133744
133758
133782
133808
133834
133843
133914
134110
134141
134150
134173
134239
134275
134382
134427
134479
134480
134484
134486
134493
134494
134506
134733
134734
134751
134757
134758
134762
134764
134776
134810
134825
134900
134995
135006
135011
135022
135292
135341
135661
135671
135706
135708
135728
135733
135734
135749
135761
135775
135796
135802
135816
135845
135851
135855
135864
135871
135880
135918
135930
135934
135936
135939
135941
135942
135952
135954
135955
135982
135991
136002
136011
136014
136049
136054
136097
136237
136265
136299
136334
136345
136354
136365
136470
136604
136638
136765
136842
137056
137089
137091
137094
137095
137110
137127
137136
137137
137140
137141
137142
137144
137152
137163
137185
137979
137985
138023
138112
138113
138132
138158
138160
138162
138176
138178
138191
138211
138214
138230
138234
138238
138241
138254
138262
138270
138275
138280
138299
138315
138344
138352
138355
138358
138363
138365
138403
138412
138471
138476
138481
138845
138964
139021
139112
139212
139214
139219
139263
139317
139329
139330
139353
139354
139360
139378
139390
139394
139401
139404
139405
139421
139426
139428
139434
139436
139437
139441
139443
139446
139447
139451
139474
139476
139480
139496
139500
139502
139507
139510
139511
139512
139537
139547
139558
139584
139598
139613
139624
139637
139638
139643
139703
139738
139742
139743
139746
139747
139755
139760
139761
139765
139785
139826
139830
139845
139905
139907
139943
139955
140020
140040
140170
140266
140276
140343
140350
140355
140443
140448
140470
140597
140598
140638
140861
140872
140922
141147
141199
141800
141873
141889
141981
142244
142273
142405
142421
142438
142479
142508
142513
142515
142517
142530
142532
142537
142549
142557
142598
142601
142607
142626
142632
142651
142671
142689
142721
142724
142727
142731
142735
142742
142773
142780
142789
142810
142820
142823
142839
142846
142898
142900
142909
142928
142943
143000
143013
143016
143019
143035
143038
143050
143064
143088
143090
143096
143101
143127
143138
143141
143143
143161
143168
143178
143181
143183
143197
143200
143208
143221
143258
143261
143262
143270
143273
143295
143312
143330
143337
143342
143347
143373
143432
143439
143459
143469
143562
143563
143569
143576
143580
143784
143858
143873
143923
143979
143984
143985
143988
144007
144058
144122
144124
144149
144190
144191
144396
144422
144507
144522
144531
144570
144610
144633
144722
144762
144768
144795
144820
144836
144839
144879
145011
145019
145163
145194
145196
145208
145212
145214
145217
145224
145226
145242
145266
145275
145277
145280
145364
145439
145449
145455
145464
145489
145566
145707
145850
146089
146117
146340
146358
146360
146380
146385
146387
146388
146407
146411
146419
146423
146438
146444
146451
146453
146464
146465
146570
146575
146631
146650
146694
146707
146727
146827
147174
147239
147263
147267
147278
147279
147312
147331
147346
147386
147406
147518
147599
147631
147669
147785
147827
147862
147871
147877
147901
147915
148082
148348
148352
148365
148390
148512
148513
148531
148549
148574
148631
148651
148666
148702
148717
148757
148765
148820
148844
148915
149003
149309
149314
149389
149424
149439
149463
149488
149499
149547
149571
149674
149712
149713
149892
149995
149998
150016
150044
150048
150062
150122
150170
150251
150253
150255
150477
150499
150500
150501
150527
150529
150545
150678
150705
150761
150776
150781
150802
150822
150855
150913
150925
150930
150935
150968
150980
150988
151044
151061
151077
151091
151109
151127
151129
151130
151139
151187
151203
151276
151323
151327
151761
151768
151782
151812
151816
151820
151823
151827
151834
151861
152019
152051
152070
152273
152274
152280
152438
152470
152497
152507
152589
152771
153074
153077
153097
153105
153120
153127
153131
153134
153179
153350
153616
153621
153641
153648
153734
153771
153776
153777
153790
153796
153797
153809
153839
153851
153884
153890
153917
153932
153949
153998
153999
154013
154082
154408
154486
154490
154502
154506
154526
154528
154565
154568
154570
154576
154581
154582
154653
154737
154804
155028
155048
155051
155088
155102
155104
155154
155189
155372
155505
155691
155710
155714
155716
155730
155731
155736
155738
155795
156139
156140
156192
156214
156274
156315
156325
156435
156468
156476
156480
156482
156531
156543
156544
156548
156829
156982
156990
157131
157191
157237
157256
157266
157319
157329
157363
157366
157384
157405
157515
157566
157590
157599
157638
157645
157836
157879
157884
157902
157919
158022
158043
158059
158096
158097
158409
158428
158432
158495
158725
158734
158981
159011
159029
159385
159390
159407
159416
159419
159427
159443
159494
159500
159610
159611
159636
159665
159682
159770
159784
159925
160017
160040
160049
160057
160064
160161
160201
160231
160233
160235
160237
160340
160451
160464
160468
160600
160624
160660
160663
160664
160677
160694
160784
160849
160853
160876
160928
160968
160969
161053
161057
161193
161305
161309
161320
161327
161328
161343
161380
161389
161431
161437
161453
161471
161547
161564
161684
161687
161719
161783
161794
161820
161822
161863
161866
161888
161947
161984
162007
162100
162110
162118
162127
162131
162272
162334
162337
162338
162341
162346
162355
162360
162362
162376
162379
162383
162400
162820
162837
162843
162868
162878
163298
163333
163338
163339
163762
163793
163809
163811
163813
163816
163826
163859
163862
163874
163887
163914
163926
163930
163939
163950
163953
164011
164020
164021
164023
164068
164070
164072
164088
164105
164113
164125
164143
164155
164160
164161
164293
164367
164370
164681
164682
164724
164726
164735
164911
164923
164936
164941
164946
164949
164963
164972
164989
164992
164995
165012
165065
165071
165500
165607
165615
165627
166262
166352
166378
166379
166381
166390
166399
166410
166446
166458
166462
167068
167170
167179
167188
167189
167191
167254
167276
167303
167350
167407
167417
167449
167498
167514
167527
167528
167535
167563
167581
167778
167994
168158
168223
168241
168260
168276
168316
168320
168422
168426
168449
168450
168564
168565
168566
168591
168596
168605
168628
168708
168718
168960
169045
169085
169092
169700
169729
169738
169739
169740
169771
169773
169774
169777
169840
169896
169897
169925
169972
169975
170071
170397
170416
170469
170575
170579
170606
170622
170664
170735
170916
171243
171254
171286
171358
171402
171521
171638
171642
171847
171952
172151
172156
172157
172160
172218
172223
172227
172270
172289
172297
172300
172302
172343
172618
172624
172627
172634
172636
172650
172656
172670
172685
172774
172893
172984
173204
173225
173387
173675
173695
173735
173738
173977
174155
174166
174170
174175
174182
174290
174310
174331
174336
174356
174366
174393
174413
174414
174424
174431
174436
174448
174449
174475
174497
174765
174840
174888
174948
174959
175001
175565
175594
175774
175778
175961
175977
175978
176054
176191
176199
176211
176337
176385
176871
176905
176926
177308
177396
177403
177483
177489
177561
177585
177637
177658
177977
178075
178188
178240
178250
178303
178445
178608
178661
178787
178890
178899
178921
178950
178974
178991
179022
179053
179059
179127
179177
179313
179329
179336
179822
179839
179871
179918
179919
179944
179956
179989
180018
180053
180064
180315
180550
180605
180611
180614
180631
180647
180648
181064
181112
181261
181287
181302
181373
182113
182114
182144
182182
182301
182345
182416
182447
182563
182698
182708
182783
183015
183386
184048
184073
184085
184142
184387
184640
184740
184831
185457
185866
185877
185878
185882
185887
185895
186017
186067
186103
186188
186204
186559
186579
186845
186906
187246
187437
187877
187891
187916
187919
187920
188027
188028
188046
188078
188255
188280
188282
188456
188731
189051
189060
189064
189065
189067
189122
189249
189304
189305
189455
189470
189571
189579
189596
189597
189600
189761
189766
189802
189851
190021
190029
190044
190099
190104
190364
190375
190383
190431
190602
190613
190651
190659
190666
190673
190676
190677
190706
191097
191128
191148
191324
191661
191697
191746
191790
191806
191830
192401
192413
192494
192621
192633
192649
192664
192673
192683
192686
192734
192755
192806
192810
192852
192885
192936
193390
193410
193420
193428
193430
193453
193463
193477
193486
193490
193499
193512
193516
193558
193563
193584
193590
193622
193624
193625
193626
193628
193633
193643
193649
194973
195022
195132
195367
195377
195380
195535
195585
195596
196394
196489
196507
196512
196545
198055
198064
198184
198218
198285
198342
198348
198457
198461
198534
198535
198543
198568
198575
199027
199049
199130
199200
199313
199947
199997
200149
200191
200248
200272
200288
200489
201139
201507
201613
201658
202206
202248
202259
202260
202597
202951
202958
203011
203012
203167
203213
203215
203232
203237
203697
204003
204041
204079
204116
204118
204149
204478
204511
204718
204729
205036
205069
205146
205187
205390
205421
205982
206003
206040
206087
206335
206422
206438
206509
207039
207207
207219
207254
207673
208067
208086
208103
208132
208136
208142
208764
208770
209156
209217
209256
209263
209784
210511
210622
210817
210831
211205
211210
211211
211214
211344
211351
211385
211426
211711
211741
212181
212205
212273
212279
213052
213137
213361
213552
213578
213649
213663
213696
213759
213761
213956
214004
214119
214390
215173
215188
215232
215500
215537
215541
216018
216289
216427
216492
216526
216548
216618
216949
216982
217046
217103
217111
217117
217279
217422
217762
217773
217774
217838
217883
217931
217975
218037
218041
218043
218372
218631
218634
218693
218696
218706
218743
218759
218765
218771
219077
219334
219337
219345
219352
219396
219593
219613
219657
219815
219876
220281
220338
220584
221323
221669
222260
222275
222292
222445
222507
222690
222698
222804
223292
223624
224473
225002
225207
225530
225570
225604
225612
225614
226000
226739
226760
227538
229440
229646
229825
229889
229935
230085
230100
230247
230306
230410
230832
230896
231712
231896
232215
232253
232285
232705
233176
233351
233432
233487
234010
234025
234039
234070
234253
234289
234295
234338
235314
235383
235755
235782
235826
235847
236518
236761
236853
237409
237460
237566
237783
237885
237894
237947
238272
238321
239487
239580
239957
240225
240261
241000
241129
241361
241774
241897
242089
242118
242276
242329
242539
242933
242968
243144
243251
243949
244571
244601
245102
245851
245859
246318
246432
246920
247159
247202
247215
247235
247501
247581
247585
247630
247661
247672
247681
247685
247714
248164
248227
249385
249437
249604
249874
250454
251060
252257
252283
252530
253105
253856
254856
255100
256179
256353
257854
258052
258197
258393
259091
259179
259815
262624
263789
263973
264644
265323
266416
266437
267338
268115
269019
269116
269806
270571
272555
273960
275888
276093
278496
281105
282466
282561
282941
282964
283778
284152
285806
286937
288604
288612
289544
294218
301698
301892
301936
301962
302574
302687
303072
305114
306280
306464
306618
306695
306795
307478
307523
307536
307784
307895
310091
310834
313813
317984
318985
322720
325606
325716
326368
327794
329301
331548
332300
332316
334035
335548
337115
342957
343312
343423
343903
344132
346344
349133
351447
359462
360042
360337
361071
364071
365909
366428
368250
370049
376779
376787
376931
380196
380410
396706
401154
401991
409667
411399
434329
438018
439739
2001 WT15
2002 VQ85
2004 XS80
2008 VG1
2010 AK86
2000 QP25
2000 QH87
2001 XU246
2003 AQ27
2003 BM6
2003 EV53
2006 HM58
2006 XT24
2007 DZ92
2007 EE4
2009 TK20
2010 AS83
2010 AS119
2010 BB40
2010 BK40
2010 BH60
2010 BD62
2010 BZ65
2010 BJ66
2010 BQ76
2010 BO100
2010 BP105
2010 BX105
2010 BZ108
2010 BY110
2010 BM114
2010 BH120
2010 BG121
2010 BO122
2010 CB202
2010 CQ209
2010 CB219
2010 CA238
2010 CV244
2010 DN51
2010 EZ26
2010 ES169
2010 FS61
2010 FP77
2010 FZ107
2010 FN108
2010 GR72
2010 GF80
2010 GD168
2010 GB169
2010 HL86
2010 HY86
2010 JM6
2010 JQ10
2010 JQ27
2010 JG53
2010 JS55
2010 JT57
2010 JR68
2010 JL89
2010 JT100
2010 JN101
2010 JF109
2010 JO136
2010 JA139
2010 JR144
2010 KY2
2010 KP28
2010 KN44
2010 KR56
2010 KK75
2010 KR97
2010 KR123
2010 KZ123
2010 LU18
2010 LA31
2010 LB36
2010 LZ50
2010 LZ73
2010 LS89
2010 LR97
2010 LQ103
2010 LM124
2010 MS23
2010 MD35
2010 MP36
2010 MV38
2010 MT45
2010 MC53
2010 MP75
2010 NG16
2010 NZ27
2010 NC41
2010 NM63
2010 NV72
2010 NT76
2010 NZ106
2010 NP111
2010 NR111
2010 NT116
2010 OL30
2010 OD38
2010 OF38
2010 OO56
2010 OA108
2010 OQ108
2010 PT44
2010 PG47
2011 QH67
2012 VC19
2012 XD136