id
183
594
1006
1011
1310
3401
4581
5761
6047
6585
9300
11836
14491
16695
17640
22449
25872
26120
26123
26604
39741
46037
54728
54754
57292
58044
58957
63893
65127
65190
65764
65936
75272
84516
85063
85165
85571
85804
88886
91366
96164
96178
105127
114930
119878
121241
122350
124053
129470
131402
132616
133173
134821
137069
137238
137802
140265
141111
143303
143562
145218
145720
146096
150705
153452
154483
155800
155824
159608
159668
161419
162080
162239
162402
162474
162896
163310
163538
163799
163818
168317
170725
172425
174142
177279
178877
186986
188352
189118
190070
190418
192912
197441
203010
206298
206849
208115
209024
213090
216770
218251
218766
219332
222079
222445
228327
229784
230951
233972
235115
237522
237604
238349
241017
241624
242336
245045
250510
250520
252548
253069
254637
258049
258051
258095
264519
268240
269382
269816
270201
270588
271645
272671
274520
274627
277485
279120
279712
283827
285386
285734
287934
293797
296926
298623
298654
307260
307267
307986
308117
315898
321356
324366
329545
331680
332203
332687
333464
333679
334457
334527
335150
335850
337012
337178
338000
341733
344045
345097
350478
353943
357248
357414
361436
361754
368272
368799
370054
370156
370177
374482
376861
378747
379156
381915
382616
382824
384769
385549
387653
387885
393674
396842
397250
410131
413219
413949
415791
415871
415946
416031
416621
417245
418900
422679
422711
422719
422729
422757
422988
423095
423482
426013
429114
429845
430511
430802
432272
432814
433326
434084
434231
434486
434633
434666
434787
437846
438245
438399
438946
438989
1999 RG31
1999 XV223
2000 RS77
2000 SN97
2000 UF56
2001 QK205
2001 SO115
2001 UT
2001 UD1
2002 FA
2002 RZ190
2002 TO37
2003 NM3
2003 QR42
2003 QP49
2003 SZ294
2003 UJ
2003 XH14
2004 BN10
2004 BJ54
2004 GC18
2004 LB10
2004 RF10
2004 TG175
2004 TQ139
2005 ND21
2005 SM1
2005 VO114
2005 WA5
2005 YN177
2006 PO2
2006 QV3
2006 QX122
2006 SE55
2006 SL401
2006 UR83
2006 VA
2006 WU
2007 BY76
2007 HZ3
2007 JU15
2007 NY4
2007 PC6
2007 SE11
2007 TV180
2007 TV434
2007 VD241
2008 AL4
2008 JB31
2008 RQ98
2008 RC119
2009 BY114
2009 QM14
2009 SM344
2009 VA78
2009 VW80
2010 AJ72
2010 CL1
2010 MX45
2010 PD
2010 PD1
2010 RS61
2010 SK12
2010 UD96
2010 VU20
2010 VQ112
2010 VA152
2010 XD52
2011 CU44
2011 CV68
2011 GV57
2011 RM16
2011 SL206
2011 SB218
2011 UT159
2011 UR404
2012 OH1
2012 OJ4
2012 SX10
2012 TU4
2012 TP316
2013 AG60
2013 PQ43
2013 TP42
2013 XO10
2014 KU76
2014 QW296
2014 SW144
2014 SX144
2014 WR366
2014 WW180
2014 WV251
2014 WJ355
2014 YC14
2014 YJ15
2015 DC104
2015 FY344
2015 HU176