id
1230
1931
1995
2187
2299
2317
2339
2351
2497
2756
2783
2788
2915
2935
2980
3206
3742
4010
4129
4154
4184
4314
4360
4525
4561
4567
4753
4853
4939
4986
4996
5046
5047
5065
5097
5098
5174
5207
5380
5479
5482
5514
5516
5564
5655
5700
5737
5819
5838
5847
5877
5897
5973
5995
6010
6048
6155
6162
6201
6324
6428
6450
6512
6518
6561
6573
6649
6699
6703
6711
6740
6776
6867
6888
6936
6978
6995
7138
7175
7209
7252
7285
7297
7298
7328
7344
7428
7440
7459
7493
7518
7523
7569
7580
7633
7637
7638
7659
7715
7835
7874
7920
7963
8005
8127
8269
8293
8548
8643
8654
8841
8842
8859
8900
9005
9020
9053
9233
9289
9298
9299
9332
9587
9588
9729
9782
9796
9932
10034
10042
10185
10260
10304
10329
10332
10352
10441
10643
10686
10709
10741
10743
10744
10836
10935
11077
11129
11186
11237
11323
11334
11454
11481
11526
11619
11780
11790
11863
11932
11939
11961
12084
12096
12190
12191
12200
12232
12234
12268
12308
12344
12349
12351
12376
12686
12687
12724
12728
12738
12808
12853
12975
13007
13009
13029
13031
13041
13043
13049
13050
13076
13260
13352
13520
13582
13679
13914
13956
14007
14202
14208
14233
14238
14295
14361
14374
14376
14494
14578
14618
14721
14831
14909
15007
15071
15089
15135
15137
15332
15356
15422
15558
15605
15689
15693
15740
15800
15803
15898
15923
15925
15936
15984
16030
16186
16190
16198
16363
16366
16394
16555
16557
16595
16668
16685
16847
16890
16932
16965
17006
17012
17034
17105
17185
17223
17275
17279
17403
17463
17479
17770
18064
18069
18114
18323
18377
18437
18549
18615
18654
18813
18841
18872
18884
18903
19150
19155
19184
19469
19472
19502
19560
19562
19610
19651
19653
19747
19750
19926
20020
20041
20044
20117
20227
20319
20356
20358
20380
20384
20473
20492
20498
20579
20662
20680
20789
20896
20899
21022
21152
21238
21518
21521
21527
21552
21731
21865
21901
21977
21997
22092
22104
22253
22261
22464
22635
22694
22977
23005
23090
23413
23443
23571
23796
24013
24014
24075
24109
24254
24309
24460
24503
24544
24639
24675
24759
24851
24983
25231
25461
25489
25496
25572
25687
25735
25739
26088
26158
26170
26342
26348
26419
26463
26465
26535
26582
26632
26643
26750
27117
27128
27172
27181
27199
27211
27278
27311
27826
27861
27973
28172
28263
28265
28702
28721
28864
28897
29149
29164
29198
29199
29303
29309
29758
29794
29821
29829
29989
30185
30189
30224
30879
31382
31399
31446
31498
31540
31547
31601
31624
31702
31714
31732
31776
31799
31826
32138
32218
32252
32355
32390
32484
32503
32505
32570
32583
32621
33124
33229
33265
33651
33659
33812
33813
34286
34348
34373
34459
34502
34572
34588
34705
35496
35551
35558
36035
37424
38057
38067
38403
38468
38504
39317
39950
40161
40282
41044
41545
41680
42264
42701
42704
42790
43028
43259
43275
43341
43831
43926
44215
44217
44354
44530
44544
44896
45263
46607
46631
46637
47049
47388
47561
49923
50379
50380
50866
53277
54467
54501
54906
56692
57252
57348
58148
65668
66510
67058
67536
71145
75241
87312
91577
97145