id
728
827
831
1141
1195
1216
1218
1374
1387
1422
1451
1476
1480
1500
1530
1593
1610
1640
1705
1713
1752
1897
1991
1997
2030
2070
2071
2119
2130
2227
2242
2267
2282
2322
2334
2350
2367
2383
2385
2399
2419
2440
2454
2480
2513
2538
2564
2568
2579
2581
2583
2584
2623
2656
2665
2682
2689
2691
2693
2736
2745
2746
2750
2764
2778
2779
2792
2812
2825
2828
2841
2843
2844
2845
2859
2881
2883
2890
2897
2899
2910
2914
2926
2954
2960
2961
2971
2975
2989
3023
3057
3059
3060
3076
3107
3121
3138
3173
3187
3193
3220
3233
3236
3253
3257
3258
3272
3279
3299
3301
3340
3370
3373
3390
3398
3411
3412
3413
3454
3455
3464
3481
3493
3520
3590
3644
3653
3656
3669
3681
3690
3739
3749
3755
3762
3764
3769
3777
3783
3792
3810
3824
3840
3841
3855
3875
3920
3928
3948
3949
3991
3996
4012
4021
4023
4024
4062
4066
4070
4113
4145
4185
4204
4231
4269
4287
4296
4323
4331
4335
4362
4373
4374
4375
4472
4477
4520
4563
4607
4614
4626
4631
4640
4650
4655
4689
4691
4692
4703
4710
4720
4724
4806
4810
4869
4875
4909
4942
4949
4951
5037
5044
5051
5064
5073
5121
5135
5203
5211
5220
5227
5237
5238
5297
5313
5318
5334
5350
5363
5386
5391
5424
5437
5463
5512
5525
5568
5593
5600
5605
5743
5753
5764
5783
5802
5887
5937
5945
5949
5978
5985
6018
6091
6121
6126
6151
6159
6176
6177
6200
6290
6329
6347
6381
6405
6406
6481
6498
6581
6584
6610
6630
6658
6669
6753
6764
6787
6808
6921
6946
7043
7058
7068
7148
7234
7262
7288
7355
7393
7558
7653
7685
7729
7752
7757
7851
8151
8265
8937
9111
9601
9780
9896
10419
10479
10523
10617
10826
10940
12218
13351
14196
14276
17738
17939
18077
18243
18287
18301
24473
25317
45153
99913