id
58
110
224
363
774
1517
1766
2132
2138
3124
3367
3885
5419
5576
5866
6606
6796
6891
7279
7457
8673
8798
8878
9003
9406
9784
10172
10539
10651
10867
11418
12108
12137
12380
13322
13830
14855
14913
15058
15190
16390
17126
17178
17434
17692
17894
18241
18317
18950
19014
19075
19212
19479
19691
19787
19881
20347
20368
20540
20688
20823
21141
21245
21687
21917
21981
22062
22218
22547
22665
22760
22865
22936
23019
23371
23602
23839
23840
23867
23869
23964
24126
24146
24182
24185
24190
24421
24676
25132
25139
25619
26532
26974
28026
28063
29109
29205
29248
29785
29911
30206
31058
31228
31452
31636
32174
32982
33126
33603
33614
34184
34218
34241
34268
34304
34410
34490
34824
34862
34990
35196
35531
35577
35580
36451
36464
36593
36743
36912
37038
37111
37156
38015
38244
38287
39159
39343
39399
39548
39554
39624
39666
39674
40175
40488
40496
40577
40857
40861
40926
41035
41627
42279
42542
42581
42582
42975
43044
43129
43156
43828
43848
44009
44360
45027
45144
45501
45910
46076
46121
46157
46359
46933
46971
47010
47376
47537
47697
47738
48110
48167
48194
48280
49470
49559
50246
50574
50600
50603
50653
50716
50881
51024
51683
52403
52637
53131
53153
53155
53176
53927
53982
54198
54208
54343
54742
54992
55047
55216
55302
55316
55356
55671
56141
56191
56442
56733
57139
57201
57374
57570
57814
57961
58206
58368
58775
59058
59254
59682
59779
59892
60002
60005
60030
60442
60460
60489
60579
61143
61517
61523
61576
61601
61649
62258
62307
62323
62569
62740
62775
62868
63089
63390
63398
63759
63801
63857
64432
64693
64915
65006
65032
65056
65135
65536
65785
66088
66134
66688
66740
66844
67001
67229
67706
67752
68125
68306
68568
68726
68865
69240
69300
69321
69427
69766
69846
70587
70594
70907
70917
71085
71438
71441
71543
71568
72368
72648
72746
72798
73382
73567
73577
73615
73737
73751
73930
74168
74251
74329
75751
75807
75846
75866
75895
75904
75962
75990
76057
76237
76295
76389
76547
76945
78071
78350
78383
78386
78444
78454
78521
78533
78568
78600
78604
78752
78951
79204
79209
79433
79742
79902
79908
80006
81258
81278
81288
81357
81364
81372
81605
81661
81674
81813
81960
82377
82928
83089
83101
83192
83263
83296
83335
83449
83455
83499
83711
83777
83942
84232
84298
84362
84459
84540
84567
84611
84612
84760
85304
85403
85729
86092
86139
86189
86211
87659
87740
87793
87807
87818
87827
87873
87966
88061
88669
88723
88776
88815
89039
89066
89185
89220
89393
89654
90062
90340
90533
90635
90830
90832
90840
91128
91402
91527
91608
91689
91922
92828
93100
93276
93506
93524
93552
93566
93794
93920
93937
94044
94140
95094
95156
95157
95269
95290
95383
95406
95429
95471
95486
95507
95513
95516
95553
95586
95654
95660
96135
96582
96902
96941
97234
97302
97456
98636
98847
99114
99120
99127
99588
100929
101207
103133
103156
103635
103700
103777
103847
103892
103961
104039
104165
104310
104326
104364
104523
104529
104648
104703
105255
105260
105320
105667
105710
105795
105950
106294
106597
107013
107331
107424
108104
108207
108861
109036
109438
109555
109711
109808
109910
109989
110008
110089
110313
110389
110408
110439
110464
110497
110564
110705
110796
110808
110811
110904
110915
111165
111197
111350
111427
111462
111543
111554
111742
111887
112614
112869
112874
112902
113298
113342
113362
113412
113498
113500
113585
113678
114484
115095
115120
115188
115266
115338
115389
115434
115620
115728
116028
116474
117063
117215
117711
118212
118266
118427
118726
118751
118769
118780
118794
118809
118824
118825
118844
118849
118897
119422
119456
120617
120693
121263
121383
121415
121476
121485
121527
121538
121619
121740
122465
122766
122969
123148
123720
123771
123816
124669
125670
126068
126074
126099
126351
126560
126631
126802
126990
127138
127495
127781
128143
128459
128683
128725
129084
129291
129718
129942
130127
131151
131202
131208
131325
132418
132579
132787
132865
132911
133010
133018
133021
133200
133303
133368
133663
133715
133749
133766
133775
134349
134775
134776
134872
134874
135208
135349
135350
135460
135792
135838
135905
135961
135966
135972
136300
136331
136346
136528
136623
138379
138535
138582
138710
138712
139515
139553
139575
139621
139652
139661
139739
139762
139855
139903
139925
139985
140071
140111
140154
140163
140181
140216
140259
140415
140490
140586
140909
141001
141070
141389
141476
142675
142917
142982
143008
143009
143106
143532
144334
144335
144417
144566
144578
144579
145128
145333
145343
145502
145776
146130
146144
146528
146532
146534
146691
146734
146768
147355
147418
147656
147662
147833
148025
148400
148402
148404
148998
149016
149031
149446
149476
149511
149527
149801
149948
150506
150560
150613
150632
150960
151110
151132
151190
151254
151269
151272
151347
151821
151891
152059
152194
152676
152796
153163
153891
153990
154079
154103
154596
154847
154882
155157
155280
155398
155767
156505
156527
156536
156559
156560
156564
156572
156577
156588
156593
157035
157050
157680
157784
157931
158469
158817
158952
159273
160428
160441
160493
161184
161546
161595
161720
161973
162345
162788
163011
163352
163388
163497
163506
163520
163540
163609
163612
163908
163952
163972
164007
164065
164144
164347
164404
164517
164614
164956
165032
165836
166387
166488
166499
166619
166636
166760
166892
167258
167977
168018
168236
168243
168332
168643
168646
168678
169115
169121
169244
169258
169734
169858
169900
169910
169924
169955
170005
170010
170011
170038
170096
170413
170586
170667
170683
170722
171005
171080
171160
171229
171323
171627
171678
171959
171986
172255
172298
172299
172714
172791
172900
172946
173135
173821
173984
173997
174015
174408
174517
174835
175044
175230
175287
175314
175332
175404
175407
175433
175513
175558
176272
176326
176538
177534
177539
177540
177582
177892
177942
178097
178195
178358
178472
178953
179043
179086
179132
179136
179298
179309
179396
179447
180147
180670
180729
180739
180969
181113
181257
181359
181575
181638
181642
181939
182164
182184
182463
182542
182552
182561
182567
182570
182623
182634
182676
182771
182905
183473
183499
183528
184137
184174
184200
184330
184517
184608
184664
184770
184775
184828
184924
185439
185482
185547
185652
185894
185911
186226
186262
186290
186317
186922
187085
187207
187328
187386
187422
187743
188080
188099
188304
188416
188488
188489
188534
188559
188809
188912
188932
189138
189869
189900
189908
190041
190052
190476
190655
191121
191140
191143
191390
191543
192322
192406
192635
192698
192754
192867
192879
192940
192984
192998
195183
195202
195250
195295
195390
195441
195447
195452
195482
195507
195856
195896
196557
196572
196573
196635
196701
196715
196799
196871
197000
197013
197031
197069
197144
197366
197466
197494
198294
198312
198545
198653
198661
198738
198758
198789
199298
199418
199435
199468
199540
199555
199661
199748
199919
199920
200313
201103
201105
201544
201600
201602
201638
201739
202279
202300
202301
202601
202629
202740
202811
203243
204098
204162
204689
204736
204834
205046
205461
205580
206038
206061
206120
206132
206148
206185
206498
206531
206590
206615
206690
206696
206698
206818
206832
207075
207222
207264
207305
207612
207850
207900
208392
208412
208857
208870
208930
209139
209223
209254
209676
210263
210626
210855
210867
211242
211721
211780
212297
212494
212496
212522
212660
212684
212693
212797
212852
212936
213059
213395
213416
213724
213733
214027
214054
214638
214649
214791
215111
215286
215342
215744
215956
215974
216007
216159
216179
216470
216552
217589
217609
217993
218087
218248
218276
218535
218708
218713
218897
219045
219090
219350
219375
219432
219756
219799
219836
219862
220346
220620
221219
221282
221308
221335
221338
221412
221509
221673
221768
222027
222300
222340
222348
222720
222786
222792
222817
222899
223296
223333
223338
223440
223680
223699
223703
223746
223783
223840
223852
223868
223931
224376
224413
224416
224485
224645
224772
224970
225014
225021
225031
225039
225189
225274
225379
225964
225971
226025
226117
226720
226771
226800
226819
226823
226852
226878
226926
226928
226967
226986
227523
227529
227680
227921
228062
228415
228637
229157
229205
229222
229542
229548
229597
229694
229695
229750
229793
230112
230121
230316
230367
230368
230400
230434
230650
230930
230955
231309
231322
231344
231365
231438
231455
231547
231654
231928
231932
232288
232523
232526
232552
232565
232590
232601
232609
232626
232636
232788
232826
232849
232882
232914
233211
233234
233406
233440
233577
233633
233825
233845
233873
234424
234801
234822
234849
234939
235178
235232
235237
235241
235307
235310
235349
235368
235389
235850
235913
235934
235954
236349
236385
236533
236538
236571
236586
236828
236892
236908
237050
237259
237456
237617
237851
237923
237954
237966
237994
237995
238017
238141
238202
238268
238290
238291
238294
238661
238786
239112
239143
239170
239176
239318
239369
239569
239734
239892
239983
239992
240190
240210
240260
240419
240434
240443
240959
240998
241018
241054
241194
241264
241419
241483
241568
241829
241949
242071
242307
242422
242641
242698
242883
242886
243435
243451
243495
244052
244099
244173
244269
244292
244309
244462
244810
244893
245278
245405
245774
245847
246006
246208
246213
246297
246333
246466
246667
246752
247534
247992
247999
248007
248088
248133
248136
248396
248397
248416
248632
248756
248782
249143
249170
249244
249365
249389
249557
249914
249964
249992
250201
250501
250715
250749
251135
251285
251638
251849
252310
252410
252521
252581
252584
252637
252662
252726
253993
254126
254137
254147
254186
254254
254712
254714
254732
254744
254777
254794
254804
254839
255068
255075
255151
255153
255222
255477
255800
256017
256021
256068
256075
256108
256109
256293
256346
256386
256416
256507
256509
256800
256880
256905
256923
257453
257476
257538
257611
257841
257891
258253
258294
258320
258364
258391
258412
258583
259306
259356
259827
260032
260124
260162
260165
260434
260537
260699
260773
260824
260887
261035
261052
261064
261083
261125
261162
261221
261320
261332
261513
262172
262225
262323
262390
262391
262417
262451
262552
262635
262700
262732
262789
262804
262822
262860
262897
262907
262927
262939
262959
263010
263058
263164
263250
263291
263554
263578
263662
263929
264208
264225
264703
264834
265350
265709
265773
265969
266388
266390
266393
266627
266722
266776
266792
266820
266823
266831
266899
267433
267780
268055
268097
268100
268117
268138
268179
268496
268497
268527
268533
268578
268966
268985
269001
269102
269253
269373
269384
269415
269786
270453
270526
271163
271216
271636
271695
271727
271809
271837
271876
271892
271943
271953
272483
272775
272777
272785
272787
272814
272822
272841
272847
272852
272942
272956
272979
272987
272993
273008
273033
273113
273544
273616
273709
273729
273838
273852
273874
273926
273944
273954
273985
273997
274059
274113
274355
274427
274501
274507
274573
274586
274592
274593
274864
274888
274967
274989
275157
275184
275242
275257
275383
275409
275509
275510
275639
276136
276222
276497
276505
276552
276566
276582
276952
276955
276956
277476
277610
277753
277790
277815
277946
278701
278750
278799
278844
278902
278913
279024
279201
279270
279321
279518
279564
279570
279715
279787
280163
280367
280536
280649
280995
281000
281013
281066
281403
281445
281488
281565
281575
281577
281627
281676
281790
282566
283139
283205
283693
283728
283881
284071
284077
284768
284788
284922
285332
285764
285970
286078
286228
286298
286592
286883
286949
287355
287427
287892
288221
288319
288385
288411
288416
288734
288774
288829
289226
289297
289854
289942
289954
290029
290154
290183
290236
290276
290354
290374
290414
290589
290657
290671
290710
290800
290824
291088
291216
291232
291449
291498
291709
291722
291744
291755
291926
291972
291986
292032
292179
292199
292322
292421
292456
292672
292750
292776
292868
292979
293058
293066
293092
293093
293166
293205
293222
293519
293824
293960
293964
294060
294064
294078
294123
294213
294389
294476
294481
294484
294581
294652
294747
294791
294803
294871
294953
294961
295124
295218
295249
295538
295575
295759
295801
295885
295930
295989
295991
295994
296046
296138
296217
296372
296567
296764
297173
297181
297242
298054
298060
298081
298164
298210
298219
298340
298345
298661
299097
299127
299159
299165
299214
299671
299679
299912
300412
300488
300499
300506
300533
300573
300636
300692
300710
300738
300757
300765
300810
301215
301299
301395
301399
301439
301447
301474
301507
301552
301713
301782
301903
302336
302674
302718
302728
302753
303116
303172
303202
303495
303547
303582
303590
303591
303594
303637
303707
303713
303750
303781
304191
304263
304268
304280
304289
304361
304363
304365
304397
304467
304496
305158
305206
305254
305285
305388
305428
305683
305713
305738
305740
305952
306927
307083
307447
307911
308303
308349
308388
308508
308823
308979
309030
309175
309210
309572
309574
309575
309589
309933
310087
310192
310231
310235
310270
310409
310566
311093
311119
311336
311351
311435
311523
311660
311712
311762
311764
311816
311823
311829
311941
312297
312693
312862
312885
312889
312967
313246
313687
314250
314277
314279
314365
314426
314485
314874
314973
315058
315531
315568
315653
315734
315735
315779
315835
315845
315886
316232
316235
316257
316335
316377
316379
316398
316448
316452
316467
316600
316623
316670
316686
316989
317105
317151
317178
317179
317235
317989
318380
318670
318678
318743
318856
319019
319354
319901
319902
320071
320236
320263
320305
320674
320718
320771
320784
320813
320819
320881
320922
320937
320973
321264
321457
321479
321499
321600
321701
321750
321978
321980
322040
322077
322086
322158
322184
322223
322290
322314
322328
322918
323790
323877
323917
323918
323964
323966
323975
324022
324033
324065
324109
324191
325228
325313
325314
325345
325349
325486
325490
325540
325632
325719
325948
326140
327056
327060
327268
327327
327365
327382
327440
327451
327465
327933
327960
328351
328505
328526
328533
328590
328592
328774
328796
329083
329157
329181
329698
330029
330036
330081
330087
330134
330159
330166
330411
330431
330625
330715
330882
330935
330987
331018
331079
331282
331370
331915
332186
332192
332377
332564
332607
332610
332620
332755
332771
332772
332881
332898
333091
333659
333934
333953
334148
334589
334761
334792
334807
334853
335104
335638
335949
335978
336023
336159
336187
336248
336298
336330
336343
336350
336353
336389
336403
336428
336439
336516
336708
336719
336897
336915
336918
336968
337038
337079
337324
337421
337757
338012
338132
338145
338239
338271
338564
338582
338747
338750
338790
338801
338816
339092
339337
339523
339540
340480
340490
340495
340499
340536
340638
340674
341043
341180
341206
341232
341414
341541
341546
341718
341729
342023
342186
342188
342229
342366
342394
342418
342477
342504
342679
342700
342827
342961
343260
343280
343402
343435
343506
343540
343558
343565
343574
343621
343972
344322
344353
344492
344780
344999
345075
345569
345688
345911
345980
345992
346032
346050
346307
346401
346637
346653
346675
346700
346713
346734
346743
346779
346973
347005
347063
347389
347399
347853
347866
347872
348083
348365
349010
349276
349288
349322
349360
349393
349812
349824
349865
349932
350145
350403
350650
350936
350950
351426
351450
351537
351844
351889
352002
352039
352176
352307
352321
352393
352401
352510
353007
353068
353088
353128
353135
353460
353548
353572
353595
353613
353654
353662
354273
354288
354306
354662
354672
355097
355174
355424
355501
356028
356099
356135
356174
356521
356549
356553
356606
356648
356703
356759
356817
356826
356842
356885
357138
357683
358162
358191
358193
358270
358638
358674
358718
358727
358742
358746
358814
358900
359306
359311
359413
359522
359732
359770
359778
359789
359795
359802
359908
360027
360140
360859
360860
360911
361244
361253
361256
361327
361330
361340
361770
361801
361821
362273
362341
362491
362711
362732
362804
363006
363146
363516
363938
363954
364317
364435
364462
364466
364822
364891
364893
364901
364921
364941
364958
364965
365277
365511
365616
365639
365734
365768
365793
365992
365999
366003
366004
366033
366103
366136
366446
366546
366683
366762
366916
366963
367235
367366
367369
367432
367445
367567
367573
367613
367629
367713
367783
367827
367843
367935
368059
368623
368709
368734
368981
369211
369311
369329
369446
369545
369577
369583
369585
369587
369615
369622
369677
369809
369885
369918
370472
370563
370767
370770
370786
370807
370831
370855
371209
371213
371218
371260
371445
371721
371746
371762
372101
372134
372137
372172
372250
372507
372513
372522
372608
372665
372679
372778
372926
372936
372972
373002
373068
373081
373251
373287
373320
373332
373334
373374
373412
373871
374098
374099
374133
374154
374169
374472
374515
374531
374539
374547
374549
374567
375011
375017
375945
376012
376014
376071
376152
376289
376312
376449
376484
377391
377437
377443
377785
377799
377833
377857
377877
377888
377932
377960
378451
378465
378728
378743
378777
378800
378917
379319
379335
379367
379383
379384
379414
379424
379478
379626
379642
379712
379724
379726
379809
379999
380067
380101
380126
380443
380913
381479
381525
381534
381575
381598
381868
381940
381982
382096
382228
382239
382356
382382
382538
382788
383302
383880
383917
383940
383971
383994
384039
384064
384066
384414
384425
384472
384866
384901
384975
384986
384988
385009
385022
386100
386109
386162
386165
386191
386382
386440
386805
387047
387083
387143
387163
387175
387179
387195
387224
387248
387252
387318
387335
387772
387910
387957
388610
388625
388633
388651
388657
388686
388747
388845
388989
389136
389165
389489
389652
389690
390023
390026
390114
390148
390160
390165
390188
390236
390248
390332
390471
390683
390796
391597
391607
391892
392031
392090
392332
392359
392400
392865
392955
393095
393111
393123
393134
393383
393735
393764
394190
394489
394560
394577
394584
394995
395009
395020
395024
395028
395040
395278
395412
395439
395449
395527
395646
395911
395927
395946
396055
396088
396104
396144
396256
396305
396384
396474
396808
397632
397655
397749
398021
398031
398064
398375
398412
398430
398432
398437
398452
398459
398510
398524
398530
398537
398556
398592
398773
398783
398805
398845
398870
398876
398916
398922
399232
399259
399327
399808
399838
399860
400660
400665
400715
400749
400858
400904
401204
401228
401349
401424
401669
401679
401699
402324
402612
402644
402669
402716
402719
403074
403148
403328
403495
403596
403625
403681
403687
403713
403736
404011
404199
404289
404335
404376
404400
404459
404502
404569
404637
404650
404656
404657
405101
405613
405689
405706
406118
406190
406198
406229
406236
406585
406591
406639
406656
406698
406701
407230
407359
407374
407396
407402
407420
407441
407473
407481
407485
407899
408013
408036
408362
408536
408542
408556
408645
408653
409307
409503
409552
409594
410060
410083
410155
410536
410596
410608
410621
410874
411397
411448
411461
411582
411863
411871
412426
412451
412466
412701
412902
412903
413312
413536
413541
413548
413554
413616
413658
413672
413677
413685
414236
414271
414485
414636
414710
414866
414893
414896
414937
415137
415167
415196
415230
415385
415470
415683
415684
416891
416950
417057
417058
417069
417105
417131
417137
417164
417261
417276
417280
417766
417797
417801
418465
419048
419080
419085
419138
419145
419217
419306
419819
419834
419875
419921
420171
420978
420992
421172
421216
421226
421273
421364
421383
421526
421716
421766
421805
421860
421897
422060
422331
422608
422644
422931
423394
423598
423676
423729
423750
423751
423768
424299
424676
424691
424764
424765
424809
425121
425276
425689
425768
425921
425931
425996
426445
426516
426554
426658
426695
426930
426971
427039
427053
427054
427065
427100
427226
427299
427351
427390
427414
427510
427557
427627
427766
427767
428050
428368
428450
428717
428750
428755
428779
428808
428855
428873
429570
429629
430772
430857
431058
431527
431565
431815
431825
431845
431853
431864
431943
431981
431999
432135
432401
432496
432555
432885
433002
433500
433608
433621
434207
434382
434388
434785
435187
435665
435732
435770
435808
435839
435934
436280
436638
436696
436843
436904
436905
436918
436927
436993
436998
437011
437065
437089
437116
437125
437151
437176
437530
437544
437588
437592
437624
437803
438130
438176
438350
438413
438509
438527
438793
438807
438817
438988
439223
439381
439383
439392
439473
1995 SQ12
1997 SK12
1999 TL54
2001 TL222
2001 TK223
2001 UL227
2002 NB75
2002 OK30
2002 PQ200
2002 QD71
2002 QL144
2002 QY151
2002 TD385
2003 RS11
2003 SL337
2003 UN305
2003 UV334
2003 UW352
2003 UC354
2004 EH92
2004 RR80
2004 SP8
2004 SZ61
2004 TR65
2004 TN70
2004 TK323
2005 EZ86
2005 JP26
2005 NK61
2005 PY7
2005 QM62
2005 QC81
2005 QL101
2005 SV11
2005 SL16
2005 SN58
2005 SE62
2005 SK84
2005 ST120
2005 SP142
2005 SU240
2005 TB82
2005 TR83
2005 TL158
2005 TA187
2005 UD91
2005 UX253
2005 UF261
2005 UL101
2005 UP129
2005 US389
2005 UW133
2005 UD418
2005 UF434
2005 US224
2005 UM227
2005 UX253
2005 UF261
2005 UW523
2005 UD281
2005 UT328
2005 UD330
2005 VF17
2005 VF24
2005 VR31
2005 VO91
2005 WW32
2005 WB143
2005 WW210
2005 XL16
2005 XF49
2005 YM28
2006 AV51
2006 BU77
2006 BB78
2006 BZ86
2006 BY195
2006 BH200
2006 BH234
2006 BB236
2006 DF52
2006 DZ54
2006 DL139
2006 FE55
2006 HP21
2006 RV53
2006 RJ115
2006 SH16
2006 SP32
2006 SA76
2006 SZ99
2006 ST266
2006 SV286
2006 SH341
2006 SW114
2006 SV375
2006 SE194
2006 ST266
2006 SV286
2006 SV294
2006 SV301
2006 SK326
2006 SH341
2006 TA15
2006 UV29
2006 UT37
2006 UN39
2006 UP87
2006 UJ95
2006 UL97
2006 UY98
2006 UJ131
2006 UV157
2006 UO171
2006 UT209
2006 US260
2006 UU274
2006 UE334
2006 UQ358
2006 VV23
2006 VO67
2006 VC77
2006 VU92
2006 VK128
2006 VF136
2006 WG10
2006 WT167
2006 WB169
2006 WW180
2006 WC185
2007 BC35
2007 EP84
2007 ER219
2007 FE45
2007 GS15
2007 GE71
2007 LC21
2007 PR27
2007 RF48
2007 RB51
2007 RF175
2007 RR210
2007 RK252
2007 RQ296
2007 RP308
2007 TD39
2007 TB58
2007 TC69
2007 TJ87
2007 TX367
2007 TA135
2007 TT141
2007 TM203
2007 TJ212
2007 TO212
2007 TK308
2007 UG20
2007 UT53
2007 UO74
2007 UD80
2007 UF85
2007 VB28
2007 VS32
2007 VH84
2007 VV145
2007 VG158
2007 VU232
2007 VK273
2007 VR293
2007 VD309
2007 WO26
2007 WR26
2007 WL58
2007 YM24
2008 AT40
2008 AG91
2008 BX50
2008 BN53
2008 CB60
2008 CX144
2008 CS159
2008 CQ195
2008 DZ40
2008 DT45
2008 DC63
2008 DS75
2008 DV75
2008 EF11
2008 EW13
2008 EF38
2008 EQ134
2008 FV1
2008 FM82
2008 FA133
2008 FZ133
2008 RY100
2008 RG143
2008 SC81
2008 SF104
2008 SC127
2008 SY131
2008 SQ180
2008 SO214
2008 SH219
2008 SB228
2008 SL273
2008 SR278
2008 SB281
2008 SR298
2008 TQ25
2008 TF50
2008 TG84
2008 TH102
2008 TR107
2008 TZ107
2008 TM108
2008 TQ114
2008 TF119
2008 TS131
2008 TS163
2008 TH169
2008 UY28
2008 UG34
2008 UZ79
2008 UR89
2008 UW116
2008 UD164
2008 UY210
2008 UV224
2008 UG264
2008 UU278
2008 UK289
2008 UW311
2008 UX350
2008 VQ52
2008 WF7
2008 WR8
2008 WN42
2008 WY99
2008 XE48
2008 YT107
2008 YE123
2008 YH146
2008 YZ159
2008 YX171
2008 YQ172
2009 AT46
2009 AB48
2009 BP41
2009 BC42
2009 BB51
2009 BU51
2009 BG57
2009 BE67
2009 BW73
2009 BC89
2009 CR28
2009 DR14
2009 DT70
2009 FN20
2009 FC52
2009 FG63
2009 HT96
2009 HK105
2009 KC16
2009 MU9
2009 RA11
2009 RU13
2009 SF13
2009 SE58
2009 SU133
2009 SS147
2009 SD221
2009 SN244
2009 SA281
2009 SP347
2009 TE14
2009 UU29
2009 UA31
2009 UY62
2009 UV95
2009 UZ111
2009 UA123
2009 VM47
2009 VD62
2009 VR70
2009 VB103
2009 WH11
2009 WU32
2009 WG70
2009 WX178
2009 WE215
2010 BT27
2010 CZ3
2010 CJ81
2010 CP102
2010 KN111
2010 LS72
2010 MB49
2010 MB77
2010 NM17
2010 RV43
2010 RR77
2010 SE33
2010 TF18
2010 UV53
2010 UK86
2010 VK110
2010 VN152
2010 VW213
2010 WA7
2010 WQ62
2010 XV8
2010 XR66
2010 XO71
2011 BF9
2011 BK56
2011 BG61
2011 BP76
2011 BG102
2011 BT120
2011 BM127
2011 CH6
2011 CG10
2011 CE103
2011 CR106
2011 DC15
2011 DV40
2011 EB42
2011 EQ77
2011 FV29
2011 FU67
2011 FO136
2011 KY2
2011 QC11
2011 QJ55
2011 QY73
2011 RL10
2011 SO34
2011 SF39
2011 SO130
2011 SY162
2011 SJ163
2011 SW182
2011 SH227
2011 SC230
2011 SU275
2011 TD11
2011 UR1
2011 UG49
2011 UO66
2011 UA226
2011 UC383
2011 UD147
2011 UR167
2011 UB176
2011 UA226
2011 UM242
2011 UM331
2011 UJ351
2011 VQ21
2011 VJ22
2011 WU23
2011 WW36
2011 WB58
2012 AC2
2012 BH2
2012 BD29
2012 BH47
2012 BQ80
2012 BM143
2012 CS36
2012 CK41
2012 DT5
2012 DC45
2012 DL48
2012 DK75
2012 FV48
2012 HR53
2012 JA14
2012 JS18
2012 QO25
2012 ST4
2012 SM39
2012 SC41
2012 TP17
2012 TT17
2012 TJ23
2012 TO35
2012 TB38
2012 TS54
2012 TF92
2012 TU99
2012 TN111
2012 TH133
2012 TY144
2012 TK168
2012 TS226
2012 TE233
2012 TU237
2012 TW257
2012 TC261
2012 TL263
2012 TY263
2012 TX286
2012 TA305
2012 TP306
2012 TW308
2012 UR8
2012 UZ10
2012 UX12
2012 UU13
2012 UR30
2012 UF47
2012 UZ49
2012 UL110
2012 UR113
2012 UP161
2012 UO176
2012 XR50
2013 AX40
2013 AA122
2013 AR126
2013 BK47
2013 BC77
2013 CU12
2013 CC16
2013 CE67
2013 CH69
2013 CX69
2013 CS70
2013 CM71
2013 CY74
2013 CJ76
2013 CT77
2013 CN116
2013 CF131
2013 CB137
2013 CE148
2013 CV151
2013 CU188
2013 DJ4
2013 EO32
2013 EO38
2013 EM80
2013 EM116
2013 EC119
2013 GK5
2013 GL62
2013 GP123
2013 HX32
2013 HO34
2013 HJ36
2013 HB43
2013 HV52
2013 HB124
2013 HE139
2013 PH18
2013 PG32
2013 PB43
2013 QF8
2013 QN14
2013 QS20
2013 QC53
2013 RE5
2013 RS30
2013 RA38
2013 RJ71
2013 RZ71
2013 RX72
2013 RQ95
2013 SC43
2013 SW52
2013 SR80
2013 SV80
2013 TK19
2013 TJ35
2013 TD37
2013 TE39
2013 TO51
2013 TM116
2013 WA8
2013 WZ33
2013 WA70
2013 XJ2
2013 XT17
2013 YU51
2013 YG94
2013 YS98
2013 YD107
2014 AC36
2014 AJ49
2014 BP12
2014 BQ15
2014 BY17
2014 BD23
2014 DC33
2014 DJ83
2014 DB106
2014 DL107
2014 DS127
2014 DE128
2014 DC129
2014 DK133
2014 DT135
2014 EZ12
2014 EK31
2014 FA58
2014 GJ31
2014 GF36
2014 GX43
2014 GU45
2014 HZ6
2014 HK12
2014 HP25
2014 HR34
2014 HS34
2014 HE41
2014 HX46
2014 HJ88
2014 HD92
2014 HF92
2014 HH125
2014 HP127
2014 HG160
2014 JG18
2014 JU31
2014 JN51
2014 JH77
2014 KU40
2014 KG69
2014 KM79
2014 LW15
2014 NM18
2014 OD13
2014 OJ13
2014 OE26
2014 OK26
2014 OY52
2014 OK64
2014 OW105
2014 ON115
2014 OZ116
2014 OF122
2014 OK126
2014 OP154
2014 OM170
2014 OC173
2014 OQ201
2014 OC233
2014 OO299
2014 OW348
2014 PJ1
2014 PE32
2014 PR33
2014 PW37
2014 PG40
2014 PN68
2014 QO40
2014 QR40
2014 QQ360
2014 QY370
2014 QS115
2014 QM123
2014 QW138
2014 QC148
2014 QE419
2014 QV175
2014 QO204
2014 QU213
2014 QH317
2014 RA30
2014 RY45
2014 SW95
2014 SE163
2014 SF175
2014 SW186
2014 SL193
2014 SY229
2014 SF308
2014 SA334
2014 TQ14
2014 TZ18
2014 TX28
2014 TE29
2014 TL70
2014 TB75
2014 TQ80
2014 UX2
2014 UR5
2014 UU8
2014 UD11
2014 UT19
2014 UB21
2014 UF30
2014 UT32
2014 UV42
2014 UW44
2014 UG53
2014 UE66
2014 UH68
2014 UD90
2014 UG91
2014 UV98
2014 UO136
2014 UZ152
2014 UZ157
2014 UO162
2014 UC178
2014 UB183
2014 UK207
2014 VN8
2014 WF5
2014 WQ49
2014 WE58
2014 WX67
2014 WM105
2014 WS108
2014 WL112
2014 WP123
2014 WM145
2014 WM165
2014 WX451
2014 WM482
2014 WC503
2014 WX267
2014 WL281
2014 WF285
2014 WV311
2014 WL349
2014 XZ12
2014 YV7
2014 YJ12
2015 AR34
2015 AB233
2015 AP241
2015 AW258
2015 BJ1
2015 BL29
2015 BW83
2015 BB118
2015 BM120
2015 BJ149
2015 BC157
2015 BA427
2015 BU476
2015 BV216
2015 BC254
2015 BB273
2015 BT358
2015 CK14
2015 CT22
2015 CE44
2015 CQ56
2015 DH27
2015 EA11
2015 EP13
2015 EQ30
2015 EJ33
2015 FA42
2015 FQ74
2015 FB97
2015 FE140
2015 FE144
2015 FM171
2015 FD185
2015 FO264
2015 FW292
2015 GJ29
2015 GE36
2015 GG50
2015 HB89
2015 KC31
2015 KS59
2015 LQ14
2015 ML7
2015 MP60
2015 MH69
2015 MG84
2015 ML88
2015 MM103
2015 NE8
2015 OF1
2015 OK70
1998 SD41
1998 WR26
1999 AM12
1999 TW43
2000 GP119
2001 FD202
2001 FU205
2001 FE212
2001 FR214
2001 FJ220
2001 FO220
2001 FY222
2001 FS229
2001 QG88
2001 TR254
2001 UN90
2002 ET153
2002 FP23
2002 QH77
2002 RR266
2002 TG306
2003 BY20
2003 FZ132
2003 SP375
2003 SO393
2003 SU393
2003 UT385
2003 UC324
2003 UV349
2004 DB64
2004 RT237
2004 RL271
2004 TT4
2004 TJ8
2004 TF112
2004 TU187
2004 TS188
2004 TQ190
2005 ED64
2005 EJ123
2005 EM143
2005 EJ298
2005 EZ316
2005 GR103
2005 JK72
2005 NK117
2005 PB28
2005 SY99
2005 ST172
2005 SC204
2005 SH241
2005 SW259
2005 SM272
2005 TP82
2005 TB108
2005 UE97
2005 UN97
2005 UR147
2005 UP418
2005 UR247
2005 UK272
2005 UK309
2005 UZ323
2005 UC324
2005 UN324
2005 UF338
2005 VU67
2005 VZ108
2005 WU47
2005 XQ50
2006 AY50
2006 AM55
2006 AX89
2006 BK7
2006 BR23
2006 BZ70
2006 BT72
2006 BF126
2006 BW150
2006 BB189
2006 BT233
2006 BS282
2006 CC14
2006 CT50
2006 DS38
2006 DG140
2006 DH142
2006 DJ194
2006 HL73
2006 JL33
2006 JB78
2006 KH5
2006 KF78
2006 ON36
2006 QB172
2006 QM177
2006 QU177
2006 RR118
2006 RB119
2006 RG119
2006 RY119
2006 RB120
2006 SC107
2006 SS379
2006 SK170
2006 SQ195
2006 SL231
2006 SG311
2006 UW52
2006 UM60
2006 UP220
2006 VN6
2006 VS127
2006 WC15
2006 WK17
2006 WG22
2006 WT44
2006 WN78
2006 WN90
2006 XY9
2007 CF22
2007 EL15
2007 HC46
2007 JU6
2007 QR2
2007 RM9
2007 RU113
2007 RY302
2007 SZ1
2007 TD98
2007 TC372
2007 TV117
2007 TY199
2007 TP215
2007 TK283
2007 TR344
2007 UJ5
2007 UL34
2007 UX79
2007 UO116
2007 UC132
2007 VF23
2007 VY55
2007 VE83
2007 VL108
2007 VV160
2007 VK201
2007 VQ239
2007 VJ318
2007 VN319
2007 YO27
2008 AJ36
2008 AA117
2008 CU65
2008 CN169
2008 DZ16
2008 EQ115
2008 EN129
2008 FF25
2008 FA47
2008 FC59
2008 GR88
2008 GM117
2008 PR19
2008 RE112
2008 SN112
2008 SN134
2008 SC203
2008 SJ268
2008 SE278
2008 TA55
2008 TG59
2008 TJ61
2008 TK142
2008 TG176
2008 UZ11
2008 UM16
2008 UK29
2008 US32
2008 UL33
2008 UY114
2008 US252
2008 UN268
2008 VQ10
2008 VB71
2008 WD19
2008 WQ75
2008 XD26
2008 YD12
2008 YH92
2009 AC12
2009 BO167
2009 CE6
2009 CF17
2009 FQ46
2009 FK47
2009 HF32
2009 KF32
2009 QU6
2009 QO15
2009 RQ42
2009 SM24
2009 SG126
2009 SC256
2009 UZ14
2009 UL23
2009 UE55
2009 UU104
2009 UN114
2009 VD76
2009 WE23
2009 WF72
2009 WG190
2009 XU
2009 YB5
2010 AM27
2010 BR33
2010 CV84
2010 CL109
2010 CA192
2010 FB18
2010 GC38
2010 GV86
2010 GG116
2010 GA124
2010 JN8
2010 KN63
2010 LD55
2010 MJ8
2010 NE8
2010 OR9
2010 SD22
2010 SQ34
2010 TZ38
2010 TA47
2010 TX56
2010 TX63
2010 TZ83
2010 TQ101
2010 TY183
2010 VZ31
2010 VV49
2010 VW52
2010 VK111
2010 VL123
2010 VU129
2010 VB132
2010 WR2
2010 WP51
2011 AW35
2011 AR36
2011 AF70
2011 BN6
2011 BV49
2011 BG74
2011 BJ75
2011 BY107
2011 BU112
2011 BQ113
2011 CZ12
2011 CR32
2011 CS45
2011 DQ35
2011 EE46
2011 FR54
2011 FX65
2011 FB66
2011 FE147
2011 JN25
2011 KO6
2011 SR29
2011 SM43
2011 SJ76
2011 SG87
2011 SL101
2011 SY145
2011 SW245
2011 SG257
2011 SR263
2011 UT78
2011 UC90
2011 UU111
2011 UA142
2011 UO159
2011 UL175
2011 UB231
2011 WL92
2011 WN121
2012 BN47
2012 BG84
2012 BU94
2012 CK35
2012 CY41
2012 FE41
2012 JS37
2012 KO40
2012 PF10
2012 RQ30
2012 SB28
2012 SS55
2012 TQ17
2012 TB40
2012 TP40
2012 TU41
2012 TY45
2012 TR54
2012 TA59
2012 TK70
2012 TP86
2012 TZ91
2012 TB93
2012 TV115
2012 TG143
2012 TU204
2012 TR220
2012 TK233
2012 TM236
2012 TZ237
2012 TU238
2012 TR241
2012 TH248
2012 UR7
2012 UV17
2012 UL96
2012 UZ114
2012 UC117
2012 UH120
2012 UV146
2012 VL11
2012 VC12
2012 VM16
2012 VV41
2012 VU66
2012 VY74
2012 VT106
2012 WM6
2012 WU12
2012 XY46
2012 XC68
2012 XC81
2012 XF90
2013 AB85
2013 BF30
2013 BF40
2013 CH106
2013 CZ147
2013 EB73
2013 EJ73
2013 ET98
2013 GF48
2013 GX65
2013 GG121
2013 HR37
2013 HP44
2013 HN45
2013 HM56
2013 HZ57
2013 HP59
2013 HM61
2013 HY68
2013 HS73
2013 HM76
2013 HX76
2013 HB90
2013 HT93
2013 HX112
2013 HT115
2013 HL126
2013 HG129
2013 HD145
2013 HZ148
2013 PE27
2013 PM63
2013 QW45
2013 RO47
2013 RQ78
2013 SU72
2013 TB28
2013 TH141
2013 UU12
2013 WB20
2013 YB67
2014 AM9
2014 BP7
2014 DS67
2014 DJ78
2014 DL86
2014 DH94
2014 DH111
2014 DM134
2014 DD138
2014 EU7
2014 FR11
2014 FW15
2014 HP6
2014 HX16
2014 HF18
2014 HV29
2014 HY34
2014 HK41
2014 HP43
2014 HT43
2014 HZ43
2014 HB44
2014 HW46
2014 HO84
2014 HG101
2014 HD126
2014 HT142
2014 HF194
2014 JJ7
2014 JE65
2014 KF26
2014 KN26
2014 LY6
2014 NC27
2014 OC12
2014 OW18
2014 OA21
2014 OJ29
2014 OK29
2014 OR29
2014 OP31
2014 ON55
2014 OJ63
2014 OG69
2014 OF363
2014 OQ368
2014 OV108
2014 OD115
2014 OY122
2014 OH125
2014 OW129
2014 OM132
2014 OZ135
2014 OZ136
2014 OQ142
2014 OZ151
2014 OB164
2014 OE165
2014 OV165
2014 OT216
2014 OZ218
2014 OQ222
2014 OY243
2014 ON264
2014 OV300
2014 OX312
2014 OV315
2014 OA318
2014 OT321
2014 OC325
2014 OK332
2014 OA335
2014 PW20
2014 QN58
2014 QZ379
2014 QY122
2014 QT124
2014 QW145
2014 QL146
2014 QV416
2014 QU206
2014 QM214
2014 QE219
2014 QL219
2014 QX230
2014 QR233
2014 QT235
2014 QY317
2014 RJ8
2014 SQ81
2014 SS85
2014 SA86
2014 SL90
2014 SW93
2014 SV95
2014 SA121
2014 SW130
2014 SK147
2014 SQ188
2014 SK251
2014 SR253
2014 SC292
2014 SU320
2014 TY11
2014 TF13
2014 TL29
2014 TE61
2014 WG29
2014 WX58
2014 WG60
2014 WF67
2014 WG72
2014 WH81
2014 WT91
2014 WM313
2014 WC117
2014 WR119
2014 WB125
2014 WS190
2014 WN196
2014 WO196
2014 YK22
2015 AM64
2015 AG133
2015 AJ176
2015 AJ182
2015 AR254
2015 AD260
2015 AD274
2015 BK1
2015 BD8
2015 BN9
2015 BF33
2015 BB34
2015 BG41
2015 BR57
2015 BA58
2015 BJ70
2015 BV95
2015 BD111
2015 BE119
2015 BU122
2015 BY130
2015 BU136
2015 BS143
2015 BG408
2015 BQ149
2015 BX151
2015 BA154
2015 BT154
2015 BD161
2015 BM162
2015 BM164
2015 BX167
2015 BJ180
2015 BH189
2015 BX191
2015 BK193
2015 BS200
2015 BF470
2015 BQ472
2015 BR216
2015 BY223
2015 BJ238
2015 BG252
2015 BV254
2015 BW256
2015 BO259
2015 CP4
2015 CU43
2015 CO48
2015 DG18
2015 DH18
2015 DD22
2015 DU44
2015 DP45
2015 DT62
2015 ER2
2015 EE6
2015 EX8
2015 EH20
2015 ET40
2015 FH144
2015 FE155
2015 FB162
2015 FC167
2015 FH172
2015 FE243
2015 FK251
2015 FX316
2015 GJ22
2015 GX34
2015 GA35
2015 GF35
2015 GG37
2015 HS62
2015 HH67
2015 HN85
2015 HT93
2015 HE95
2015 HW98
2015 HQ132
2015 HX161
2015 HJ164
2015 HS173
2015 KJ44
2015 KB46
2015 KL125
2015 KW144
2015 LS22
2015 LB38
2015 MF76
2015 MM81
2015 NK19
2015 OA27
2015 OU34
2015 PW35
2015 PC36
2015 PE37
2015 PE38
2015 PG41
2015 PP41
2015 PA47
