id
7703
8024
8544
8558
8569
8731
8857
9245
9341
9400
9604
9624
9641
9663
9861
9876
9962
10130
10178
10616
10775
10780
11364
11598
11636
11900
11904
11915
12017
12018
12070
12094
12130
12286
12296
12368
12414
12458
12496
12502
12595
12604
12605
12719
12786
12854
12855
12861
12932
13077
13098
13127
13164
13242
13433
13524
13528
13569
13571
13592
13600
13662
13667
13670
13719
13742
13990
13993
13994
14079
14094
14106
14131
14141
14146
14172
14214
14404
14412
14419
14454
14724
14913
14932
15030
15045
15111
15287
15295
15399
15443
15553
15576
15606
15746
15813
15891
16023
16026
16074
16078
16119
16163
16169
16212
16269
16536
16610
16625
16655
16664
16670
16741
16751
16752
16836
16841
16856
16883
16947
17232
17474
17475
17483
17486
17493
17502
17564
17592
17656
17718
17775
17886
17891
17907
17936
17942
17965
18149
18182
18368
18373
18380
18406
18460
18536
18540
18574
18601
18605
18611
18663
18681
18750
18763
18817
18997
19025
19029
19166
19171
19172
19174
19185
19264
19322
19342
19392
19399
19416
19452
19582
19592
19660
19815
19833
20003
20005
20012
20019
20074
20235
20244
20245
20287
20306
20311
20336
20353
20454
20513
20527
20535
20553
20580
20589
20619
20649
20658
20776
20843
20857
21056
21060
21066
21067
21069
21072
21077
21081
21082
21130
21142
21162
21186
21230
21232
21278
21279
21377
21380
21383
21410
21425
21473
21494
21505
21511
21522
21672
21673
21704
21722
21743
21761
21783
21802
21854
21866
21874
22019
22136
22139
22146
22162
22314
22318
22320
22323
22324
22327
22328
22415
22445
22478
22493
22533
22550
22568
22598
22609
22639
22643
22659
22755
22761
22795
22813
22817
22834
22835
22855
22863
22889
22962
22992
23008
23013
23020
23029
23059
23068
23088
23139
23216
23264
23481
23484
23489
23509
23527
23531
23595
23614
23626
23680
23757
23771
23792
23809
23855
23871
24034
24041
24068
24077
24133
24156
24163
24176
24250
24257
24303
24322
24337
24376
24422
24445
24525
24717
24721
24767
24783
24868
24885
24905
24914
24927
24986
24996
25074
25075
25161
25215
25299
25313
25352
25451
25460
25542
25551
25615
25623
25650
25655
25698
25765
25768
25836
25940
25992
25993
26115
26116
26127
26162
26180
26184
26231
26238
26266
26281
26288
26358
26448
26543
26546
26620
26738
26838
26844
26857
26869
26914
26971
26973
27038
27039
27066
27067
27102
27159
27269
27280
27284
27362
27390
27397
27415
27435
27438
27457
27525
27568
27570
27571
27578
27585
27752
27753
27755
27765
27770
27774
27805
27808
27813
27836
27856
27868
27904
27996
28052
28058
28077
28114
28132
28133
28155
28165
28167
28169
28211
28317
28414
28437
28485
28488
28516
28612
28638
28643
28687
28697
28724
28791
28804
28808
28810
28817
28821
28860
29204
29213
29243
29267
29380
29400
29724
29776
29810
29832
29978
30000
30051
30073
30082
30124
30191
30207
30209
30211
30225
30230
30275
30384
30553
30564
30592
30838
30841
30857
30932
30933
31174
31360
31393
31439
31486
31531
31637
31640
31682
31744
31781
31852
31956
32008
32014
32053
32063
32092
32095
32315
32500
32507
32563
32584
32606
32609
32631
32882
32924
32969
32980
33103
33184
33189
33227
33344
33348
33356
33422
33442
33449
33501
33562
33572
33656
33657
33660
33662
33688
33711
33747
33814
33838
33949
34100
34103
34206
34208
34267
34271
34294
34312
34326
34354
34400
34452
34453
34504
34515
34525
34606
34666
34699
34836
34843
34851
34874
34890
35100
35102
35108
35136
35147
35205
35219
35264
35271
35301
35312
35332
35391
35410
35416
35422
35438
35448
35468
35477
35497
35530
35581
35661
35668
35808
35824
35853
35863
35978
36006
36031
36060
36064
36255
36263
36303
36325
36351
36352
36356
36464
36471
36484
36497
36590
36605
36676
36714
36716
36736
36740
36752
36783
36794
36796
36810
36816
36818
36847
36849
36875
36883
36893
36957
36978
36983
37032
37060
37063
37123
37136
37188
37231
37241
37288
37347
37352
37361
37393
37415
37593
37596
37613
37641
37644
37728
37754
37762
37773
37808
37817
37873
37884
37915
38030
38110
38207
38235
38255
38256
38376
38440
38498
38499
38501
38722
38726
38765
38836
38892
38894
38904
38920
38943
38944
39003
39013
39016
39073
39074
39076
39104
39121
39150
39207
39255
39349
39595
39665
39669
39736
39784
39911
39923
40065
40090
40181
40225
40320
40361
40398
40404
40453
40488
40521
40547
40557
40597
40613
40629
40678
40723
40746
40812
40816
40973
40988
41055
41073
41128
41210
41339
41544
41559
41694
41705
41751
41796
41819
41824
41826
41875
42048
42097
42134
42204
42279
42290
42488
42534
42603
42607
42621
42670
42739
42838
42856
42862
42907
42969
43036
43210
43370
43487
43509
43525
43533
43620
43795
43826
43908
43991
44013
44068
44126
44183
44250
44313
44328
44369
44409
44435
44564
44576
44600
44825
44889
44897
45045
45162
45206
45233
45238
45260
45270
45329
45334
45353
45375
45522
45535
45633
45673
45756
45762
45782
45786
45789
45923
46145
46169
46188
46193
46208
46225
46240
46249
46366
46380
46608
46612
46715
46733
46742
46774
46798
46836
46914
46933
46935
46945
47103
47256
47311
47323
47365
47390
47463
47468
47505
47601
47632
47641
47651
47674
47753
47780
47971
48073
48205
48220
48276
48301
48323
48477
48539
48644
48693
48756
48766
48787
48791
48866
48867
48889
48976
48979
48999
49129
49152
49259
49278
49286
49370
49377
49440
49467
49492
49520
49549
49560
49561
49587
49589
49608
49716
49858
49877
49912
49936
49942
49946
50010
50243
50340
50367
50390
50424
50452
50481
50482
50554
50577
50580
50601
50617
50680
50693
50715
50813
50822
50830
50833
50838
50900
50918
50935
50944
50947
50997
51007
51084
51098
51101
51120
51141
51239
51532
51664
51683
51716
51799
51842
51863
51864
51908
52037
52298
52302
52304
52311
52312
52398
52399
52418
52457
52530
52592
52614
52979
53120
53122
53135
53150
53176
53213
53254
53283
53291
53454
53507
53523
53575
53641
53683
53906
53909
53942
53947
53956
54024
54141
54160
54203
54216
54268
54318
54398
54417
54440
54504
54569
54928
54930
54939
54990
55008
55028
55053
55070
55089
55091
55122
55186
55204
55223
55246
55247
55253
55254
55273
55277
55278
55282
55294
55299
55301
55311
55348
55359
55424
55434
55472
55537
55553
55598
55608
55753
55848
55856
55883
56045
56167
56170
56183
56223
56436
56485
56591
56695
56698
56775
56790
56822
56925
56966
57072
57082
57160
57227
57393
57461
57547
57573
57616
57671
57676
57681
57694
57712
57718
57760
57793
57796
57883
58027
58046
58048
58187
58210
58261
58329
58441
58446
58517
58547
58560
58584
58649
58676
58726
58730
58790
58834
58855
58968
59098
59099
59100
59117
59126
59152
59203
59335
59378
59434
59506
59515
59552
59556
59560
59574
59591
59625
59631
59635
59642
59643
59677
59913
59917
60022
60024
60066
60079
60094
60104
60108
60131
60134
60140
60149
60155
60261
60309
60339
60357
60425
60433
60438
60442
60445
60468
60524
60527
60546
60562
60567
60579
60581
60640
60648
60650
60654
60655
60661
60668
60671
60674
60691
60705
60711
60738
60739
60768
60827
60836
60854
60861
60883
60913
60972
61025
61038
61088
61098
61114
61120
61186
61283
61287
61288
61309
61412
61423
61513
61557
61563
61765
61846
61914
61974
61989
62005
62073
62088
62094
62215
62346
62358
62359
62411
62503
62571
62679
62719
62739
62819
62825
62841
62854
62866
62874
62880
62926
62934
62971
62995
63014
63017
63033
63034
63041
63064
63128
63261
63356
63369
63375
63389
63391
63413
63465
63470
63477
63494
63497
63587
63598
63702
63703
63718
63727
63792
63852
63906
63908
63960
63987
63993
64004
64035
64040
64051
64054
64129
64150
64151
64159
64204
64286
64327
64352
64385
64515
64620
64661
64692
64715
64722
64749
64827
64848
64877
65025
65072
65110
65140
65183
65237
65241
65259
65294
65297
65319
65326
65360
65369
65370
65386
65391
65398
65400
65447
65461
65812
65819
66081
66124
66520
66538
66578
66721
66794
66874
66912
67078
67120
67126
67135
67173
67175
67192
67201
67268
67280
67346
67547
67563
67859
68254
68452
68497
68526
68799
68821
68866
68874
68904
68911
68939
68953
68956
68975
68979
68991
69007
69011
69069
69093
69293
69435
69715
69762
69782
69805
69823
69864
69879
69891
69902
70139
70217
70477
70997
71018
71033
71044
71055
71068
71125
71279
71291
71303
71322
71357
71486
71552
71766
71966
71998
72016
72072
72115
72501
72607
72608
72668
72680
72686
72714
73200
73302
73367
73497
73509
73697
73704
73705
73707
73888
74364
74367
74453
74455
74485
74516
75644
75655
75676
75996
76057
76062
76089
76156
76185
76249
76268
76290
76299
76300
76441
76473
76478
76482
76484
76516
76532
76533
76625
76628
77545
77699
77755
77826
77887
78125
78209
78245
78478
78479
78481
78500
78502
78529
78531
78609
78627
78631
78638
78645
78646
78658
78680
78706
78744
78770
79141
79142
79168
79455
79461
79465
79906
79926
79996
80004
80337
80904
81287
81305
81410
81454
81463
81589
81783
81928
82557
82638
82793
82984
82989
83053
83056
83064
83072
83085
83163
83167
83208
83224
83262
83353
83359
83422
83474
83554
83574
83658
83686
83691
83754
83865
83927
83944
84021
84259
84269
84289
84306
84333
84457
84497
84535
84716
84717
84980
85008
85183
85189
85190
85194
85196
85283
85322
85458
85679
86057
86116
86215
86276
86328
87280
87376
87462
87489
87703
87775
87809
87813
87814
87826
87848
88056
88496
88519
88590
88920
88996
89224
89318
89850
89882
89884
89887
89888
89999
90112
90177
90282
90490
90719
90750
91042
91058
91150
91154
91593
91634
91636
91763
91785
91810
91913
91932
91950
92108
92813
92843
92957
92968
93008
93106
93187
93359
93407
93417
93420
93421
93675
93784
93860
93866
93965
94000
94046
94066
94081
94084
94112
94136
94268
94279
94295
94330
94786
95161
95253
95312
95333
95381
95412
95414
95436
95442
95505
95565
95570
95582
95619
95651
95655
95656
95706
95893
96194
96267
96271
96469
96547
97022
97116
97130
97183
97350
97366
97634
97706
97763
98571
98733
99002
99387
99603
99912
99920
100033
100204
100234
100240
100479
100836
101583
101625
101719
101726
101732
101835
103001
103184
103191
103670
103926
104208
104612
104810
104891
104981
105321
105382
105510
105795
106035
106038
106059
106193
106261
106302
106328
106556
106587
106643
106708
106961
107886
108678
108755
108911
109028
109442
109475
109477
109875
110097
110152
110422
110469
111426
111442
111563
111592
111735
111798
112582
112651
112934
112959
113013
113054
113061
113067
113216
113262
113279
113291
113398
113428
113601
113660
113661
113766
113775
113863
113904
113938
114138
114193
114248
114518
114789
115165
115496
115679
115743
115797
116031
116080
116219
116385
116572
117149
117623
117630
117710
118173
118399
118947
118971
119019
119871
119910
121240
121548
121933
121981
122232
122277
123607
123734
123924
124086
127014
127280
127328
130292
130300
130364
131435
132921
132942
133019
133088
133641
133668
133671
133813
133814
135452
135490
135507
135787
135904
136047
136075
136840
140571
140749
140913
141091
141286
141395
141439
141485
141574
143288
147289
148453
149015
149159
149449
150600
150652
151399
151488
152797
154218
154220
154221
156641
156642
159523
160202
160514
160685
161120
161185
161201
161211
161213
161580
162003
162049
162410
162450
163494
163634
164673
164776
164843
165692
165922
166819
166899
167673
167913
167951
169180
169456
169509
170055
171949
173071
176588
179379
179581
180788
182162
191232
195614
195719
195890
195905
195907
196154
197465
197496
198739
198845
199788
201386
202807
202982
204261
206704
210900
216413
220402
234093
236682
240262
246384
256520
334044