id
205
219
476
600
753
1893
2236
2679
2687
3315
4872
6173
6678
7262
7520
7920
9117
10077
10191
10281
10359
10587
10703
11100
11847
12273
12796
13079
13172
13200
13233
14059
14696
14868
15018
16763
16804
16810
16859
17352
17906
18328
18400
18667
18978
19099
19960
20362
20610
20726
20804
21530
21647
21779
22075
23504
23505
24395
24588
24716
24984
25188
25445
25581
25623
26340
26552
27273
28383
28702
29145
29293
29437
29997
31625
31786
31961
32061
32147
32210
32241
33827
34416
34487
35191
35404
35928
36071
36245
36734
37726
38509
40636
41787
41921
42347
42868
42995
43085
44937
44961
45033
45308
45996
46290
46949
47508
48671
49052
49867
49968
50910
51003
51060
51065
51083
51167
51245
51787
52238
52318
52575
52600
53916
54069
54319
54367
54467
54942
55173
56129
56256
56648
56899
57058
57749
57903
59096
59458
59553
60627
60737
60774
61293
61316
61496
61988
62556
62602
62709
64521
64604
65062
65094
65540
66361
66613
66993
67286
67655
67751
67843
68017
69075
70338
70369
70744
70963
71211
71451
72548
73177
74308
74832
74978
75253
75270
75363
75589
75709
76072
76243
76417
77157
77638
77786
78311
78709
78785
78877
81131
81136
81406
81520
81526
82156
82734
83324
83812
85152
85559
85568
87052
87497
87649
88896
89203
89396
89523
89706
89746
89853
90506
90690
90735
90943
90991
91075
91111
91309
91448
91504
91662
92962
93061
93285
93503
95291
95677
95842
96386
96804
96987
97311
97718
98387
98832
98840
98950
99185
99248
100917
100918
101222
101684
101690
101925
102582
102903
103223
103413
103466
103657
103736
104196
104383
104883
107069
107218
107537
107949
107997
108055
108341
108344
109499
109683
109997
110094
110499
110604
110734
110823
110847
110944
110957
111011
111065
111648
112527
112951
113738
113856
114010
114571
114732
115835
116084
116389
116635
117402
117441
117841
119180
119239
120147
120365
120548
120648
122080
122335
122922
123043
123672
125443
125535
125841
126994
127207
127219
128078
128395
128479
129761
129926
130037
130108
130112
132290
134206
134449
134745
135725
135806
135911
136219
136241
136535
137843
137900
137990
138235
138240
138436
138461
141354
142250
142686
142774
142828
142949
143853
144669
144705
144943
145071
145330
146330
146443
147189
148545
149491
149604
149992
151044
151715
153004
153173
153879
153893
154821
155501
155502
155648
155747
155788
159578
160452
160849
162491
163761
163958
164997
165351
165434
165571
165655
167106
167408
169060
170786
171299
171501
171827
171848
172752
172906
174613
174638
174955
175262
176202
176696
176755
177420
177432
177501
178356
178440
178609
179058
179059
179073
179325
179981
180226
180363
180418
180548
181483
182302
182708
183509
184063
184491
187546
188024
188231
189276
189339
189565
189745
189760
189839
190240
190737
191325
191666
192029
192051
192059
192419
192652
193281
193881
194124
194152
194291
194482
194683
195002
195023
195241
195439
195502
195593
196267
196687
197632
197991
198017
198030
198081
198103
198178
199231
200610
201261
201543
201704
202726
202733
203226
203677
203706
203998
204472
205414
205761
206052
206412
207259
208018
208824
208892
209176
210590
211363
211963
212080
212169
212433
212944
213531
213680
213683
213990
214056
214318
214381
214959
215861
216200
216362
216778
217532
217560
218568
218660
218710
219595
219677
220185
220317
221681
221724
222009
222472
222763
222782
223132
223637
224113
224318
224933
225774
227368
227570
228412
228456
228538
229042
229057
229406
229448
229573
230125
230876
230975
231222
231719
231743
231899
231914
232184
232192
232477
232756
233458
233740
233798
234569
234595
235053
236759
237221
237281
237868
238167
238263
238988
239025
239626
240409
241002
241613
241812
242003
242189
242841
243001
243432
243544
243656
244207
244388
244838
245332
245743
246544
247046
247228
247825
247849
247850
247974
248084
248167
248308
248372
248646
248654
249131
250452
251399
252701
253070
253630
253712
254507
256737
257437
257526
258206
259225
260059
261396
261888
262113
262127
262285
262448
262477
263733
263954
264246
264625
264671
266280
266783
267045
267247
267262
267362
267619
267679
268023
268933
269002
269025
269940
270212
270987
271617
271688
271842
272649
273974
276466
276868
277686
279729
279845
280096
280559
281797
282177
282197
282388
282643
282883
283821
284779
284927
285177
286805
287252
287370
287847
287906
287935
288246
288533
288562
288575
289751
289937
289965
290197
290468
290689
292615
293579
293747
295211
295325
296066
296204
296316
297054
297923
298033
298457
298552
298566
298579
298635
298849
299622
300491
300593
301608
301691
301901
301953
302485
303047
303608
303622
303645
304229
304980
305044
305063
305194
305667
305801
305865
306201
306977
307091
307238
307468
307740
307765
307898
308218
308234
308797
308820
309313
309378
309987
311312
312251
312356
313515
313645
313712
314217
314656
317148
318043
318157
319413
320545
321360
321378
321749
321996
322136
322212
323953
324730
325091
325278
325310
325333
326498
326515
326918
326934
327443
327711
327784
327943
329006
329079
329341
329366
330062
331161
331427
331437
331518
331926
332117
332335
332738
333535
334060
335429
335536
335594
336167
336673
337195
337272
337603
339100
339330
340208
340250
340472
340557
341077
341123
341947
342206
342210
342476
342507
343809
344319
346487
346630
348163
348181
348558
349287
349629
349659
350072
350662
350916
351008
351444
352808
352879
353097
353869
354263
354397
355015
355113
355420
356112
356469
356762
356851
357210
357631
357634
358616
358754
359030
359118
359190
359269
359774
360270
361306
361346
361713
362152
362326
362336
363392
363772
364287
364665
364821
365882
365982
366018
366338
367529
367788
368968
368969
369851
369968
370016
370705
370741
370988
371366
372357
372533
373350
374052
374083
374480
374971
375841
375964
375991
376552
376655
376875
378281
378344
379671
379713
379718
380301
381022
381375
381435
382111
382149
383224
383515
384372
384526
384711
384849
386055
386373
386464
387020
387091
387469
387623
387860
388092
388580
388620
389079
389986
390230
390580
392765
392871
393014
393402
394524
394889
396284
396400
396437
396585
397207
397261
397485
397619
397887
399326
400597
400601
400798
402017
403322
403542
403638
404291
404926
406004
406709
407318
407363
407803
408500
408814
409966
410062
410393
410525
410799
411294
411321
411429
411459
411697
411725
412366
412548
413024
413487
414157
414194
414205
414209
414771
414788
415637
415835
416247
416290
416475
416572
417002
418380
419388
419758
419823
419838
420627
421306
421453
421467
421468
422258
423727
425106
425721
425965
426221
427377
427696
427865
428315
428326
428331
429550
429782
430039
430732
430944
431376
432314
433781
434298
434737
435745
435769
435821
436111
436236
436257
436501
436604
436804
437970
437992
438140
438702
438713
439083
439734
2000 CP101
2000 FH14
2001 RX47
2001 SF125
2001 TZ146
2001 TH165
2002 AM129
2002 CH246
2002 EH161
2002 FB11
2002 PQ194
2002 RC286
2002 WA29
2003 AY2
2003 FO79
2003 UE59
2004 EP40
2004 RB97
2004 TO3
2004 XN131
2005 MY5
2005 RN9
2005 RO22
2005 SA6
2005 UN415
2005 UD232
2005 VK36
2005 WD19
2005 WF102
2005 XM70
2005 YB101
2005 YE131
2005 YK199
2006 AB68
2006 AN82
2006 AV104
2006 BX10
2006 JH55
2006 QR138
2006 SR50
2006 SG59
2006 SE382
2006 SY389
2006 SW240
2006 SE252
2006 SZ283
2006 UV25
2006 UE154
2006 WH68
2007 BQ27
2007 HV51
2007 HW87
2007 JN24
2007 LB10
2007 PD46
2007 RT135
2007 RT287
2007 TB114
2007 TT443
2007 TU198
2007 TQ220
2007 TB317
2007 XV17
2007 YZ73
2008 AB36
2008 CH207
2008 DQ17
2008 DE31
2008 ET123
2008 EE141
2008 ES160
2008 FR22
2008 GM129
2008 GF130
2008 TT154
2008 UC
2008 VO10
2008 YE99
2009 AH23
2009 BP26
2009 DS
2009 HY99
2009 JC6
2009 RS15
2009 RL69
2009 SD57
2009 SM295
2009 SC312
2009 SV349
2009 SM355
2010 BW27
2010 CV103
2010 CA128
2010 EU69
2010 FV6
2010 HM103
2010 JE3
2010 JS43
2010 JO116
2010 JV154
2010 KN69
2010 RX135
2010 TL85
2010 UT6
2010 UQ79
2010 VD48
2010 VN92
2010 VH201
2011 BR112
2011 FJ42
2011 FJ80
2011 FD102
2011 FG125
2011 FP157
2011 PL2
2011 SM84
2011 UA66
2011 UY246
2011 UG250
2011 UH321
2011 UL407
2011 UN151
2011 UY246
2011 UG250
2011 UR317
2011 UH321
2011 VW9
2011 VP16
2011 WH56
2011 WN97
2011 WR112
2011 YR25
2011 YO28
2012 BZ121
2012 BV131
2012 CQ1
2012 CW11
2012 CN38
2012 CU38
2012 DU34
2012 DJ69
2012 DW74
2012 FM75
2012 HZ19
2012 TU198
2012 TJ310
2012 UC134
2012 UF169
2012 VW37
2012 WU21
2012 XA46
2012 YK7
2013 AE21
2013 AP70
2013 AZ164
2013 AV182
2013 BT77
2013 CL9
2013 CR55
2013 CN127
2013 EQ6
2013 EZ13
2013 EP18
2013 EC33
2013 EH125
2013 GM26
2013 HY29
2013 LC4
2013 LP30
2013 QL91
2013 RE23
2013 TL71
2013 TB133
2013 WH50
2013 WE68
2013 WR100
2013 XU8
2013 YZ73
2014 AM21
2014 BT36
2014 CK
2014 DH47
2014 DS73
2014 DH87
2014 DF136
2014 EN2
2014 EF18
2014 FK65
2014 HU37
2014 JD47
2014 KN35
2014 KM58
2014 NS2
2014 NK37
2014 NH42
2014 NE45
2014 OE
2014 OZ17
2014 OG27
2014 OQ29
2014 OW32
2014 OQ202
2014 PA
2014 PP
2014 PJ16
2014 PL51
2014 PO51
2014 QN432
2014 QO216
2014 QR358
2014 RL13
2014 SF56
2014 SP246
2014 SV297
2014 TT29
2014 UQ10
2014 UV67
2014 UA85
2014 UO154
2014 UR198
2014 WB64
2014 WP399
2014 WU407
2014 WE429
2014 WD273
2014 XH38
2014 YQ20
2014 YE41
2015 BJ468
2015 BZ468
2015 BN511
2015 BU263
2015 CZ51
2015 DE107
2015 DX111
2015 DE175
2015 DO207
2015 FY35
2015 FP52
2015 FF60
2015 FC61
2015 FU151
2015 FT174
2015 FG304
2015 FB305
2015 FZ334
2015 GK2
2015 GB25
2015 HU10
2015 HQ14
2015 HT181
2015 KM3
2015 KO121
2015 LT35
2015 LA39
2015 MH3
2015 MX33
2015 MD82
2015 NF23
2015 OB23
1996 VX28
2001 FO230
2001 OH32
2001 XD34
2002 JG148
2002 LH2
2002 LF64
2002 QG57
2002 RM219
2002 RO293
2002 UK36
2003 QN9
2003 UM390
2004 CM53
2005 AM24
2005 GZ8
2005 GA16
2005 GF49
2005 JH52
2005 LB15
2005 QO107
2005 SH99
2005 TC68
2005 UJ286
2005 YH82
2005 YE159
2006 BV150
2006 EA8
2006 SA400
2006 SS225
2006 SO263
2006 UK18
2006 UD24
2006 UH138
2006 UM275
2006 VC40
2006 WH12
2007 BY60
2007 BH99
2007 ER83
2007 EN121
2007 FN19
2007 GV26
2007 HR97
2007 TG231
2007 TX252
2007 TM327
2007 TZ329
2007 UV78
2007 YX68
2008 AQ53
2008 CY20
2008 EK46
2008 EF84
2008 EX114
2008 FW52
2008 GN84
2008 KJ36
2008 ST77
2008 SF173
2008 TR169
2008 UZ124
2008 UO221
2008 UL296
2008 UX315
2008 UL318
2008 UY328
2008 VV52
2008 WC29
2008 YM82
2008 YA150
2009 AP35
2009 DP99
2009 MY
2009 RL58
2009 RM75
2009 VE6
2009 WA137
2009 WN180
2009 WZ201
2010 AR96
2010 AL108
2010 AH110
2010 BJ53
2010 BR65
2010 BG88
2010 CU46
2010 CA187
2010 CE192
2010 CM215
2010 CY230
2010 CN235
2010 DR21
2010 EB4
2010 EY5
2010 EM36
2010 GZ42
2010 GX50
2010 GE170
2010 HA38
2010 HQ96
2010 HK99
2010 JY141
2010 KR17
2010 KB53
2010 KL57
2010 KC64
2010 KG87
2010 KH107
2010 LY28
2010 LM52
2010 LA89
2010 LJ121
2010 MG11
2010 MT68
2010 MP69
2010 MR99
2010 MU103
2010 NP10
2010 NW34
2010 NU64
2010 NC72
2010 NU83
2010 NP107
2010 OR57
2010 OB61
2010 OM64
2010 OM66
2010 OY80
2010 OW94
2010 PO36
2010 RT18
2010 RD139
2010 TJ16
2010 UF17
2010 UA38
2010 UC49
2010 UK56
2010 US60
2010 VA23
2011 BE14
2011 BM29
2011 BJ55
2011 CX23
2011 CW90
2011 DQ20
2011 DU36
2011 FK50
2011 FX55
2011 HK53
2011 JC25
2011 OS24
2011 SF235
2011 TJ6
2011 UG26
2011 UR107
2011 UM221
2011 UL320
2011 WH107
2011 WS144
2011 YQ60
2012 BV8
2012 DQ12
2012 FL19
2012 FN50
2012 HT18
2012 HL69
2012 JO62
2012 LJ9
2012 TJ18
2012 UH27
2012 VH87
2012 XE25
2013 AN18
2013 AE145
2013 AL148
2013 AW157
2013 AQ158
2013 AL163
2013 AD166
2013 CA38
2013 CB149
2013 CT219
2013 DY9
2013 FY1
2013 GN18
2013 GM68
2013 GQ112
2013 HV
2013 HL30
2013 HS43
2013 HA44
2013 HC46
2013 HC72
2013 JC35
2013 JX47
2013 ND4
2013 QS52
2013 TT37
2013 YR1
2013 YD122
2013 YB130
2013 YE148
2014 AS8
2014 AB42
2014 DP73
2014 DX84
2014 DC130
2014 DV130
2014 FX35
2014 GQ36
2014 JD1
2014 JK22
2014 KE32
2014 LK
2014 MN32
2014 OQ38
2014 OW89
2014 OW366
2014 OK130
2014 OX140
2014 OC225
2014 OW233
2014 OK238
2014 OP337
2014 OM355
2014 QM78
2014 QO376
2014 QN250
2014 QK322
2014 SJ83
2014 SG282
2014 TM23
2014 UL123
2014 WX416
2014 WH192
2014 WM272
2014 WT311
2015 AU166
2015 AT210
2015 AF225
2015 BV25
2015 BL84
2015 BY86
2015 BL100
2015 BK148
2015 BD183
2015 BA200
2015 BO215
2015 CZ53
2015 DG43
2015 DJ119
2015 DS153
2015 DE161
2015 DU179
2015 FQ12
2015 GD25
2015 HD57
2015 HF67
2015 HU73
2015 HX85
2015 KE6
2015 KR20
2015 KK42
2015 KM87
2015 MR58
2015 MP71
2015 MJ103
2015 OM17
2015 OX45
2015 OQ59
2015 OA73
2015 PW4
2015 PQ17
2015 PJ43
