id
234
437
1507
1715
1803
1982
2544
3069
3249
4272
4481
4533
5026
5747
6559
6792
7055
7516
7748
8017
8490
8875
9011
9152
9548
9879
10082
10288
10303
10992
11472
11748
11822
11823
11855
12721
12788
13069
13239
13491
13928
14000
14162
14267
14340
14528
14893
14895
15111
15315
15561
15585
15691
15779
16351
16398
16503
16506
16558
16908
18348
18391
18759
19036
19243
19260
19541
19915
19959
20310
20445
20869
20882
20992
21035
21661
21690
22557
22661
22903
22941
23093
23300
23334
23352
23397
23712
24371
24609
24658
24721
24888
24925
25323
25338
25546
26146
26198
26294
26315
26814
26820
26845
27459
27463
27850
28176
28768
28982
29444
30148
30772
30776
30819
32016
32749
33850
33925
34514
35257
35270
35352
35460
36295
36323
36342
36427
36499
37461
37684
37721
37728
38173
38186
38651
38661
38953
39921
40316
40581
40717
40729
41335
41458
41707
41879
41920
42366
42600
42807
42927
43096
43150
43579
43772
44203
44709
45084
45175
45184
45256
45297
46779
48452
48454
48461
48660
48670
48893
48944
48973
48990
49074
49075
49191
50285
50451
50713
51512
52056
52830
52870
52922
52982
53054
53813
53901
55518
56027
56031
56296
57048
57065
57073
57083
58112
58337
58443
58569
58664
58950
59886
60037
60452
60697
61061
61093
61157
61719
62046
63072
63300
63478
63502
64100
64771
64906
64930
64931
65096
65098
65176
65348
65417
65820
65837
66070
66383
67286
67444
67750
67911
67914
67977
68114
68119
68571
68608
69125
69232
69276
69309
69315
70178
70189
70224
70226
70413
70442
72248
72278
72384
73297
73714
73801
74600
74764
74781
74798
75391
75620
75634
78058
78822
79056
79237
79683
79717
80177
80182
80249
80387
80391
80471
80591
80596
80645
80757
80780
80834
82252
82256
83026
83127
83996
84019
84067
84877
85083
85129
85180
85300
85515
85516
85548
85562
85653
85814
86880
86934
86993
87085
87088
87265
88500
88551
88610
89305
89476
89649
89732
89791
89802
89834
89979
90196
90466
90748
90806
90983
91004
91252
92331
92433
92497
92560
93332
94346
94841
95122
95151
95977
95979
95988
96034
96401
97786
97804
97947
98031
98099
98947
99280
99505
99976
100003
100219
100243
100403
100791
100885
100925
100949
100979
101003
101229
101279
101370
101413
101472
101888
101974
102023
102046
102169
102452
102515
102609
102859
102864
102919
103538
103582
104026
106871
107208
107269
107551
107850
107868
108283
108484
109205
109241
111923
111980
112071
112142
112304
112321
112330
112345
112486
112543
112566
113000
113138
113484
113965
114539
114637
114784
114933
114953
115022
115194
115215
115367
115391
118063
118291
118296
119102
120457
120460
120462
120530
120754
120965
120968
120979
121152
122002
122064
122069
122200
122237
122514
122576
122623
122712
123095
123188
123355
124160
124171
124339
124450
124519
124523
124722
124841
124849
125187
125300
125459
125608
125934
126224
126251
126582
127034
128363
128614
129306
129448
129544
129550
129775
129777
129802
129820
129849
129859
129966
130542
130571
130590
130833
130999
131572
131610
131700
132119
132123
132145
132167
132271
133163
134067
134552
134553
134595
134601
134648
134672
134676
134736
135553
135573
136695
136906
136994
137283
137524
137559
137561
137605
137613
137801
137807
137890
137908
137986
138058
138408
139090
141696
141718
141749
141807
141833
141916
141941
141946
142158
142331
142548
144100
145982
146345
146988
147147
147197
147741
147884
147903
148054
148055
148202
148484
148585
148746
149217
149266
149820
150102
150106
150108
150228
150482
150690
151508
151518
151526
151948
152035
152191
152579
152703
152988
153339
153366
153382
153420
153526
155393
155648
156067
156267
156337
156393
156745
156836
156857
157216
157666
157818
158179
158359
158870
158881
159462
159472
159644
159651
159884
160102
160128
160515
160710
160787
160794
160800
161552
161810
162623
162640
162641
162684
162733
163738
164292
164592
165156
165173
165194
165443
166950
166971
167040
167049
167144
168074
168278
168478
168496
168502
168778
168782
168901
168910
168920
170177
170207
170222
170231
170267
170281
170410
172426
172429
173247
173248
173251
173259
173261
173271
173286
173565
174592
174632
175400
177144
177177
177685
177756
178137
178348
178494
178535
179613
179734
179815
179886
180363
181288
181342
181702
181893
182293
182359
183100
183106
183565
184453
184522
184612
185825
186432
186462
186489
186491
187109
187119
187965
188708
188766
189091
189094
189447
189632
189658
189683
189684
190465
190725
190773
190803
190846
190885
190905
190914
190922
190953
191634
193056
193147
193794
193849
193856
193902
194004
194028
194192
194286
194313
194319
194348
194385
194621
194736
194766
194826
194831
197618
197632
197676
197678
197693
197716
197929
197977
199095
199147
200322
200349
200588
200606
200662
200789
200885
201020
201060
201959
201960
201975
201997
201999
202001
202839
203064
203113
203158
203487
203532
203566
204291
204313
204357
205212
205224
205245
205340
206317
206329
207015
207976
208048
208175
208255
208258
208604
209058
209071
209530
209592
210755
211509
211520
211684
211934
213094
213529
213825
213882
213941
213944
215131
215143
215436
215459
215467
216057
216100
216104
216596
216645
217176
217181
217214
217569
217745
218209
218228
219016
219494
219581
220008
220041
220049
220052
220107
220113
220147
220182
220186
220209
220214
220227
220228
220934
220957
220980
220982
221002
221838
221952
223089
223122
223144
223215
224051
224088
224115
225250
225345
225347
225357
226204
226242
226297
227108
227145
227158
227167
227207
228024
228416
228835
228841
229334
229351
229364
229370
229424
229443
229489
230125
230126
230491
231961
231989
232776
232842
233081
233117
233556
234179
234189
234195
234206
234246
234380
234381
234442
234986
235011
235614
236767
237536
237675
237732
237786
238580
239308
239890
240333
240346
241151
241540
241665
241716
242192
242198
242208
242255
242437
242439
242449
242490
243105
243143
243205
243787
243819
243944
244034
244301
244728
244730
244747
244748
244805
244947
246227
246877
246932
246933
246942
247210
247471
247794
247804
247825
248057
248583
248673
248982
249670
249684
250310
250362
250375
250378
250969
250975
251650
251787
252913
253538
253551
253720
253748
253827
253879
255622
255632
255683
255797
255841
257597
257601
257637
257638
257660
257701
257702
257712
257751
257988
258800
258839
258848
259447
259462
259659
259715
261937
261960
261970
262038
262173
262229
264199
264359
264801
264813
264860
264864
264868
264902
264956
266109
266170
266187
266188
266734
267011
267023
267045
267052
267251
267596
267609
267702
268257
268830
270072
270088
270089
270193
270330
270960
271001
271473
271553
271582
271685
272128
272169
272234
272272
272363
272463
273360
273372
274095
274107
275544
275759
275760
275783
275805
275863
276198
276426
276769
277158
277259
277383
278052
278561
278618
278619
278797
278811
279932
279985
279991
280474
281119
281206
281229
281452
281470
281475
281525
282028
282092
282221
282559
282914
283238
283259
283376
283385
283933
283935
283936
283955
283986
284005
284334
284455
285289
285577
285597
285622
285636
285868
286328
286501
287069
287238
287807
288716
288795
288822
288910
288949
289073
289135
289183
289817
289878
289988
290081
290263
291125
291898
292009
292269
292468
292786
293635
293662
293666
293939
295332
297114
297183
297386
297390
297409
297898
297915
298324
298332
298797
298801
298858
298887
298928
299013
301143
302002
302081
303332
303338
303370
303397
304777
304781
304797
304903
305602
305666
306030
306190
306269
306274
306316
306471
306619
306681
306705
306777
307266
307596
308118
308129
308672
309224
309330
309384
309385
310495
310511
310527
310905
311193
311220
311228
311310
312013
312016
312033
312103
312828
312836
312877
312910
313064
313454
313597
313613
313622
313627
313640
313642
313649
313679
313707
315454
316724
316783
316914
316923
316939
316977
317322
317363
317458
317461
317526
317739
317802
317908
318679
319506
319666
320314
321669
321749
322684
323008
323012
323022
323046
323329
323387
325946
326294
326375
326522
326570
326601
326608
326624
326649
326659
326916
328553
329252
329522
329529
329562
329586
329912
329913
329953
330394
330858
330867
331707
331801
332015
332035
332732
332751
333212
333331
333509
333511
333527
333538
333630
334064
334071
334106
334222
335263
335294
335326
335371
335376
335391
335424
335484
336098
337005
337090
337095
337356
337363
337402
337418
337439
337458
337595
337601
337795
338391
339642
339749
339856
340018
340056
340058
340089
340204
344203
344242
344252
344258
344284
344393
345142
346296
346390
347366
347427
347597
347664
347714
348185
348282
348727
349510
349526
349558
349585
350637
350666
350691
350698
350999
351229
351235
351244
351249
351275
351281
351725
352664
352669
352769
352795
354536
354561
354867
354912
354969
355255
355264
355790
356471
357336
357341
357524
358094
360175
360285
360393
360515
360568
360577
361120
361156
363018
363036
363292
363293
363415
363524
363527
364170
364344
364568
364696
365443
365455
365473
365492
365496
365543
365618
365650
366491
366720
367065
367074
367075
367083
367084
367109
368176
368280
368385
368413
368868
368897
370012
370249
370258
370259
370341
370361
370364
371447
371462
371505
371514
371523
371558
371572
373389
373634
373695
373772
373789
374776
374878
375671
375686
376747
376752
376988
377568
378143
378148
379099
379865
379869
380331
380332
380333
380343
380402
380761
381014
381709
381712
382154
382643
382654
382696
383008
383016
383343
383360
383559
384276
384314
384320
384343
385139
385166
385400
385409
385625
385630
385661
386675
386679
387334
387447
387575
387858
388145
388506
388546
389344
389393
390690
391099
391104
391458
391560
391864
392544
392549
392550
392708
393705
393711
394059
394461
394939
395319
395448
395557
396734
396735
396804
396836
396838
396865
396877
397476
397587
397941
397953
398360
398377
398474
399354
399539
399556
400250
400282
400299
401049
401152
401192
401861
402023
402463
402889
402891
402897
402900
402924
403015
403547
405010
405229
405232
405537
405891
406486
406492
406538
407288
408798
409166
409169
409818
410173
410233
410256
410257
410277
410335
410347
410423
412487
412570
413156
413322
413482
414069
414102
414122
414134
414169
415698
415793
416290
416305
416323
416535
417469
417944
418014
418242
418984
419532
419545
419691
420795
420836
420967
421549
421727
422123
422247
422663
422664
422993
423046
423047
423054
423059
423835
423859
423867
423870
423874
423898
424605
425168
425530
425571
426780
426883
427021
427656
427698
427889
428124
429390
430888
430890
431654
432236
432250
432262
432312
432587
432622
433970
434018
434029
434030
434243
434463
434489
435453
435543
436202
436810
436819
437874
437878
437897
438709
438715
438724
438761
439029
439212
439293
439322
439342
1998 VR2
1999 TD84
1999 TS212
1999 UK12
2000 JU91
2000 QL110
2000 SZ308
2001 PO53
2001 QV122
2001 QO216
2001 QG279
2001 RR8
2001 SK27
2001 SO152
2001 SQ190
2001 SC216
2001 SP234
2001 SQ290
2001 SB293
2001 SQ326
2001 TN27
2001 TV141
2001 TR180
2001 UT55
2001 US229
2001 WD20
2001 WG87
2001 XV102
2001 XF110
2001 YJ7
2001 YO36
2001 YO107
2001 YF131
2002 AF5
2002 AX85
2002 CT133
2002 EX66
2002 GK110
2002 NJ71
2002 NZ75
2002 OB36
2002 OS36
2002 PA80
2002 QX3
2002 QH5
2002 QO21
2002 QD63
2002 QN106
2002 QK117
2002 QR146
2002 QL149
2002 RU137
2002 RV146
2002 RR225
2002 RQ280
2002 RV290
2002 SM12
2002 TO173
2002 TM356
2002 VV28
2002 VR92
2002 XR117
2002 XX117
2002 YS11
2003 DC10
2003 GY55
2003 QL104
2003 RV
2003 SJ62
2003 SO72
2003 SG394
2003 SO197
2003 ST328
2003 UF190
2003 UT211
2003 UZ274
2003 UD281
2003 UN287
2003 YP124
2004 JM2
2004 MK5
2004 NZ12
2004 OD6
2004 OY8
2004 PT10
2004 PE44
2004 PM47
2004 PQ48
2004 RR14
2004 RN28
2004 RP43
2004 RF46
2004 RE55
2004 RT62
2004 RN70
2004 RK75
2004 RQ150
2004 RL169
2004 RB248
2004 RY285
2004 RY307
2004 RW321
2004 RW327
2004 SK12
2004 TB26
2004 TJ26
2004 TW92
2004 TQ145
2004 TQ145
2004 TN317
2004 UN1
2004 UB11
2004 VO44
2004 VZ119
2004 XC15
2004 XC110
2004 YX15
2005 JB32
2005 LY1
2005 MA34
2005 NG14
2005 ON8
2005 QK18
2005 QW54
2005 QL61
2005 QD68
2005 QT173
2005 RN9
2005 RT19
2005 SQ51
2005 ST55
2005 SE63
2005 SE96
2005 SQ124
2005 SO179
2005 SW188
2005 SD203
2005 SX209
2005 SX215
2005 SD232
2005 SC255
2005 TR13
2005 TX63
2005 UH12
2005 UC20
2005 UE35
2005 UY47
2005 UO49
2005 UE68
2005 US81
2005 UO88
2005 UK355
2005 UL104
2005 UC384
2005 UQ441
2005 UD453
2005 UF478
2005 UK355
2005 UJ359
2005 VU10
2005 VV25
2005 VN95
2005 WB41
2005 WY54
2005 WW113
2005 XB42
2005 XZ76
2005 YU96
2005 YA97
2005 YT139
2006 AZ22
2006 HE117
2006 KD50
2006 KC82
2006 OY14
2006 QP22
2006 QF29
2006 QA43
2006 QQ49
2006 QQ115
2006 QB138
2006 RK23
2006 RJ74
2006 RR89
2006 SP27
2006 SR50
2006 SH63
2006 SR69
2006 SW74
2006 SZ81
2006 ST95
2006 SR397
2006 SR404
2006 SD199
2006 ST205
2006 SA356
2006 TQ45
2006 TS55
2006 TX78
2006 UG37
2006 UZ54
2006 UJ63
2006 UM159
2006 VG70
2006 VM128
2006 VF133
2006 WZ9
2007 AX19
2007 ED82
2007 FP40
2007 JR39
2007 PP3
2007 PS50
2007 QN5
2007 QL9
2007 RJ55
2007 RP114
2007 RO134
2007 RX139
2007 RU168
2007 RL234
2007 RG244
2007 RW258
2007 RD270
2007 RF313
2007 ST3
2007 TK9
2007 TJ13
2007 TX45
2007 TU55
2007 TV55
2007 TX63
2007 TN85
2007 TC94
2007 TQ376
2007 TW128
2007 TV129
2007 TB398
2007 TK423
2007 TW163
2007 TT169
2007 TR446
2007 TK217
2007 TL247
2007 TH254
2007 TG302
2007 TS303
2007 TS358
2007 UY7
2007 UJ10
2007 VX19
2007 VF32
2007 VJ59
2007 VU85
2007 VH87
2007 VD97
2007 VP157
2007 VH174
2007 VF223
2007 VC228
2007 VX267
2007 VX320
2007 XP5
2007 XW17
2008 AS3
2008 DC26
2008 ET8
2008 KU34
2008 LA12
2008 ON19
2008 OL23
2008 QE15
2008 QW18
2008 QE25
2008 QT25
2008 RP3
2008 RU52
2008 RZ139
2008 RC141
2008 SG6
2008 SD41
2008 SB81
2008 SF81
2008 SP82
2008 SM92
2008 SA93
2008 ST208
2008 SS217
2008 SM281
2008 SB308
2008 TM177
2008 TS179
2008 UF37
2008 UX46
2008 UE68
2008 UW98
2008 UT101
2008 UK119
2008 UR232
2008 UZ290
2008 UL292
2008 UT101
2008 UK119
2008 UH170
2008 UR232
2008 UC258
2008 US262
2008 UN269
2008 UZ290
2008 UL292
2008 WF10
2008 WA82
2008 XR33
2008 YL8
2009 DQ19
2009 DK127
2009 FG35
2009 HJ11
2009 OL1
2009 OS15
2009 OV20
2009 PO14
2009 QM12
2009 QX16
2009 QS39
2009 QH44
2009 QX56
2009 QD59
2009 RX3
2009 RC34
2009 RF42
2009 SW12
2009 SN20
2009 SB21
2009 SJ110
2009 SE129
2009 SN151
2009 SV151
2009 SU231
2009 SZ243
2009 SB269
2009 SZ282
2009 SV286
2009 TE1
2009 TT20
2009 VO
2009 VF12
2009 VG45
2009 WO
2009 WX105
2010 AL12
2010 DE24
2010 EX21
2010 EX113
2010 GU23
2010 GJ115
2010 LQ93
2010 LK97
2010 MQ77
2010 MV82
2010 NT53
2010 NZ98
2010 OT35
2010 OX39
2010 OK80
2010 OO114
2010 PY21
2010 RU50
2010 RC67
2010 RQ127
2010 RW145
2010 SW28
2010 SH29
2010 SZ37
2010 TV78
2010 TG79
2010 TN171
2010 UK27
2010 UG33
2010 UU81
2010 UJ93
2010 VD27
2010 VC61
2010 VV71
2010 VW85
2010 VT107
2010 VT133
2011 AX4
2011 AO15
2011 BJ16
2011 BP94
2011 FU145
2011 JS
2011 KV8
2011 LC26
2011 OG45
2011 QO21
2011 QC22
2011 QK27
2011 QP33
2011 QY48
2011 QG54
2011 QX72
2011 QM73
2011 SN24
2011 SJ67
2011 SJ83
2011 SF165
2011 SY256
2011 SP275
2011 UJ56
2011 UG75
2011 UA79
2011 UX83
2011 UO115
2011 UJ127
2011 UG390
2011 UN136
2011 UO143
2011 UG144
2011 UP153
2011 UM245
2011 UD281
2011 UP283
2011 UX309
2011 UW336
2011 WQ14
2011 WS45
2011 WF60
2011 WQ73
2011 WV87
2011 WQ88
2011 WC90
2011 WJ115
2012 BR16
2012 FH69
2012 HW9
2012 HE11
2012 HQ54
2012 HS57
2012 JY5
2012 KZ44
2012 LK
2012 PJ32
2012 PJ37
2012 QO16
2012 QC37
2012 QC39
2012 RH2
2012 SQ15
2012 SN22
2012 SH56
2012 SX57
2012 TK19
2012 TR21
2012 TH92
2012 TA145
2012 TT186
2012 TM195
2012 TR198
2012 TZ304
2012 TT311
2012 UG39
2012 XN115
2012 XZ137
2013 AV7
2013 AS94
2013 CY160
2013 HB81
2013 LN6
2013 LX31
2013 OB
2013 OR9
2013 PZ15
2013 PZ26
2013 PU71
2013 QZ8
2013 QD17
2013 QC46
2013 RX71
2013 RQ82
2013 RY88
2013 TK76
2013 TF79
2013 TX80
2013 TH92
2013 TZ138
2013 TT143
2013 VM17
2013 VL21
2013 WL7
2013 WA56
2013 WT60
2013 WZ69
2013 YM128
2014 FD33
2014 FN55
2014 HR28
2014 JM24
2014 JU25
2014 JO42
2014 JA51
2014 KQ40
2014 KQ44
2014 MU22
2014 MO56
2014 OK20
2014 OP23
2014 OV39
2014 OB372
2014 OC127
2014 OX200
2014 ON252
2014 OR314
2014 OT342
2014 PE7
2014 QF28
2014 QG30
2014 QK372
2014 QX382
2014 QA391
2014 QU395
2014 QC152
2014 QV419
2014 QX425
2014 QJ432
2014 QQ177
2014 QR188
2014 QM211
2014 QB255
2014 QL267
2014 QM276
2014 QP281
2014 QZ308
2014 QM328
2014 RR45
2014 SU103
2014 SR153
2014 SS155
2014 SO176
2014 SB211
2014 SO213
2014 SV214
2014 ST248
2014 SP263
2014 SG264
2014 SU292
2014 SD310
2014 TN7
2014 TF9
2014 TQ46
2014 UM
2014 UZ4
2014 UE26
2014 UK93
2014 UC140
2014 UC191
2014 VU11
2014 VG12
2014 VC31
2014 WG82
2014 WE374
2014 WV123
2014 WU177
2014 WC311
2014 XD19
2015 DP68
2015 DP207
2015 FZ334
2015 KS30
2015 KX36
2015 KW55
2015 KE74
2015 KV130
2015 LE33
2015 MO61
2015 MT124
2015 MJ128
2015 NX6
1995 SA13
1998 SZ1
2000 OE1
2000 QL74
2000 RE37
2001 BM5
2001 QR87
2001 QT95
2001 SY150
2001 SY230
2001 SE309
2001 TO165
2002 AN16
2002 AJ48
2002 NB80
2002 OD35
2002 PL195
2002 QJ96
2002 QX145
2002 RH215
2002 RM219
2002 RG267
2002 RB283
2002 RZ286
2002 SU4
2002 SF73
2002 TB154
2002 TE216
2002 TF310
2002 UA72
2002 VG86
2002 XD11
2003 SJ383
2003 SQ411
2003 SE416
2003 UY378
2003 WP133
2003 YX8
2004 HY22
2004 OZ1
2004 RF81
2004 RN158
2004 RZ168
2004 RG256
2004 RV307
2004 RP326
2004 RF343
2004 SU8
2004 SE19
2004 TA30
2004 TY85
2004 TR101
2004 TO108
2004 TW339
2004 XE65
2005 ED153
2005 EX327
2005 GU110
2005 OR25
2005 PQ
2005 QW5
2005 QC52
2005 QS56
2005 QB158
2005 SQ18
2005 ST31
2005 SR93
2005 SX178
2005 SN210
2005 SJ213
2005 SD240
2005 SL274
2005 TV16
2005 TG44
2005 TO184
2005 UL129
2005 UV172
2005 UC220
2005 UU253
2005 UT268
2005 UU300
2005 UU358
2005 YC6
2005 YZ127
2005 YZ180
2006 AW17
2006 HW92
2006 KJ1
2006 QW7
2006 QB11
2006 QA44
2006 QB45
2006 RH24
2006 RZ24
2006 RT114
2006 RQ115
2006 SS66
2006 SS373
2006 SQ181
2006 SZ295
2006 TG39
2006 TL96
2006 UV59
2006 UM115
2006 UB134
2006 UF153
2006 VO29
2006 VC39
2006 VH43
2006 WX18
2006 WF156
2006 WD203
2006 XA27
2006 XV30
2007 DZ107
2007 EW18
2007 EA24
2007 EJ222
2007 HA69
2007 OT7
2007 PT17
2007 PM33
2007 QJ11
2007 RY132
2007 RV214
2007 RK240
2007 RW240
2007 RF298
2007 TQ11
2007 TV46
2007 TD132
2007 TM143
2007 TT174
2007 TG443
2007 TM223
2007 TH302
2007 UF63
2007 UN128
2007 VT
2007 VV330
2008 CS86
2008 HM11
2008 ON12
2008 QP26
2008 QD40
2008 RW46
2008 RP92
2008 RM109
2008 SU4
2008 SR78
2008 SQ95
2008 SQ98
2008 SL102
2008 SZ176
2008 SD189
2008 SD206
2008 SW215
2008 SB245
2008 SA263
2008 TZ71
2008 TT93
2008 TP118
2008 UZ34
2008 UN152
2008 UE153
2008 UX278
2008 UE279
2008 VS12
2008 VE15
2008 VA60
2008 WZ54
2008 WH111
2008 XT52
2008 YB43
2008 YA74
2009 BX102
2009 DJ50
2009 HH50
2009 HK57
2009 HO58
2009 PP7
2009 QS23
2009 QV45
2009 RL13
2009 RM14
2009 SW42
2009 SM102
2009 SX141
2009 SS159
2009 SG189
2009 SY216
2009 ST281
2009 SU288
2009 SD298
2009 SC343
2009 TU41
2009 TA47
2009 UJ34
2009 UM55
2009 UO98
2009 UX154
2009 VX31
2009 VP57
2009 WV40
2009 WE76
2009 WO79
2009 WR93
2009 WJ162
2009 YP6
2010 BW97
2010 CY188
2010 CU204
2010 CH209
2010 DM58
2010 EA87
2010 EJ100
2010 EY155
2010 FW72
2010 FX73
2010 GD40
2010 GL69
2010 HK72
2010 JP31
2010 JO131
2010 JM152
2010 KL112
2010 LG57
2010 LC72
2010 MT6
2010 MB19
2010 MY72
2010 ON77
2010 OO102
2010 PG22
2010 PB46
2010 RE10
2010 RY50
2010 RS97
2010 RP109
2010 RN122
2010 RO154
2010 RC157
2010 TL5
2010 UH2
2010 UQ13
2010 UZ21
2010 UL48
2010 UB57
2010 UW73
2010 VM12
2010 VH112
2010 VA162
2010 VV184
2010 WC47
2010 XK34
2011 KP13
2011 OY24
2011 OO27
2011 OO34
2011 PE1
2011 PG7
2011 QP15
2011 QF32
2011 QQ57
2011 RV1
2011 SC
2011 SB31
2011 SK66
2011 SU83
2011 SR96
2011 SO123
2011 SR123
2011 SF135
2011 SS182
2011 SD187
2011 SH187
2011 SC188
2011 SQ227
2011 SC232
2011 SA256
2011 UE18
2011 UE33
2011 UZ261
2011 UD265
2011 UH298
2011 UQ333
2011 WS12
2011 WT61
2011 WK97
2011 WU116
2011 WS144
2012 BK23
2012 BZ97
2012 DR41
2012 JJ56
2012 JT58
2012 KT30
2012 LP24
2012 OR1
2012 PK32
2012 PS43
2012 QD3
2012 QV20
2012 QD32
2012 QU37
2012 RZ6
2012 RC8
2012 RF22
2012 SJ30
2012 SV52
2012 TA13
2012 TK144
2012 TM254
2012 TS308
2012 UZ48
2012 UP54
2012 UZ118
2012 VK60
2012 VO71
2012 XE23
2012 XE86
2013 CV111
2013 ER27
2013 HY15
2013 HH31
2013 HL33
2013 HL141
2013 LC26
2013 LN35
2013 PR19
2013 PV48
2013 QL51
2013 RO17
2013 SG82
2013 TX22
2013 TR40
2013 TA51
2013 TG105
2013 WB17
2013 WR74
2013 WZ103
2013 XP14
2013 YJ70
2014 AR2
2014 CA16
2014 EY7
2014 EX10
2014 FV10
2014 GR29
2014 HM12
2014 HL66
2014 HN162
2014 JS37
2014 LH12
2014 LM16
2014 MF16
2014 MK23
2014 MZ33
2014 MN55
2014 NO31
2014 ND38
2014 ND39
2014 OR4
2014 OO10
2014 OH65
2014 OK87
2014 OS88
2014 OL125
2014 OC146
2014 OR153
2014 OO210
2014 OL211
2014 OC247
2014 OC323
2014 PL21
2014 PQ29
2014 PM47
2014 QM100
2014 QU108
2014 QN393
2014 QL136
2014 QF172
2014 QO173
2014 QM220
2014 QU308
2014 QS317
2014 QK334
2014 QS349
2014 SD259
2014 SL287
2014 TO27
2014 TR33
2014 UJ40
2014 UK119
2014 WK256
2014 WC141
2014 WK256
2015 AN261
2015 BQ128
2015 BX414
2015 BG185
2015 BN206
2015 BN250
2015 BY355
2015 GS5
2015 GO27
2015 HA121
2015 KR60
2015 LK3
2015 LK27
2015 LY33
2015 MJ2
2015 MO80
2015 MJ118
2015 OF17
2015 OC46
2015 OB70
2015 PK42
