id
69
322
356
803
844
861
1734
1811
2202
2231
3316
3542
3775
5115
5416
5552
6161
6343
6365
7403
7611
7617
7678
8083
8145
8726
8990
8994
9576
9607
10501
10656
10793
11458
11807
12282
12383
13088
13146
13913
14137
14255
14327
14441
14722
15483
15725
15974
16375
17111
17266
17754
18476
18753
18847
19079
19226
19561
19784
19927
20523
20606
20672
21543
22310
22678
22967
23566
23815
23955
24248
24959
25286
25442
25528
25840
27530
27787
27902
28022
28154
28708
28814
29268
29521
29561
29814
30132
31261
31761
32233
32327
32373
32402
32680
32931
33667
33689
34499
34547
34967
36125
36137
36816
36833
37024
37264
37388
37993
38024
38025
38265
38312
38489
38510
38513
38556
38584
38935
39192
39439
39455
39509
40166
40186
40197
40606
40716
40852
40955
41016
41394
41554
42202
42257
42732
42750
44521
45583
46253
46451
46512
46554
46618
46977
47137
47668
47749
47883
48574
49447
49480
50433
50744
51096
51815
51845
51957
52062
52067
52086
52193
52340
52395
54523
54782
54797
55158
55582
55828
56678
56747
56784
56942
57513
57896
58011
58224
58446
58604
58665
58977
59374
59768
59879
59941
59995
60147
60872
61094
61533
61666
61937
62014
62352
62391
62459
62668
63024
63465
63584
63596
63880
64755
65155
65204
65339
65360
65494
65599
65930
65998
66025
66129
66617
67076
67114
67148
67165
68248
68354
68363
68472
69275
69372
69801
70580
71640
73105
73563
73744
73942
74278
74357
74358
74393
76122
77068
77494
77753
77811
78061
78202
78476
79090
79463
79498
81833
81886
81939
82406
82433
82629
82691
82875
82906
82975
83143
83321
83361
83961
84183
84837
85039
85191
85940
86164
86174
87217
88222
89318
90370
90712
91282
91612
91649
91762
91767
92131
92178
92193
92263
94242
94245
94281
95532
95913
96549
96770
96971
97273
97545
97583
98036
98854
99081
99138
99843
100083
100387
100433
100690
100741
101294
101921
103274
103922
104913
105150
105154
105336
105343
105385
105414
105474
105636
105877
105917
106033
106271
106280
106317
106548
106549
106631
106682
106753
106757
107414
108678
108698
108786
109538
109553
109619
109715
109749
109806
110024
110449
111060
111151
111422
111578
111585
111636
111642
112459
112484
112724
113133
113145
113163
113286
113683
113713
113828
114243
114400
114706
114743
114842
114873
114882
114910
114920
114984
115625
116004
116006
116762
118024
118080
118087
118418
118732
118874
118892
118986
119636
119865
120273
120340
120578
121162
121312
121558
121688
121756
123683
123714
123776
124046
126420
127201
127238
127496
128106
128199
128229
128256
128278
128467
128603
128609
128767
129684
129725
130178
130250
130375
131135
131154
131279
131323
131475
131506
132698
132752
133527
133913
134103
134294
134368
135059
135079
135131
135162
135213
135265
135416
135887
137766
138308
138569
138591
138592
138598
138601
138735
138758
138828
139481
139508
139612
139736
140497
140506
140513
140871
140885
140908
141084
141094
141304
141306
141412
142514
143343
143422
143560
145408
145591
146121
146615
146651
146728
146744
146745
146862
147808
147877
148021
148554
149123
149755
149757
149782
150265
150273
150290
150320
150753
152811
153116
154017
154182
154854
154902
154982
155544
156569
156696
157044
157453
157478
158083
158492
158783
159396
159424
159657
160000
160150
160570
161186
161502
162113
163253
163472
163567
164140
164703
165057
165101
165108
165660
165664
165687
165716
165735
165800
165837
165934
166380
166457
166500
166592
166628
166634
166690
166696
166701
166726
166833
167270
167523
167558
167623
168121
168360
168419
168454
168750
168810
169203
169249
169314
169335
169398
169768
171351
171375
171377
171851
171966
172072
172285
172959
173033
173118
173719
173943
173956
174051
174480
174516
175437
175707
176036
176224
176415
176440
176459
176489
176576
177627
177955
178129
178248
178292
178659
179337
179403
179424
180065
180115
180766
181166
181222
181754
181931
181938
182115
182156
182195
182296
182411
182446
182476
182790
182833
182867
182894
183231
183420
183494
184076
184228
184661
185461
185815
186142
186285
186364
186589
186952
187835
187836
187917
188066
189333
189426
189545
189872
189881
189887
189916
190385
190413
190415
190428
190456
191188
191329
191421
191444
191499
191570
192677
192818
192902
192957
193690
195642
195673
195697
195710
195711
195756
195876
195912
195983
196008
196009
196022
196090
196540
196587
196622
196641
196780
196872
197169
197200
197210
197394
199620
200056
200068
200684
201166
201340
201343
201373
201404
201420
201568
201652
202667
203038
203994
204234
204791
205039
205145
205608
205631
206609
206752
206753
206795
207956
208009
208434
208455
208986
209021
209304
209450
210076
210476
210956
211484
212533
213182
213196
213209
213333
213357
213396
213415
213464
213710
214045
214057
214065
214116
216260
217335
217344
217474
217679
217979
218088
218398
218455
218684
218761
218989
219410
219467
219966
219968
220424
220625
220644
220850
221967
222365
223310
223377
223435
223647
223677
223867
223950
223967
224558
224567
224670
226363
226371
226446
226450
227295
228360
228397
228875
228890
228897
228915
228923
228941
229083
229139
229262
229653
229959
230087
230122
230422
230461
230505
230674
230687
230695
230718
230765
230773
230872
230937
230946
231781
232322
232619
232634
232693
232961
233768
233857
233943
234340
234788
234823
234934
234952
235269
235355
235506
235553
235557
235889
236044
236683
236896
236983
237367
237602
237908
238007
238269
238302
238653
238729
238735
239057
239198
239228
239443
239737
239979
240068
240100
240460
240476
240756
241092
241094
241519
241571
241594
242060
242062
242084
242281
242334
242345
242643
242702
242924
242960
242978
243104
243474
243668
243720
243866
243919
243934
243936
243971
243983
244108
244227
244258
244290
244562
244900
244984
245008
245110
245931
245947
246002
246337
246371
246391
246467
246553
246554
247251
247253
247265
247316
247340
247423
247430
247570
247645
247734
248075
248102
248121
248232
248299
248319
248369
248433
248912
248949
248997
249150
249223
249461
249503
249593
249641
249976
250017
250082
250257
250543
250564
250718
250737
250741
250771
250781
250815
251331
251424
251802
252029
252447
252518
252535
252635
252675
252904
253922
254135
254145
254178
254262
254263
254269
254274
254289
254307
254317
254793
254833
254836
254965
255196
255201
255259
255271
255276
256361
256457
258226
258582
259228
259273
260094
260111
260348
260373
260488
260851
261773
261812
262983
263071
263588
263865
265059
265092
265160
265366
265781
265979
266490
266701
267059
267093
267159
267859
268203
268439
269130
269228
269660
270382
270563
270677
270741
270744
270854
270876
270911
271139
271150
271182
271221
271225
271228
271272
271273
271287
271625
271940
271942
271954
271977
272055
272566
273135
273242
273865
273941
274115
274239
274560
274692
275262
275644
276145
276175
276229
276294
276342
276357
276519
276522
276643
276667
277083
278398
278444
278680
279108
279233
279503
279517
279853
281047
281055
281253
281271
281933
282272
282323
282611
282614
283223
283367
283474
283541
283570
283636
283669
283727
283747
283865
285097
285135
285234
285473
285561
285581
285671
285704
285809
285886
285916
285963
285978
285984
286301
286339
286357
286418
287020
287054
287182
287191
287249
287281
287285
287499
287570
287776
288126
288275
288374
288782
288832
288942
289105
289126
289157
289822
290322
291239
291337
292308
292438
292578
292765
292838
293008
293087
293823
293850
294554
294682
294930
295102
295252
295324
295789
296084
296842
297382
297431
297488
297537
297759
297803
297972
298197
298226
298236
298240
298265
298723
299118
299255
299257
299277
299283
299320
299333
299660
299664
299678
299719
299790
299859
299864
299950
300075
300124
300176
300200
300224
300955
301504
301641
302229
302230
302239
302286
302788
302796
303766
303771
303795
303796
303809
303858
303895
304096
304391
304530
304643
304651
304689
304716
304724
305299
305410
306312
306818
307138
307150
308012
308419
308430
308445
308503
308624
308864
308870
310078
310318
310829
310858
311099
311134
311163
311347
311407
311411
311431
311433
311465
311506
311622
312438
312443
312666
312880
312902
312923
313243
313244
313245
313259
313547
313910
313985
314506
314543
314582
314718
314912
314963
315171
315806
316256
316275
316727
316887
317098
317929
318269
318279
318328
319134
319336
319644
319738
320508
320766
321038
321554
321594
322205
322221
322320
322409
322472
322890
323175
323186
323191
323284
324150
324723
324830
325442
325601
325683
325686
325698
326539
326757
326760
326816
326856
327838
328845
328854
328995
329016
329025
329125
329243
329448
329504
329621
329693
329704
330183
330507
331315
331491
331626
331695
331741
331819
331854
331866
332060
332092
332562
332650
332966
333428
333623
333944
334104
334325
334539
334749
334822
334862
334907
334931
334950
335183
335861
335869
335911
335913
335917
335920
335960
336005
336944
336969
337685
337818
337850
337912
338423
338693
338775
339036
339510
339571
340623
340631
340685
340698
340816
341145
341154
341215
341247
341328
341349
341357
341435
341543
341617
341657
341797
341815
342284
342826
342917
342988
342995
343049
343097
343116
343416
343596
343664
343679
344048
344317
344359
344467
344533
344738
344758
345501
345570
345576
345617
345618
345697
345823
345884
346010
346383
346825
347186
347297
347819
347856
347884
348370
348434
348570
348711
348873
349186
349308
349436
350123
350238
350366
350699
350927
351078
351505
351936
352000
352001
352037
352042
352299
352335
352430
353513
353612
353819
354478
354666
354779
355005
355186
355651
356379
356402
356841
357053
357059
357483
357503
357549
358414
358796
358884
359426
359428
359491
359511
359526
359923
360117
360154
360221
360419
360950
360966
361036
361437
361814
362460
362825
363020
363490
363535
363610
363699
363701
363717
363909
363929
363972
363987
364041
364088
364101
364545
365041
365295
365324
365372
365427
365720
365896
366058
366070
366129
366206
366250
366305
366354
366550
366603
366669
367397
367402
367407
368034
368082
368299
368324
368408
368524
368542
368580
368613
368614
369140
369180
369207
369448
369865
370296
370340
370483
370804
370819
371799
372001
372027
372100
372160
372196
372217
372237
372735
372742
372754
373279
373698
373794
373989
374084
374630
375006
375544
375548
375558
375586
376047
376447
376657
377033
377467
377473
378490
378539
378856
378888
379102
379433
379453
379475
379957
380015
380033
380083
380146
380438
380682
381221
381328
381510
381595
381941
381978
382188
382234
382263
382354
382776
382798
383684
383689
383760
383764
383814
384172
384174
384179
384215
384794
384850
384912
385001
385027
385035
385052
385057
385076
385352
385482
385577
385613
385896
385926
386169
386233
386564
386575
386947
387128
387140
387202
387257
387458
387530
387581
387943
388004
388289
388359
388732
388783
388799
388851
389166
389687
389831
390242
390277
390556
390600
390969
391331
391373
391728
392388
392399
392442
392580
392628
393516
393559
393857
393950
393957
394045
395376
395415
395477
395522
396058
396145
396448
396629
396773
396871
396897
396961
397019
397095
397102
397256
397332
398197
398207
398436
398608
398892
399008
399040
399080
399344
399394
399417
399659
399849
399955
400671
400682
400722
400743
400896
400960
401163
401200
401823
402014
402145
402255
402443
402484
403121
403141
403414
403431
403735
404091
404587
404989
405394
405657
405735
405851
406237
406279
406963
406985
407019
407039
407191
407326
407475
407575
407610
408739
408801
408872
408887
408916
409061
409107
409309
409323
409353
409468
409631
410143
410638
410819
410827
410953
411066
411078
411081
411535
411870
412499
412646
413170
413271
413382
413680
413700
413743
414577
414646
414648
414718
414726
414959
415558
415647
415688
415707
415764
416046
416091
416131
416207
416938
416942
417369
417782
418460
418468
418470
418489
418545
418584
418603
418712
418828
418862
419016
419116
419135
419191
419226
419387
419415
419518
420024
420151
420506
420668
420926
420958
420982
421136
421163
421449
421486
421584
421676
421754
421936
422093
422404
422466
422673
422729
422841
422947
423003
423188
423686
423802
424254
424306
424320
424353
424693
424707
424710
424799
424913
425135
425233
425464
426529
426727
426832
426850
426948
426961
427323
427365
427391
427399
427529
428458
428747
428946
428956
428967
429139
429294
429897
429922
429960
430036
430254
430273
430344
430670
431466
431532
431623
431855
432106
432205
433019
433105
433128
433150
433493
433509
433759
434134
434836
434864
434884
434961
434997
435011
435029
435030
435293
435364
435365
435373
435392
435985
436015
436251
436252
436660
436688
436720
436956
436975
437024
437080
437187
437245
437568
437705
437838
438328
438402
438403
438416
438977
439323
439415
439827
1996 TX51
1997 CU20
2000 QG166
2001 QY225
2001 SM157
2001 SN210
2001 SH344
2001 TR177
2001 UC221
2001 VY124
2001 WV19
2001 XK72
2001 XM136
2002 GQ29
2002 LK64
2002 PE74
2002 PT196
2002 QM46
2002 QP140
2002 RT39
2002 RB111
2002 RW194
2002 RE207
2002 RY234
2002 RF279
2002 RU281
2002 RE289
2002 RP290
2002 SV24
2002 SB65
2002 TB22
2002 TP285
2002 TO116
2002 TW124
2002 TE130
2002 TK202
2002 TP285
2002 UG22
2002 VL45
2002 YB8
2003 AQ85
2003 FD37
2003 GZ9
2003 HR35
2003 SL98
2003 SZ429
2003 SD432
2003 UZ58
2003 US82
2003 UR374
2003 UH405
2003 UN416
2003 UK255
2003 UR261
2004 EH38
2004 HQ5
2004 PD97
2004 RU291
2004 RN341
2004 TP119
2004 TC140
2004 TK151
2004 TJ163
2004 XD10
2005 AB67
2005 EN19
2005 EV86
2005 EE198
2005 GW19
2005 MO36
2005 QC100
2005 RA42
2005 SF36
2005 SL78
2005 SR101
2005 SS213
2005 SO280
2005 TQ43
2005 TK66
2005 TQ116
2005 TA134
2005 UQ
2005 UH25
2005 UR44
2005 UQ140
2005 UP197
2005 UC264
2005 UR276
2005 UH289
2005 UA318
2005 VP124
2005 WE18
2005 WE47
2005 WU129
2005 WT155
2005 WE174
2005 WQ185
2005 WG186
2005 XD30
2005 XZ50
2005 XL105
2005 YS160
2005 YQ292
2006 BL68
2006 BW143
2006 EB53
2006 KM105
2006 OK16
2006 QN65
2006 QG112
2006 QX124
2006 RK30
2006 RA37
2006 RM93
2006 RL94
2006 RD102
2006 SG39
2006 SX152
2006 ST286
2006 SH376
2006 SF378
2006 SB124
2006 SO152
2006 SX152
2006 SR271
2006 ST286
2006 SL303
2006 SQ313
2006 SL315
2006 SH343
2006 TP65
2006 TA101
2006 TB114
2006 TZ119
2006 UX47
2006 UJ71
2006 UE73
2006 UG74
2006 UN78
2006 UF214
2006 UT241
2006 UA270
2006 UP280
2006 UH323
2006 UE328
2006 UQ345
2006 VJ170
2006 WJ30
2006 WM171
2006 XQ29
2006 YP36
2007 AP28
2007 BX39
2007 BG79
2007 DT26
2007 DD49
2007 EN88
2007 QM4
2007 RP34
2007 RQ103
2007 RW132
2007 RH143
2007 RB171
2007 RA226
2007 RS268
2007 RM286
2007 SD19
2007 TL19
2007 TW84
2007 TF106
2007 TW115
2007 TX384
2007 TL145
2007 TU405
2007 TX409
2007 TY162
2007 TT425
2007 TJ238
2007 TD260
2007 UY34
2007 UK136
2007 VJ22
2007 VB45
2007 VP45
2007 VJ63
2007 VB74
2007 VV154
2007 VQ231
2007 VD241
2007 VG242
2007 VC277
2007 VX314
2007 VH327
2007 WN45
2007 YZ36
2007 YV66
2008 AP80
2008 AB109
2008 AV125
2008 AK128
2008 BA40
2008 CU2
2008 CT107
2008 CR148
2008 CU151
2008 CB182
2008 EM85
2008 EG88
2008 FS15
2008 FD22
2008 FZ83
2008 GF79
2008 HT35
2008 ML3
2008 QR20
2008 RX
2008 RO4
2008 RA16
2008 RV41
2008 RK47
2008 RZ133
2008 RV142
2008 RK143
2008 SH63
2008 SG72
2008 SK107
2008 ST186
2008 SH227
2008 SQ288
2008 SS303
2008 TR
2008 TE58
2008 TQ138
2008 TG160
2008 TD163
2008 TN188
2008 UF11
2008 UV41
2008 UH129
2008 UM168
2008 UW240
2008 UR252
2008 UK253
2008 UB265
2008 UF297
2008 UQ302
2008 UV335
2008 UC344
2008 UO352
2008 VQ66
2008 WF2
2008 WM6
2008 WJ36
2008 WN75
2008 WP93
2008 YT3
2008 YB25
2008 YW42
2008 YF52
2008 YS92
2008 YQ143
2009 AZ2
2009 AA21
2009 BL20
2009 BR38
2009 BY73
2009 BV78
2009 BA184
2009 BL187
2009 CP31
2009 DA17
2009 FA2
2009 FK28
2009 HU15
2009 HQ70
2009 HQ102
2009 PV8
2009 PL15
2009 PW18
2009 PB19
2009 QJ16
2009 RR19
2009 RG26
2009 RU40
2009 SU
2009 SV21
2009 ST55
2009 SB56
2009 SQ103
2009 SM114
2009 ST190
2009 SM220
2009 SS272
2009 SX274
2009 SM280
2009 SD342
2009 SE350
2009 TN22
2009 TO22
2009 TO44
2009 UN56
2009 UM77
2009 UW86
2009 UM89
2009 UJ147
2009 VJ36
2009 VA40
2009 VK67
2009 VS94
2009 VN96
2009 VZ107
2009 WK24
2009 WM39
2009 WD59
2009 WM79
2009 WL84
2009 WM99
2009 WG155
2009 WM169
2009 WK186
2009 WD189
2009 WD194
2009 WD223
2009 WK225
2009 WD256
2009 WE260
2009 YQ
2009 YZ19
2010 AW23
2010 AL58
2010 HY49
2010 HK51
2010 LW42
2010 LW69
2010 LN87
2010 MA8
2010 MW28
2010 MQ31
2010 MO61
2010 MY107
2010 NA14
2010 OG3
2010 ON63
2010 OL102
2010 PH19
2010 PQ43
2010 PP46
2010 PQ62
2010 RZ25
2010 RN80
2010 RG117
2010 RB149
2010 RC150
2010 RE153
2010 RE176
2010 RL184
2010 SE13
2010 SC18
2010 SW20
2010 TF7
2010 TB18
2010 TD69
2010 TM105
2010 TR107
2010 TT136
2010 TE166
2010 UF7
2010 UX9
2010 UW13
2010 UK25
2010 UE78
2010 UM78
2010 UE91
2010 VU46
2010 VK206
2010 WX44
2010 XE3
2010 XG25
2011 AU25
2011 BP71
2011 BJ93
2011 CZ52
2011 CF85
2011 DV51
2011 EC69
2011 FF11
2011 FD45
2011 FC154
2011 HW38
2011 HF45
2011 HN54
2011 HZ63
2011 HD67
2011 KF9
2011 LF10
2011 PU5
2011 QE14
2011 QY67
2011 QY84
2011 QZ86
2011 QH94
2011 RL2
2011 RN5
2011 SU6
2011 SM25
2011 ST25
2011 SP40
2011 SO41
2011 SK192
2011 SP243
2011 TX12
2011 TJ15
2011 UA4
2011 UF12
2011 UZ35
2011 UC73
2011 UB92
2011 UG107
2011 UZ112
2011 UD121
2011 UB384
2011 UY400
2011 UO408
2011 UF167
2011 UU196
2011 UD201
2011 UG294
2011 US341
2011 VK22
2011 WY28
2011 WR50
2011 WN79
2011 WU136
2011 YV4
2011 YB36
2011 YU46
2011 YA60
2011 YR77
2012 BN22
2012 BF27
2012 BX54
2012 BN72
2012 BY73
2012 BO112
2012 BV121
2012 BV148
2012 CW40
2012 DR13
2012 DV39
2012 DY61
2012 EE5
2012 FO6
2012 FD23
2012 FS40
2012 FJ45
2012 HZ3
2012 HV4
2012 JR13
2012 JY49
2012 JC53
2012 KG14
2012 KR16
2012 KD24
2012 KL31
2012 PP31
2012 QO26
2012 QU27
2012 QE28
2012 QL30
2012 QP33
2012 QO46
2012 RA18
2012 RQ34
2012 SM14
2012 SB32
2012 SZ50
2012 SW54
2012 SF58
2012 TX6
2012 TL9
2012 TK65
2012 TT67
2012 TW104
2012 TF110
2012 TS113
2012 TN114
2012 TV141
2012 TF175
2012 TK185
2012 TB221
2012 TV248
2012 TH267
2012 TS294
2012 TL295
2012 TC299
2012 TF303
2012 TD304
2012 UG26
2012 UR31
2012 UY101
2012 UF104
2012 UV106
2012 UJ169
2012 VU39
2012 VY62
2012 VR68
2012 VM93
2012 VV98
2012 WJ12
2012 XM7
2012 XY22
2012 XX24
2012 XB30
2013 AK22
2013 AR64
2013 AG77
2013 AQ99
2013 AB109
2013 AO119
2013 AM126
2013 AZ162
2013 BA37
2013 BY77
2013 CC3
2013 CS6
2013 CF29
2013 CA31
2013 CV31
2013 CE51
2013 CA85
2013 CW178
2013 CM180
2013 CX205
2013 ED7
2013 EM38
2013 ER85
2013 EK126
2013 FJ1
2013 FL1
2013 GG94
2013 GZ132
2013 GS133
2013 HC63
2013 HW74
2013 OP1
2013 OZ6
2013 OV8
2013 PO1
2013 PL22
2013 PV45
2013 PL53
2013 PN69
2013 QK8
2013 QB10
2013 QV13
2013 QG14
2013 QQ14
2013 QG33
2013 QN33
2013 QR38
2013 QU48
2013 QM92
2013 RT7
2013 RC58
2013 RV80
2013 SP25
2013 SP28
2013 SH59
2013 SR76
2013 SX80
2013 TQ13
2013 TJ16
2013 TU22
2013 TH67
2013 TW137
2013 WH4
2013 WH6
2013 WQ53
2013 WW75
2013 WT92
2013 WE103
2013 WD106
2013 WC108
2013 XX22
2013 YU
2013 YH30
2013 YR33
2013 YO35
2013 YK54
2013 YL122
2014 AY14
2014 BS6
2014 BS9
2014 BJ13
2014 BZ21
2014 BL37
2014 BS46
2014 BW54
2014 DX17
2014 DX19
2014 DM29
2014 DG63
2014 DP106
2014 DT121
2014 DQ127
2014 DB132
2014 EK10
2014 EK30
2014 EL48
2014 GJ3
2014 GP37
2014 GO38
2014 HH8
2014 HB31
2014 HG42
2014 HQ96
2014 HY155
2014 JB33
2014 JD42
2014 JO69
2014 KS18
2014 KE46
2014 LB20
2014 MU28
2014 MS31
2014 NR25
2014 NR37
2014 ND56
2014 NH57
2014 NQ57
2014 OW5
2014 OP13
2014 OD15
2014 OK32
2014 OC46
2014 OX97
2014 OS104
2014 OT111
2014 OP384
2014 ON391
2014 OL192
2014 OW196
2014 OY258
2014 OE318
2014 OO353
2014 PG5
2014 PA26
2014 PN50
2014 PU50
2014 QD22
2014 QQ26
2014 QX41
2014 QD54
2014 QW74
2014 QO366
2014 QO422
2014 QE206
2014 QV207
2014 QR276
2014 QV277
2014 QH322
2014 QK332
2014 QH337
2014 RC7
2014 RE19
2014 RM22
2014 RP45
2014 SH118
2014 SE145
2014 SA212
2014 SQ216
2014 SQ244
2014 SS288
2014 SZ299
2014 SR310
2014 SV314
2014 TP20
2014 TF39
2014 TH40
2014 TQ42
2014 TD45
2014 TM47
2014 UT5
2014 UO21
2014 UH105
2014 UD107
2014 UA108
2014 UX158
2014 UR173
2014 UE180
2014 UX223
2014 VD24
2014 WX10
2014 WJ13
2014 WU32
2014 WE36
2014 WL62
2014 WP71
2014 WT73
2014 WC110
2014 WN355
2014 WO127
2014 WY390
2014 WZ428
2014 WQ440
2014 WP195
2014 WG498
2014 WB250
2014 WT261
2014 WQ269
2014 YZ1
2014 YG11
2014 YF22
2015 AR35
2015 AP133
2015 AR179
2015 AG259
2015 BV26
2015 BY72
2015 BU82
2015 BC84
2015 BN400
2015 BG419
2015 BD206
2015 BO510
2015 BW336
2015 BT353
2015 DE30
2015 DZ80
2015 DO100
2015 DN101
2015 DY114
2015 DX124
2015 DO178
2015 FK101
2015 FU141
2015 FS158
2015 FQ292
2015 FQ334
2015 GT36
2015 GF44
2015 KB3
2015 KD62
2015 LG6
2015 LR23
2015 MB66
2015 NJ8
1996 RD17
1996 VM22
1999 TH304
1999 UZ18
2000 US16
2000 WM6
2001 FE223
2001 FK230
2001 QY311
2001 SH224
2001 UB194
2002 AH54
2002 DA7
2002 NS80
2002 PX195
2002 QM126
2002 QK147
2002 QK149
2002 RG258
2002 RM274
2002 SA2
2002 TJ106
2002 TJ150
2002 TO335
2002 UW34
2003 KT2
2003 SN12
2003 SZ78
2003 SR405
2003 ST163
2003 SH239
2003 SS318
2003 SS339
2003 UN362
2003 UO133
2003 UL333
2003 UD339
2003 XA31
2004 CC71
2004 FY122
2004 PD41
2004 RB174
2004 SB25
2004 TN143
2004 TD209
2004 VB121
2005 GW36
2005 GR138
2005 JM155
2005 LS10
2005 NZ41
2005 QS97
2005 QJ109
2005 QL123
2005 RW46
2005 SH48
2005 SJ81
2005 SA209
2005 SJ225
2005 SU290
2005 SP292
2005 TL110
2005 TB120
2005 TN123
2005 TH157
2005 UV360
2005 UT187
2005 UA458
2005 UR258
2005 UR306
2005 UL307
2005 UH323
2005 UW323
2005 UE351
2005 UY358
2005 VJ28
2005 VH84
2005 VG90
2005 VU127
2005 WZ20
2005 WG170
2005 XX19
2005 YC24
2005 YX175
2006 AR59
2006 AG64
2006 BX48
2006 BG122
2006 BP180
2006 BR192
2006 BD228
2006 CN6
2006 CV66
2006 DF18
2006 KE33
2006 KM81
2006 OK31
2006 RJ47
2006 SL98
2006 SU377
2006 SF410
2006 SJ168
2006 SF190
2006 SN191
2006 SA197
2006 SS307
2006 TO47
2006 TV56
2006 TA128
2006 UN40
2006 UU49
2006 UX52
2006 UR56
2006 UJ60
2006 UH199
2006 UT211
2006 UU288
2006 VC30
2006 VD127
2006 VT171
2006 WQ9
2006 WD13
2006 WC39
2006 WQ116
2006 WP147
2006 XW23
2006 YG14
2007 BT26
2007 DL11
2007 EB2
2007 EF50
2007 GQ60
2007 HD44
2007 HN83
2007 LQ9
2007 RC1
2007 RF53
2007 RY54
2007 RH70
2007 RK261
2007 SA3
2007 TC448
2007 TD450
2007 TU203
2007 TA279
2007 TH328
2007 UP19
2007 UL57
2007 UZ84
2007 UZ122
2007 VL58
2007 VX117
2007 VC146
2007 VJ260
2007 VC297
2007 VB324
2007 WL1
2008 AO88
2008 CB1
2008 CW32
2008 ET93
2008 FX41
2008 GX12
2008 OP13
2008 PK11
2008 RX75
2008 RA86
2008 RS111
2008 SZ54
2008 SM71
2008 SK175
2008 SY237
2008 SM264
2008 TD24
2008 TL69
2008 TQ73
2008 TM119
2008 UJ17
2008 UJ88
2008 UA96
2008 UB103
2008 UU159
2008 UE242
2008 UR322
2008 UH359
2008 VQ32
2008 VX32
2008 VQ33
2008 VX49
2008 WS4
2008 WN49
2008 WH65
2008 WU118
2008 WE136
2008 YA26
2009 BK88
2009 BO95
2009 BG175
2009 CS60
2009 DB
2009 DU39
2009 DX79
2009 DX132
2009 HC17
2009 HP91
2009 PF17
2009 QU7
2009 RX27
2009 RE52
2009 RW52
2009 SF23
2009 SK76
2009 SD113
2009 SL127
2009 SM143
2009 SR160
2009 SS202
2009 SE220
2009 SJ225
2009 ST293
2009 SH346
2009 SO349
2009 TC2
2009 TZ3
2009 UO92
2009 VZ24
2009 VP25
2009 VM36
2009 VB75
2009 VS90
2009 VE91
2009 WH3
2009 WT68
2009 WA71
2009 WB121
2009 WX170
2010 CR52
2010 CO89
2010 CG102
2010 CF122
2010 CH182
2010 DC3
2010 EZ39
2010 EH95
2010 GC84
2010 JS132
2010 LG2
2010 LR103
2010 MS63
2010 OV1
2010 OV51
2010 OS101
2010 PC16
2010 PU29
2010 PC36
2010 PE38
2010 RU
2010 SU12
2010 TP16
2010 TG42
2010 TC44
2010 TK78
2010 TP91
2010 TZ100
2010 TW102
2010 TV131
2010 UO8
2010 UD63
2010 UT102
2010 UQ103
2010 VM25
2010 VB38
2010 VL49
2010 VL61
2010 VC86
2010 VA95
2010 VD131
2010 VL143
2010 VV178
2010 VK218
2010 WM9
2010 XM76
2011 AJ49
2011 BP26
2011 BJ47
2011 BR47
2011 BU60
2011 BT125
2011 CB7
2011 DN36
2011 EC3
2011 EB65
2011 FV37
2011 KD6
2011 OJ9
2011 QE51
2011 QX63
2011 QG64
2011 QM64
2011 SK1
2011 SV6
2011 SO11
2011 SU59
2011 SY91
2011 SB154
2011 SF163
2011 SF172
2011 UL9
2011 UH37
2011 UO78
2011 UC370
2011 UR114
2011 UV115
2011 UQ119
2011 UN185
2011 UD205
2011 UJ257
2011 US298
2011 UJ308
2011 UQ345
2011 WJ30
2011 WP97
2011 WN150
2011 YS10
2011 YU54
2011 YY69
2012 BE70
2012 BD95
2012 DT11
2012 DV96
2012 FL3
2012 HS3
2012 HP25
2012 HX41
2012 PF5
2012 PU9
2012 PP25
2012 RZ7
2012 SZ51
2012 TA10
2012 TZ43
2012 TQ68
2012 TO85
2012 TY105
2012 TP109
2012 TS121
2012 TG161
2012 TX182
2012 TA191
2012 TV229
2012 TD248
2012 TT248
2012 TV251
2012 TG275
2012 TR278
2012 TN318
2012 TL323
2012 UU22
2012 UO23
2012 UU24
2012 UR107
2012 UF115
2012 VX20
2012 VU26
2012 VB74
2012 VD75
2012 VP86
2012 VQ93
2012 XU12
2012 XL47
2012 XR67
2012 XO115
2013 AM17
2013 AZ56
2013 AO149
2013 AP162
2013 AM167
2013 AN167
2013 AM172
2013 AX180
2013 BC49
2013 CN114
2013 CB145
2013 CX166
2013 CN193
2013 GD11
2013 GX45
2013 HB3
2013 HV32
2013 HK36
2013 HU55
2013 HU56
2013 HO59
2013 HT65
2013 HX71
2013 HX77
2013 HU87
2013 HF89
2013 HU98
2013 HA148
2013 JS12
2013 JQ62
2013 MT8
2013 PG1
2013 PB23
2013 PU44
2013 PC45
2013 PP50
2013 PF51
2013 PY52
2013 QY4
2013 QJ8
2013 QW16
2013 QZ40
2013 QD73
2013 RU1
2013 RU15
2013 RH24
2013 RQ76
2013 SX21
2013 SM82
2013 TO28
2013 TZ83
2013 TN84
2013 TS86
2013 TL102
2013 TU127
2013 UY5
2013 VY2
2013 WV9
2013 WO12
2013 YY5
2013 YR71
2013 YG75
2013 YO100
2013 YZ116
2013 YD130
2013 YF145
2014 AG15
2014 DN96
2014 FR9
2014 FJ65
2014 HQ21
2014 HH97
2014 HK113
2014 HG127
2014 KH26
2014 KC54
2014 KZ58
2014 KC70
2014 KJ75
2014 MZ37
2014 OS
2014 OM15
2014 OR46
2014 OH53
2014 OS55
2014 OG372
2014 OC115
2014 OV124
2014 OQ128
2014 OY149
2014 OA178
2014 OH319
2014 OK320
2014 PE21
2014 QZ17
2014 QY38
2014 QL46
2014 QD62
2014 QA105
2014 QF120
2014 QQ382
2014 QF132
2014 QF395
2014 QV144
2014 QC145
2014 QG424
2014 QY211
2014 QT265
2014 QS280
2014 RC6
2014 RU7
2014 SH27
2014 SB107
2014 SJ125
2014 SG189
2014 SK302
2014 ST304
2014 SB311
2014 UG20
2014 UD55
2014 UW63
2014 UR184
2014 UR185
2014 VM28
2014 WT26
2014 WE35
2014 WG37
2014 WL49
2014 WV66
2014 WB90
2014 WL374
2014 WG128
2014 WM186
2014 WF449
2014 WX190
2014 WF210
2014 WZ226
2014 WY305
2014 WN355
2015 AQ40
2015 AW75
2015 AE169
2015 AC170
2015 AX221
2015 AD226
2015 AJ248
2015 AS253
2015 AH258
2015 BU15
2015 BU39
2015 BX43
2015 BC70
2015 BM80
2015 BG81
2015 BV84
2015 BP102
2015 BU106
2015 BY367
2015 BJ372
2015 BG126
2015 BV131
2015 BP394
2015 BP396
2015 BY412
2015 BC414
2015 BA172
2015 BC454
2015 BC199
2015 BV225
2015 BB243
2015 BQ503
2015 BS250
2015 BJ258
2015 BD260
2015 BS305
2015 BC310
2015 BL347
2015 BM347
2015 CX17
2015 CO19
2015 CE56
2015 DN52
2015 DN79
2015 DK202
2015 DY217
2015 FA124
2015 FU135
2015 FD182
2015 FD275
2015 FN320
2015 FL326
2015 GA31
2015 GR43
2015 HP81
2015 HA89
2015 HK166
2015 LL14
2015 ML37
2015 MZ84
2015 ML101
2015 OZ14
2015 OG18
2015 OH23
2015 OX58
2015 PD30
2015 PA37
2015 PB43
