id
3050
3530
3593
3723
3732
3891
4011
4239
4481
4604
4646
4777
4781
4797
4823
4984
5060
5365
5451
5472
5686
5993
6167
6180
6202
6273
6330
6580
6660
6705
6884
6897
7100
7190
7220
7280
7296
7362
7383
7406
7407
7566
7629
7673
7737
7801
7861
7865
7876
7901
7919
7983
8011
8097
8122
8206
8225
8245
8255
8264
8365
8368
8406
8428
8491
8549
8652
8730
8765
8876
8923
8925
8948
9130
9131
9198
9206
9207
9246
9259
9268
9311
9374
9422
9461
9462
9553
9578
9579
9684
9685
9726
9730
9766
9795
9813
9836
9848
9893
9973
9974
9975
10023
10028
10100
10139
10206
10312
10439
10677
10682
10719
10732
10966
11068
11073
11085
11091
11092
11122
11134
11276
11300
11313
11435
11464
11485
11490
11560
11646
11666
11674
11693
11719
11727
11848
11879
11882
11964
12079
12110
12141
12151
12192
12245
12247
12310
12394
12403
12485
12488
12579
12615
12730
12773
12968
12991
13112
13301
13574
13676
13686
13693
13703
13724
13745
13767
13776
13777
13791
13803
13838
13852
13891
13895
13965
14011
14067
14164
14174
14243
14367
14373
14436
14547
14632
14714
14748
14755
14768
14872
14894
14977
15039
15068
15075
15086
15177
15248
15257
15299
15307
15324
15336
15342
15465
15474
15501
15544
15570
15596
15701
15714
15798
15837
15838
15908
15926
16017
16132
16177
16204
16313
16317
16324
16620
16743
16756
16808
17091
17097
17115
17201
17329
17394
17465
17471
17534
17666
17685
17873
17917
18020
18113
18117
18133
18175
18189
18202
18296
18359
18446
18450
18459
18470
18473
18512
18517
18555
18557
18662
18668
18670
18672
18697
18838
18843
18904
19005
19089
19218
19252
19267
19470
19476
19519
19528
19571
19596
19601
19643
19678
19801
19967
20100
20211
20222
20339
20439
20528
20530
20587
20627
20661
20818
20874
20910
21033
21137
21146
21155
21213
21264
21355
21508
21537
21717
21913
22003
22420
22482
22525
22715
22768
22868
22986
23022
23043
23056
23069
23151
23191
23370
23406
23537
23701
23852
23861
24121
24204
24208
24318
24435
24550
24742
24869
24876
24947
24953
25112
25119
25154
25183
25210
25235
25236
25237
25287
25304
25612
25793
25798
25807
25811
25814
25817
25822
25824
26002
26018
26107
26137
26415
26527
26553
26567
26574
26618
26746
26836
26925
27062
27155
27208
27374
27452
27471
27572
27598
27696
27733
27821
27945
28015
28275
28287
28459
28465
28561
28661
28662
28675
28684
28756
28781
28785
28942
29033
29176
29339
29511
29520
29534
29553
29634
29838
29880
29983
30017
30315
30427
30531
30657
30868
30870
30984
30991
30999
31084
31200
31226
31237
31249
31271
31272
31332
31426
31505
31508
31570
31634
31653
31698
32060
32072
32217
32278
32292
32334
32407
32557
32573
32610
32700
32713
32844
32868
33012
33108
33192
33203
33282
33283
33320
33515
33596
33699
33833
33960
34004
34067
34426
34467
34498
34523
34554
34591
34611
34721
34795
34898
34957
35094
35150
35167
35190
35216
35338
35343
35463
35502
35614
35949
35989
36089
36129
36140
36191
36233
36876
36920
37035
37050
37059
37064
37065
37139
37159
37201
37339
37346
37373
37446
37704
38039
38378
38526
38529
38546
38547
38872
39077
39309
39319
40099
40105
40136
40188
40200
40211
40214
40348
40456
40872
40890
40992
41010
41076
41087
41121
41224
41234
41248
41262
41902
42037
42136
42137
42206
42737
42773
42819
42938
43070
43121
43194
43256
43480
43532
43878
44381
44426
44562
45103
45266
45303
45345
45370
45474
45611
45614
45741
45770
46040
46270
46307
46311
46321
46338
46472
46996
47053
47079
47131
47615
47731
47732
47736
47794
47795
47891
47933
48081
48311
48442
48445
48566
48800
48821
48827
48828
49388
49481
49501
49886
50304
50377
50455
50456
50467
50479
50565
50630
50802
50804
50872
50877
50896
50899
51105
51117
51132
51148
51166
51292
51900
51902
51975
52175
52196
52371
52638
53242
53267
53270
53288
54102
54454
54477
54510
54897
55001
55002
55027
55134
55144
55167
55228
55242
55350
55353
55430
55949
56661
56809
57198
57245
57480
58238
58256
58302
58369
58476
58541
58552
58771
58898
59831
60008
60092
60135
60449
62095
62803
63316
63591
63731
63810
64294
64452
64895
66071
66073
66082
66083
66128
66690
67197
67214
67242
67254
67272
67358
68422
68802
68988
69771
69774
69800
70014
70149
70777
70848
70938
71267
71327
71577
71585
71592
71622
71681
71704
72603
73402
74480
74524
76063
76210
76215
76759
76786
77594
77893
78524
79337
79491
79991
80012
81693
81707
81726
82768
82867
83090
83122
83371
83385
83578
84902
86138
86303
86343
87362
88003
91185
91965
92097
92117
92123
94308
95440
97455
97489
97561
97695
102915
105505
105842
108902
108996
115340
116784
120287
128121
128126
137014
137532
152900
156044
159550
168557
217024
225319
257415
264057
299473
315951
316127
316146
321599
353183
353344
353355
353357
355818
356219
376526
377851
387383
390300
390325
390329
392760
396413
416776
430373
436151
2012 TR
2014 WV6
2010 XD43
2012 TK20
2012 VR40
2013 PT39
2014 WP102
2014 WP102