id
8623
8626
8758
9081
9102
9134
9284
9526
10173
10404
10553
10736
10963
10966
11134
11763
11814
11820
12131
12490
12780
12968
12991
12994
13450
13523
13676
13763
13785
13891
14243
14524
16001
16131
16267
16290
16389
16889
17195
17313
17607
17616
17987
18384
18443
18541
18717
18930
18934
19042
19054
19100
19270
19678
19826
19865
19873
19896
19937
19947
19973
20382
20399
20627
20630
20696
20715
20818
20827
20830
20923
20929
21131
21257
21359
21524
21541
21804
21818
21861
21862
21890
22007
22238
22372
22376
22438
22488
22678
22705
22768
22982
23012
23045
23107
23309
23323
23421
23618
23824
23861
23894
24121
24224
24246
24353
24369
24393
24424
24462
24515
24585
24596
24628
24787
24789
25173
25202
25214
25223
25276
25543
25586
25604
25614
25642
25695
25864
25919
26058
26067
26506
26642
26701
26730
26771
26863
26988
27458
27460
27606
27901
28040
28074
28238
28260
28288
28315
28435
28853
28937
28950
29003
29014
29110
29119
29263
29535
29553
29598
29773
29779
29799
29838
30238
30300
30342
30391
30410
30413
30450
30626
30637
30782
30870
30889
30908
30913
30998
31071
31195
31232
31237
31250
31255
31271
31331
31481
31579
31608
31635
31675
31687
31698
31699
31740
31754
31923
32194
32268
32273
32320
32350
32398
32408
32431
32457
32483
32502
32679
32681
32707
32828
32846
32863
32901
32903
32945
32995
33005
33012
33013
33014
33143
33190
33192
33197
33200
33203
33205
33208
33224
33225
33241
33244
33251
33445
33620
33666
33725
33739
33746
34046
34075
34248
34305
34332
34358
34396
34436
34470
34488
34520
34528
34531
34533
34567
34573
34591
34598
34600
34608
34611
34625
34718
34870
34951
35094
35167
35322
35328
35338
35349
35514
35589
35609
36094
36133
36141
36191
36217
36233
36507
36886
37005
37008
37012
37014
37023
37051
37157
37195
37209
37230
37255
37259
37400
37416
37434
37436
37494
37597
37619
37666
37668
37700
37701
37761
37763
37765
37780
38265
38299
38312
38356
38392
38402
38420
38447
38462
38478
38487
38489
38495
38496
38510
38526
38533
38557
38569
38916
38928
39103
39147
39149
39211
39268
39295
39311
39371
39392
39433
39455
39475
39502
39598
39651
39782
40105
40116
40141
40169
40172
40185
40199
40217
40455
40546
40612
40675
40767
40850
40872
40918
40924
40929
40935
40939
40950
40984
40985
41021
41078
41081
41092
41097
41105
41149
41152
41162
41242
41258
41260
41266
41279
41302
41337
41482
41508
41524
41612
41682
41902
41906
41919
41953
41956
41998
42014
42087
42104
42105
42139
42154
42175
42197
42206
42227
42278
42314
42434
42446
42451
42459
42545
42547
42713
42737
42766
43070
43111
43119
43176
43219
43266
43279
43453
43480
43520
43521
43522
43554
43596
43613
43631
43776
43856
44383
44451
44489
44490
44542
44582
45126
45380
45382
45394
45421
45422
45519
45620
45621
45741
45861
46013
46077
46104
46115
46136
46211
46212
46241
46266
46277
46364
46585
46618
47065
47082
47088
47123
47146
47595
47646
47680
47687
47694
47717
47741
47748
47764
47790
47792
47803
47812
47814
47815
47825
47830
47844
47857
47892
47902
47978
48482
48574
48608
48865
49469
49509
49528
49567
49569
49597
49618
49655
50392
50404
50426
50427
50460
50569
50615
50630
50639
50698
50727
50745
50832
50834
50837
50839
50845
50896
50909
50919
50924
50966
50989
50990
51004
51114
51125
51139
51213
51243
51273
51275
51284
51299
51301
51316
51331
51669
51809
51826
51878
51900
51933
51945
51950
52071
52120
52127
52180
52372
52416
52532
52552
52638
52649
52680
52707
52735
53265
53309
53313
53392
53397
53398
53400
53406
53410
53573
54325
54329
54433
54454
54469
54474
54526
54527
54548
54558
54561
54565
54574
54575
54576
54577
54578
54579
54586
54640
54866
54912
54969
55001
55074
55167
55220
55228
55279
55320
55325
55354
55405
55452
55502
55510
55526
55611
55847
55896
55923
56266
56726
56727
56749
56751
56850
56857
56859
56883
56890
56897
56906
56927
56944
56990
57005
57032
57385
57552
57579
57580
57666
57687
57777
57808
57846
58092
58238
58239
58550
58709
58788
58853
58865
58873
59150
59366
59817
59823
59831
59869
59881
59926
59955
59965
60016
60017
60047
60050
60092
60122
60132
60135
60307
60329
60516
60545
60611
60646
60985
61044
61660
61687
61732
61753
62000
62012
62051
62056
62084
62150
62164
62248
62324
62424
62467
62508
62510
62526
62576
62594
62611
62642
62688
62716
62718
62731
62748
62765
62791
62816
62823
62839
62859
62860
62862
62890
62906
62930
62948
62977
63028
63035
63038
63048
63075
63085
63088
63117
63150
63151
63165
63180
63232
63377
63459
63528
63622
63661
63688
63724
63731
63888
63891
63977
64034
64097
64202
64239
64274
64279
64302
64303
64309
64711
64934
64951
64961
64974
65003
65036
65039
65065
65077
65078
65119
65165
65200
65213
65258
65302
65502
65511
65587
65621
65864
65882
66017
66037
66046
66054
66077
66082
66083
66086
66090
66114
66119
66173
66302
66316
66731
66742
66950
66980
66999
67050
67094
67105
67147
67183
67215
67272
67298
67306
68156
68207
68210
68234
68260
68319
68321
68354
68445
68555
68615
68834
68861
68864
68889
68896
69051
69086
69105
69108
69124
69556
69774
69793
69964
69968
70014
70848
71087
71100
71108
71137
71170
71214
71289
71295
71334
71348
71361
71440
71478
71481
71485
71520
71523
71545
71585
71600
71601
71621
71663
71668
71675
71679
71684
71686
71703
71711
72446
72451
72463
72520
72559
72571
72579
72585
72605
72622
72625
72647
72655
72658
72660
72690
72698
72718
72729
72734
72793
72794
72800
72816
72842
72854
72859
72880
72891
72893
72899
73443
73451
73456
73461
73472
73494
73500
73623
73676
73976
74232
74400
74422
74445
74460
74471
74486
75823
75949
75989
76015
76026
76063
76081
76090
76102
76138
76189
76192
76241
76263
76267
76283
76356
76374
76381
76384
76395
76413
76446
76454
76480
76485
76498
76515
76522
76531
76535
76552
76553
76561
76594
76642
76653
76703
76705
76717
76765
76780
76793
77417
77522
77571
77572
77586
77600
77629
77671
77685
77695
77721
77748
77749
77758
77772
77809
77829
77843
77849
77851
77866
77867
77868
78098
78127
78142
78243
78292
78364
78385
78395
78404
78488
78491
78530
78590
78637
78675
78775
78784
78860
78933
78959
78970
78987
78989
78991
79161
79275
79279
79349
79468
79469
79476
79482
79493
79494
79501
79504
79899
80008
80071
80080
81182
81221
81361
81862
81899
81917
81958
81990
82445
82496
82522
82675
82694
82702
82736
82754
82781
82918
82936
82939
82985
82986
83045
83119
83136
83175
83177
83184
83256
83317
83345
83355
83385
83423
83436
83452
83456
83468
83502
83512
83531
83550
83644
83647
83673
83695
83706
83728
83731
83733
83739
83747
83755
83757
83762
83780
83782
83805
83806
83821
83828
83829
83862
83870
83910
83928
84375
84448
84648
84801
84863
84904
85057
85326
85632
85767
86041
86081
86103
86104
86111
86115
86120
86125
86141
86160
86165
86224
86245
86256
86261
86265
86270
86404
86905
87575
87596
87650
87917
87919
87962
88068
88082
88151
88167
88168
88171
88218
88232
88239
88705
89130
89167
89465
89624
89698
89745
89792
89793
89804
89838
89904
89906
90097
90296
90369
90379
90480
90648
91142
91157
91168
91471
91479
91520
91536
91543
91579
91610
91658
91663
91712
91752
91754
91756
91779
91809
91816
91839
91873
91888
91903
91911
91928
91947
91965
91981
92015
92047
92054
92059
92072
92089
92095
92123
92129
92131
92152
92164
92172
92173
92237
92258
93631
93716
93796
93817
93851
93854
93957
93991
94068
94079
94093
94094
94109
94166
94171
94176
94186
94199
94204
94239
94273
94281
94304
94318
94325
94331
95247
95321
95332
95390
95455
95461
95477
95498
95532
95550
95585
95649
95652
95670
95686
95947
95948
95960
96045
96054
96119
96289
96594
97070
97185
97228
97237
97338
97344
97354
97355
97357
97360
97396
97397
97426
97434
97451
97468
97529
97571
97575
97595
97624
97660
97665
97712
97769
98759
98984
99204
99208
99267
99294
99706
99707
99806
99838
99883
100714
100797
100916
101674
101921
103260
103643
104160
104169
104173
104198
104200
104268
104338
104588
104652
104710
104733
104775
104882
104908
104939
104977
104999
105089
105119
105130
105290
105519
105541
105542
105585
105792
105836
105850
105870
105957
105973
106003
106033
106055
106089
106113
106172
106234
106244
106299
106379
106436
106485
106497
106638
106674
106695
106707
106720
106749
106754
106756
106793
106886
106954
107151
107357
107570
107659
108036
108091
108395
108481
108763
108787
108904
108912
108918
108928
108971
108977
108979
109375
109399
109417
109452
109569
109583
109599
109629
109714
109733
109739
109779
110432
110721
110983
111015
111276
111516
111565
111573
111585
111614
111657
111682
111683
111690
111715
111738
112111
112690
112694
112740
112886
112990
113334
113620
113667
113716
113763
113783
113808
113862
114373
114509
114643
114733
115000
115128
115140
115149
115284
115286
115549
115659
115791
115829
116278
116354
116554
117017
117023
117159
117162
117164
117174
117188
117325
117354
117377
117584
117659
118075
118081
119020
119874
121297
121467
121697
121718
121733
121881
121895
121946
121972
123808
123865
123869
123951
124003
124006
124070
124082
124108
124114
124133
127412
127579
128121
128180
128193
128232
128236
128239
128265
128269
128586
128775
129026
129053
129215
129316
130279
130311
130314
131353
131418
132704
132851
132952
132953
132974
132984
133199
133497
133549
133780
133868
134217
134282
135092
135161
135244
135370
135446
135914
136074
136084
136283
136308
137014
138578
138637
138748
138787
138819
139735
139795
140027
140136
140262
140416
141068
141146
141280
141313
141787
143223
143481
144889
146186
146242
146263
146729
147868
148447
149135
149189
149544
149772
149910
150320
150618
150636
151437
151475
151481
152037
154208
154262
154264
156687
157042
157073
158152
159291
160257
161078
161148
162256
162284
162314
162471
162976
165093
165188
165696
165750
165771
166795
167597
167943
170122
172971
173058
175348
176046
176569
176590
179524
182229
186649
188553
190227
193241
193248
193763
195709
196104
197256
200304
201379
201852
204144
210559
210714
213792
217245
220435
221428
223444
226483
229014
247175
248958
249003
272417
302910
329919
2007 GH6
2010 CG55
2005 XG107
2010 AW137
2010 BD38
2010 BE53
2010 BP58
2010 CR191
2010 CP194
2010 FQ63
2010 FQ102
2010 GC68
2010 HC81
2010 HC94
2010 JA1
2010 JF18
2010 JK138
2010 KY34
2010 KM89
2010 KZ113
2010 LY17
2010 LP98
2010 NY76
2010 OC64