id
911
1437
1867
2148
2260
2357
2895
2920
3564
3709
4035
4138
4489
4501
4708
4791
4828
4902
5023
5027
5041
5209
5233
5285
7214
7352
7641
7815
8125
8241
9023
9430
9694
9790
9799
9907
11252
11351
11397
11488
11554
12974
13184
13185
13372
13385
15398
15436
15977
17172
17414
17415
17874
18046
18062
18071
18263
19844
20947
21900
22049
22054
22149
22199
23114
23135
23355
23463
23622
23970
24018
24225
24244
24357
24390
24420
24448
24449
24453
24456
24472
24485
24505
25344
25937
26763
29196
29314
29603
30504
30791
30793
31814
31821
32420
32467
34553
34746
34785
34835
35672
36268
36269
36271
37300
38617
39284
39286
39692
39803
41359
41417
41426
42146
42179
42230
42367
42554
43212
47969
48269
48438
51344
51346
51350
51360
51362
51365
51378
51405
51962
52511
52645
54652
54653
54680
55267
55563
55568
55578
57013
57041
57910
58008
58473
58475
58478
60328
62201
62692
62714
63176
63195
63241
63259
63272
63290
63292
63294
65109
65174
65229
65243
67065
73677
76834
76835
77897
77906
83975
85394
85498
89829
89841
89858
89871
89898
89918
89922
98037
98362
99311
99327
103989
105685
105720
106091
107134
111113
111571
114345
116238
116567
117395
117404
117447
120454
122592
122860
124985
125059
127534
128299
129133
129142
129145
129207
130588
131581
131635
134269
134957
134965
135547
135593
135594
137954
141523
141577
151883
153141
154632
155327
157740
158336
159163
159633
159658
160135
160140
160164
161044
161701
161916
162396
163102
163135
163238
163256
165551
167686
168280
171253
171433
173084
179133
182548
182627
184280
184829
184976
184978
184988
185487
187019
187024
187471
187476
187478
188006
188083
188247
188373
188574
188845
188986
189386
189775
189859
190267
190301
191068
191078
191291
192218
192221
192222
192224
192268
192343
192423
192942
193670
195041
195167
195232
195287
195318
195351
196318
196364
199792
200032
200069
200544
203891
207749
210237
213347
213394
213491
214093
214376
215107
215407
216291
216293
216409
216423
216847
216898
217670
219892
219905
221909
222134
222785
222826
222831
222862
223272
223615
224793
225209
225211
225220
225224
225228
226005
226053
226349
226367
228009
228085
228104
228106
228117
228118
228119
228120
228121
228125
229808
229811
229816
229822
230339
231464
231664
233600
233827
239903
241573
241576
241643
242624
242917
243084
243088
243314
243316
243325
243479
243490
243499
246527
246534
246891
248238
248603
249486
251528
251536
251701
252159
252683
252711
252746
253362
253377
254465
254630
254681
257173
257202
257206
257376
257384
257392
257402
257416
257505
257946
258365
258631
258656
258686
259316
259357
261763
261774
261781
263122
263792
263801
263806
263828
263829
263836
264048
264060
264119
264130
264138
264145
264156
264387
266851
266995
269327
269549
269623
274404
274651
274666
274870
275319
278572
279487
279511
280987
282336
282711
283512
283519
284459
284666
284883
285232
286114
286200
286548
286575
287454
287574
288095
289327
289501
291276
291471
293502
295153
295315
295323
295329
295412
295431
295502
295530
295553
295681
295746
296581
296603
296671
296672
296682
296707
296738
296783
297019
297047
297048
297059
297111
297158
297182
297215
299061
299447
299465
299473
299491
299511
300249
300250
301000
301010
301013
301018
301580
306000
307560
308660
310047
312458
312461
312466
312472
312474
312484
312486
312612
312633
312636
312642
312643
312716
312770
312773
312775
312782
312786
312802
312805
312806
312807
313303
314191
314651
315913
315932
315939
315948
315949
315952
315953
315964
316127
316168
316170
316484
316537
316553
316624
316626
316629
317142
317287
318405
318634
320286
321074
321078
321082
321091
321150
321513
321599
321652
321716
322068
322171
322520
322538
322550
322555
326123
326135
326153
328877
328878
329580
334313
335178
335184
335558
335574
335730
335739
335767
335789
336074
336118
337018
337420
338886
340306
340323
340951
341023
341881
341886
341900
343996
344004
344005
344014
345434
347318
347578
348402
348704
349592
349920
350052
350059
350060
350191
350451
352662
352671
352692
353178
353187
353193
353195
353204
353210
353211
353212
353217
353349
353350
353354
353355
353744
353753
354144
354351
354354
355287
355291
355310
355768
355775
355776
355778
355830
355842
356211
356212
356215
356220
356222
356231
356232
356233
356235
356245
356247
356253
356254
356255
356257
356262
356266
356272
356273
356277
356284
356425
356427
356439
356448
356896
356901
356910
356911
358976
358981
358992
359340
359345
359365
359368
359940
359960
359961
360073
360075
360076
360077
360088
360103
360180
368086
369881
371203
371682
371918
373543
373820
374183
374564
374580
374605
375211
375231
375253
375265
375266
375669
376528
377844
377867
378617
378648
379844
379965
381144
381384
385493
386854
386856
387381
387388
387389
387392
388874
388889
388891
388940
389304
389309
389331
389347
389558
389571
389573
389574
389825
390280
390296
390328
390339
390350
390363
392188
392189
392196
392202
392207
392223
392239
392246
392456
392458
392459
392462
392690
392700
393097
393144
393156
393199
393202
393206
393225
394808
395105
395166
395672
396108
396134
396413
399091
401446
403913
406732
408609
409720
412395
412477
414256
414468
415449
417274
417327
417756
417767
418343
418399
419517
420276
420731
420749
420753
421282
421382
426326
427369
428720
428732
429095
429113
429153
429759
429970
430738
430839
430851
431807
431875
432264
432288
432306
432324
432356
433274
433276
433280
433282
433283
433285
433289
433290
433293
434620
435583
435658
435659
435660
435733
436057
436113
436124
436131
436140
436146
436203
436204
436382
436409
437287
437298
437305
437729
437730
439395
439402
439731
439732
2002 ER157
2002 VC91
2002 WP31
2003 GN39
2003 YK157
2005 ES272
2006 BU59
2006 BV81
2006 BF284
2006 CG69
2006 DC25
2006 DP174
2007 DQ70
2007 FN48
2007 GB9
2007 JZ9
2007 RK185
2007 RJ198
2007 TJ359
2008 EG163
2008 FT130
2008 FU135
2008 GJ140
2008 HD31
2008 JR5
2008 KM19
2008 KY36
2008 QK42
2008 RE99
2008 RV113
2008 RP125
2008 SJ20
2008 SR27
2008 TV16
2009 RT8
2009 ST129
2009 SK254
2009 ST310
2009 SU355
2009 SD356
2009 UV49
2009 UQ56
2009 UD78
2009 UN95
2009 VD14
2009 WC16
2009 WU19
2009 WJ58
2010 AR102
2010 AS130
2010 BK14
2010 HP21
2010 HX49
2010 HG61
2010 UF101
2010 VS
2010 VU82
2010 VM105
2010 VJ119
2010 VC164
2010 WK10
2010 WE15
2010 XT25
2010 XH31
2010 XL33
2011 KT21
2011 LA20
2011 OP56
2011 OU58
2011 QH3
2011 QY3
2011 QN38
2011 RW6
2011 SR71
2011 WK46
2011 XY1
2011 YB1
2011 YT33
2011 YJ71
2011 YV71
2011 YR74
2012 AR19
2012 QF40
2012 RE39
2012 SK2
2012 SK6
2012 SR52
2012 TN5
2012 TC24
2012 TG35
2012 TZ103
2012 TM124
2012 TB143
2012 TE210
2012 TF237
2012 TD288
2012 UM18
2012 UN34
2012 UL166
2012 VU7
2013 AL23
2013 AO29
2013 AX53
2013 AT70
2013 AJ92
2013 AZ103
2013 AQ161
2013 BR
2013 BS
2013 BC1
2013 BP1
2013 BC2
2013 BP16
2013 BU33
2013 BJ39
2013 BU42
2013 BV50
2013 BZ58
2013 BM67
2013 CB16
2013 CQ74
2013 CZ80
2013 QQ44
2013 RR53
2013 TZ30
2013 TP31
2013 TD83
2014 DY23
2014 DC123
2014 EZ8
2014 EW31
2014 FZ39
2014 GD11
2014 HZ95
2014 JJ57
2014 KR39
2014 TQ66
2014 UM94
2014 VU9
2014 WQ53
2014 WT119
2014 WZ119
2014 WZ391
2014 WB214
2014 XF7
2015 AY1
2015 FJ166
2015 FO211
2015 GQ22
2015 HW42
2015 LW2
2015 MS23
1995 SP56
2000 AH225
2001 QP331
2003 FR133
2004 CM111
2006 BY108
2006 BD117
2006 BF211
2006 CC69
2006 DR72
2006 HT133
2007 DA74
2007 FV13
2007 HW58
2008 EA18
2008 GL101
2008 GS143
2008 JC11
2008 KM10
2008 KC21
2008 KH23
2008 RY62
2008 RB124
2008 SE214
2008 SZ276
2008 TD117
2008 TH118
2009 KM34
2009 SY247
2009 UF58
2009 UP70
2009 VO6
2009 VL8
2009 VG34
2009 VG52
2010 VM163
2010 WT10
2010 WM31
2010 WP34
2010 WC39
2010 WL68
2011 PA1
2011 QD3
2011 QQ4
2011 QR51
2012 BL7
2012 BY34
2012 BF60
2012 BS76
2012 BZ96
2012 CV45
2012 KA51
2012 QC40
2012 QJ42
2012 SD3
2012 TO52
2012 TZ122
2012 TF124
2012 TG124
2012 TC140
2012 TO174
2012 TX267
2012 TH297
2013 AQ55
2013 AO133
2013 AT134
2013 AB139
2013 AG175
2013 BB16
2013 BU16
2013 BW16
2013 BY16
2013 BC17
2013 BF17
2013 BZ17
2013 BV26
2013 BU75
2013 CE28
2013 CA56
2013 CC61
2013 CQ85
2013 CE133
2013 CE140
2013 CV146
2013 CX167
2013 CS194
2013 DU6
2013 TC133
2013 TX158
2013 WB36
2014 BX47
2014 DL56
2014 DS107
2014 EG12
2014 EL26
2014 FZ60
2014 HV176
2014 UB94
2014 VP28
2014 WQ27
2014 WW142
2014 WF403
2014 WM460
2014 WN219
2015 FK37
2015 FA143
2015 GN15
2015 GF18
2015 GR38
2015 MT41
2015 MJ116
