id
5968
6271
6961
7195
7465
7488
7829
7938
8099
8106
8113
8270
8352
9417
10188
10304
10516
10531
10538
10544
10546
10841
11040
11281
11499
11501
11746
11867
12069
12261
12298
12933
13026
13034
13223
14002
14471
14495
14563
14643
14850
14851
14857
15317
15715
15934
16161
16444
16456
16581
16690
16880
16975
17436
17441
18096
18346
18347
18885
19261
19372
19616
20154
20163
20432
20614
20881
20892
21033
21282
21394
21748
22290
22294
22821
22825
22871
23279
23317
23629
24140
24488
25419
26207
26887
27005
27036
27135
27480
27724
29165
30802
30924
31118
31153
32889
34155
34269
35072
35073
35074
35697
36825
37571
39527
40055
40328
41487
41639
42090
42334
42801
42808
42884
43684
43779
43780
43785
44608
44810
47442
47518
48437
49426
52282
52862
53448
54745
54793
56289
56348
58053
58161
60935
61100
61459
61685
65275
65678
65813
65834
68233
69272
70067
71916
72317
74580
74706
74759
74862
74901
76858
77940
80131
82336
85167
86601
87639
90706
92682
95802
96238
97926
100016
109589
111560
112041
116067
122626
130499
134344
135584
137277
145711
150284
158002
160034
162712
171010
174178
178289
179094
182316
194755
205272
205289
210774
211619
222949
239350
240167
241752
258102
377909
382564
2013 KZ14