id
36
475
1282
1304
2104
3046
3812
5435
6012
6730
6916
15541
17543
17623
23886
26579
29914
33786
34230
34480
35918
36009
39135
39189
39607
41906
42711
43497
45875
47096
48296
51725
52676
53104
54805
55123
56297
56323
59722
60249
62265
63516
63891
64053
64838
69083
69133
69556
71471
76200
77814
77844
83959
83965
84931
86297
89460
90204
90358
91806
91808
91996
92027
92121
92210
92244
93802
95424
95902
96782
97624
101638
104132
105130
106988
108716
112994
113406
113760
113847
116403
116516
117532
118239
118957
121482
121784
124067
127373
127920
128028
129553
131381
133199
133564
136361
136877
140441
140941
141316
141344
142256
143481
143572
143631
144778
149745
150122
152419
154594
155330
155853
157701
158113
159161
160263
164775
165082
165736
167676
169341
169765
174064
176537
177080
177112
178227
178717
179524
180140
184623
187287
187395
188834
191759
193059
196565
196721
197297
198836
198837
204136
211470
211477
213780
218391
221717
224747
224760
226506
226547
228306
230477
230791
231970
233045
234453
234514
236033
237690
238353
238394
239735
239836
240488
240762
242160
242212
242742
244334
244621
245061
247386
248456
248529
249169
249219
249220
250709
250948
251479
252852
254405
255523
259603
260135
260251
260391
260921
260985
261485
261568
262765
262975
264009
264423
267432
269245
269262
270783
272088
275526
275784
277071
277121
280261
282269
286468
287487
288585
290052
290143
290604
291379
291494
292993
294292
296180
296727
302337
306523
308481
308611
310393
310530
310685
311893
314474
317293
317538
320087
320243
321506
323509
324292
325391
326844
327514
329210
329720
330801
331211
332995
336961
337947
340624
341124
341736
344453
344503
345691
347753
347793
348526
354842
355208
358406
358441
360746
363341
363663
366628
367824
370432
370526
370711
370753
370853
375107
376519
377057
377230
378429
379498
380679
381277
381695
381900
382229
387420
387739
391046
392176
392676
392685
393464
396173
396841
397414
397656
397720
398227
398281
398539
398615
399231
399424
399559
400866
401617
401735
404039
407635
408045
408054
408092
411936
414553
416391
418878
418930
420252
421970
423088
423135
427679
427829
428511
429737
430377
431494
432048
432436
432446
436336
437582
1999 TS209
2001 SX72
2002 AO142
2002 GL6
2003 EH16
2003 EH18
2003 HA11
2003 UU348
2004 JO2
2004 TW234
2005 ED170
2005 JN8
2005 SU285
2005 UW115
2005 UT417
2005 YU33
2005 YA46
2005 YG219
2006 AA71
2006 BU67
2006 JT32
2006 KC123
2006 QR130
2006 SB63
2006 SR388
2006 UL334
2007 RR227
2007 TM363
2007 UP135
2007 XD10
2007 YF56
2008 GL103
2008 JJ27
2008 JM37
2008 SZ66
2008 SF268
2009 EZ
2009 OK22
2009 TJ22
2009 WJ44
2009 WZ110
2009 YG22
2010 BK13
2010 BW84
2010 CS43
2010 MU9
2010 MC111
2010 UF8
2010 UM53
2010 VT101
2010 XH40
2011 AT13
2011 BZ75
2011 BC95
2011 EF71
2011 HS26
2011 HA98
2011 SX273
2011 UD45
2011 WG4
2012 AO4
2012 BF55
2012 DK78
2012 FU34
2012 HV5
2012 HK78
2012 HJ79
2012 LE2
2012 OC4
2012 SO28
2012 TD211
2012 UC160
2013 AV3
2013 AC87
2013 BW28
2013 CL115
2013 CK192
2013 EM14
2013 FS22
2013 GU113
2013 HP13
2013 HP22
2013 JM21
2013 JA37
2013 LE8
2013 LZ21
2013 OG7
2013 YD113
2014 BZ50
2014 CY7
2014 DN34
2014 DL79
2014 FP41
2014 GN53
2014 HL164
2014 HH167
2014 JJ31
2014 KY72
2014 KE101
2014 NQ21
2014 OE201
2014 OU345
2014 QB53
2014 QK418
2014 QH304
2014 UH130
2014 UY188
2014 VO3
2014 WS298
2015 AV178
2015 BT254
2015 DY212
2015 EW2
2015 FT163
2015 FD323
2015 HZ60
2015 LN1
2015 MV97
1999 TS23
2002 NQ58
2002 TB340
2003 FO120
2003 SP374
2004 TX197
2004 TH347
2005 QG169
2005 UW165
2005 UD288
2005 VS32
2006 AZ88
2006 BB2
2006 QC48
2006 TO117
2006 UB339
2006 YW13
2007 ED6
2007 EM23
2007 LB13
2007 VK77
2007 VD133
2007 YJ73
2008 QA48
2008 SU86
2008 SY204
2008 WS65
2009 DH29
2009 HE27
2009 PD10
2009 QE22
2009 TF29
2009 US120
2009 WQ14
2009 WQ123
2010 BP18
2010 BP58
2010 EM119
2010 FU108
2010 JD89
2010 NM100
2010 VO155
2011 AW47
2011 BK1
2011 EY37
2011 HJ5
2011 OS4
2011 SQ241
2011 UO95
2011 UV204
2012 GV27
2012 SP17
2012 TT21
2012 TD128
2012 TZ214
2012 TU263
2012 VB
2012 XB49
2013 AT146
2013 CE127
2013 GP45
2013 HX31
2013 HV91
2013 SE38
2013 TR44
2013 TX135
2013 WS41
2013 XD4
2014 CX5
2014 DL10
2014 DR126
2014 FS15
2014 HA73
2014 HS91
2014 HU172
2014 JK73
2014 KR10
2014 KD93
2014 MX2
2014 NU52
2014 OL30
2014 QX399
2014 QB205
2014 WM143
2014 WO405
2015 AK50
2015 AU51
2015 AT206
2015 BJ159
2015 BB264
2015 DK172
2015 DP190
2015 FT23
2015 GP22
2015 GX24
2015 HK70
2015 HC91
2015 HC93
2015 KD8
2015 MU68
2015 MS78
2015 PT38
