id
650
969
985
1192
1643
1657
1909
1928
1948
2139
2154
2169
2186
2189
2221
2253
2261
2313
2331
2509
2514
2604
2671
2794
2822
2876
2969
3035
3286
3322
3374
3440
3528
3595
3600
3700
3748
3758
3765
3778
3809
3885
3888
3892
3934
4006
4028
4056
4121
4127
4221
4272
4316
4340
4418
4482
4496
4506
4533
4558
4597
4601
4612
4711
4726
4737
4766
4767
4773
4876
4877
4926
5013
5040
5163
5185
5188
5242
5270
5303
5431
5478
5557
5559
5582
5583
5610
5611
5791
5809
5842
5963
6104
6119
6192
6210
6228
6238
6275
6321
6386
6388
6403
6445
6458
6467
6583
6607
6778
6782
6821
6826
6827
7055
7056
7136
7137
7372
7429
7521
7559
7592
7601
7609
7679
7808
7821
7880
8067
8118
8156
8170
8185
8321
8420
8431
8499
8534
9003
9171
9193
9306
9423
9512
9738
9889
9891
9912
9963
10113
10114
10179
10391
10772
10944
10994
11014
11196
11303
11478
11568
11785
11852
11987
12044
12387
12563
12908
12914
13081
13358
13420
13500
14465
14659
14931
14997
15096
15104
15207
15272
15427
15473
15520
15799
16024
16233
16439
16466
16593
16666
16819
16964
16971
17019
17133
17157
17194
17271
17519
17818
17872
18842
18871
18897
18922
19091
19261
19364
19515
19557
19743
20370
20378
20502
20747
20867
21373
21550
21578
21714
21996
22629
23303
24260
24414
24417
24418
25532
25535
26853
26854
27142
27225
27259
28190
29470
29742
29877
31402
32222
33639
34704
35961
45403