id
76
121
175
294
334
372
522
612
664
692
696
713
717
721
778
790
880
882
940
978
1000
1072
1093
1134
1317
1328
1438
1456
1508
1537
1625
1761
1915
1962
2097
2212
2214
2329
2543
2608
2651
2658
3015
3021
3092
3277
3304
3432
3480
3496
3581
3746
3845
3945
4049
4169
4212
4247
4298
4321
4438
4439
4731
4768
4915
5496
5870
5964
6063
6112
6298
6411
6491
6500
6622
6642
6643
6909
7061
7271
7382
7554
7711
8004
8423
8556
8721
8739
8830
9082
9099
9219
9321
9385
9386
9467
9610
10193
10232
10239
10571
10601
10794
10856
10890
11096
11291
11786
12170
12394
13013
13023
13120
13428
13558
14447
14830
16210
16882
17134
17161
17181
17362
17413
17427
17445
17493
17953
18121
18324
19197
19356
19565
19673
19706
19911
20468
20569
20741
20826
20860
20907
21154
21203
21262
21792
22279
22440
22692
22740
22743
22881
22970
23576
24649
24961
24967
25906
25976
26102
26484
26553
26561
26604
26895
27001
27231
27747
28663
29116
29192
29274
29418
29524
30076
30479
30979
31180
31210
32571
32589
32601
32629
32762
33016
33165
33320
33627
33914
33960
34022
34064
34238
34669
34846
34901
35030
35248
35324
35527
36238
36314
36452
36554
36813
37092
37156
37186
37237
37440
37702
38032
38474
38834
39160
39263
39276
39327
40187
40240
41076
41222
41262
41321
41351
41576
42521
42599
42759
42775
42902
43087
43225
43815
44561
45685
45796
46047
46168
46305
46436
48233
48516
48838
48840
50421
51279
51694
51763
51880
51965
52755
52760
52762
53237
54647
54808
54887
54911
55068
55748
55916
56313
56702
56885
57022
57026
57183
57204
57214
57223
57272
57292
57610
57670
58020
58462
58882
58964
59036
59803
59858
60043
60194
60200
60616
61412
62703
63522
63647
63683
63722
63786
63893
64307
64495
65190
65326
65665
65676
65709
65866
66036
66045
66059
66183
66211
66959
67100
67193
67200
67227
67234
67304
67485
68002
68273
68348
68812
69032
69258
69434
69950
70039
71469
71612
71733
72975
73277
73396
73498
73508
73638
73674
73940
73956
73961
74428
75647
76068
76432
76672
76691
76739
76813
77911
78009
78400
78419
78510
78692
78708
78884
78969
79962
81916
81964
81988
81998
82009
82024
82048
82053
82063
82496
82561
82663
82729
83228
83452
83738
84271
84744
84944
85169
85182
85243
85250
85424
85605
85643
86056
86066
86203
86204
86308
86378
86410
87299
87375
87627
88217
89825
89942
90163
90226
90372
90532
90658
90672
91475
91887
91926
91983
92122
92128
92170
92225
92260
92269
94282
94313
95207
95466
95595
95679
95943
95967
95995
96008
96514
96548
96593
96607
97482
97573
97744
97772
98988
99255
99841
100030
100195
100480
101146
101346
101533
101581
101894
101950
102040
102062
102064
102092
102150
102157
102847
103027
103416
104235
104567
104792
105079
105121
105143
105152
105158
105171
105193
105194
105195
105213
105280
105359
105466
105499
105565
105937
106072
106101
106186
106200
106290
106661
106764
106948
106989
108357
108455
108602
108740
108759
108846
109194
109658
109700
109765
109899
110023
110031
110287
110822
111027
111434
111988
112008
112545
112827
113191
113195
113400
114223
114322
114786
114884
114885
115053
115535
115630
115688
116154
116184
116194
116199
116388
116585
116883
116956
116964
117013
117204
117503
117613
118120
118268
118395
118403
118460
119014
119027
119028
119033
120360
120855
121289
121298
121308
121309
121323
121326
121425
121440
121448
121475
121500
121537
121543
121566
121572
121612
121655
121659
121699
121705
121746
121794
121845
121939
123478
123575
123842
123939
123983
124027
124089
124098
126119
126732
127253
127322
127386
127421
128128
128222
128442
128576
128618
128650
128693
128713
128821
129216
129232
129233
129304
129421
129427
129480
129660
130193
130196
130242
130297
130359
130370
130379
131387
131394
131400
131416
131417
131425
131454
131476
131484
131490
131517
131529
131544
132850
132987
133003
133025
133032
133172
133279
133463
133886
133908
133938
134045
134092
134219
134256
134369
134829
134855
135098
135239
135358
135373
135498
135502
135509
135514
136023
136096
136400
136484
136784
136890
136914
137193
137427
137629
138325
138477
138543
138557
138581
138593
138604
138634
138656
138665
138673
138721
138729
138764
138811
138851
138864
139472
139573
139759
140067
140068
140307
140348
140374
140519
140749
140820
140859
140897
140949
141091
141155
141336
141434
141699
143381
143411
143638
144360
144443
145522
145555
145568
145616
145788
146101
146124
146129
146170
146174
146215
146232
146236
146239
146248
146249
146250
146251
146257
146739
146884
147721
147759
147965
148009
148026
148093
148102
148104
148325
148344
148350
148361
148363
148371
148373
148389
148393
148407
148431
148435
149018
149053
149536
149613
150075
150188
150256
150264
150267
150305
150604
150605
150611
150640
151296
151373
151396
151404
151419
151470
151903
152125
152156
152223
152482
152774
152806
152832
152852
152857
153209
153222
153272
153274
154143
154152
154155
154164
154203
154216
154218
154221
155003
155474
156635
156677
156685
156689
157028
157262
157883
157920
157947
158123
158129
158138
158573
158594
158758
159007
159085
159398
159504
159707
159708
159710
159712
160152
160229
160276
160355
160474
160514
160531
160862
160875
161201
161222
161238
161733
161754
161803
161831
161843
161939
162042
162059
162075
162900
162906
162918
162935
162937
162964
162990
163010
163429
163445
163447
163687
164289
165090
165098
165137
165682
165686
165723
165734
165757
165781
165809
165865
165913
165919
165929
165949
166563
166633
166712
166723
166747
166787
166824
166883
166905
167675
167678
168039
168157
168291
168371
168394
168685
168697
168793
169110
169131
169137
169179
169181
169272
169320
169385
169394
170143
170867
170875
170877
171202
171364
171498
171866
171870
171891
171892
172017
172026
172036
172047
173058
173123
173187
173488
173679
173717
173742
173772
173826
173843
173860
173989
174005
174018
174022
174505
174806
175095
175111
175259
175296
175394
175469
175520
175817
175974
175993
175994
175999
176013
176185
176290
176307
176377
176452
176455
176457
176464
176553
176579
176601
177642
178663
178665
178666
178672
178713
178719
178739
178777
179366
179381
179392
179416
180186
180788
180789
180959
181027
181048
181057
181291
181510
181544
181714
181800
181803
181831
181963
182103
182129
182151
182206
182304
182628
182756
182809
182832
182836
182858
182875
182927
183292
183560
183662
184167
184184
184226
185254
185608
185703
185758
186231
186325
186356
186379
187376
187739
187787
187842
188169
188328
188332
188346
188667
188797
188945
189196
189198
189200
189500
189515
189552
189618
189789
189822
189949
189974
190129
190213
190357
191160
191204
191210
191232
191333
191399
191433
191465
191535
191545
192595
192597
193716
193724
193742
193744
193897
194147
195530
195618
195619
195640
195674
195707
195715
195725
195734
195741
195883
195885
195938
195943
195961
196111
196120
196163
196178
196952
197042
197172
197193
197325
197350
197354
197377
197387
197398
197419
197430
197439
197497
197504
197545
197568
198843
200332
200685
201182
201186
201233
201238
201256
201295
201325
201344
201370
201382
201386
201394
201551
201748
201764
201879
201925
202575
202771
202789
203394
203678
203805
203811
203833
203854
203862
204122
204256
204589
204787
204919
204963
205060
205463
205466
205474
205496
205499
206177
206192
206197
206230
206264
206271
206274
206276
206613
206902
207689
207753
208029
208347
208373
208440
208445
208474
208517
208738
208921
208972
208993
209415
209460
209497
209915
210039
210352
210559
210681
210878
211398
211428
211435
211875
212709
212742
212793
213162
213198
213225
213459
213732
213763
213805
214098
214106
214449
214470
214477
214493
214499
215052
215095
215124
215151
215227
215574
215583
215814
216300
216387
216567
216576
216697
217007
217243
217244
217373
217653
217657
217666
217668
217741
218134
218169
218410
218457
218480
218523
218534
218544
219087
219221
219303
219308
219987
220345
220358
220367
220384
220390
220438
220729
220736
220781
220826
220835
220843
220859
220895
220897
220902
221628
222006
222013
222020
222228
222906
222926
222927
223315
223364
223400
223424
223452
223459
223463
223688
223906
223965
223984
225355
225430
225474
226051
226054
226072
226083
226115
226392
226407
226501
226508
226532
226564
227043
227055
227060
228246
228249
228318
228877
228880
228905
228967
228972
228992
228999
229002
229008
229012
229023
229035
230003
230133
230397
230416
230423
230428
230436
230599
230647
230722
230760
230762
230778
230931
231043
231710
231799
231814
231968
232008
232234
232235
232252
232281
232345
232522
232640
232696
232997
233044
233058
233399
233449
233651
233916
234123
234163
234172
234261
234490
234498
234811
234824
234844
234940
235143
235373
235406
235424
235497
235501
235568
235569
235574
235972
236053
236678
236679
236792
236875
237336
237380
237427
237453
237511
237512
237548
237604
237639
238220
238221
238301
238309
238365
238385
238424
238431
238813
238826
239159
239264
239502
239696
239848
239909
240005
240059
240238
240269
240355
240493
240507
240536
240709
240780
240784
241087
241088
241343
241373
241597
241604
241608
241618
241708
241725
241841
241858
242113
242128
242193
242238
242300
242318
242420
242423
242426
242608
242630
242635
242747
242754
242902
243014
243310
243366
243429
243467
243525
243592
243673
243686
243737
243743
243806
243855
243886
243926
243980
244070
244074
244085
244181
244200
244223
244541
244561
244717
244876
244943
244980
244989
245040
245132
245463
245487
245492
245507
245525
245526
245531
245545
245844
245998
246019
246042
246052
246071
246141
246256
246630
246866
246874
246888
246936
246946
246951
246986
247032
247121
247141
247147
247152
247164
247177
247288
247400
247417
247482
247505
247676
247679
247703
247712
247921
248044
248072
248085
248119
248291
248356
248386
248469
248476
248528
248554
248799
249206
249263
249278
249338
249414
249435
249474
249617
249636
249676
249680
249748
249767
249786
249804
249810
249814
250514
250525
250531
250535
250565
250703
250708
250790
250827
250879
250898
250908
250952
251462
251733
251738
251799
251930
251955
251969
251971
251973
252091
252126
252889
253372
253693
254142
254152
254160
254179
254225
254246
254278
254282
254338
254339
254344
254392
254394
254429
254838
255021
255056
255216
255237
255354
255369
255373
255436
255464
255475
255489
255515
256936
257014
257148
257291
257315
257403
257436
257473
257480
257550
257607
257649
257713
257805
257910
257918
258755
259282
259391
259409
259456
260108
260190
260197
260222
260225
260236
260278
260394
260442
260472
261281
261378
261476
261491
261686
261740
261779
261783
261871
261896
263322
263614
263971
263991
264004
264202
264235
264314
264409
265032
265033
265062
265084
265111
265418
265431
265437
265442
265464
265476
266744
266806
266918
267051
267109
267118
267131
267141
267164
267245
267270
267300
267449
267612
267775
267800
267872
268232
268683
268698
269124
269242
269278
269408
269476
269857
269912
270034
270161
270645
270789
270816
270915
270934
270973
271093
271094
271241
271733
271961
271975
271997
272069
272090
272094
272882
273240
273246
273271
273998
274046
274297
274546
274559
274891
274911
274940
275005
275021
275129
275150
275162
275300
275527
275647
275652
275739
275748
275755
275772
275790
275807
275853
275903
275940
276185
276186
276255
276385
276503
276768
277016
277033
277077
277100
277101
277110
277130
277928
277941
277945
278354
278430
278480
278482
278774
279093
279144
279274
279602
279721
279726
279769
279834
279870
279879
279886
279909
279914
279982
280001
280429
280435
280673
280707
280719
280721
280740
281072
281322
281356
281357
281919
282060
282142
282168
282172
282613
282747
282793
282803
283037
283170
283414
283550
283580
283602
283818
284252
284317
284362
284369
284378
284395
284660
284662
284890
284934
285221
285268
285341
285378
285387
285397
285399
285405
285572
285576
285621
285627
285681
285771
285993
286094
286138
286167
286344
286426
286432
286440
287193
287554
288049
288219
288360
288429
288436
288487
288571
288616
288623
288627
288689
288834
288885
288932
289075
289136
289362
289375
289804
289978
290063
290170
290173
290320
290738
290788
290799
290835
290910
291134
291570
291607
291750
291859
292156
292268
292492
292494
292568
292683
292938
293153
293321
293547
293617
294079
294782
294906
295060
295649
296356
296642
296874
296883
296920
296960
297025
297085
297233
297243
297410
297412
297427
297470
297479
297510
297601
297716
297808
297832
297846
297900
297904
297935
297944
298299
298720
299239
299285
299299
299327
299372
299808
299898
299923
299983
300109
300132
300185
300211
300234
300948
300977
300979
300981
301438
301842
301843
302046
302061
302314
302344
302360
302452
302530
302820
303197
303216
303733
303769
303820
303849
303928
303939
304292
304579
304664
304682
304713
304758
305090
305356
305488
305512
305528
306091
306239
306347
306376
306381
306389
306416
306600
306605
306675
306678
306688
306700
306715
306739
306743
306745
307107
307109
307162
307180
307277
307282
307419
307441
307705
307786
307877
307960
308070
308316
308402
308404
308526
308534
308548
308620
308622
309152
309181
309319
309730
309986
310024
310150
310163
310502
310509
310630
310700
310928
311110
311138
311335
311395
311400
311476
311478
311480
311542
311543
311932
311949
311972
311988
311992
312605
312728
312780
313093
313100
313101
313115
313130
313134
313140
313141
313334
313381
313450
313592
313641
313921
313947
314280
314362
314386
314443
314478
314499
314509
314600
314610
315048
316199
316204
316226
316249
316384
316417
316631
316651
316688
316759
316787
316922
316928
316940
316987
317030
317042
317336
317347
317408
317524
317703
317721
317804
317984
318129
318163
318173
318230
318231
318299
318304
318609
318815
318866
318918
318938
318940
319035
319126
319130
319187
319201
319345
319503
320756
320989
321405
321816
322016
322072
322120
322183
322190
322467
322580
322631
322777
322975
323039
323068
323244
323338
323515
323516
323601
323634
324087
324162
324188
324200
324221
324288
324846
325368
325376
325380
325384
325666
325992
326131
326288
326295
326318
326538
326590
326621
326629
326634
326637
326812
326831
326843
326864
326917
327063
327108
327541
327594
328008
328385
328407
328457
328461
328467
328980
329036
329204
329466
329532
329537
329558
329568
329740
329864
330144
330231
330232
330500
330512
330753
330761
330775
330813
331250
331287
331442
331562
331571
331576
331659
331734
331757
331857
331939
331956
332209
332210
332418
332423
332434
332435
333316
333345
333415
333615
333712
334000
334061
334069
334124
334133
334145
334172
334352
334358
334629
334633
334674
334736
334856
334857
334879
335639
335651
335666
335922
335933
335970
335998
336002
336006
336510
336519
336553
336840
337049
337157
337258
337267
337347
337361
337364
337367
337368
337381
337391
337423
337441
337535
337609
337630
337671
337704
337741
337784
337817
337821
337833
337844
337847
337848
337923
338358
338384
338388
338408
338425
338441
338444
338457
338482
338991
339482
339513
339534
339572
339697
340577
340588
340593
340600
340608
340627
340670
340699
340714
340723
340724
340745
340762
340806
340835
341208
341240
341309
341404
341487
341720
341732
341766
341771
341810
341826
343154
343800
344146
344245
344341
344381
344415
344610
344833
345089
345543
345559
345589
345658
345693
345694
345916
346114
346235
346244
346805
347202
347234
347258
347655
347663
347702
347711
347783
347803
347812
347940
347970
348063
348416
348523
348561
348785
348790
348800
348801
348860
348923
348986
349008
349051
349293
349354
349458
349491
349493
350010
350131
350229
350552
350590
350712
350735
350772
350822
351212
351472
351536
351588
351816
351849
351850
351880
351964
351992
351994
352025
352034
352046
352048
352074
352093
352123
352143
352524
352535
352622
352640
352645
353314
353320
353326
353427
353543
353820
353898
353993
354066
354109
354133
354681
354706
354744
354808
355089
355093
355209
355224
355574
355662
355672
355736
355751
356196
356203
356369
356495
356538
356595
356697
356707
356796
356822
356843
356850
357047
357127
357199
357204
357365
357369
357501
357547
357717
357879
357906
358310
358373
358399
358446
358769
358804
358841
358881
358958
359427
359454
359870
360290
360378
360433
360440
360558
360642
360708
360736
360738
361026
361809
361901
361953
362295
362308
362680
363010
363029
363031
363251
363291
363304
363343
363397
363424
363431
363495
363511
363572
363648
363716
363724
363731
363864
363975
364034
364107
364455
364564
364993
365017
365021
365034
365038
365270
365309
365384
365388
365391
365574
365598
365784
365794
365871
365905
366105
366263
366304
366356
366360
366484
366508
366513
366515
366538
366588
366593
366659
366677
366719
366793
366984
367001
367034
367265
367404
367437
367447
367568
367605
367867
367961
368078
368204
368205
368328
368376
368410
368418
368516
368553
368599
368828
369018
369175
369202
369227
369232
369240
369242
369296
369327
369537
369736
369761
370231
370235
370308
370322
370381
370388
370390
370393
370400
370411
370569
370624
370628
370785
371794
371804
371834
372146
372169
372310
372315
372316
373324
373656
373688
373725
373754
373768
373792
373795
373944
373966
373984
374029
374236
374595
374671
375048
375077
375101
375105
375465
375617
375636
375649
376474
376478
376491
376581
376731
377022
377046
377050
377059
377076
377099
377112
377113
377120
377276
377301
377463
377536
378050
378372
378376
378393
378427
378434
378447
378471
378481
378485
378520
378938
379053
379064
379079
379085
379109
379112
379130
380370
380373
380382
380415
380421
380507
380520
380533
381190
381195
381215
381229
381233
381300
381334
381351
381588
381622
381686
381915
382168
382309
382502
382549
382552
382557
382697
382726
382731
382733
382741
382749
382783
382871
383387
383632
383645
383695
383703
383815
384221
385026
385060
385109
385258
385282
385287
385289
385293
385686
385866
385868
386101
386137
386242
386247
386496
386549
386582
386595
386600
386840
387000
387494
387592
387734
387817
387842
387865
388048
388272
388357
388829
389293
389296
389530
389547
389549
389550
390411
390623
390699
390716
390727
390774
390832
390847
390868
390927
390953
391333
391351
391391
391692
391746
392186
392408
392427
392429
392695
392710
392732
392830
392853
393246
393369
393389
393392
393466
393470
393572
393675
393892
394006
394081
394292
394715
394772
395093
395101
395232
395249
395258
395284
395856
396534
396551
396750
396812
396819
396854
396873
397027
397146
397157
397417
397474
397727
397736
397742
397772
397792
397797
398072
398112
398219
398229
398282
398293
398303
398844
399044
399322
399543
399547
399551
399579
399636
399695
399728
399729
399846
399882
400219
400409
400492
400501
400506
400508
400675
400686
400690
400734
400736
400753
400876
401239
401771
401788
401849
401947
402015
402024
402028
402047
402075
402200
402204
402212
402308
402403
402835
402841
403186
403380
403401
403432
403437
403443
403463
403491
403518
403750
404240
404546
404741
404869
404953
404992
405131
405139
405240
405265
405270
405274
405290
405291
405305
405314
405316
405331
405337
405433
405440
405468
405476
405490
405491
405492
405534
406221
406753
406774
407016
407040
407041
407146
407184
407216
407254
407270
407602
407623
407638
407833
407923
408078
408207
408650
408704
408743
408957
408963
408967
409037
409041
409126
409137
409138
409149
409220
409367
410235
410653
410675
410677
410830
410942
410964
411089
411122
411162
411177
411589
411930
412216
412338
412383
412728
412952
412996
413037
413191
413218
413221
413239
413274
413299
413309
413328
413332
413334
413990
413992
414282
414323
414337
414348
414369
414585
414701
414714
414746
415010
415234
415281
415352
415569
415710
415794
415882
416072
416078
416094
416104
416109
416175
416185
416222
416293
416320
416329
416345
416372
416408
416467
416488
416496
416507
416509
416519
416522
416536
416543
416546
416557
416561
416563
416590
416798
416812
417387
417450
417634
417859
417870
417921
417970
418424
418426
418434
418443
418462
418522
418534
418561
418583
418668
418800
418869
418876
418889
418893
419208
419234
419255
419410
419412
419414
419424
419469
419488
419528
419829
419922
420038
420197
420259
420551
420913
420917
420996
421170
421356
421511
421700
421955
421983
422127
422129
422224
422611
422876
422890
422918
423077
423108
423185
423372
423382
423426
423839
423866
423905
424202
424295
424314
424322
424856
424888
424891
424919
424924
424937
424956
424961
424975
425019
425301
425390
425434
425476
425483
425511
426007
426241
426584
426656
426786
426806
426899
426919
427003
427176
427202
427289
427408
427413
427447
427563
427685
427697
427701
427799
427800
427802
427842
427845
428094
428168
428196
428357
428410
428802
428812
428938
429028
429043
429254
429265
429267
429281
429312
429369
429379
429732
429738
429940
430023
430108
430277
430309
430363
430544
430614
430618
430692
430705
430714
430737
430898
431286
431458
431460
431478
431507
431536
431547
431550
431594
431613
431624
431644
431744
432035
432053
432198
432228
432229
432901
432912
432935
433397
433467
433564
433995
433998
434297
434335
434483
434491
434520
434569
434589
434612
434909
435175
435363
435888
435895
435901
435914
436014
436028
436349
436368
436373
436678
436682
436702
436732
436742
436750
436903
437306
437321
437829
437833
438069
438164
438170
438175
438180
438186
438193
438198
438200
438211
438223
438231
438271
438282
438283
438363
438802
438891
438954
438967
439008
439147
439283
439482
1993 KA2
1993 ME1
1995 FF
1995 SA4
1995 SS62
1996 KE
1997 UA11
1998 BT13
1998 QH1
1998 QP52
1998 QJ56
1998 SE34
1998 WA4
1998 WR5
1999 BN29
1999 CV7
1999 HV1
1999 RJ30
1999 RK33
1999 RU140
1999 TD19
1999 TJ170
1999 VQ6
1999 XV81
1999 YD
1999 YE3
2000 DO8
2000 EU70
2000 KE37
2000 PK6
2000 QL130
2000 QE227
2000 SE8
2000 SR43
2000 SO173
2000 SE302
2000 SS347
2000 TW17
2000 TP53
2000 UA16
2000 WR19
2000 WR45
2000 WR56
2000 WK107
2000 XF44
2000 YA
2000 YH8
2001 AX35
2001 AT47
2001 BZ2
2001 GT2
2001 OD3
2001 OM53
2001 OT91
2001 PK5
2001 PW7
2001 PM35
2001 PO55
2001 QT108
2001 QJ153
2001 QQ154
2001 RK2
2001 RO3
2001 RS12
2001 RW17
2001 RB105
2001 RU112
2001 SH10
2001 SZ228
2001 SZ269
2001 SH290
2001 SM300
2001 SK301
2001 SR321
2001 TR70
2001 TX183
2001 TS192
2001 TJ215
2001 UF5
2001 UT6
2001 UO27
2001 UT111
2001 UO131
2001 UK148
2001 UZ191
2001 UF225
2001 VT51
2001 VO127
2001 WZ33
2001 WR99
2001 XX11
2001 XJ13
2001 XS75
2001 XB114
2001 XL220
2001 YQ7
2002 AY44
2002 AR98
2002 CR11
2002 CQ265
2002 EE7
2002 EU11
2002 EV11
2002 EC13
2002 EY40
2002 EB60
2002 FC6
2002 GM189
2002 JO16
2002 JT22
2002 LQ24
2002 LC46
2002 MP4
2002 NF55
2002 OB20
2002 PR1
2002 PM5
2002 PQ6
2002 PS39
2002 PX39
2002 PN43
2002 PX79
2002 PH103
2002 PO103
2002 PT140
2002 PV166
2002 PQ170
2002 PK200
2002 QD7
2002 QU10
2002 QM15
2002 QG46
2002 QK101
2002 QY107
2002 QV137
2002 QA149
2002 QQ153
2002 QJ154
2002 RR
2002 RJ97
2002 RT112
2002 RC117
2002 RE121
2002 RZ181
2002 RE209
2002 RN248
2002 RY262
2002 RY285
2002 RJ286
2002 SA64
2002 TE12
2002 TE58
2002 TU76
2002 TZ95
2002 TO376
2002 TZ123
2002 TH163
2002 TP171
2002 TX196
2002 TC211
2002 TZ234
2002 TT247
2002 TV264
2002 TA306
2002 TP313
2002 UL3
2002 UV36
2002 UH75
2002 VF2
2002 VQ14
2002 VU42
2002 VX99
2002 VY101
2002 VX105
2002 VH116
2002 VO139
2002 VZ146
2002 WH1
2002 WO6
2002 WQ13
2002 XW39
2002 XO40
2002 YT32
2003 AJ69
2003 CS20
2003 HV36
2003 HW36
2003 HK52
2003 KB12
2003 KC20
2003 MO7
2003 NW1
2003 OX5
2003 OF33
2003 QA
2003 QC
2003 QZ12
2003 QL16
2003 QZ29
2003 QR73
2003 QV74
2003 RL
2003 RE24
2003 SY4
2003 ST37
2003 SB85
2003 SY112
2003 SN113
2003 SO391
2003 SD417
2003 SE180
2003 SU214
2003 SB258
2003 SP262
2003 SZ262
2003 SH274
2003 SB307
2003 SH337
2003 TO3
2003 TO38
2003 UQ3
2003 UC10
2003 UB13
2003 UW21
2003 UO27
2003 UY27
2003 UX45
2003 UM59
2003 UE379
2003 UC397
2003 UM171
2003 US191
2003 UD229
2003 UC240
2003 UC268
2003 WK29
2003 WJ44
2003 WA100
2003 WY153
2003 YM1
2003 YS73
2003 YN112
2003 YP119
2004 BE70
2004 CR51
2004 CE81
2004 DT39
2004 DX76
2004 FG84
2004 LG
2004 LA10
2004 MU2
2004 MP3
2004 MB8
2004 NY12
2004 OH9
2004 OP10
2004 PM2
2004 PG51
2004 PM60
2004 PX75
2004 PR78
2004 PE104
2004 PT114
2004 QN22
2004 RA59
2004 RJ86
2004 RL88
2004 RS97
2004 RZ100
2004 RQ123
2004 RE179
2004 RE184
2004 RY216
2004 RL235
2004 RX305
2004 RB328
2004 RS333
2004 RK340
2004 RA356
2004 SU30
2004 TK4
2004 TL13
2004 TA17
2004 TZ56
2004 TX68
2004 TY112
2004 TR135
2004 TR298
2004 TP326
2004 TM370
2004 TH112
2004 TY112
2004 TN132
2004 TT132
2004 TR135
2004 TU144
2004 TB172
2004 TR298
2004 TP326
2004 VT11
2004 VB14
2004 WG6
2004 XJ11
2004 XJ22
2004 XM25
2004 XK29
2004 XV29
2004 XB73
2004 XP124
2004 XV187
2005 AF31
2005 AQ34
2005 BY38
2005 CU7
2005 EQ1
2005 ER2
2005 EQ138
2005 EM176
2005 ET197
2005 ET224
2005 ET268
2005 EP330
2005 GX21
2005 GX30
2005 GA109
2005 GZ134
2005 GE180
2005 GX227
2005 HM6
2005 JU1
2005 JW68
2005 JK175
2005 KE13
2005 LF28
2005 LC52
2005 MW32
2005 MQ49
2005 MZ53
2005 NE46
2005 NS52
2005 NH61
2005 NL65
2005 NH103
2005 OK1
2005 OS2
2005 PK5
2005 QH35
2005 QZ44
2005 QR47
2005 QY69
2005 QS74
2005 QT83
2005 QP104
2005 QD107
2005 QR132
2005 QK147
2005 QO155
2005 RD1
2005 RN5
2005 RG6
2005 RN7
2005 RB11
2005 RD28
2005 RG29
2005 RU32
2005 SP1
2005 SX22
2005 SG26
2005 SJ26
2005 SU65
2005 SB73
2005 SU95
2005 SD159
2005 SH169
2005 SZ205
2005 SK239
2005 SK243
2005 SE287
2005 TR5
2005 TD15
2005 TL43
2005 TY44
2005 TO45
2005 TD66
2005 TL72
2005 TK153
2005 US2
2005 UF5
2005 UA6
2005 UF7
2005 UP19
2005 UX72
2005 UM76
2005 UO274
2005 UC345
2005 UP354
2005 UL111
2005 UB140
2005 UG410
2005 UR411
2005 UZ411
2005 UV155
2005 UL159
2005 UL457
2005 UJ460
2005 UD514
2005 UT520
2005 UN274
2005 UO274
2005 UO275
2005 UG280
2005 UW280
2005 UF284
2005 UB287
2005 UC345
2005 UP354
2005 VB36
2005 VU96
2005 VE99
2005 VV102
2005 VG118
2005 WZ16
2005 WD47
2005 WW66
2005 WM76
2005 WD98
2005 WK99
2005 WW100
2005 WO103
2005 WJ110
2005 WY158
2005 WQ160
2005 WG172
2005 WK184
2005 WR205
2005 XC1
2005 XL26
2005 XN27
2005 XT33
2005 YA56
2005 YX93
2005 YL107
2005 YJ117
2005 YK120
2005 YK200
2005 YE248
2005 YR260
2006 AE8
2006 AZ59
2006 AS74
2006 BL40
2006 BM140
2006 BZ192
2006 BJ214
2006 BZ233
2006 BZ268
2006 BW269
2006 CD18
2006 DW37
2006 DP68
2006 DX175
2006 DM184
2006 ED72
2006 FU9
2006 FU10
2006 FH23
2006 GA
2006 GR3
2006 GH34
2006 GS40
2006 GB41
2006 HQ29
2006 HH50
2006 HS58
2006 HB85
2006 HQ132
2006 JO
2006 JG3
2006 JB29
2006 JQ40
2006 KW40
2006 KG46
2006 LD1
2006 OC5
2006 OW18
2006 PK3
2006 PA11
2006 PT13
2006 PM16
2006 PG20
2006 PK31
2006 QS2
2006 QD37
2006 QZ52
2006 QZ55
2006 QQ89
2006 QX95
2006 QM96
2006 QA106
2006 QN111
2006 QR118
2006 QF165
2006 QS166
2006 QV184
2006 RO7
2006 RK11
2006 RF14
2006 RY22
2006 RS63
2006 RB70
2006 RK84
2006 RF87
2006 RK104
2006 SM13
2006 SE17
2006 SA33
2006 SP41
2006 SZ43
2006 SP44
2006 SR49
2006 SD54
2006 SL85
2006 ST126
2006 SG127
2006 SG134
2006 SZ398
2006 SF399
2006 SY139
2006 SA401
2006 SH141
2006 SC405
2006 SY192
2006 ST211
2006 SU232
2006 SQ281
2006 SU281
2006 SK288
2006 SH294
2006 SE310
2006 TA6
2006 TP9
2006 TH10
2006 TD16
2006 TQ37
2006 TA39
2006 TG49
2006 TZ60
2006 TQ73
2006 TE123
2006 US5
2006 UT25
2006 UJ30
2006 UP37
2006 UC54
2006 UW127
2006 UW179
2006 UX204
2006 UJ209
2006 UF227
2006 UQ263
2006 UO330
2006 VA14
2006 VG15
2006 VN22
2006 VG38
2006 VW49
2006 VA50
2006 VS103
2006 VP137
2006 WX
2006 WT1
2006 WU29
2006 WN45
2006 WO50
2006 WX96
2006 WK131
2006 WC163
2006 WU199
2006 XY6
2006 XJ17
2006 XK25
2006 XP43
2006 XJ62
2006 YR2
2006 YN5
2007 AB12
2007 AC16
2007 BJ29
2007 BJ38
2007 BN76
2007 CZ10
2007 CM11
2007 CV16
2007 CS37
2007 CC48
2007 CB57
2007 CE65
2007 DF26
2007 DN49
2007 DV75
2007 DH83
2007 EF88
2007 EY111
2007 EF126
2007 EV219
2007 EZ222
2007 FK1
2007 FO24
2007 FW39
2007 FN40
2007 FA46
2007 GH25
2007 GE30
2007 GG77
2007 HG53
2007 JX41
2007 LC5
2007 LR7
2007 LJ13
2007 MW6
2007 PS8
2007 PJ15
2007 PK29
2007 PH48
2007 QD3
2007 RV8
2007 RJ66
2007 RT103
2007 RD221
2007 RU223
2007 RT259
2007 RU312
2007 RJ313
2007 RW324
2007 RQ325
2007 RR325
2007 SG
2007 SX3
2007 SN6
2007 SP6
2007 SF7
2007 TP1
2007 TX10
2007 TY24
2007 TK30
2007 TB59
2007 TS110
2007 TN120
2007 TT389
2007 TA137
2007 TT397
2007 TF398
2007 TA410
2007 TU422
2007 TA163
2007 TN165
2007 TM442
2007 TG192
2007 TX217
2007 TE221
2007 TN234
2007 TH242
2007 TH333
2007 TN334
2007 US8
2007 UL13
2007 UJ30
2007 US60
2007 UV84
2007 UM96
2007 UU128
2007 VA
2007 VA3
2007 VE8
2007 VY32
2007 VC39
2007 VL44
2007 VV44
2007 VM51
2007 VW64
2007 VV71
2007 VR75
2007 VW87
2007 VE113
2007 VR125
2007 VS133
2007 VV164
2007 VG184
2007 VL230
2007 VO247
2007 VV254
2007 VD297
2007 VN309
2007 VB316
2007 VN333
2007 WD5
2007 WC12
2007 XE16
2007 XN16
2007 XJ52
2007 XS56
2007 XP59
2007 XQ59
2007 YS22
2007 YF50
2007 YX57
2007 YY59
2007 YT61
2008 AO2
2008 AA5
2008 AZ12
2008 AW36
2008 AA43
2008 AW50
2008 AS92
2008 AX117
2008 AT134
2008 AY134
2008 CH
2008 CR10
2008 CB22
2008 CG116
2008 CC119
2008 CF129
2008 CH129
2008 CU137
2008 CB181
2008 CT197
2008 CE214
2008 DA4
2008 DR4
2008 DZ8
2008 DX18
2008 DW50
2008 DY55
2008 DM60
2008 DA62
2008 DL65
2008 DY81
2008 EH115
2008 ER143
2008 FH6
2008 FC126
2008 GY1
2008 GR4
2008 GP21
2008 GG39
2008 GL48
2008 GO104
2008 GO109
2008 HR11
2008 HL22
2008 HE68
2008 JW2
2008 JV17
2008 JK20
2008 JZ30
2008 JB37
2008 JZ40
2008 KJ18
2008 KN34
2008 LB
2008 LB10
2008 LN10
2008 OO1
2008 PE7
2008 QD3
2008 QL3
2008 QW6
2008 QR8
2008 QG22
2008 QW31
2008 RF35
2008 RW38
2008 RX45
2008 RA77
2008 RE86
2008 RT86
2008 RA130
2008 RW137
2008 SR1
2008 SY7
2008 SG40
2008 SC41
2008 SF41
2008 SN62
2008 SQ78
2008 SA85
2008 SV126
2008 SQ160
2008 ST162
2008 SS166
2008 SL177
2008 SD180
2008 SD181
2008 SY185
2008 ST194
2008 SL201
2008 SS203
2008 SS207
2008 SE265
2008 SV265
2008 ST267
2008 SM273
2008 SQ273
2008 SU278
2008 SD301
2008 TB
2008 TF9
2008 TG21
2008 TV33
2008 TU41
2008 TQ44
2008 TP67
2008 TC93
2008 TD95
2008 TR104
2008 TV123
2008 TJ169
2008 TQ172
2008 UZ
2008 UX6
2008 UE34
2008 UZ41
2008 UY48
2008 UA53
2008 UU54
2008 UG59
2008 UW99
2008 UZ365
2008 UN107
2008 UO183
2008 UG192
2008 UB200
2008 UR209
2008 UA226
2008 UG239
2008 UM269
2008 UD276
2008 US299
2008 UM304
2008 UY331
2008 UU351
2008 UJ355
2008 VB24
2008 VL45
2008 VZ45
2008 VU50
2008 VV74
2008 VR79
2008 WD
2008 WV26
2008 WP48
2008 WD52
2008 WD68
2008 WC74
2008 WV76
2008 WP85
2008 WF96
2008 WJ96
2008 WY97
2008 WE106
2008 WZ135
2008 WH136
2008 XA2
2008 XU2
2008 XX2
2008 XM23
2008 XQ35
2008 XL47
2008 YU
2008 YU25
2008 YR27
2008 YF29
2008 YR30
2008 YU30
2008 YS104
2008 YC108
2008 YH116
2008 YE153
2008 YN156
2008 YF170
2008 YM171
2008 YN171
2009 AS20
2009 BD2
2009 BL2
2009 BH11
2009 BO14
2009 BL19
2009 BS89
2009 BX90
2009 BE116
2009 BQ124
2009 BU157
2009 CZ
2009 CY2
2009 CH5
2009 CW49
2009 CW53
2009 DM26
2009 DM31
2009 DJ40
2009 DU43
2009 DK46
2009 DH66
2009 DU71
2009 DQ74
2009 EM1
2009 EF31
2009 FS
2009 FS4
2009 FH15
2009 FM61
2009 FP78
2009 HU53
2009 HU58
2009 HN98
2009 HF102
2009 KZ5
2009 OD8
2009 OP8
2009 OJ9
2009 OB20
2009 PW1
2009 PY2
2009 PK3
2009 PW12
2009 PN20
2009 QM
2009 QK6
2009 QS7
2009 QP8
2009 QD26
2009 QB31
2009 QM45
2009 QK51
2009 QY58
2009 QP59
2009 QT60
2009 RD1
2009 RS9
2009 RY17
2009 RS39
2009 RK41
2009 RY44
2009 RR50
2009 RO54
2009 RO61
2009 RL72
2009 SB
2009 SE2
2009 SG7
2009 SC31
2009 SF38
2009 SM38
2009 SN40
2009 SW46
2009 SF92
2009 SA99
2009 SO99
2009 SS99
2009 SC100
2009 SG100
2009 SB101
2009 SS104
2009 SD111
2009 SH113
2009 SN114
2009 SN188
2009 SU200
2009 SE230
2009 ST234
2009 SW234
2009 SX256
2009 SZ279
2009 SE319
2009 SL325
2009 SV331
2009 SC337
2009 SS338
2009 SE339
2009 TM7
2009 TU19
2009 TY33
2009 TA34
2009 TU38
2009 TQ44
2009 TS45
2009 UE12
2009 UA13
2009 UZ17
2009 UN39
2009 UO72
2009 UC81
2009 UK101
2009 UX101
2009 UQ110
2009 UD130
2009 UE131
2009 UU137
2009 UO139
2009 UF141
2009 UY141
2009 UL151
2009 UA154
2009 VU1
2009 VD2
2009 VN2
2009 VK7
2009 VR10
2009 VK32
2009 VP44
2009 VA73
2009 VS73
2009 VU79
2009 VZ83
2009 VP96
2009 VL103
2009 VN105
2009 VJ116
2009 WN23
2009 WL39
2009 WR45
2009 WC52
2009 WO63
2009 WN64
2009 WC65
2009 WE73
2009 WT75
2009 WA85
2009 WT119
2009 WF126
2009 WJ148
2009 WP164
2009 WX165
2009 WO167
2009 WS188
2009 WL204
2009 WD212
2009 WL219
2009 WV226
2009 WX234
2009 WT236
2009 WN247
2009 WH255
2009 WS259
2009 WU259
2009 XK8
2009 XW8
2009 YU6
2009 YH12
2010 AD1
2010 AC2
2010 AZ36
2010 AU43
2010 AU60
2010 AH68
2010 AE69
2010 AO104
2010 AJ120
2010 AN131
2010 AK138
2010 BF
2010 BL2
2010 BT2
2010 BT3
2010 BH5
2010 BA76
2010 CB8
2010 CR12
2010 CH25
2010 CP49
2010 CS97
2010 CE119
2010 CK122
2010 CY144
2010 CA146
2010 CQ158
2010 CG167
2010 CE183
2010 DN
2010 ES12
2010 EP94
2010 EW113
2010 EA141
2010 FF92
2010 GZ73
2010 GB125
2010 HF27
2010 HD33
2010 HB40
2010 HH55
2010 JM11
2010 JG37
2010 JW79
2010 JF87
2010 JF124
2010 JE147
2010 KY7
2010 KQ10
2010 KM35
2010 KU39
2010 KX50
2010 KF56
2010 KL100
2010 KV119
2010 LR2
2010 LE12
2010 LR13
2010 LA44
2010 LL51
2010 LQ59
2010 LU80
2010 LY90
2010 LL92
2010 LG97
2010 LO97
2010 LV118
2010 LD124
2010 LG124
2010 MF1
2010 MV1
2010 MW1
2010 MK6
2010 MM11
2010 MX15
2010 MW21
2010 MX29
2010 MG35
2010 MP47
2010 MB53
2010 MA54
2010 MZ58
2010 MH61
2010 MR105
2010 MW108
2010 MN114
2010 MA116
2010 NY16
2010 NU30
2010 NU38
2010 NJ67
2010 NG86
2010 NP114
2010 NX114
2010 OW
2010 OJ1
2010 OK6
2010 OG15
2010 OE27
2010 OG33
2010 OB42
2010 OW48
2010 OL49
2010 ON55
2010 OA71
2010 OO72
2010 OJ73
2010 OM73
2010 OP77
2010 OZ77
2010 OK79
2010 OO94
2010 OS99
2010 OV102
2010 OU121
2010 ON124
2010 OF126
2010 PA5
2010 PS21
2010 PD65
2010 PL67
2010 PF80
2010 RZ66
2010 RN68
2010 RU134
2010 RK135
2010 RB178
2010 SV
2010 SX13
2010 SE14
2010 ST16
2010 SC17
2010 SW17
2010 SJ26
2010 TN8
2010 TO36
2010 TP38
2010 TP55
2010 TC60
2010 TL63
2010 TX80
2010 TO109
2010 TZ113
2010 TR144
2010 TL153
2010 TD159
2010 TV171
2010 TW183
2010 TB187
2010 UX6
2010 UV10
2010 UK31
2010 UP64
2010 US72
2010 UL75
2010 UG105
2010 VO15
2010 VA28
2010 VL38
2010 VR42
2010 VX75
2010 VW99
2010 VR107
2010 VK112
2010 VN113
2010 VM125
2010 VX136
2010 VH215
2010 WL10
2010 WG31
2010 XC21
2010 XP39
2010 XG45
2010 XW51
2010 XQ60
2010 XV76
2010 XT79
2010 XQ80
2010 YB4
2011 AE11
2011 AM29
2011 AA53
2011 AL74
2011 AW75
2011 BP2
2011 BA12
2011 BJ15
2011 BS19
2011 BB20
2011 BH54
2011 BV54
2011 BT60
2011 BR120
2011 BZ123
2011 CF24
2011 CO28
2011 CL40
2011 CQ47
2011 CR66
2011 CE85
2011 CZ85
2011 CH94
2011 CQ107
2011 DZ3
2011 DM4
2011 DC20
2011 DY47
2011 EL5
2011 EK11
2011 ED14
2011 EK43
2011 EE77
2011 FO28
2011 FY71
2011 FR83
2011 GZ59
2011 HD24
2011 HR26
2011 HA64
2011 HL65
2011 HV71
2011 HT72
2011 HE79
2011 HZ101
2011 JR
2011 JV
2011 JD9
2011 JS12
2011 JT13
2011 JN22
2011 JR25
2011 JY30
2011 JV31
2011 KK15
2011 KG20
2011 KL27
2011 LY3
2011 LO4
2011 LS17
2011 LR19
2011 LJ20
2011 MR2
2011 MK3
2011 MD5
2011 NX
2011 NW1
2011 OP5
2011 OM10
2011 OW17
2011 OG49
2011 PH
2011 QM37
2011 QV37
2011 QQ38
2011 QY40
2011 QO57
2011 QP58
2011 QP75
2011 QD96
2011 QL97
2011 RU11
2011 SL21
2011 SQ27
2011 SD29
2011 SQ32
2011 SS60
2011 SP73
2011 SK105
2011 ST115
2011 SY131
2011 SQ157
2011 SM189
2011 SF195
2011 SA226
2011 SG226
2011 SR249
2011 TR13
2011 UH9
2011 UA10
2011 UE21
2011 UX59
2011 UF64
2011 UW82
2011 UZ107
2011 UU114
2011 UF116
2011 UY117
2011 UT381
2011 UM382
2011 UX132
2011 UD142
2011 UA406
2011 UK408
2011 UR148
2011 UB154
2011 UM188
2011 UA193
2011 UX199
2011 UB201
2011 UH207
2011 UK214
2011 UO242
2011 UM262
2011 UH275
2011 UW283
2011 UY292
2011 UN305
2011 VM14
2011 WO20
2011 WW31
2011 WW33
2011 WZ35
2011 WP37
2011 WU40
2011 WA50
2011 WB50
2011 WW63
2011 WY64
2011 WY72
2011 WM73
2011 WN76
2011 WE88
2011 WQ98
2011 WQ104
2011 WX114
2011 WU149
2011 WU153
2011 YH6
2011 YU15
2011 YX23
2011 YB41
2011 YQ42
2011 YX56
2011 YS62
2012 AB3
2012 AS7
2012 AT17
2012 AO19
2012 AK22
2012 BK27
2012 BS27
2012 BW32
2012 BQ34
2012 BM77
2012 BB95
2012 BV99
2012 BA101
2012 BB103
2012 BN123
2012 BK131
2012 BK132
2012 CO28
2012 CK33
2012 CN41
2012 CF55
2012 DU10
2012 DE24
2012 DV29
2012 DU30
2012 DN31
2012 DR52
2012 DG54
2012 DH72
2012 DR85
2012 DE90
2012 DW96
2012 EK
2012 EU1
2012 FC11
2012 FN31
2012 FR35
2012 FP76
2012 GR1
2012 GG15
2012 GB23
2012 GW37
2012 GJ39
2012 GK40
2012 HN2
2012 HW8
2012 HF14
2012 HL17
2012 HX18
2012 HR56
2012 HW68
2012 HE70
2012 HF75
2012 JQ4
2012 JF17
2012 KR6
2012 KZ11
2012 KT31
2012 LJ
2012 LS
2012 LV15
2012 OK5
2012 PA14
2012 PJ20
2012 PJ22
2012 PC24
2012 PY27
2012 QE16
2012 QZ17
2012 QB29
2012 QH39
2012 RR
2012 RF1
2012 RC2
2012 RF4
2012 RK5
2012 RU7
2012 RP11
2012 RU13
2012 RV13
2012 RN16
2012 RH17
2012 RQ17
2012 RH22
2012 RO28
2012 RT33
2012 RQ40
2012 RN41
2012 RJ43
2012 SW2
2012 SY2
2012 SZ9
2012 SF39
2012 SO39
2012 SN50
2012 SW55
2012 SH65
2012 TN9
2012 TO17
2012 TQ22
2012 TD29
2012 TF33
2012 TU38
2012 TH77
2012 TG80
2012 TJ94
2012 TZ100
2012 TE101
2012 TB103
2012 TR105
2012 TR125
2012 TO151
2012 TL193
2012 TR194
2012 TR199
2012 TS231
2012 TJ237
2012 TY252
2012 TK269
2012 TJ278
2012 TR288
2012 TX309
2012 TR311
2012 TB312
2012 TA315
2012 TM316
2012 TW317
2012 TA320
2012 UX9
2012 UY11
2012 UT40
2012 UF50
2012 UD61
2012 UE66
2012 UW77
2012 UJ81
2012 UV86
2012 UW108
2012 UA111
2012 UW118
2012 UK130
2012 UU130
2012 UW130
2012 UH138
2012 UU169
2012 UC170
2012 VK6
2012 VV9
2012 VO14
2012 VH49
2012 VF77
2012 VT93
2012 VW99
2012 VV105
2012 VD107
2012 WT5
2012 WC25
2012 XV33
2012 XX95
2012 XK129
2012 XF136
2012 XW137
2012 XS145
2012 XM151
2012 YH7
2013 AN6
2013 AF11
2013 AS14
2013 AT20
2013 AY20
2013 AA32
2013 AE38
2013 AT43
2013 AR60
2013 AW83
2013 AD92
2013 AK97
2013 AZ100
2013 AB116
2013 AA131
2013 AG143
2013 BG12
2013 BX20
2013 BV24
2013 BV33
2013 BU65
2013 BN73
2013 CH16
2013 CA20
2013 CK24
2013 CH52
2013 CQ56
2013 CD83
2013 CR112
2013 CL118
2013 CB121
2013 CV125
2013 CG134
2013 CV153
2013 CX175
2013 CS182
2013 CC183
2013 CZ183
2013 CP191
2013 CS200
2013 CZ201
2013 DY2
2013 EN3
2013 EW27
2013 EV29
2013 EB107
2013 EV108
2013 EW127
2013 FF8
2013 GW10
2013 GZ12
2013 GE21
2013 GR22
2013 GP35
2013 GN42
2013 GG90
2013 GB112
2013 GU118
2013 GP133
2013 HV13
2013 HS19
2013 HJ20
2013 HC118
2013 JD
2013 JB28
2013 JD29
2013 JR46
2013 JE58
2013 KU1
2013 KK7
2013 LA1
2013 LB1
2013 LK6
2013 LQ8
2013 LD12
2013 LA17
2013 LU23
2013 LK31
2013 LK32
2013 LA33
2013 MW2
2013 NX3
2013 NQ8
2013 NM13
2013 NE19
2013 ON4
2013 OO5
2013 OM9
2013 OX10
2013 PL19
2013 PF25
2013 PM25
2013 PB39
2013 PT40
2013 PY42
2013 PH63
2013 PU68
2013 QE3
2013 QD13
2013 QO15
2013 QV24
2013 QK30
2013 QH33
2013 QB38
2013 QX42
2013 QY74
2013 QP80
2013 QJ81
2013 QF84
2013 RD4
2013 RF9
2013 RU9
2013 RS16
2013 RS28
2013 RE32
2013 RF36
2013 RA38
2013 RK40
2013 RF42
2013 RT53
2013 RF60
2013 RX66
2013 RK72
2013 RW73
2013 RX77
2013 RS80
2013 RT91
2013 RS97
2013 SJ
2013 SE21
2013 SJ26
2013 SD28
2013 SR28
2013 SL30
2013 SM46
2013 SL76
2013 TK
2013 TM1
2013 TM4
2013 TL9
2013 TW11
2013 TE28
2013 TQ41
2013 TF42
2013 TN69
2013 TA78
2013 TJ93
2013 TZ107
2013 TY124
2013 TU126
2013 TY130
2013 TL135
2013 TU135
2013 TZ142
2013 UB1
2013 UF5
2013 UF7
2013 UD10
2013 UO12
2013 VH2
2013 VR10
2013 VR12
2013 VK14
2013 VA23
2013 WM
2013 WW4
2013 WU40
2013 WC44
2013 WM63
2013 WL64
2013 WP68
2013 WU79
2013 WO103
2013 XA11
2013 XC20
2013 XU21
2013 XF22
2013 YO
2013 YO2
2013 YP3
2013 YP9
2013 YM37
2013 YH52
2013 YU54
2013 YT73
2013 YP96
2013 YL103
2013 YU109
2013 YU128
2013 YZ131
2013 YL148
2014 AP17
2014 AE43
2014 AX47
2014 AA53
2014 BP22
2014 BJ27
2014 BL42
2014 BX43
2014 BX58
2014 BC59
2014 BO62
2014 CZ4
2014 CT13
2014 DD4
2014 DN5
2014 DT19
2014 DW23
2014 DQ52
2014 DR82
2014 DT110
2014 DN142
2014 EQ7
2014 ET8
2014 EN12
2014 EO50
2014 FN18
2014 FD49
2014 FA51
2014 FO62
2014 FG67
2014 GN35
2014 GO35
2014 GR40
2014 GQ47
2014 GS48
2014 HU2
2014 HD38
2014 HP44
2014 HD86
2014 HA139
2014 HE146
2014 HA165
2014 HQ171
2014 HT178
2014 HA188
2014 HS197
2014 JJ5
2014 JT12
2014 JL22
2014 JZ29
2014 JC43
2014 JS54
2014 JF63
2014 KG8
2014 KY14
2014 KE22
2014 KM38
2014 KF44
2014 KN65
2014 KH80
2014 KK86
2014 KR86
2014 KB89
2014 LD13
2014 LA25
2014 MF1
2014 MK3
2014 MF6
2014 MZ12
2014 MU13
2014 ME15
2014 MH20
2014 MZ23
2014 MO27
2014 MK37
2014 MP39
2014 MB48
2014 MH57
2014 MO57
2014 MZ60
2014 NM2
2014 NG44
2014 NE52
2014 NR53
2014 NY55
2014 NR57
2014 NP63
2014 OR1
2014 OP2
2014 OH5
2014 OH49
2014 OW99
2014 ON100
2014 OW130
2014 OY139
2014 OF146
2014 OW157
2014 OZ190
2014 OK192
2014 OP206
2014 OK228
2014 OR228
2014 OO231
2014 OB237
2014 OM282
2014 OW286
2014 OE297
2014 OC344
2014 OJ347
2014 OK358
2014 PO
2014 PT4
2014 PH16
2014 PQ24
2014 PV31
2014 PM40
2014 PA42
2014 PN42
2014 PH44
2014 PF46
2014 PH59
2014 PG63
2014 PB66
2014 QE1
2014 QW1
2014 QK29
2014 QL34
2014 QE52
2014 QS55
2014 QY72
2014 QJ98
2014 QX363
2014 QG365
2014 QF366
2014 QR366
2014 QL367
2014 QH110
2014 QE112
2014 QX373
2014 QM133
2014 QL395
2014 QE138
2014 QR406
2014 QJ166
2014 QZ166
2014 QV167
2014 QF169
2014 QQ429
2014 QL431
2014 QC432
2014 QD433
2014 QR173
2014 QP175
2014 QE225
2014 QB297
2014 QA301
2014 QF304
2014 QD311
2014 QA327
2014 QZ328
2014 QQ329
2014 RY6
2014 RG13
2014 RR20
2014 RA25
2014 RC27
2014 RN28
2014 RB62
2014 RG62
2014 RU62
2014 RZ62
2014 SW
2014 ST111
2014 SX135
2014 SU143
2014 SF145
2014 SG145
2014 SL176
2014 SV211
2014 SS212
2014 SD213
2014 SJ216
2014 SF224
2014 SF227
2014 SR237
2014 SL265
2014 SC286
2014 SB287
2014 SU290
2014 SQ304
2014 SY307
2014 SZ315
2014 SN316
2014 SU337
2014 SS346
2014 TX1
2014 TJ6
2014 TL6
2014 TU7
2014 TG17
2014 TJ17
2014 TU45
2014 TQ47
2014 TS48
2014 TQ82
2014 UU3
2014 UU5
2014 UP6
2014 UE9
2014 UN25
2014 UY31
2014 UO33
2014 UR34
2014 UG41
2014 UX51
2014 UB52
2014 UL53
2014 UW66
2014 UR87
2014 UW91
2014 UQ103
2014 UQ105
2014 UK114
2014 UU132
2014 UP149
2014 UB164
2014 UA166
2014 UE176
2014 UF176
2014 UM199
2014 UQ201
2014 UU208
2014 UR213
2014 UZ215
2014 UH216
2014 VV
2014 VD3
2014 VT5
2014 VQ9
2014 VK11
2014 VQ15
2014 VN27
2014 VA29
2014 WD7
2014 WR33
2014 WD59
2014 WN68
2014 WS117
2014 WT302
2014 WF365
2014 WP368
2014 WZ116
2014 WT127
2014 WP401
2014 WJ419
2014 WP159
2014 WQ159
2014 WB424
2014 WL167
2014 WM429
2014 WJ432
2014 WE186
2014 WQ455
2014 WN199
2014 WJ201
2014 WG214
2014 WX475
2014 WV485
2014 WQ489
2014 WC493
2014 WL493
2014 WS495
2014 WW498
2014 WK503
2014 WV504
2014 WJ247
2014 WU257
2014 WT264
2014 WZ275
2014 WY277
2014 XR6
2014 XP7
2014 XK8
2014 XW19
2014 XJ26
2014 XP37
2014 XK38
2014 YE14
2014 YS15
2014 YT21
2014 YT30
2014 YR32
2014 YZ32
2014 YL33
2015 AN15
2015 AP25
2015 AK45
2015 AZ94
2015 AX162
2015 AR208
2015 BM4
2015 BV4
2015 BN6
2015 BE8
2015 BB13
2015 BO24
2015 BT28
2015 BP29
2015 BF30
2015 BK90
2015 BJ92
2015 BX92
2015 BR115
2015 BD138
2015 BR399
2015 BQ404
2015 BD204
2015 BK204
2015 BA510
2015 BN515
2015 BT263
2015 BU287
2015 BJ294
2015 CL10
2015 CN11
2015 CT25
2015 CZ39
2015 CB46
2015 DD17
2015 DZ34
2015 DV70
2015 DB138
2015 DL174
2015 DO174
2015 DK219
2015 DO223
2015 FU1
2015 FV22
2015 FC23
2015 FB35
2015 FD41
2015 FK42
2015 FW56
2015 FM71
2015 FN71
2015 FQ94
2015 FW95
2015 FQ120
2015 FP136
2015 FS147
2015 FQ285
2015 FK300
2015 FA305
2015 FX309
2015 FF345
2015 GG6
2015 HB
2015 HG9
2015 HG14
2015 HV60
2015 HN92
2015 HC103
2015 HV171
2015 HQ172
2015 JZ1
2015 JH3
2015 KN
2015 KK13
2015 KQ37
2015 KU53
2015 KJ73
2015 KJ88
2015 KF114
2015 KP122
2015 KY122
2015 KH132
2015 KY134
2015 KE156
2015 KT159
2015 LF
2015 LB8
2015 LR8
2015 MG
2015 MZ6
2015 MN7
2015 MA47
2015 MB51
2015 MJ67
2015 MN67
2015 MQ91
2015 MN93
2015 MF95
2015 MA130
2015 OB
2015 OS2
2015 OL24
2015 OQ74
2015 OS78
1979 MW5
1993 TR2
1995 SD16
1995 SD34
1996 RA17
1996 TH32
1997 AU24
1998 UL14
1998 WN26
1998 WV37
1999 NX
1999 RE42
1999 TE3
1999 TV83
1999 TW162
1999 TJ336
1999 VK12
1999 VT118
1999 VU118
1999 VJ123
1999 WX10
2000 CX68
2000 HD82
2000 QZ118
2000 SV248
2000 YZ2
2000 YV78
2001 FN127
2001 FV198
2001 FO220
2001 FX221
2001 FY228
2001 HU19
2001 QX271
2001 QX331
2001 SL88
2001 SS102
2001 SP103
2001 SC202
2001 SZ333
2001 SW335
2001 SW336
2001 TM7
2001 TX22
2001 TZ174
2001 TV262
2001 UY78
2001 UW138
2001 UO147
2001 VL3
2001 VT101
2001 WP88
2001 XW242
2001 XO253
2001 YX44
2001 YY132
2002 AA34
2002 AP174
2002 CF90
2002 EA8
2002 GB6
2002 GM29
2002 GC85
2002 GU190
2002 ND73
2002 PW181
2002 QP57
2002 QR67
2002 QW91
2002 QE92
2002 QF111
2002 QO133
2002 QJ142
2002 RR163
2002 RX168
2002 RX262
2002 RD265
2002 RA287
2002 TZ106
2002 TR305
2002 TU307
2002 TO345
2002 TL359
2002 UX75
2002 VQ69
2002 VX144
2002 WA20
2002 XC8
2002 XG17
2002 YR5
2003 BM12
2003 BD34
2003 CM11
2003 DQ10
2003 FY123
2003 FZ132
2003 FE133
2003 KN3
2003 NM5
2003 QY30
2003 RH10
2003 RA17
2003 SJ11
2003 SE48
2003 SB369
2003 SE125
2003 SU402
2003 ST406
2003 ST433
2003 SC245
2003 ST330
2003 UA46
2003 UC51
2003 UJ58
2003 UR120
2003 UG387
2003 UW309
2003 UT324
2003 XW
2003 XR43
2003 YA
2003 YH19
2004 DA54
2004 EK20
2004 EC25
2004 FT58
2004 GM12
2004 KZ1
2004 PL11
2004 RU23
2004 RM34
2004 RG111
2004 RC161
2004 RE222
2004 RC304
2004 RC341
2004 SU39
2004 TT4
2004 TK15
2004 TK21
2004 TH73
2004 TX94
2004 TE99
2004 TO113
2004 TB148
2004 TB150
2004 TD167
2004 TW183
2004 TH189
2004 TF192
2004 TB200
2004 TL235
2004 TJ259
2004 TC282
2004 TN283
2004 TY297
2004 TX345
2004 TN347
2004 UK5
2004 VM39
2004 VM42
2004 VN48
2004 VR68
2004 VO128
2004 XL
2004 XZ33
2004 XF35
2004 XO70
2004 XD89
2004 XK110
2004 YQ2
2004 YW16
2005 CH25
2005 CG27
2005 CT28
2005 EY37
2005 EC166
2005 EW166
2005 EF310
2005 GD46
2005 GX111
2005 GC115
2005 GV190
2005 JA30
2005 JZ44
2005 JK183
2005 MU10
2005 NN20
2005 NA55
2005 NM117
2005 NP117
2005 PK11
2005 PN13
2005 PP18
2005 QC35
2005 QV47
2005 QW74
2005 QZ94
2005 QX129
2005 QT180
2005 RD52
2005 SB1
2005 ST10
2005 SU17
2005 SH69
2005 ST72
2005 SG108
2005 SM115
2005 SR121
2005 SF141
2005 SO145
2005 SE147
2005 SZ165
2005 SN178
2005 SQ248
2005 TN8
2005 TD19
2005 TT19
2005 TB27
2005 TY58
2005 TL77
2005 TN85
2005 TH149
2005 TM197
2005 UN14
2005 UX16
2005 UM29
2005 UO31
2005 UK59
2005 UR62
2005 UH65
2005 UT107
2005 UT118
2005 UF384
2005 US125
2005 UO391
2005 UF138
2005 UA140
2005 UD406
2005 UT409
2005 UN411
2005 UX417
2005 UT162
2005 UQ164
2005 UC433
2005 UO176
2005 US186
2005 UP455
2005 UK224
2005 UN234
2005 UN255
2005 UX519
2005 UB522
2005 UQ262
2005 UO526
2005 UQ280
2005 UR295
2005 UN309
2005 UD312
2005 UU338
2005 UM359
2005 VY75
2005 VT100
2005 VX129
2005 VX130
2005 VL132
2005 VO136
2005 WJ10
2005 WU31
2005 WC50
2005 WS68
2005 WO81
2005 XN2
2005 XW6
2005 YC27
2005 YX27
2005 YD40
2005 YT44
2005 YW65
2005 YS92
2005 YY122
2005 YB135
2005 YA171
2005 YO191
2005 YH218
2006 AL90
2006 AV105
2006 BA16
2006 BR36
2006 BB101
2006 BX110
2006 BB116
2006 BD138
2006 BG170
2006 BD175
2006 BT175
2006 BZ179
2006 BC232
2006 BZ279
2006 CY21
2006 DQ
2006 DS43
2006 DP49
2006 DB68
2006 DJ101
2006 DH105
2006 EH8
2006 EU15
2006 GV48
2006 HK28
2006 HX68
2006 HJ94
2006 HK108
2006 JJ53
2006 JZ77
2006 KA17
2006 KX43
2006 KV44
2006 KQ90
2006 KA144
2006 OV1
2006 OO23
2006 QY2
2006 QH21
2006 QY56
2006 QA83
2006 QV95
2006 QK115
2006 QH171
2006 RV20
2006 RR26
2006 RU29
2006 RS107
2006 RE110
2006 RG118
2006 SO3
2006 SB6
2006 SS60
2006 SP68
2006 SX100
2006 SS101
2006 SN376
2006 SS405
2006 SA413
2006 SV210
2006 SW252
2006 SP264
2006 ST271
2006 SC275
2006 SH278
2006 SU280
2006 SY295
2006 SZ299
2006 TV22
2006 TM35
2006 TO38
2006 TC73
2006 TV81
2006 TJ82
2006 TQ98
2006 TQ100
2006 TE106
2006 TH119
2006 TT123
2006 TD124
2006 TE127
2006 TU127
2006 UX14
2006 UO20
2006 UC32
2006 UB77
2006 UQ102
2006 UY112
2006 UO114
2006 UP114
2006 US121
2006 UD123
2006 UE131
2006 UL132
2006 UB135
2006 UJ164
2006 UL189
2006 UG190
2006 UP198
2006 UA199
2006 UP205
2006 UQ220
2006 UO237
2006 UQ252
2006 UX283
2006 UA337
2006 VO14
2006 VG16
2006 VY30
2006 VY73
2006 VT77
2006 VY97
2006 VT102
2006 VO113
2006 VG116
2006 VY127
2006 VT143
2006 WX5
2006 WP9
2006 WR18
2006 WP33
2006 WP40
2006 WR53
2006 WP54
2006 WE71
2006 WH78
2006 WX95
2006 WC122
2006 WX131
2006 WK138
2006 WC144
2006 XV1
2006 XS44
2006 XM66
2006 XM70
2006 YA1
2006 YH5
2006 YS18
2007 BJ55
2007 BA101
2007 CD2
2007 CK29
2007 CS30
2007 CR36
2007 CL40
2007 CY77
2007 DJ5
2007 DF7
2007 DR25
2007 DD85
2007 DL103
2007 DQ103
2007 DX116
2007 EC27
2007 EO125
2007 EZ132
2007 EJ161
2007 EC200
2007 GK26
2007 GC77
2007 HY11
2007 JN36
2007 KD6
2007 LL1
2007 LB34
2007 ML3
2007 MC14
2007 MT16
2007 NZ3
2007 QR2
2007 RS7
2007 RK11
2007 RK14
2007 RV20
2007 RU50
2007 RA85
2007 RK108
2007 RN114
2007 RQ115
2007 RV117
2007 RO119
2007 RO121
2007 RZ123
2007 RK139
2007 RX188
2007 RT253
2007 RQ273
2007 RP307
2007 RA324
2007 SE8
2007 SV12
2007 TS30
2007 TB37
2007 TQ48
2007 TM54
2007 TK75
2007 TU80
2007 TH82
2007 TC98
2007 TP98
2007 TK389
2007 TB413
2007 TN421
2007 TC167
2007 TK167
2007 TN435
2007 TH193
2007 TS195
2007 TF198
2007 TA210
2007 TE240
2007 TN250
2007 TJ253
2007 TJ278
2007 TU307
2007 TG340
2007 UV5
2007 UR44
2007 UX57
2007 UB65
2007 UD86
2007 UU88
2007 UF89
2007 US95
2007 UA98
2007 US102
2007 VR15
2007 VX31
2007 VL35
2007 VH39
2007 VH81
2007 VW85
2007 VB104
2007 VV140
2007 VE150
2007 VS162
2007 VH194
2007 VU211
2007 VT217
2007 VJ244
2007 VG268
2007 VY282
2007 VO308
2007 VW327
2007 WC15
2007 WA26
2007 WW41
2007 XG13
2007 XL19
2007 XP31
2007 XM59
2007 YV27
2007 YR28
2007 YU51
2008 AU24
2008 AW135
2008 BY17
2008 CS69
2008 CF75
2008 CY117
2008 DF10
2008 DW12
2008 EV13
2008 EX43
2008 EP64
2008 EA69
2008 EB84
2008 FS1
2008 FC46
2008 FX129
2008 GS13
2008 GY53
2008 GC76
2008 GJ130
2008 HZ23
2008 HT38
2008 HO47
2008 JZ33
2008 KZ24
2008 LM13
2008 OE6
2008 OU8
2008 OH9
2008 PM14
2008 QB7
2008 QM8
2008 QK46
2008 RH2
2008 RK20
2008 RP32
2008 RZ42
2008 RF56
2008 RK73
2008 RF91
2008 RM95
2008 RU141
2008 SK
2008 SP21
2008 SZ27
2008 ST32
2008 SG77
2008 SX83
2008 SP127
2008 SX152
2008 SB154
2008 SM163
2008 SP183
2008 SN195
2008 SB211
2008 SZ247
2008 SH249
2008 SD255
2008 SY260
2008 SU276
2008 SR277
2008 SP278
2008 SB288
2008 SX290
2008 TM1
2008 TT32
2008 TG54
2008 TU80
2008 TW88
2008 TW99
2008 TW127
2008 TY146
2008 TZ161
2008 TK168
2008 TC170
2008 TF176
2008 TK176
2008 TY188
2008 UA21
2008 UY36
2008 UJ63
2008 UM85
2008 UP211
2008 UH366
2008 UD116
2008 UX118
2008 UZ149
2008 UP211
2008 UX218
2008 UV231
2008 UX282
2008 UT287
2008 UZ306
2008 US311
2008 UD338
2008 UK345
2008 VL
2008 VA30
2008 WS3
2008 WK4
2008 WC7
2008 WO30
2008 WQ130
2008 XP15
2008 XF36
2008 YA33
2008 YK35
2008 YP57
2008 YX58
2008 YB64
2008 YN100
2008 YT101
2008 YO121
2008 YG126
2008 YB152
2009 AZ10
2009 AY32
2009 AK40
2009 BY9
2009 BY83
2009 BJ175
2009 BZ186
2009 CZ14
2009 CK50
2009 CL61
2009 DN18
2009 DA37
2009 DJ48
2009 DD53
2009 DF87
2009 DB98
2009 DE118
2009 EX20
2009 FY22
2009 FU55
2009 GQ3
2009 HQ33
2009 HX60
2009 HD85
2009 HC86
2009 MB7
2009 OE7
2009 PG4
2009 PB5
2009 PT9
2009 PT19
2009 QS6
2009 QY10
2009 QG20
2009 QS51
2009 QB52
2009 QW54
2009 QH65
2009 RJ1
2009 RQ21
2009 RK30
2009 SO24
2009 SY24
2009 SV40
2009 SE70
2009 SY77
2009 SE85
2009 SF85
2009 SK86
2009 SG128
2009 ST163
2009 SW209
2009 SC227
2009 SY240
2009 SL243
2009 SW244
2009 SJ262
2009 SC282
2009 SN286
2009 SF314
2009 SV340
2009 UV58
2009 UZ133
2009 VL19
2009 VM33
2009 VW45
2009 VW60
2009 VW62
2009 VC65
2009 VH73
2009 WD4
2009 WQ19
2009 WR38
2009 WN78
2009 WK116
2009 WL203
2009 YJ11
2010 AG83
2010 AZ86
2010 AH91
2010 AR104
2010 AL109
2010 AR109
2010 AL112
2010 AX114
2010 AZ115
2010 AE119
2010 AW126
2010 AA127
2010 AR127
2010 AS127
2010 AZ129
2010 BN6
2010 BS13
2010 BQ35
2010 BT47
2010 BT70
2010 BG89
2010 BK99
2010 BO107
2010 BT108
2010 BG114
2010 BT119
2010 BQ125
2010 BC129
2010 CZ13
2010 CK21
2010 CQ34
2010 CK49
2010 CB50
2010 CW58
2010 CR134
2010 CO192
2010 CT195
2010 CM199
2010 CP212
2010 CT219
2010 CU219
2010 CM225
2010 CG238
2010 CY245
2010 DG21
2010 DS45
2010 DW50
2010 DD57
2010 DM73
2010 DT81
2010 DV85
2010 DZ85
2010 DX89
2010 EE8
2010 EV9
2010 EB27
2010 EB67
2010 EM115
2010 EQ118
2010 EE119
2010 EF145
2010 EM147
2010 EY157
2010 EE164
2010 ET166
2010 EZ166
2010 ED169
2010 ET170
2010 ET171
2010 FV17
2010 FB22
2010 FX38
2010 FC45
2010 FW45
2010 FK58
2010 FD62
2010 FB72
2010 FR75
2010 FW81
2010 FN109
2010 FQ111
2010 FR118
2010 FO119
2010 GY3
2010 GT18
2010 GO43
2010 GX51
2010 GD58
2010 GH59
2010 GH81
2010 GG82
2010 GQ154
2010 GY155
2010 GT164
2010 GC165
2010 GH170
2010 HF4
2010 HL7
2010 HO10
2010 HG14
2010 HR21
2010 HO35
2010 HH39
2010 HG42
2010 HP47
2010 HP52
2010 HB64
2010 HZ64
2010 HF66
2010 HA91
2010 HZ98
2010 HM99
2010 JV23
2010 JA50
2010 JW59
2010 JQ60
2010 JV66
2010 JW66
2010 JA69
2010 JU83
2010 JB87
2010 JL110
2010 JN123
2010 JZ124
2010 JQ125
2010 JZ125
2010 JZ126
2010 JZ128
2010 JH135
2010 JS157
2010 KR1
2010 KK9
2010 KL19
2010 KK20
2010 KT28
2010 KN42
2010 KC43
2010 KP48
2010 KT49
2010 KC50
2010 KY51
2010 KS62
2010 KM69
2010 KU72
2010 KY75
2010 KU82
2010 KH83
2010 KQ83
2010 KE85
2010 KN88
2010 KY101
2010 KW105
2010 KD108
2010 KD112
2010 KT121
2010 LB4
2010 LT7
2010 LW20
2010 LR31
2010 LL57
2010 LS59
2010 LT71
2010 LU71
2010 LZ72
2010 LU77
2010 LV78
2010 LX83
2010 LO94
2010 LM96
2010 LY114
2010 LW123
2010 LA126
2010 LT129
2010 MB18
2010 MK28
2010 MR29
2010 MB35
2010 MC35
2010 MK40
2010 ME42
2010 MH50
2010 MM52
2010 MH54
2010 MN60
2010 MP70
2010 MU81
2010 MU101
2010 MZ110
2010 NK2
2010 NH7
2010 NN7
2010 NC11
2010 NG14
2010 NL19
2010 NF21
2010 NL28
2010 NP38
2010 NA76
2010 NQ78
2010 NS89
2010 NE97
2010 NS105
2010 NJ110
2010 OF13
2010 OO47
2010 OS53
2010 OM54
2010 OW55
2010 OS71
2010 OB73
2010 OS76
2010 OF102
2010 OY113
2010 OT114
2010 OC125
2010 PS5
2010 PN12
2010 PJ16
2010 PB17
2010 PL27
2010 PN34
2010 PH43
2010 PY44
2010 PY69
2010 PR80
2010 QQ4
2010 RD5
2010 RP7
2010 RU24
2010 RG46
2010 RG50
2010 RC55
2010 RW64
2010 RB70
2010 RY70
2010 RA90
2010 RY182
2010 SG17
2010 SD34
2010 SY35
2010 TL3
2010 TW14
2010 TH41
2010 TN48
2010 TB64
2010 TA86
2010 TY97
2010 TU100
2010 TR104
2010 TA110
2010 TN112
2010 TY119
2010 TB120
2010 TJ120
2010 TS172
2010 TE173
2010 TL173
2010 TQ183
2010 TX184
2010 TE185
2010 TK187
2010 UD1
2010 UH29
2010 UL32
2010 UM47
2010 UY60
2010 UM87
2010 VE13
2010 VZ18
2010 VP28
2010 VS29
2010 VJ63
2010 VW84
2010 VY104
2010 VV164
2010 VS167
2010 VD170
2010 VN183
2010 VR189
2010 VQ195
2010 VE208
2010 VP214
2010 WN6
2010 WR12
2010 WN30
2010 WF40
2010 WK47
2010 WU48
2010 WZ58
2010 WO59
2010 XJ16
2010 XK22
2010 XA26
2010 XX31
2010 XG56
2011 AK4
2011 AC8
2011 AB9
2011 AF13
2011 AQ19
2011 AB21
2011 AP21
2011 AS21
2011 AG28
2011 AJ39
2011 AB44
2011 AF52
2011 AF60
2011 BN12
2011 BE15
2011 BU26
2011 BJ36
2011 BT41
2011 BU61
2011 BX100
2011 BF112
2011 BA127
2011 BJ137
2011 CY
2011 CC15
2011 CN29
2011 CC39
2011 CK55
2011 CD60
2011 CL67
2011 CD68
2011 CQ89
2011 CA105
2011 CQ116
2011 DH34
2011 DR41
2011 EX16
2011 EW47
2011 EF77
2011 EB79
2011 FQ8
2011 FY20
2011 FU25
2011 FL27
2011 FF42
2011 FG48
2011 FB49
2011 FP69
2011 FH87
2011 FL157
2011 GU
2011 GD50
2011 GC51
2011 GY73
2011 GB75
2011 GF85
2011 HB10
2011 HK10
2011 HH39
2011 HD52
2011 HF59
2011 HC67
2011 HE69
2011 HH100
2011 JZ13
2011 JK14
2011 JC15
2011 JE17
2011 KX34
2011 KZ44
2011 LQ11
2011 OF5
2011 OE15
2011 OQ33
2011 PO
2011 PY
2011 PJ6
2011 PP9
2011 QQ1
2011 QH5
2011 QL38
2011 QK44
2011 QK45
2011 QL49
2011 QT59
2011 QN75
2011 QL79
2011 QM93
2011 QS93
2011 RO7
2011 RA12
2011 RK15
2011 RJ17
2011 SF
2011 SN20
2011 SM22
2011 SM31
2011 SH46
2011 SY52
2011 SU60
2011 SO69
2011 SS69
2011 SE78
2011 SB85
2011 SY94
2011 SE98
2011 SB99
2011 SB101
2011 SY111
2011 SY112
2011 SG125
2011 SU134
2011 SR138
2011 SK149
2011 SC162
2011 SF164
2011 SV169
2011 SG175
2011 SC176
2011 SN191
2011 SY194
2011 SE197
2011 SZ215
2011 SC227
2011 SN231
2011 SW245
2011 SP252
2011 SO272
2011 SY273
2011 TL14
2011 US3
2011 UO21
2011 UP22
2011 UN27
2011 UB28
2011 UK36
2011 UE50
2011 UF70
2011 UM72
2011 UA87
2011 UC93
2011 UQ94
2011 UC108
2011 UQ118
2011 UC121
2011 UE385
2011 UK403
2011 UY151
2011 UK167
2011 UM190
2011 UG205
2011 UO229
2011 UG232
2011 UK234
2011 UM235
2011 UX239
2011 UW256
2011 UA271
2011 UZ272
2011 UC291
2011 UH310
2011 UV319
2011 UV321
2011 UG335
2011 UZ338
2011 UP358
2011 VF11
2011 VH22
2011 WC14
2011 WE15
2011 WV49
2011 WZ69
2011 WK74
2011 WC81
2011 WB88
2011 WA119
2011 WS126
2011 WJ152
2011 WQ152
2011 WC153
2011 YE20
2011 YN30
2011 YG31
2011 YN36
2011 YD42
2011 YR51
2011 YE63
2011 YQ69
2012 AB15
2012 AC15
2012 BN2
2012 BF17
2012 BB63
2012 BT83
2012 BN85
2012 BU106
2012 BD125
2012 BR137
2012 CF53
2012 DP41
2012 ET1
2012 EW5
2012 EE6
2012 FS5
2012 FZ12
2012 FJ21
2012 FQ78
2012 FQ80
2012 GV22
2012 GV25
2012 HV19
2012 HE24
2012 HR32
2012 HQ46
2012 HA72
2012 JM3
2012 JP34
2012 JA44
2012 JY45
2012 KC1
2012 KU4
2012 KP5
2012 KV32
2012 KL48
2012 LY
2012 LG12
2012 PK4
2012 PB22
2012 PS28
2012 PY35
2012 QN1
2012 QK6
2012 QR49
2012 QU49
2012 RB16
2012 RD16
2012 RB26
2012 RD41
2012 SZ21
2012 SU25
2012 SN26
2012 SQ30
2012 SS47
2012 SW47
2012 SB48
2012 TU3
2012 TT11
2012 TV15
2012 TR19
2012 TL32
2012 TD38
2012 TB101
2012 TH113
2012 TW120
2012 TJ123
2012 TS123
2012 TT126
2012 TP127
2012 TA147
2012 TG157
2012 TZ161
2012 TJ162
2012 TN165
2012 TT172
2012 TX175
2012 TC194
2012 TA197
2012 TE208
2012 TH212
2012 TB214
2012 TZ215
2012 TU222
2012 TK249
2012 TO267
2012 TJ283
2012 TY283
2012 TZ285
2012 TS295
2012 TQ315
2012 TG318
2012 UA
2012 UT2
2012 UK18
2012 UW32
2012 UF33
2012 UW78
2012 UO90
2012 UA94
2012 US102
2012 UF108
2012 UD117
2012 UB122
2012 UX122
2012 UQ140
2012 UC157
2012 UZ162
2012 US164
2012 VD1
2012 VN4
2012 VO27
2012 VA38
2012 VH38
2012 VT55
2012 VL59
2012 VC65
2012 VO67
2012 VA80
2012 VC80
2012 VB87
2012 VO87
2012 VX96
2012 WO2
2012 WQ6
2012 WD31
2012 WJ32
2012 WV34
2012 WJ35
2012 XQ16
2012 XU55
2012 XL59
2012 XR85
2012 XW86
2012 XY94
2012 XV105
2012 XT117
2012 XK125
2012 XJ128
2012 XY139
2012 XP152
2013 AH10
2013 AQ12
2013 AE20
2013 AM52
2013 AH71
2013 AH129
2013 AV138
2013 AG140
2013 AF141
2013 AP148
2013 AE149
2013 AK149
2013 AR150
2013 AS150
2013 AX152
2013 AC154
2013 AN157
2013 AV165
2013 AN169
2013 AK175
2013 AE177
2013 AV179
2013 AM180
2013 BE3
2013 BG4
2013 BW27
2013 BR30
2013 BP40
2013 BE59
2013 BP59
2013 CJ21
2013 CR21
2013 CU22
2013 CC23
2013 CK28
2013 CM36
2013 CJ37
2013 CT51
2013 CJ56
2013 CE98
2013 CD103
2013 CZ117
2013 CQ153
2013 CL166
2013 CE176
2013 EB5
2013 EC10
2013 EC25
2013 EU96
2013 EN109
2013 GO68
2013 GW70
2013 GR96
2013 GH104
2013 GR104
2013 HT18
2013 HA30
2013 HV45
2013 HD47
2013 HA49
2013 HR58
2013 HW65
2013 HU75
2013 HT91
2013 HE97
2013 HB129
2013 HS136
2013 HB143
2013 HE145
2013 HG145
2013 HM146
2013 HR146
2013 HN149
2013 HU149
2013 HO150
2013 JD2
2013 JA3
2013 JB21
2013 JQ37
2013 JU62
2013 KJ1
2013 KC11
2013 LH15
2013 LL22
2013 LG26
2013 LV30
2013 LF31
2013 NE14
2013 NU15
2013 OY5
2013 OJ9
2013 OL9
2013 PK5
2013 PN20
2013 PU22
2013 PO37
2013 QC12
2013 QT14
2013 QH15
2013 QK17
2013 QE35
2013 QA36
2013 QZ65
2013 QQ66
2013 RH1
2013 RH14
2013 RY34
2013 RO47
2013 RO53
2013 RD56
2013 RU57
2013 RP87
2013 SM14
2013 SD40
2013 SE47
2013 SZ67
2013 TU1
2013 TW12
2013 TS27
2013 TP37
2013 TZ38
2013 TT43
2013 TP70
2013 TS74
2013 TH78
2013 TC115
2013 TQ118
2013 TJ120
2013 TB128
2013 TN135
2013 TA140
2013 TM143
2013 UY6
2013 VC5
2013 VD6
2013 VK15
2013 VB22
2013 VU22
2013 WP5
2013 WO7
2013 WY24
2013 WG67
2013 WG108
2013 XP7
2013 XN9
2013 XG15
2013 YX8
2013 YY9
2013 YR17
2013 YE19
2013 YM59
2013 YO71
2013 YT78
2013 YS89
2013 YK97
2013 YP105
2013 YF108
2013 YN118
2013 YA127
2013 YQ135
2013 YF142
2014 AS6
2014 AA37
2014 AL46
2014 BZ22
2014 BM46
2014 BY55
2014 DC14
2014 DJ18
2014 DD30
2014 DT40
2014 DO43
2014 DM82
2014 DM97
2014 DX112
2014 EA51
2014 FO3
2014 FV68
2014 GC47
2014 HX
2014 HV30
2014 HR33
2014 HM39
2014 HV45
2014 HP47
2014 HE61
2014 HK130
2014 HZ176
2014 JD5
2014 JM23
2014 JR44
2014 JV52
2014 JN62
2014 JP79
2014 KL68
2014 KN73
2014 KD82
2014 KG88
2014 LP14
2014 MY41
2014 NN1
2014 NJ47
2014 NR64
2014 OP8
2014 OA66
2014 OA88
2014 OO98
2014 OS99
2014 OX360
2014 OG370
2014 OF116
2014 OG121
2014 OY131
2014 OC134
2014 OU138
2014 OA142
2014 OZ160
2014 OQ168
2014 OR182
2014 OH183
2014 ON186
2014 OZ187
2014 OJ201
2014 OC210
2014 OC224
2014 OV246
2014 OP250
2014 OR269
2014 OP287
2014 OR289
2014 OM303
2014 OQ304
2014 OB317
2014 OV321
2014 ON323
2014 OA328
2014 OY328
2014 OX340
2014 OO354
2014 PK11
2014 PT29
2014 PH48
2014 PA53
2014 PW53
2014 PX58
2014 PA68
2014 QZ2
2014 QN3
2014 QM23
2014 QJ26
2014 QN46
2014 QT51
2014 QP75
2014 QC376
2014 QS122
2014 QZ386
2014 QO391
2014 QH149
2014 QO188
2014 QE194
2014 QJ196
2014 QQ223
2014 QU235
2014 QJ238
2014 QN239
2014 QH254
2014 QD271
2014 QO271
2014 QW275
2014 QK285
2014 QL344
2014 QY352
2014 QB354
2014 RN2
2014 RM5
2014 RU9
2014 RV17
2014 RF44
2014 RE46
2014 RL47
2014 SO30
2014 SQ81
2014 SX82
2014 SK93
2014 SW138
2014 SA139
2014 SY144
2014 SB146
2014 SG151
2014 SR226
2014 SE233
2014 SY259
2014 SP282
2014 SK284
2014 SJ296
2014 SA304
2014 SF319
2014 SO332
2014 TE10
2014 TM15
2014 TV32
2014 TS37
2014 TU84
2014 UA6
2014 UD19
2014 UC57
2014 UU115
2014 UP125
2014 UB179
2014 UB190
2014 UK193
2014 VP2
2014 VV15
2014 VH29
2014 WM27
2014 WO58
2014 WS69
2014 WV74
2014 WE290
2014 WK299
2014 WN311
2014 WQ366
2014 WC117
2014 WS117
2014 WT378
2014 WL119
2014 WL141
2014 WF175
2014 WA455
2014 WK197
2014 WR223
2014 WF490
2014 WO232
2014 WP262
2014 WX268
2014 WE290
2014 WT292
2014 WK299
2014 WN311
2014 WC335
2014 WW350
2014 WK359
2014 XB9
2014 XX30
2014 YF43
2015 AC
2015 AN1
2015 AH3
2015 AJ32
2015 AS44
2015 AH45
2015 AK171
2015 AK175
2015 AF181
2015 AN203
2015 AY203
2015 AE280
2015 BH9
2015 BL11
2015 BP12
2015 BK16
2015 BJ32
2015 BL32
2015 BX51
2015 BS62
2015 BO78
2015 BE86
2015 BN98
2015 BU101
2015 BU101
2015 BG111
2015 BQ124
2015 BD134
2015 BO134
2015 BA140
2015 BS147
2015 BY408
2015 BT152
2015 BO157
2015 BS424
2015 BZ426
2015 BB167
2015 BT168
2015 BW168
2015 BE431
2015 BO172
2015 BB174
2015 BR174
2015 BF455
2015 BJ461
2015 BW205
2015 BJ472
2015 BP215
2015 BY216
2015 BG218
2015 BE219
2015 BZ235
2015 BC252
2015 BQ260
2015 BK264
2015 BP279
2015 BH306
2015 BM308
2015 BE309
2015 BG309
2015 BU349
2015 CT37
2015 CK41
2015 CS53
2015 DF109
2015 DH110
2015 DX113
2015 DP145
2015 DQ154
2015 DB162
2015 DR179
2015 DR195
2015 DL199
2015 EN34
2015 EW37
2015 EL52
2015 EO58
2015 FE121
2015 FE142
2015 FB159
2015 FP181
2015 FO230
2015 FY285
2015 FS296
2015 FF298
2015 FF311
2015 GE
2015 GS3
2015 GO26
2015 GC41
2015 GA42
2015 GE43
2015 HN43
2015 HO67
2015 HR70
2015 HE73
2015 HT76
2015 HJ77
2015 HJ88
2015 HQ88
2015 HK102
2015 HR109
2015 HK123
2015 HN168
2015 HH173
2015 HH182
2015 KJ9
2015 KB12
2015 KH13
2015 KH14
2015 KK64
2015 KT85
2015 KF108
2015 KU148
2015 KD156
2015 LP14
2015 LE24
2015 LJ34
2015 ML6
2015 MK11
2015 MM11
2015 MJ50
2015 MH72
2015 MK72
2015 MG79
2015 MD100
2015 MU101
2015 MM120
2015 MY130
2015 NA10
2015 NC13
2015 NJ13
2015 OV1
2015 OX1
2015 OJ2
2015 OM2
2015 OU11
2015 OW11
2015 OB12
2015 OG17
2015 OF20
2015 OJ20
2015 OU20
2015 OZ25
2015 OJ26
2015 OY46
2015 OF65
2015 PH5
2015 PM8
2015 PS36
2015 PM40
2015 PT51
2620 T-3
5154 T-3
