id
202604
207588
207856
209859
209868
210420
212661
214991
229256
235947
238732
238797
239235
239359
240713
241047
241247
241354
241491
245377
245426
245471
246189
248284
248708
248950
249222
250675
250701
250706
250734
250778
254834
254880
254900
255018
255055
255078
255090
255157
255271
255284
255392
256164
257124
257227
260844
261067
261252
261289
261344
261445
261494
261506
261539
261815
262441
262513
262577
262693
262875
262909
263728
264182
264232
265936
266968
272754
273242
273257
274549
277865
278396
278782
278931
280655
280666
281064
281297
281495
281831
281905
282591
283110
284090
284569
284620
289463
289733
289750
289760
290168
290731
292237
292466
296978
299721
299830
300012
301616
303668
303711
304500
304595
304617
305495
306095
306135
306296
308319
309060
309080
309129
309132
309760
310012
311346
311475
312288
312709
314279
314300
314316
314324
314342
314357
314364
314365
314393
314398
314403
314407
314408
314412
314416
314420
314435
314449
314457
314496
314996
315015
315032
315084
315668
315778
315803
315859
315868
316191
316261
316535
316608
318781
318845
318946
318955
318968
318977
318980
319015
319027
319029
319038
319053
319058
319069
319129
319224
320081
320917
321944
321981
324009
324043
324129
324132
324142
324167
324705
325553
325932
326207
326252
327475
327539
327549
329086
329088
329979
330050
330096
330477
331191
332900
332938
335197
335641
335649
335885
336003
336413
336743
339436
339446
339455
339479
339481
339506
339549
340409
340553
341170
341183
341229
341286
341297
341302
341348
341365
341473
341522
341579
341592
341657
341671
341688
341698
341716
341836
342935
343398
343434
343489
343573
343954
343981
345077
345098
345945
345997
345999
346049
346070
346095
346117
346138
346155
346158
346173
346176
346195
347085
347473
348410
348470
348528
349324
349346
349382
349481
350290
351843
351959
352036
352090
352348
352459
352462
352536
353306
353586
353618
353619
353734
354674
354694
354701
354741
355144
355158
355536
355596
355652
355681
355682
356378
356401
356652
356684
356889
356892
356945
357701
357707
357738
357759
357783
357817
357826
357838
357890
357924
358580
358623
358716
358766
358808
358827
358899
359475
359477
359527
359582
359910
359990
360121
360871
360873
360882
360883
360884
360888
360895
360902
360919
360938
360954
360964
360981
360982
360984
361006
361007
361014
361018
361025
361029
361057
361867
361906
361922
361979
362414
362489
362493
362505
362522
362777
363893
363915
363928
363944
363963
363968
363973
363985
363992
363994
364001
364036
364043
364058
364064
364065
364073
364088
364365
364967
364976
364995
365545
365579
365725
365749
365753
365776
366068
366981
367007
367228
367279
367629
367791
367825
367847
367850
369045
371189
372713
373047
375362
375407
375999
376349
377504
377506
377511
378797
378835
378904
378984
379008
379442
379449
379507
380699
380949
381609
381612
381613
381928
381956
382342
382992
383627
383631
383705
384500
384554
384919
385867
386154
386469
386507
386825
386949
387058
387061
387124
387309
387951
387977
388662
389184
389461
389499
389706
390003
390938
390957
391108
391617
392161
392671
392699
392991
393168
393791
393893
393912
394021
394064
394298
394309
394664
395257
396160
396519
396956
396965
396979
396985
396991
397005
397011
397020
397021
397022
397056
397088
397999
398080
398186
398248
398250
398251
398253
398611
398614
398618
398632
398882
398974
398999
399232
399274
399787
399827
399829
399832
399857
399858
399859
399861
399867
399876
399892
399961
400456
400831
400836
400892
400947
400953
401280
401401
401720
401753
402324
402338
402340
402342
402349
402351
402356
402365
402369
402374
402375
402423
403165
403185
403456
403721
403737
404000
404096
404310
404466
404511
404836
404882
405588
405667
405679
405732
405738
405739
405753
405780
406752
407518
407535
407536
407541
407554
407565
407579
407993
408554
408674
409560
409639
409649
409665
409670
409674
409675
409680
409689
410948
411049
411446
411521
411866
412016
412746
412750
412808
412934
413694
413704
414549
416723
417153
417242
417265
417336
417428
419399
419456
419473
419478
419853
420278
421033
421455
421567
421740
421743
421753
421837
421872
423299
423315
423319
423353
424880
424926
425308
425379
425388
425462
425484
426320
426513
426789
426939
426967
426970
426988
426990
426997
427801
427811
428078
428372
428876
428899
428910
428918
429331
429342
429364
429882
429945
430073
430086
430101
430247
430256
430809
430816
430817
430832
430833
431443
431461
431522
431537
431600
431610
432028
432437
432470
432495
432529
432855
433013
433080
433135
433657
433794
433894
434402
434405
434410
434411
434857
435226
435227
435237
435268
435300
435320
435345
436314
436366
436649
436831
437129
437168
437209
437246
437271
437640
437793
438113
438131
438136
438151
438166
438865
438977
439405
439578
2005 EH9
2005 EC64
2005 EP174
2005 EH235
2005 EB237
2005 EO279
2005 GL19
2005 GQ96
2005 GS201
2005 JO7
2005 JY9
2005 JP26
2005 JC170
2005 JR174
2005 JR182
2005 LS41
2005 MW29
2005 NZ7
2005 NZ17
2005 NC88
2005 PM3
2005 QV19
2005 QS28
2005 QG32
2005 QD34
2005 QV43
2005 QB44
2005 QB87
2005 QS103
2005 QZ186
2005 RC45
2005 SC7
2005 SJ13
2005 SM32
2005 SJ44
2005 SW66
2005 SJ76
2005 ST85
2005 SF109
2005 SR127
2005 SH156
2005 SN174
2005 SV183
2005 SA230
2005 SV235
2005 SP241
2005 SA257
2005 SX281
2005 SK293
2005 TU7
2005 TD8
2005 TW25
2005 TH68
2005 TY78
2005 TZ79
2005 TT85
2005 TY96
2005 TO109
2005 TR113
2005 TN114
2005 TW120
2005 TT122
2005 TC128
2005 TA144
2005 TZ144
2005 TZ163
2005 TM170
2005 TM180
2005 UJ17
2005 UW30
2005 UY33
2005 UT72
2005 UM76
2005 UJ83
2005 UD84
2005 US144
2005 UA176
2005 UU191
2005 UJ225
2005 UP329
2005 UG332
2005 US332
2005 UM362
2005 UL365
2005 UL111
2005 UV117
2005 UT380
2005 UB124
2005 UL124
2005 UE387
2005 UJ390
2005 UO136
2005 UH137
2005 US144
2005 UJ424
2005 US165
2005 UC429
2005 UZ172
2005 UH435
2005 UA176
2005 UD184
2005 UB446
2005 UU191
2005 UX191
2005 UG193
2005 UT195
2005 UY196
2005 UH460
2005 UV202
2005 UK204
2005 UM208
2005 UO211
2005 UJ225
2005 US226
2005 UA488
2005 UG228
2005 UK492
2005 UX247
2005 UD248
2005 UL255
2005 UN517
2005 UD258
2005 UU258
2005 UM519
2005 UB521
2005 UD522
2005 UG529
2005 UT269
2005 UP280
2005 UT284
2005 UR285
2005 UQ289
2005 UA318
2005 UZ328
2005 UP329
2005 UR331
2005 UG332
2005 US332
2005 UR343
2005 UE345
2005 UA347
2005 UN359
2005 VG8
2005 VO13
2005 VF23
2005 VM29
2005 VL38
2005 VO52
2005 VM76
2005 VK97
2005 VL102
2005 VL107
2005 VN113
2005 VO132
2005 VJ134
2005 WU9
2005 WO11
2005 WD18
2005 WR22
2005 WC28
2005 WZ37
2005 WU57
2005 WH65
2005 WB89
2005 WG97
2005 WW100
2005 WK103
2005 WX104
2005 WQ131
2005 WA142
2005 WR144
2005 WW144
2005 WU146
2005 WP152
2005 WZ154
2005 WH169
2005 WD170
2005 WK208
2005 XU12
2005 XO23
2005 XF44
2005 XL48
2005 XO52
2005 XG54
2005 XQ58
2005 XE67
2005 XR68
2005 XT68
2005 XN86
2005 XN109
2005 YM20
2005 YE31
2005 YE45
2005 YF58
2005 YR63
2005 YJ64
2005 YX68
2005 YS69
2005 YO72
2005 YT73
2005 YC77
2005 YY81
2005 YN84
2005 YH88
2005 YZ104
2005 YQ111
2005 YT111
2005 YO135
2005 YX140
2005 YB142
2005 YZ185
2005 YV187
2005 YQ196
2005 YC205
2005 YA216
2005 YH264
2006 AP52
2006 AA53
2006 AF53
2006 CA40
2006 HA41
2006 KF60
2006 QP47
2006 UL41
2006 UX335
2006 VQ27
2006 XA21
2007 CX19
2007 DO6
2007 DY110
2007 EX150
2007 RF46
2007 TX61
2007 TL132
2007 VF
2007 XW58
2008 AG2
2008 CH48
2008 CE61
2008 CC69
2008 EU86
2008 EQ137
2008 EA154
2008 EA168
2008 FT17
2008 FV62
2008 FJ100
2008 GW75
2008 HD29
2008 UW347
2008 YC79
2009 HO38
2009 HN100
2009 HQ102
2009 RU2
2009 WL219
2010 AO48
2010 CB75
2010 CQ92
2010 CR147
2010 DM37
2010 DZ49
2010 EU41
2010 EK75
2010 ED100
2010 EE113
2010 ER131
2010 FL13
2010 FU82
2010 GY32
2010 GY171
2010 JP155
2010 LS
2010 LT48
2010 LV117
2010 MR21
2010 MJ69
2010 NT16
2010 NW65
2010 NZ107
2010 OG3
2010 OE43
2010 OU50
2010 OR88
2010 OJ93
2010 PP33
2010 PX64
2010 PH80
2010 QN6
2010 RX10
2010 RA11
2010 RQ32
2010 RU54
2010 RF61
2010 RJ61
2010 RY96
2010 RF143
2010 RZ153
2010 RF184
2010 SL2
2010 TQ22
2010 TB31
2010 TQ67
2010 TO84
2010 TS84
2010 TW90
2010 TE91
2010 TY95
2010 TX98
2010 TR101
2010 TH103
2010 TD106
2010 TD107
2010 TT109
2010 TV114
2010 TU124
2010 TW141
2010 TW152
2010 TM170
2010 TW175
2010 TL187
2010 UX9
2010 UK14
2010 UE17
2010 UT34
2010 UJ37
2010 UD42
2010 UC53
2010 UD68
2010 UX80
2010 VT5
2010 VO25
2010 VM50
2010 VQ73
2010 VU88
2010 VO96
2010 VK110
2010 VO113
2010 VG123
2010 VW162
2010 VT178
2010 VP179
2010 VD196
2010 VG203
2010 VW208
2010 VJ213
2010 WQ4
2010 WB13
2010 WU13
2010 WV32
2010 WM34
2010 WU47
2010 XB2
2010 XN78
2011 AP9
2011 AB16
2011 AG44
2011 BV9
2011 BX153
2011 HZ88
2011 KJ8
2011 KS14
2011 QY94
2011 SE99
2011 SA134
2011 SY250
2011 TC13
2011 UL138
2011 UM401
2011 UT157
2011 UO301
2011 UJ313
2011 UC314
2011 UL326
2011 WT42
2011 XP1
2011 YW17
2012 AK4
2012 BT138
2012 BO151
2012 DE45
2012 FB47
2012 KA37
2012 LH12
2012 PR7
2012 UY35
2012 UD123
2012 UQ149
2012 VS20
2012 VH43
2012 VA94
2012 XT56
2012 XM80
2013 AY1
2013 CQ2
2013 CR150
2013 CC159
2013 CN183
2013 CU203
2013 DD11
2013 DO15
2013 EW8
2013 EN22
2013 EP130
2013 EO132
2013 FZ6
2013 FP9
2013 FJ12
2013 GB28
2013 GZ48
2013 HF45
2013 HU45
2013 HK51
2013 HA59
2013 HJ98
2013 HL117
2013 JW35
2013 LK10
2013 RR63
2013 SP38
2013 VH6
2013 WY25
2013 WX48
2013 YL90
2014 AV10
2014 DG5
2014 DH13
2014 HP114
2014 JE17
2014 JE41
2014 KU23
2014 KB66
2014 KZ67
2014 KW92
2014 KK95
2014 MP55
2014 NY50
2014 NR55
2014 ON12
2014 OC27
2014 OU30
2014 OD39
2014 OY47
2014 OK62
2014 OG94
2014 OL361
2014 OF118
2014 OK122
2014 OO150
2014 OH189
2014 OS205
2014 OR224
2014 OC243
2014 OO257
2014 OO299
2014 PE19
2014 QW121
2014 QE136
2014 QQ255
2014 QS277
2014 QV281
2014 QM329
2014 QX329
2014 QH340
2014 RC22
2014 SX12
2014 SC93
2014 ST122
2014 SF280
2014 SP295
2014 SP339
2014 SA341
2014 WX381
2014 WN494
2014 WW342
2015 AN43
2015 AJ115
2015 BE6
2015 BV63
2015 BX120
2015 BN126
2015 BQ348
2015 CA5
2015 CK15
2015 CX59
2015 DY16
2015 DM53
2015 DU82
2015 DY173
2015 DW209
2015 FL74
2015 FU75
2015 FP77
2015 FP336
2015 GW16
2015 GH31
2015 GZ32
2015 GE36
2015 HR64
2015 HJ166
2015 KO5
2015 KG11
2015 KW14
2015 KP63
2015 KQ75
2015 KB131
2015 MD8
2015 MS45
2015 MK69
2015 MC84
2015 MX106
2015 MN115
2015 NM17