id
6225
12100
14092
14226
17339
17824
19011
19203
19368
19809
20534
20946
20949
21057
21283
21629
21716
21781
22195
22929
23277
23393
24052
24091
24574
25416
25577
25706
26079
26782
27032
27646
28237
28555
29044
29059
29224
30205
30535
30759
30851
31571
32982
33024
33358
33994
34180
34338
34559
34819
35157
35283
35506
35576
36252
36953
36955
36996
37176
37467
37881
37890
38061
39024
39359
39374
39731
39838
40251
40810
40814
40902
41584
41632
41733
41762
42001
42084
42148
42505
42536
42592
42664
42883
43465
43614
43884
44823
45037
45763
45780
45890
46011
46130
46157
46176
46344
46468
46487
46615
46729
46752
46970
47453
47537
47573
48170
48272
48282
48793
49072
49270
49374
49761
50124
50250
50278
50298
50496
50536
50633
50679
50936
51054
51130
52041
52109
52817
52855
52931
52996
53029
53060
53116
53394
53726
53736
53854
53859
53891
54067
54235
54272
54338
55227
55252
55258
55497
55773
55816
57482
57494
57658
57782
57788
57799
57840
58080
58124
58488
58490
58809
59162
59280
59384
59497
59576
59758
59828
60058
60100
60198
60236
60489
60552
60592
60772
60957
61517
61749
61762
61888
61998
62196
62250
62441
62527
62581
62655
63625
63898
64043
64146
64330
64351
64375
64408
64430
64444
64527
64604
64866
64925
64939
64972
65042
65465
65804
66221
66863
66913
67313
67315
67408
67657
67692
67806
67810
68391
68500
68518
68581
69037
69049
69242
69513
69523
69912
70439
70761
70796
70807
70857
70860
70861
70893
71021
71067
71185
71435
72469
72524
72533
72601
72684
72723
73550
74239
74247
75120
75158
75232
75290
75331
75335
75352
75461
75832
75848
75937
76005
76007
76343
76501
76676
76761
77556
77918
78187
78201
78247
78249
78268
78386
78412
78424
78613
78786
78980
79028
79070
79103
79256
79435
80750
80922
81265
81350
81515
81547
81587
81807
81852
82417
82761
83054
83070
83111
83230
83237
83277
83304
83324
83476
83509
83565
83595
83630
83699
83736
83875
84465
84669
84710
85011
85108
86474
87452
87508
87600
87778
87869
88505
88706
88709
88746
88754
88776
88820
89022
89102
89125
89171
89231
89289
89389
89462
90506
90889
90893
90921
91051
91060
91117
91143
91307
91555
91835
92599
92705
93228
93418
93477
93544
93941
94103
94139
94168
94194
94254
94699
95069
95204
95241
95311
95431
95524
95535
95540
95612
95635
95642
96871
96921
96927
96995
97131
97158
97188
97440
97510
97625
97728
98102
98206
98885
98924
98946
99048
99172
99611
99623
99775
99811
100032
100729
100736
102715
102949
103221
103586
103678
103689
103716
103789
103823
103827
103936
104029
104415
104575
104579
104842
105014
105067
105317
105358
105380
106100
106116
106166
106390
106597
107339
107366
107390
107491
107735
107942
108012
108104
108217
108312
108387
108460
108503
108617
108720
108990
109025
109298
109558
109853
109920
110121
110293
110305
110598
110835
110935
111112
111116
111119
111164
111393
111476
111610
111660
112630
112668
112722
112809
112956
112995
113065
113373
113547
113679
113962
114027
114324
114562
114629
114646
114714
114952
115124
115245
115255
115685
115702
115839
115851
115973
115982
115996
116239
116651
116835
117381
117494
117500
117555
118781
118855
118906
119003
119650
119676
119783
119799
119913
120667
121337
121473
121484
121489
121539
121727
122718
122941
123676
123678
123688
123744
123792
123819
123903
123943
123949
123977
124009
124855
125988
126316
126405
126481
126604
126648
126673
126844
126876
126885
126960
127040
127041
127068
127074
127160
127163
127190
127356
127441
127738
127840
128228
128241
128724
128992
129011
129106
129117
129158
129479
129699
129741
130106
130208
131172
131182
131207
132757
132818
132825
132891
132901
133047
133323
133443
133565
133777
133837
134264
134286
134367
134825
134997
135204
135218
135269
135522
135543
135775
135836
136725
136733
137148
138620
138776
138878
139686
139706
139815
139933
139934
139943
140098
140107
140472
140839
140851
140933
141151
141199
142508
143009
143325
143326
143436
143443
143581
143618
144363
144379
144440
144560
145242
145392
145484
145489
146189
146753
146769
146795
146883
146943
146952
147433
147778
147827
147922
148377
148415
148858
149075
149132
149146
149152
149488
149515
149770
149780
149884
150046
150596
151047
151073
151127
151337
151340
151812
152119
152237
152404
154160
154798
154874
154975
155283
155488
155512
155870
155895
156620
156990
157051
157411
157419
157464
157638
157652
157695
158725
159322
159812
159975
160139
160422
161498
161515
161540
161829
161884
162244
162823
163414
163464
163532
163988
164149
165079
165087
165845
165926
166682
166759
166828
167559
167644
167954
168024
168035
168261
168409
168752
168794
168799
169267
170741
170754
170808
170854
170952
171247
171921
171925
171968
172023
172754
172801
172943
173735
173971
174452
174534
175546
175633
175929
176291
176419
176586
177011
177081
177089
177114
177886
177890
177931
179376
179438
179497
181174
181191
181566
181983
182827
182853
182950
183308
183364
183880
183946
184262
184662
184872
184966
185325
185432
185450
185462
185484
185627
185637
185659
186135
186941
187254
187633
187820
188531
188568
188718
188730
188812
189149
189335
189372
189512
189892
189933
190032
191394
191436
192038
192044
192125
192133
192241
192248
192460
192468
193002
193080
193114
193738
194142
195755
195863
195916
196058
196115
196124
196171
196634
196656
196682
196739
196932
197096
197125
197184
197224
197239
197249
198285
198639
198680
198728
199277
199610
199637
199746
199769
199776
201387
201866
201936
202362
202620
202678
202825
203883
204157
204218
204271
204478
204607
205003
205535
206270
206688
206762
206778
206810
206852
207358
207636
207643
207784
207873
208053
208991
209023
209379
210169
210368
210435
210999
211020
211022
211351
211482
211863
212181
212689
213649
214719
214830
215032
215359
215388
215395
216302
216400
216761
216940
217135
217246
217249
217507
217518
218066
218081
218423
218456
218506
218515
218526
218527
218986
219936
219976
220281
220378
220415
220667
220675
220907
221458
222167
222690
223373
223434
223744
223973
225059
226086
226403
226440
227014
227687
227997
228673
229269
229440
229899
230487
230998
231015
231040
231561
231634
231686
231824
232394
232540
232543
233635
233670
234059
234434
234473
234527
235314
235420
235435
235443
235445
235570
235973
235995
236810
236873
236945
236972
237645
238695
239693
239714
239917
240218
240789
241045
241060
241412
241441
241481
241504
241851
241868
242241
242400
242930
242985
243285
243425
243466
243556
244463
244922
245009
245022
245360
245362
245438
246090
246127
246209
246442
246722
247395
247412
247479
247895
248877
248881
249159
249197
249407
249983
250046
250541
250557
250892
250902
251907
252131
252795
252801
253073
254226
254243
254352
255087
255101
255106
255332
255402
256428
256458
256496
256538
257073
257369
257391
257410
257912
258562
258732
258802
258874
259450
260351
260419
261520
261707
261764
262758
262969
263397
263423
263494
264102
265093
265471
266454
266489
266825
266964
267600
267793
268200
268679
269120
269349
270427
270896
271379
274332
274338
274583
274670
274753
274785
274788
276834
277095
277114
278076
278429
278447
278610
279033
279342
280886
281870
282395
283166
284403
286346
286599
286678
288377
288991
289968
290731
291352
293098
293284
293400
293448
293537
294055
295408
296568
296871
297068
299933
300961
301532
302316
302349
303311
303911
303925
305438
305834
306143
306419
308095
310315
310705
311537
311982
312607
313668
313944
315163
316139
316143
316589
317296
318275
319386
319427
320045
320430
320473
321255
321458
321573
322041
322536
322943
324149
324225
324259
324832
325682
325724
325731
326176
326258
328801
329081
329085
329122
329153
329538
330490
331213
332949
334935
336739
338931
340776
341672
348525
350183
351995
352092
353406
353614
353779
355557
355649
359501
359964
361027
361524
362265
362536
362802
362939
364099
365375
369126
369671
372717
373112
373268
379497
379967
384462
387460
389546
399075
399974
400937
403477
405481
411547
411999
412445
417192
419353
421061
421445
426266
433721
437425
439365
2002 FV18
2005 UY351
2008 WO43
2008 WT46
2010 HZ57
2010 MR14
2010 VM138
2011 GC41
2011 HH78
2011 TJ17
2012 JR41
2012 XG9
2013 PK35
2013 QW42
2013 SU52
2013 TY3
2013 WM89
2013 YT44
2014 AH42
2014 FL64
2014 NS56
2014 UX194
2014 UL216
2014 WA423
2014 WT335
2014 YV6
2015 CY20
2015 DP113
2015 DZ209
2015 FY115
2002 QK68
2003 YV109
2007 TU170
2007 VQ54
2007 WE11
2009 DH26
2010 AS83
2010 AE118
2010 BH60
2010 BD86
2010 BU87
2010 BJ90
2010 BQ98
2010 BP105
2010 BY110
2010 CQ209
2010 CG234
2010 CS235
2010 CH238
2010 EX63
2010 ES169
2010 GL94
2010 GG145
2010 HX73
2010 JG53
2010 JS133
2010 JA139
2010 KL5
2010 KT48
2010 KR56
2010 KK75
2010 KR97
2010 KC104
2010 KR123
2010 LR38
2010 LE50
2010 LS89
2010 MV38
2010 NT76
2010 ND107
2010 NY112
2010 NT116
2010 OD38
2010 OS92
2010 OA108
2010 PR2
2010 PE36
2012 XC16
2014 KN48
2014 WK196