id
25
105
276
445
480
581
814
892
911
925
965
978
1022
1090
1101
1310
1312
1361
1467
1565
1600
1747
1803
1838
1873
1884
2014
2055
2495
2759
2920
2937
3025
3043
3246
3255
3309
3346
3353
3360
3397
3401
3476
3578
3674
3731
4045
4086
4209
4232
4276
4379
4435
4440
4736
4880
4946
5028
5360
5647
5649
5736
5738
5817
5879
6052
6053
6222
6261
6487
6894
7187
7330
7369
7703
7758
7818
7838
7958
8168
8563
8813
9004
9070
9387
9431
9767
9816
9947
10051
10502
10654
10689
10773
10813
10837
10938
11397
11789
11976
12064
12238
12395
12404
13120
13186
13219
13245
13290
13528
13720
14211
14315
14424
14429
14461
14764
14962
15100
15213
15488
15527
15784
16256
16346
16546
16635
16725
17083
17175
17177
17308
17437
17483
17555
17580
17602
17644
17866
18181
18568
18582
18901
18929
19010
19140
19284
19711
19980
20084
20086
20421
20428
20453
20490
20517
20543
20617
20635
20743
20866
20953
21001
21028
21104
21222
21224
21252
21254
21282
21904
22083
22149
22357
22449
22636
22955
23106
23184
23233
23301
23404
23647
23987
24029
24042
24451
24465
24472
24479
24510
24759
24761
24815
24866
24963
25295
25318
25884
25895
25902
25911
25917
25982
26106
26303
26324
26382
26638
26714
26858
26879
27601
27704
27708
27776
27788
28231
28892
29107
29242
29308
29730
29951
29963
30019
30234
30494
30542
30555
30724
30742
30765
30877
30969
31316
31320
31348
31351
31354
31849
31850
31881
31986
32124
32141
32253
32435
32436
32480
32584
32827
33214
33288
33322
33326
33332
33888
33921
34428
34506
34684
34726
34745
35040
35087
35165
35324
35664
36827
37300
37550
37596
37671
37678
37703
37860
37905
37966
38049
38055
38423
38424
38522
38892
38902
38916
38953
39199
39420
39700
39946
39969
40141
40160
40212
40229
40677
40971
40978
41504
42160
42229
42783
42800
42806
43242
43423
43485
43534
43552
43584
43634
43642
43922
43931
44276
44321
44438
45468
45490
45602
45694
45825
45975
46137
46404
46513
46598
46818
47464
47828
47946
47947
48178
48213
48293
48527
48703
49310
49336
49576
49694
49782
49975
50158
50384
50887
51075
51112
51233
51263
51386
51417
51424
51541
51852
51868
52012
52223
52284
52471
52567
52636
52657
52661
52800
52821
53422
53428
53527
54601
54650
54807
54896
55182
55380
55401
55420
55530
55913
55943
55947
56013
56058
56116
56326
56667
56817
56857
56865
56918
56920
56948
56978
57129
57269
57524
57664
58046
58111
58156
58419
58460
58506
58558
58701
58803
58877
58906
58957
58958
59247
59249
59465
59493
59651
59756
59798
59800
59891
59978
60049
60051
60735
61226
61676
61729
61925
62074
62107
62157
62343
62353
62694
62701
62789
63007
63100
63386
63443
63521
63634
63987
65637
65640
65757
66055
66107
66109
66407
66654
66671
66684
66772
67071
67175
67238
67302
67438
67628
68023
68146
68223
68289
68331
68467
68867
69045
69139
69406
69493
69554
69870
69969
70021
70045
70443
70459
70504
70666
70900
70992
71534
71740
71764
71765
71798
71806
72008
72362
72826
72870
72938
72987
73075
73076
73077
73197
73415
73459
73691
73844
73932
74143
74402
74510
74517
74548
76551
76583
76694
76714
77409
77670
77798
77813
77823
77917
78175
78188
78704
78905
79131
79380
79490
79508
79665
80030
80034
80094
80100
81195
81236
81373
81510
81799
81894
82009
82020
82029
82054
82057
82067
82068
82077
82151
82332
82344
82426
82539
82565
82599
82662
82667
82837
82895
82937
83023
83362
83373
83629
83790
83920
84059
84162
84202
84370
84518
84883
84890
84891
84962
85041
85267
85332
85632
86001
86140
86141
86149
86204
86279
86302
86339
86413
86612
86962
87091
87197
87470
87629
87765
87883
87906
87908
87934
87935
88064
88073
88141
88158
88235
88236
88251
88385
88466
88538
88547
88549
88710
89229
89281
89501
89941
90005
90216
90487
90564
90568
90642
90648
91034
91628
91651
91873
92036
92043
92174
92302
92494
92778
92890
92938
93034
93038
93109
93379
93440
93941
93950
93954
94213
94228
94251
94302
94335
94346
94695
95070
95172
95512
95542
95596
95689
95694
95954
95962
96177
96314
96322
96334
96438
96475
96559
96753
96762
96763
97085
97412
97488
97496
97599
97642
97648
97670
97676
97693
97734
97757
97962
98682
99203
99270
99294
99298
99391
99814
99892
99950
99967
100000
100007
100031
100119
100276
100403
100525
101058
101200
101331
101433
101492
101554
101575
101606
101639
101722
101860
101866
102419
102775
102916
102934
103113
103219
103564
103990
104651
104770
104906
104959
104999
105001
105117
105119
105180
105246
105393
105602
105621
105626
105651
105681
105742
105858
105869
105993
105999
106088
106189
106429
106452
106531
106546
106666
106767
106769
106808
106851
107283
107373
107570
107636
107637
107640
107741
107759
107970
108194
108261
108554
108661
108692
108699
108959
109229
109339
109413
109435
109454
109493
109865
109964
110003
110030
110138
110201
110329
110353
110391
110469
111351
111557
111559
111657
111661
111682
111753
111832
111997
112063
112106
112405
112740
112804
113241
113366
113368
113387
113842
113888
113916
114037
114202
114237
114326
114428
114507
114553
114585
114647
114753
114859
115037
115042
115122
115200
115216
115226
115295
115320
115349
115412
115423
115578
115740
115979
116053
116140
116198
116554
116585
116618
116730
116757
116868
116884
117086
117164
117501
117707
118102
118204
118303
118399
118435
118748
118857
118980
118988
119040
119145
119396
119428
119874
119930
119961
119962
120186
120217
120218
120219
120279
120450
120640
120776
120782
120807
120986
121108
121129
121176
121236
121246
121297
121325
121326
121335
121486
121500
121572
121660
121770
121977
122493
122573
122662
122690
123579
123648
123699
123808
123930
123958
124033
124357
124503
125833
126159
126352
126435
126454
126569
127009
127100
127115
127500
127509
128260
128299
128327
128341
128408
128450
128619
128774
129162
129164
129179
129215
129316
129439
129626
129627
129629
129893
129898
129899
129949
129987
130279
130700
130916
131037
131330
131400
131417
131418
131471
131512
131575
131592
132653
132785
132874
133033
133053
133057
133058
133088
133091
133254
133671
133902
133911
134038
134341
134636
134757
134814
135028
135186
135187
135402
135470
135547
135687
135802
136081
136117
136289
136332
136373
136400
136526
136810
136874
136905
136954
136989
137022
137238
137323
137671
137733
137745
137884
138113
138191
138260
138362
138407
138411
138450
138633
138655
138665
138691
138715
138775
138852
138883
138970
139511
139623
139797
139802
139871
140106
140136
140379
140416
140564
140604
140660
140953
141054
141142
141418
141494
141649
141763
142275
142560
142567
142734
143257
143259
143653
143947
144273
144522
144556
144690
144883
144889
144969
144993
145294
145456
145489
145661
145857
146167
146237
146248
146360
146567
146942
147691
147851
148171
148371
148551
148706
148837
148885
149030
149162
149309
149314
149386
149488
149494
149562
149592
149627
150407
150585
150608
150639
150653
150784
151126
151188
151459
151480
151612
151812
151881
152513
152519
152919
153087
153098
153099
153100
153271
153299
153409
153616
153627
154153
154157
154339
154648
154798
154967
155065
155096
155731
155736
155738
155762
155769
155845
155850
155896
156581
156655
156691
156720
156721
157070
157084
157090
157182
157340
157466
157528
157645
158086
158830
159350
159491
159493
159500
159808
160092
160254
160270
160271
160424
160561
160970
161024
161038
161209
161462
161759
162142
162172
162188
162193
162261
162299
162300
162383
162579
162780
162833
162854
162866
162907
162974
163242
163632
163656
163874
164213
164719
164847
164854
164907
164989
165050
165172
165639
165683
165728
165729
165838
166902
166959
167008
167227
167438
167444
167543
167669
167697
167894
167932
168024
168084
168103
168157
168277
168394
168477
169067
169678
169740
170378
170469
170575
170849
171280
171751
171972
172425
172665
172720
173134
173302
173354
173363
173489
173712
173714
173735
174029
174031
174440
174567
174817
175301
175348
175899
175944
175979
175980
176136
176257
176452
177090
177331
177403
177437
177951
178245
178255
178267
178421
178536
178551
178779
179011
179466
179572
179578
179716
180050
181172
181405
181910
181960
182067
182339
182455
182511
182920
183183
183296
183476
183564
183568
183569
183998
184132
184254
184293
184631
184698
185053
185176
185483
185854
185863
186023
186165
186214
186217
186486
186637
186823
187002
187023
187031
187106
187486
187621
187822
187855
187958
188029
188037
188169
188346
188536
188576
188577
188675
188804
189195
189211
189240
189423
189435
189525
189579
189602
189815
189865
189950
190479
190534
190669
191035
191059
191097
191131
191176
191454
191495
191572
191589
191697
192017
192151
192156
192210
192442
192486
192620
192885
193237
193243
193288
193290
193503
193638
193745
193763
194263
195157
195167
195290
195306
195325
195354
195383
195384
195504
195554
195568
195717
195939
196170
196601
196749
196898
196925
197193
197229
197258
197269
197381
197485
197510
197689
197860
197994
198461
198478
198568
198764
198851
198877
199003
199734
199792
199798
199855
199892
199937
200175
200658
201335
201408
201637
201942
202408
202701
202783
203018
203065
203284
204248
205187
205364
205924
205927
206231
206251
206471
206682
206882
207039
207065
207208
207246
207565
208083
208354
208757
208874
208904
209016
209263
209376
209418
209483
209707
210105
210399
210481
210571
210669
210708
210719
210798
210799
210803
211171
211231
211316
211341
211822
211857
211880
211913
211915
212087
212434
212846
212998
213255
213265
213669
213716
213729
213764
213849
214291
214497
214504
214873
214892
215017
215234
215263
215362
216427
216494
216847
217014
217060
217378
217645
217710
217740
217829
217836
217839
218449
218452
218461
218542
219138
219183
219583
219593
219652
220309
220343
220385
220660
220787
221473
221676
221812
221813
221816
221859
221980
222145
222222
222312
222442
222482
222485
222495
222506
222507
222528
222552
222690
222864
222884
223424
223822
224203
224415
225002
225420
225454
225489
226201
226420
226497
226666
226739
226816
227757
227763
228030
228047
228378
228427
228948
229005
229009
229138
229211
229304
229307
229440
229784
230089
230252
230413
230702
230789
230981
231053
231844
232167
232370
232483
232675
232689
232696
233078
233176
233223
233267
233399
233479
234387
234633
234972
235041
235195
235228
235278
235714
235926
236059
236065
236095
236370
236517
237079
237280
238026
238136
238149
238168
238201
238238
238388
238611
238631
238719
238852
239244
239316
239432
239514
239557
239788
239922
239974
240035
240130
240262
240377
240394
240408
240654
240705
240709
240738
240871
241000
241060
241601
241811
241860
241877
241930
241954
242156
242243
242331
242336
242494
242681
242754
243066
243176
243421
243531
243550
243685
243775
243946
244065
244115
244350
244418
244645
244702
244733
244826
244901
245269
245279
245438
245546
245600
245772
245801
245828
245992
246234
246270
246308
246311
246535
246568
246676
246680
246749
246905
247156
247173
247260
247297
247351
247569
247653
247745
247779
247877
247935
247963
248018
248036
248089
248199
248364
248491
248609
248694
248769
248899
248943
249027
249172
249211
249556
249680
249810
250001
250216
250551
250762
250882
250952
251221
251438
251462
251477
251699
251705
251830
252267
252428
252849
253006
253058
253066
253094
253129
253192
253275
253358
253366
253446
253961
253969
253974
253975
253976
253986
254003
254042
254045
254088
254146
254177
254253
254373
254396
254438
255092
255100
255256
255342
255500
255569
255577
256001
256126
256137
256587
256765
256839
256943
256970
257166
257243
257253
257416
257595
257732
257907
257946
257948
258551
258575
259047
259056
259397
259476
259679
259691
259738
259844
259877
259941
259956
259971
260217
261074
261190
261463
261577
261587
261598
261614
261670
261876
261934
262124
263035
263203
263684
263757
263771
263825
263993
264031
264341
264489
264685
264909
264934
264964
264970
265028
265051
265487
265823
266014
266033
266060
266958
267079
267197
267296
267358
267402
267563
267624
267720
267759
267771
268044
268093
268652
268747
269229
269361
269694
269783
269821
269869
269874
270030
270089
270156
270184
270303
270373
270831
270848
270959
271056
271518
271777
271821
271913
272049
272065
272069
272106
272358
272684
274042
274576
275007
275499
275551
275785
276131
276331
276447
276448
276476
276696
276910
276911
277136
277897
277918
278340
278410
278432
278465
278621
278928
278929
279832
279878
279885
279888
280399
280418
280552
280590
280611
280721
280743
281017
281084
281207
281235
281372
281888
282052
282156
282174
282179
282347
282350
282484
282511
282645
282941
282964
283058
283136
283142
283209
283374
283494
283795
283805
283829
283958
284039
284075
284230
284767
284841
285180
285267
285282
285546
285885
286114
286267
286346
286881
287193
287319
287601
287831
287840
287876
287927
287942
288075
288110
288284
288323
288401
288542
288775
289022
289183
289686
289851
290072
291574
291801
291832
292084
292088
292122
292288
293643
293705
293907
293987
294002
294080
294176
294879
294967
295235
295347
295414
295537
296235
296244
296250
296382
296493
296499
296558
296833
297059
297111
297374
297408
297442
297646
297932
298076
298096
298362
298368
298371
298385
298394
298425
298502
298521
298551
298842
299085
299092
299119
299189
299207
299210
299363
299693
300626
300979
301051
301166
301519
301583
301838
301880
301982
301988
302225
302254
302455
302479
302517
302646
302669
302856
302874
303055
303174
303196
303220
303327
303551
303563
303701
303726
303744
303857
304088
304232
304330
304370
304507
304942
304991
305034
305312
305409
305501
306241
306492
306601
306696
306948
307068
307233
307395
307544
307630
307683
307798
307800
307818
307942
308024
308042
308110
308111
308447
308522
308592
308597
309168
309207
309219
309420
309946
310083
310340
310451
310594
310774
311004
311147
311310
311311
311441
311499
311812
311961
311994
312333
312470
312706
312960
313045
313078
313095
313422
313596
313695
313773
313824
313965
314005
314273
314388
314677
315113
315168
315173
315235
315603
315606
315611
315676
315737
315870
315927
315946
316100
316550
316695
316704
317040
317330
317340
317692
318010
318045
318129
318275
318672
318809
318818
318849
318850
319007
319008
319021
319262
319554
319655
320017
320738
321116
321977
322570
322816
322954
322976
323027
323073
323280
323336
323352
323420
323425
323593
323695
323809
323811
323855
323860
323896
323909
324047
324806
324840
325172
325505
325842
326364
326448
326488
326676
326802
327064
327077
327088
327140
327261
327286
328473
328758
329212
329247
329276
329339
329507
329625
329628
329747
329923
330001
330220
330260
330444
330832
330834
330838
330943
331484
331513
331599
331675
331722
331842
331847
331850
331865
332007
332008
332055
332225
332371
332427
332442
332603
332858
332994
333215
333317
333416
333466
333478
333708
334067
334069
334112
334184
334226
334300
334547
334612
334690
334695
334698
334744
334939
334976
335034
335038
335063
335087
335498
335525
335766
335931
336016
336869
336931
337168
337253
337431
337517
337548
337611
337780
338332
338335
338347
338478
338480
338483
338555
338904
339048
339089
339096
339106
339118
339139
339168
339179
339216
339503
339555
339565
340295
340330
340408
340458
340518
340594
340922
341309
341861
341911
342083
342250
342547
342600
342612
342674
342715
343148
343348
343642
344017
344140
344158
344342
344386
344405
344410
344509
344578
344616
344727
344911
344915
344968
345515
345666
345718
345990
346297
346710
346762
346897
346960
347009
347182
347183
347525
347534
347540
348057
348071
348114
348169
348248
348249
348402
348513
348776
348978
348989
349255
349591
349728
349915
350067
350069
350079
350108
350276
350593
350631
350698
350965
351072
351099
351335
351499
351529
351851
351872
352099
352289
352623
352633
352634
352920
353018
353206
353730
353742
353794
354038
354048
354187
354209
354477
355096
355194
355243
355469
355581
355731
355752
355778
356160
356189
356843
356874
356895
357060
357081
357095
357137
357232
357331
357355
357514
357554
357626
357629
357674
358109
358145
358169
358389
358452
358657
358760
358765
358849
358989
359262
359373
359375
359584
359861
360078
360324
360442
360530
360722
360783
360788
360798
360955
361218
361252
361294
361300
361332
361342
361425
361520
361754
361863
361876
361935
361984
362249
362682
363027
363116
363186
363268
363477
363479
363500
363802
364029
364213
364250
364265
364297
364399
364673
365033
365039
365219
365377
365424
365580
365823
365888
365912
366098
366203
366333
366366
366377
366695
366800
366803
367134
367403
367502
367884
368205
368235
368265
368269
368334
368965
369178
369442
369599
370211
370232
370344
370383
370402
370603
370971
371091
371342
371659
371706
371745
371765
372011
372111
372347
372394
372401
372573
372929
372989
373040
373289
373377
373389
373486
373901
373983
374001
374028
374223
374306
374310
374339
374343
374754
374907
374999
375004
375025
375540
375552
375677
376260
376318
376385
376713
376817
376879
377120
377204
377217
377232
377289
377343
377633
378279
378298
378359
378392
378402
378665
378701
378941
378955
379698
379776
379832
379849
379852
379863
379868
379871
379933
379938
379940
379977
380103
380205
380236
380404
380412
380419
380503
380589
380784
381036
381554
381579
381671
382323
382393
382927
383173
383234
383464
383516
383572
383706
383776
383813
383921
383974
384481
384512
384806
384808
385304
385310
385381
385647
385888
386204
386215
386242
386563
386970
387028
387807
387814
387827
387882
388279
388475
388590
388593
388924
389194
389350
389549
389766
390025
390395
390567
390668
390673
390731
391000
391152
391560
391581
391748
392145
392166
392226
392311
392375
392402
392424
392710
392794
393142
393197
393624
393625
393671
393676
393680
393687
393883
394084
394111
394310
394331
394348
394487
394495
395048
395258
395570
395715
396533
396564
396751
396763
396888
396889
397082
397143
397488
397563
397600
397601
397772
397848
398018
398111
398114
398286
398315
398426
398448
398648
398657
398862
398968
399043
399638
399643
399810
400079
400088
400361
400388
400677
400680
401052
401086
401223
401303
401599
401625
401872
401998
402112
402115
402159
402901
403070
403093
403898
404618
404849
404875
404996
405060
405202
405304
405571
405983
406084
406266
406562
407109
407405
407626
407637
407715
407817
407826
408016
408076
408498
408519
408776
408879
408886
408939
408947
409027
409079
409122
409223
409287
409299
409308
409418
409421
409725
409857
409865
409875
409877
409885
409903
409954
410015
410524
410530
410549
410581
410591
410611
410660
410666
410677
410937
411399
411922
411963
411983
411985
412061
412086
412157
412227
412283
413045
413083
413109
413112
413156
413216
413296
413303
413456
413534
413567
413858
413863
414060
414216
414224
414262
414264
414286
414295
414340
414497
414582
414704
414749
414996
415013
415131
415211
415265
415296
415306
415746
415747
415798
415927
415961
415975
416006
416028
416192
416256
416301
416508
416543
416553
416567
416676
416803
416806
416856
417036
417194
417264
417324
417397
417492
417505
417545
417650
418183
418241
418302
418612
418638
418646
418686
418698
418935
419482
419522
419524
419711
419887
419905
420258
420577
420728
420756
420806
420823
421282
421343
421518
421535
421658
422246
422308
422555
422721
423024
423146
423492
423619
423864
423907
424044
424104
424200
424210
424249
424749
424923
424969
425351
425355
425417
425451
425468
425731
425891
426040
426313
426456
426623
426679
426841
427353
427366
427375
427424
427451
427497
427516
427523
427595
427603
427622
427726
428032
428163
428199
428271
428601
428702
428770
428800
428803
428825
429007
429132
429182
429249
429383
429604
429756
429939
429970
430421
430430
430491
430523
430678
430746
430810
430982
431045
431239
431327
431395
431407
431686
431837
431953
431954
432339
432561
432568
432755
432919
432924
432965
432989
433189
433299
433321
433322
433329
433378
433938
434020
434062
434099
434233
434273
434275
434368
434379
434520
434539
434777
434971
435013
435582
435630
435671
435991
436174
436329
436341
436398
436698
436749
436762
436767
436774
436890
436891
436919
437096
437272
437328
437338
437361
437378
437380
437396
437424
437779
437857
437871
438010
438095
438119
438311
438426
438452
438682
438720
438744
438949
439017
439203
439228
439247
439331
439626
439691
1995 FX
1996 JA1
1998 MV5
1998 TT3
1998 VE31
1998 WP7
1999 FJ21
1999 RJ30
1999 TE21
1999 VU99
1999 VT135
1999 XM141
2000 AB4
2000 HV27
2000 KL4
2000 UD
2000 UF56
2000 XQ15
2001 AF47
2001 GM2
2001 OQ78
2001 RA42
2001 RP47
2001 ST5
2001 SG41
2001 SM243
2001 TV16
2001 TJ55
2001 TJ129
2001 TQ209
2001 UD1
2001 UE2
2001 UD10
2001 UO17
2001 UR19
2001 UP81
2001 UG138
2001 VY2
2001 VZ76
2001 WP15
2001 XS75
2001 XV102
2001 XG105
2001 YB24
2002 CX174
2002 CZ288
2002 EY2
2002 EO34
2002 FP5
2002 GU9
2002 GK97
2002 GN183
2002 LG62
2002 MS3
2002 NL55
2002 OW21
2002 OO23
2002 PT109
2002 PP130
2002 PA191
2002 QH62
2002 QV82
2002 RM155
2002 RY180
2002 RW233
2002 RM241
2002 RQ242
2002 SC65
2002 SX66
2002 TC2
2002 TX58
2002 TF66
2002 TZ123
2002 TF387
2002 UX41
2002 VG14
2002 VF98
2002 VV128
2002 VZ144
2002 WD30
2002 XP37
2002 XZ38
2002 XY39
2002 YZ1
2003 AO4
2003 BR11
2003 BS52
2003 CG11
2003 FM4
2003 GF21
2003 GC53
2003 HY
2003 JC11
2003 KQ18
2003 ME1
2003 OW16
2003 QU112
2003 SR29
2003 SE105
2003 SN108
2003 SF417
2003 SF260
2003 SX339
2003 TG12
2003 UX5
2003 UC8
2003 UP24
2003 US170
2003 US170
2003 UP190
2003 UN210
2003 WP39
2003 WX41
2003 WK49
2003 WH56
2003 YR109
2003 YP124
2004 BV26
2004 BQ134
2004 ER20
2004 FG84
2004 GY27
2004 JO1
2004 JO12
2004 JR20
2004 JK56
2004 OL14
2004 PA96
2004 QQ26
2004 RP9
2004 RP12
2004 RF91
2004 RQ109
2004 RF165
2004 RM252
2004 RB322
2004 SO3
2004 SK19
2004 SB21
2004 TD
2004 TF9
2004 TB11
2004 TF13
2004 TK112
2004 TK112
2004 TD141
2004 TB349
2004 US1
2004 VU54
2004 XL14
2004 XO29
2004 XP73
2004 XJ91
2004 XF105
2005 AH27
2005 BG14
2005 CD7
2005 CD81
2005 EM36
2005 ET87
2005 EF177
2005 EL213
2005 EL286
2005 FT8
2005 GC36
2005 GF59
2005 GJ59
2005 GW79
2005 GA85
2005 GQ107
2005 GR160
2005 JY
2005 KR
2005 KE11
2005 NS70
2005 OK2
2005 QC60
2005 RH5
2005 SD
2005 SR17
2005 SF26
2005 SF132
2005 SF133
2005 SA135
2005 SP154
2005 SB184
2005 SA216
2005 SG243
2005 SM280
2005 TY8
2005 TP45
2005 TL125
2005 TO138
2005 TC154
2005 TO180
2005 TE182
2005 TC187
2005 TS196
2005 UH5
2005 US5
2005 US30
2005 UO43
2005 UV95
2005 UH97
2005 UJ215
2005 UR158
2005 UM177
2005 UJ215
2005 UY217
2005 UK517
2005 UR518
2005 UY291
2005 VT46
2005 VJ82
2005 WF
2005 WT5
2005 WB41
2005 XN
2005 YB115
2005 YO153
2006 BF62
2006 BE63
2006 BK208
2006 CU18
2006 CS26
2006 DY
2006 DG62
2006 DZ116
2006 DK199
2006 EX
2006 EE9
2006 EF55
2006 EN55
2006 FF1
2006 FC35
2006 FY35
2006 FQ37
2006 FT50
2006 GD8
2006 GL31
2006 HL7
2006 HQ85
2006 HQ122
2006 JQ48
2006 KV21
2006 KS37
2006 KD40
2006 KR40
2006 KD90
2006 KA145
2006 LX4
2006 MS6
2006 OS9
2006 QZ5
2006 QP26
2006 QE33
2006 QM132
2006 RD1
2006 RU27
2006 RQ33
2006 RT77
2006 SP44
2006 SF63
2006 SC79
2006 SO79
2006 SX94
2006 SE121
2006 SQ392
2006 SV134
2006 SU138
2006 SY151
2006 SW248
2006 SE265
2006 SL299
2006 SO301
2006 SZ315
2006 SE320
2006 TB7
2006 TA8
2006 TN21
2006 TJ31
2006 TC33
2006 TE54
2006 TP77
2006 TL78
2006 UE39
2006 UG46
2006 UN109
2006 UA144
2006 UO183
2006 UY195
2006 UN199
2006 UE214
2006 UU231
2006 UQ245
2006 UB269
2006 UP270
2006 VE2
2006 VW21
2006 VT47
2006 VB51
2006 VR57
2006 VO59
2006 VJ93
2006 VA94
2006 VY108
2006 WN2
2006 WO3
2006 WN26
2006 WF53
2006 WR120
2006 WF129
2006 XG71
2007 BB3
2007 BU7
2007 CS24
2007 CS26
2007 CR79
2007 DZ14
2007 DQ16
2007 DU82
2007 DJ86
2007 DZ113
2007 EF
2007 EX197
2007 FT6
2007 GV5
2007 GG46
2007 HQ
2007 HF72
2007 JV23
2007 JO38
2007 LO16
2007 LF33
2007 MC24
2007 OP4
2007 OC10
2007 PW15
2007 PY15
2007 PB44
2007 RT9
2007 RZ33
2007 RF34
2007 RH93
2007 RP150
2007 RG180
2007 RF271
2007 RC272
2007 RH283
2007 RV309
2007 RM313
2007 RL314
2007 TZ10
2007 TH13
2007 TB46
2007 TQ68
2007 TY79
2007 TZ94
2007 TN103
2007 TE366
2007 TD367
2007 TF107
2007 TR115
2007 TK411
2007 TA418
2007 TP214
2007 TZ236
2007 TG295
2007 TJ318
2007 TS331
2007 TW334
2007 UY2
2007 UH5
2007 UW95
2007 VH4
2007 VO10
2007 VX19
2007 VN51
2007 VL63
2007 VK71
2007 VO71
2007 VL73
2007 VP83
2007 VX89
2007 VF104
2007 VG181
2007 VC191
2007 VS197
2007 VF223
2007 VN324
2007 XJ19
2007 XJ37
2007 XG50
2007 YP2
2007 YX32
2008 AS
2008 AJ3
2008 AZ12
2008 AX30
2008 AP31
2008 AD40
2008 AM72
2008 BB
2008 CM20
2008 CL70
2008 CO118
2008 CY118
2008 CA204
2008 DZ14
2008 DR22
2008 DT22
2008 DR31
2008 DA49
2008 DY78
2008 EM8
2008 EB9
2008 EC23
2008 ER74
2008 EN99
2008 EE100
2008 EV109
2008 EN127
2008 EB159
2008 FH53
2008 FS59
2008 FP114
2008 FN124
2008 GD
2008 GN12
2008 GL48
2008 GN60
2008 GP64
2008 GJ86
2008 GG103
2008 GH114
2008 GE124
2008 HW15
2008 HC43
2008 HD48
2008 JR24
2008 KV28
2008 KN34
2008 MH
2008 OC19
2008 PO19
2008 QC43
2008 RT
2008 RC128
2008 RA133
2008 RU134
2008 RP137
2008 SS
2008 SU11
2008 SU45
2008 SX90
2008 SD106
2008 SQ115
2008 SA144
2008 SC168
2008 SO196
2008 SX225
2008 SO252
2008 SL293
2008 SF298
2008 SE306
2008 TF
2008 TL8
2008 TM87
2008 TQ97
2008 TB147
2008 TR160
2008 TG172
2008 UX
2008 UB3
2008 US8
2008 UP54
2008 UH73
2008 UG92
2008 UQ238
2008 UW336
2008 UH369
2008 UZ140
2008 UR178
2008 UJ214
2008 UB239
2008 UK266
2008 UW336
2008 VT4
2008 VB28
2008 VT59
2008 WC14
2008 WV18
2008 WE81
2008 WA98
2008 XG4
2008 XE47
2008 YF
2008 YF2
2008 YG35
2008 YE54
2009 AN
2009 AH16
2009 AZ24
2009 AS49
2009 BF11
2009 BJ44
2009 BE46
2009 BE77
2009 BL102
2009 BF177
2009 CZ
2009 CB3
2009 CZ15
2009 DG9
2009 DE92
2009 DB101
2009 DW130
2009 EE15
2009 FF29
2009 FY29
2009 FD49
2009 FH56
2009 FA57
2009 FP57
2009 HZ
2009 HD4
2009 HA73
2009 HK82
2009 JN2
2009 JO11
2009 KA
2009 KU13
2009 LE
2009 MW
2009 ML10
2009 OZ7
2009 OW12
2009 PR9
2009 QC7
2009 QA23
2009 QX30
2009 QH38
2009 QX45
2009 QR54
2009 RS14
2009 RA20
2009 RR20
2009 RY26
2009 RD61
2009 SL69
2009 SB71
2009 SZ99
2009 SY103
2009 SO104
2009 SN153
2009 ST160
2009 SL175
2009 SZ220
2009 SQ225
2009 SN269
2009 SY307
2009 SQ332
2009 SZ334
2009 SZ340
2009 SR342
2009 SH354
2009 TJ6
2009 TK8
2009 TV21
2009 TP41
2009 UO14
2009 UY15
2009 UK91
2009 UM124
2009 UR129
2009 UL131
2009 UA138
2009 UC155
2009 VP
2009 VU1
2009 VK13
2009 VD37
2009 VQ39
2009 VP44
2009 VZ114
2009 WJ7
2009 WW54
2009 WQ106
2009 WB178
2009 WL194
2009 WR215
2009 WD252
2009 WO263
2010 AE40
2010 AC47
2010 AR90
2010 AG106
2010 AT126
2010 AX128
2010 BC33
2010 BA76
2010 CC22
2010 CR77
2010 CL80
2010 CB103
2010 CE125
2010 CW145
2010 CW180
2010 CG248
2010 DK
2010 DN1
2010 DM21
2010 DK36
2010 EB22
2010 EW35
2010 ER65
2010 EJ90
2010 FY5
2010 FG6
2010 FP25
2010 FL26
2010 FW54
2010 FU89
2010 GD6
2010 GY6
2010 GE25
2010 GJ30
2010 GH65
2010 GW65
2010 GJ93
2010 GG128
2010 GL161
2010 GB174
2010 HA70
2010 JX10
2010 JZ35
2010 JH80
2010 JA82
2010 JH88
2010 JJ172
2010 KB
2010 LG35
2010 LO55
2010 LN57
2010 LK68
2010 LL92
2010 LO97
2010 LE113
2010 MF
2010 MW
2010 MZ1
2010 MQ23
2010 MB52
2010 MX84
2010 NB
2010 NX43
2010 NU45
2010 NN50
2010 NH62
2010 NG86
2010 NK108
2010 ON74
2010 OM75
2010 OO111
2010 PZ1
2010 QH2
2010 RE8
2010 RM65
2010 RA70
2010 RQ108
2010 RP113
2010 RK133
2010 RP133
2010 RL142
2010 SR34
2010 TQ3
2010 TJ7
2010 TP19
2010 TU38
2010 TY38
2010 TA49
2010 TS67
2010 TG154
2010 TN166
2010 TX177
2010 US12
2010 UC32
2010 UX45
2010 UU84
2010 UK99
2010 UD102
2010 VM20
2010 VM27
2010 VX57
2010 VK74
2010 VX88
2010 VF113
2010 VF116
2010 VX139
2010 VS140
2010 WH
2010 WL9
2010 WH65
2010 WJ74
2010 XQ8
2011 AP9
2011 AJ11
2011 AS43
2011 AP55
2011 AW55
2011 BE11
2011 BJ16
2011 BA19
2011 BA36
2011 BZ38
2011 BY44
2011 BW54
2011 BA118
2011 BS134
2011 CZ4
2011 CF18
2011 CA66
2011 DU21
2011 DB22
2011 DO42
2011 DF48
2011 EZ41
2011 ET42
2011 ER43
2011 ET49
2011 FW2
2011 FU28
2011 FR46
2011 FL65
2011 FE69
2011 FV69
2011 FN87
2011 FX87
2011 FJ110
2011 FV151
2011 FT154
2011 GQ63
2011 GR71
2011 GA75
2011 GN78
2011 GS83
2011 HD8
2011 HK11
2011 HW11
2011 HS28
2011 HB35
2011 HM39
2011 HW41
2011 HC54
2011 HB65
2011 HM65
2011 HK74
2011 JB
2011 JS
2011 JD1
2011 JC4
2011 JA8
2011 JW10
2011 JY30
2011 KM3
2011 KX11
2011 KD15
2011 KK17
2011 KD20
2011 KU22
2011 KN24
2011 LN16
2011 OV15
2011 OZ18
2011 OQ19
2011 OH55
2011 PF2
2011 QY3
2011 QA36
2011 QF48
2011 QZ49
2011 QC67
2011 QN94
2011 SK5
2011 SX5
2011 SY20
2011 SL25
2011 SK35
2011 SB37
2011 SF38
2011 SK85
2011 SG107
2011 SV168
2011 SC173
2011 SE192
2011 SW198
2011 SP214
2011 SD226
2011 SS250
2011 SS259
2011 SQ262
2011 SG269
2011 TS
2011 TG2
2011 TJ17
2011 UK3
2011 UG4
2011 UM12
2011 UM20
2011 UU20
2011 UF21
2011 UU61
2011 UT63
2011 UY63
2011 UY64
2011 UY73
2011 UP90
2011 UZ101
2011 UH106
2011 UK113
2011 UF118
2011 UP135
2011 UO400
2011 UW144
2011 UP159
2011 UY160
2011 UK169
2011 UL185
2011 UK194
2011 UQ198
2011 UB242
2011 UR255
2011 UY270
2011 UO298
2011 UC307
2011 US330
2011 VN13
2011 WK2
2011 WH15
2011 WR15
2011 WQ19
2011 WZ26
2011 WC29
2011 WC43
2011 WE44
2011 WS46
2011 WO68
2011 WP71
2011 WD111
2011 WO120
2011 WC147
2011 WZ148
2011 WA154
2011 XC
2011 XX
2011 XW2
2011 YZ11
2011 YS39
2011 YN57
2011 YS62
2011 YT78
2012 BB11
2012 BV26
2012 BO34
2012 BW52
2012 BQ90
2012 BU99
2012 BB102
2012 BZ112
2012 BG126
2012 BQ131
2012 BP133
2012 BJ134
2012 BH151
2012 CM19
2012 CU25
2012 CT34
2012 DS4
2012 DP30
2012 DQ59
2012 DA61
2012 DM67
2012 DF86
2012 DF98
2012 EO2
2012 EF9
2012 EN9
2012 FB
2012 FS14
2012 FZ46
2012 FF53
2012 FZ56
2012 FR61
2012 FD63
2012 FX72
2012 FV73
2012 GN
2012 GS1
2012 GE2
2012 GW5
2012 GA6
2012 GA29
2012 HC
2012 HO
2012 HV
2012 HP1
2012 HC2
2012 HU6
2012 HN8
2012 HW15
2012 HU19
2012 HA25
2012 HD31
2012 HX31
2012 HP32
2012 HQ45
2012 HW51
2012 HL52
2012 HO55
2012 HB57
2012 HK82
2012 JY4
2012 JH16
2012 JF17
2012 JG22
2012 JV36
2012 JE42
2012 KB1
2012 KU18
2012 KA48
2012 LZ
2012 LG5
2012 MC3
2012 OK
2012 OZ
2012 OQ5
2012 PB
2012 PX10
2012 PZ18
2012 PQ28
2012 QD
2012 QF2
2012 QZ25
2012 RA24
2012 SE
2012 SU30
2012 SM58
2012 SS63
2012 TG4
2012 TC5
2012 TK5
2012 TF22
2012 TZ22
2012 TH25
2012 TU30
2012 TV30
2012 TS34
2012 TK77
2012 TU84
2012 TR86
2012 TW100
2012 TH122
2012 TU123
2012 TR124
2012 TY125
2012 TC129
2012 TG129
2012 TX139
2012 TS141
2012 TK143
2012 TZ145
2012 TN215
2012 TX215
2012 TJ216
2012 TT254
2012 TP284
2012 TU291
2012 TL296
2012 TG320
2012 TJ322
2012 US
2012 UL20
2012 UB32
2012 UP34
2012 UC50
2012 UP61
2012 UB68
2012 UO86
2012 UD89
2012 UT111
2012 UU120
2012 UO135
2012 UR137
2012 UG157
2012 UZ157
2012 UV158
2012 UA166
2012 US167
2012 UA169
2012 UO174
2012 UG177
2012 VW1
2012 VF5
2012 VN6
2012 VS10
2012 VV19
2012 VE20
2012 VP30
2012 VH36
2012 VZ36
2012 VD37
2012 VZ56
2012 VQ70
2012 VQ76
2012 WA
2012 WQ27
2012 XS2
2012 XG9
2012 XW12
2012 XC38
2012 XQ49
2012 XT54
2012 XS93
2012 XH131
2012 XC149
2012 YK2
2012 YJ3
2012 YD6
2013 AP60
2013 AR63
2013 AG65
2013 AG73
2013 AX74
2013 AD79
2013 AF80
2013 AK104
2013 AN118
2013 AD129
2013 AM134
2013 AW153
2013 BB23
2013 CR15
2013 CO20
2013 CJ27
2013 CQ38
2013 CK39
2013 CM59
2013 CJ79
2013 CZ80
2013 CJ94
2013 CA118
2013 CV202
2013 CT212
2013 EX10
2013 EE11
2013 EV19
2013 EH20
2013 EX30
2013 ET35
2013 ES88
2013 EH91
2013 EJ91
2013 EC113
2013 ED114
2013 EV114
2013 ET119
2013 EY125
2013 EH127
2013 FZ4
2013 FA11
2013 FS12
2013 FG28
2013 FJ28
2013 GO10
2013 GE25
2013 GD27
2013 GH34
2013 GP36
2013 GE40
2013 GR66
2013 GS68
2013 GY73
2013 GP76
2013 GQ77
2013 GY87
2013 GJ109
2013 GV123
2013 GV126
2013 GB127
2013 GB129
2013 GJ129
2013 HC5
2013 HU7
2013 HG8
2013 HG10
2013 HZ16
2013 HC23
2013 JF17
2013 KA3
2013 KB17
2013 LT3
2013 LK7
2013 LY10
2013 LC18
2013 LW25
2013 LU34
2013 MF9
2013 NV6
2013 NE15
2013 NW20
2013 OC3
2013 OK3
2013 PA3
2013 PW13
2013 PJ44
2013 QJ11
2013 QQ15
2013 QQ17
2013 RU16
2013 RC21
2013 RC29
2013 RK30
2013 RO43
2013 RL49
2013 RA54
2013 RA72
2013 RW73
2013 RO88
2013 RB98
2013 SP
2013 SH16
2013 SX18
2013 ST19
2013 SK25
2013 SW44
2013 ST45
2013 SN47
2013 SZ57
2013 SN64
2013 SL80
2013 SU81
2013 TJ4
2013 TA5
2013 TL7
2013 TU14
2013 TV73
2013 TD77
2013 TS114
2013 TP121
2013 TS135
2013 UR
2013 UC3
2013 UD9
2013 VT1
2013 VB9
2013 VW9
2013 VB19
2013 VE21
2013 WM2
2013 WY3
2013 WF11
2013 WD25
2013 WT67
2013 WO87
2013 WP95
2013 WP105
2013 XR9
2013 XZ9
2013 XD19
2013 XV21
2013 YM11
2013 YT17
2013 YV19
2013 YU46
2013 YK107
2013 YZ129
2013 YU142
2014 AD24
2014 AB44
2014 AX51
2014 BK17
2014 BA34
2014 BT38
2014 BV63
2014 BK64
2014 CF11
2014 CZ12
2014 CA13
2014 CG13
2014 CY15
2014 CO20
2014 DO2
2014 DM9
2014 DP9
2014 DJ10
2014 DO17
2014 DA18
2014 DX26
2014 DP39
2014 DH71
2014 DN103
2014 DK109
2014 DR110
2014 DB125
2014 ED
2014 EF24
2014 EP34
2014 EH45
2014 EA50
2014 FM
2014 FG33
2014 FY37
2014 FQ38
2014 FK66
2014 GE1
2014 GE6
2014 GP29
2014 GP32
2014 GX39
2014 GJ45
2014 GL45
2014 GW46
2014 GY49
2014 HO1
2014 HT6
2014 HB13
2014 HQ46
2014 HE67
2014 HR128
2014 HA133
2014 HX150
2014 HK178
2014 HM178
2014 HM185
2014 JC
2014 JP15
2014 JP25
2014 JZ27
2014 JL30
2014 JC43
2014 JP55
2014 JU58
2014 JQ76
2014 JW78
2014 KA
2014 KS38
2014 KN39
2014 KO40
2014 KL42
2014 KC51
2014 KS62
2014 KV75
2014 KD76
2014 KS82
2014 KB89
2014 KB100
2014 LH9
2014 LB11
2014 LF25
2014 ML
2014 MX3
2014 MQ5
2014 ME19
2014 MX26
2014 MH27
2014 MT48
2014 MG51
2014 MD64
2014 NY36
2014 NJ37
2014 NB41
2014 NL46
2014 NV54
2014 NK64
2014 OZ1
2014 OP51
2014 OY96
2014 OJ101
2014 OF171
2014 OX172
2014 OD224
2014 OK295
2014 OC297
2014 PS8
2014 PH9
2014 PB23
2014 PJ52
2014 PT58
2014 PA60
2014 QY2
2014 QL34
2014 QF361
2014 QG372
2014 QR373
2014 QN405
2014 QC421
2014 QO166
2014 QH433
2014 QK205
2014 QO275
2014 QN280
2014 QZ327
2014 QW335
2014 QN336
2014 QV338
2014 RP12
2014 RG20
2014 RR60
2014 ST
2014 SA104
2014 SH144
2014 SY160
2014 SN164
2014 SD225
2014 SO260
2014 SU303
2014 SR327
2014 SU330
2014 SF345
2014 SZ347
2014 TY32
2014 TV39
2014 TL53
2014 TH56
2014 TL67
2014 UU5
2014 UA9
2014 UR24
2014 UF50
2014 UN56
2014 UU66
2014 UM93
2014 UG94
2014 US108
2014 UC114
2014 UK115
2014 UC116
2014 UY142
2014 UW157
2014 UB176
2014 UM217
2014 UX218
2014 VL2
2014 VT6
2014 VH8
2014 VA26
2014 WT4
2014 WV5
2014 WU7
2014 WP30
2014 WH34
2014 WJ62
2014 WN73
2014 WA360
2014 WN361
2014 WZ366
2014 WP369
2014 WH371
2014 WT120
2014 WC429
2014 WF432
2014 WG477
2014 WG218
2014 WG221
2014 WX496
2014 WS305
2014 WW320
2014 WM329
2014 YB26
2015 AQ1
2015 AG25
2015 AU25
2015 AE236
2015 AN241
2015 AG280
2015 BN4
2015 BE57
2015 BE91
2015 BE464
2015 BQ515
2015 CD
2015 CP10
2015 CR12
2015 CG33
2015 CM47
2015 DY5
2015 DJ47
2015 DQ130
2015 DW130
2015 DV134
2015 DF138
2015 DT138
2015 DA197
2015 DU205
2015 EZ9
2015 EB17
2015 EB43
2015 FF7
2015 FJ37
2015 FA44
2015 FA95
2015 FT118
2015 FT192
2015 FT294
2015 FA296
2015 FJ299
2015 FY339
2015 GP2
2015 GZ5
2015 GA28
2015 HF1
2015 HL9
2015 HJ43
2015 HU59
2015 HS101
2015 HN150
2015 HX172
2015 HN182
2015 KN6
2015 KR14
2015 KT17
2015 KK44
2015 KO142
2015 KH157
2015 LP1
2015 LQ1
2015 LG2
2015 MB59
2015 MW71
2015 MS93
2015 MQ101
2015 MC121
2015 OS
2015 OQ40
1993 BC3
1995 BA2
1996 VH17
1997 EV16
1998 FN2
1998 SH173
1999 RT215
1999 VA13
1999 VG155
2000 AU219
2000 GY187
2000 SY76
2000 SC79
2000 YD2
2001 FN211
2001 FJ214
2001 FM223
2001 FU230
2001 FZ230
2001 PA4
2001 QW331
2001 SF194
2001 SC202
2001 UQ196
2001 US228
2001 WN46
2001 XZ31
2001 YB30
2001 YH30
2001 YN129
2002 AG3
2002 CG44
2002 DY19
2002 EA8
2002 EG8
2002 EP132
2002 EP142
2002 EO144
2002 FR5
2002 GU32
2002 PE198
2002 QQ57
2002 RK287
2002 RZ287
2002 SU7
2002 TU307
2002 TU313
2002 UZ64
2002 VG131
2002 XZ119
2003 AH22
2003 AR93
2003 CP1
2003 DQ10
2003 FF115
2003 FR133
2003 GR21
2003 HZ44
2003 LS1
2003 LH7
2003 SL116
2003 SE170
2003 ST214
2003 UB399
2003 UY257
2003 UU275
2003 UP329
2003 UR349
2003 WN193
2003 YS2
2003 YL98
2003 YV109
2004 BF23
2004 CY6
2004 DH3
2004 DZ23
2004 EV30
2004 FC5
2004 GU2
2004 LQ14
2004 RK20
2004 RM52
2004 RU84
2004 RC146
2004 SQ
2004 TA10
2004 TF148
2004 TX177
2004 TL206
2004 TU226
2004 TV329
2004 UH11
2004 VV30
2004 VX75
2004 XF35
2004 XJ71
2004 XY186
2005 BL1
2005 BU1
2005 CQ33
2005 CW33
2005 EM16
2005 EV209
2005 EJ300
2005 GX110
2005 GB112
2005 GO130
2005 GV206
2005 JR41
2005 JX63
2005 KR10
2005 KZ10
2005 QE20
2005 SH82
2005 SE137
2005 SV148
2005 SQ186
2005 SR227
2005 SV292
2005 UN1
2005 UG102
2005 UA370
2005 UN135
2005 UL460
2005 UM259
2005 UA528
2005 UM275
2005 UV320
2005 VE3
2005 VL47
2005 WZ43
2005 WW52
2005 WO98
2005 WP176
2005 XM5
2005 XC25
2005 XX47
2005 XO113
2005 YW40
2005 YR55
2005 YY97
2005 YS151
2006 AL94
2006 AN105
2006 BE
2006 BK25
2006 BU36
2006 BX95
2006 BB114
2006 BB154
2006 BW189
2006 BX194
2006 BW234
2006 BX251
2006 CD10
2006 CL33
2006 DJ48
2006 DG50
2006 GR2
2006 HM103
2006 QW7
2006 QA34
2006 QH79
2006 RW78
2006 RP102
2006 SK91
2006 SG368
2006 SN109
2006 SB399
2006 SV207
2006 SM222
2006 SO272
2006 SY296
2006 ST357
2006 TF12
2006 TV81
2006 TZ97
2006 UH19
2006 UO94
2006 UW110
2006 UM126
2006 UZ194
2006 UL265
2006 UN289
2006 UM291
2006 VS107
2006 VD146
2006 WS15
2006 WE173
2006 WO203
2006 XQ32
2006 XJ52
2006 XM70
2006 YN4
2006 YX32
2007 AF1
2007 AF12
2007 CE4
2007 CO36
2007 CZ68
2007 DP1
2007 DX30
2007 DC40
2007 DQ76
2007 EL55
2007 ET75
2007 ER142
2007 EY148
2007 EJ194
2007 FY45
2007 HF5
2007 HA9
2007 HW43
2007 JL20
2007 QE7
2007 RL54
2007 RB86
2007 RD115
2007 RK139
2007 RA181
2007 TK19
2007 TS23
2007 TO38
2007 TU369
2007 TC110
2007 TP230
2007 TL252
2007 TW254
2007 TJ278
2007 TF305
2007 UQ57
2007 UO58
2007 UL60
2007 UA62
2007 UT70
2007 UW113
2007 UL141
2007 VW60
2007 VO70
2007 VN88
2007 VR104
2007 VF169
2007 VL196
2007 VL257
2007 WY4
2007 WA5
2007 WP21
2007 WP48
2007 XZ22
2007 XQ39
2008 AF25
2008 AA66
2008 AZ72
2008 BV13
2008 CF37
2008 CH55
2008 CB71
2008 CX73
2008 CW141
2008 CN206
2008 CN212
2008 DN30
2008 DY58
2008 EA66
2008 EF138
2008 EL164
2008 FU4
2008 FF44
2008 FA59
2008 FU74
2008 GN15
2008 GR71
2008 GR126
2008 HW4
2008 HT26
2008 HP42
2008 HZ65
2008 JE6
2008 JQ36
2008 KM10
2008 OH9
2008 ON22
2008 RP4
2008 RC34
2008 SV54
2008 SL65
2008 SR88
2008 SJ96
2008 SU113
2008 SU126
2008 SP150
2008 SP153
2008 SJ177
2008 SO185
2008 SP244
2008 SP248
2008 SB288
2008 SP290
2008 SZ308
2008 TG54
2008 TX96
2008 TL140
2008 TQ147
2008 TF176
2008 TJ188
2008 UG43
2008 UN82
2008 UG89
2008 UQ121
2008 UN166
2008 UH199
2008 UC207
2008 UQ238
2008 UY244
2008 UT287
2008 VJ6
2008 VV36
2008 VM52
2008 WO6
2008 WP19
2008 WX129
2008 YM65
2008 YF102
2008 YT123
2008 YR144
2008 YE163
2009 AS14
2009 BM95
2009 BB168
2009 BK186
2009 DS18
2009 DE74
2009 DJ120
2009 DP122
2009 DJ129
2009 EF2
2009 EB17
2009 FG54
2009 FH57
2009 FG72
2009 HO7
2009 HM17
2009 HN21
2009 HP40
2009 HM58
2009 HY81
2009 JD19
2009 KF
2009 KD31
2009 OC7
2009 OT23
2009 QN9
2009 QY43
2009 RQ7
2009 RD17
2009 RN39
2009 RB53
2009 RG73
2009 SO360
2009 SK153
2009 SH168
2009 SB177
2009 SG189
2009 TX4
2009 UU14
2009 UF27
2009 UJ116
2009 VD46
2009 VC49
2009 VW62
2009 WK16
2009 WF30
2009 WA110
2009 WE255
2009 XP23
2010 AW53
2010 AB83
2010 AE84
2010 AW95
2010 AC103
2010 AX120
2010 AG126
2010 AR128
2010 BK8
2010 BE9
2010 BM12
2010 BQ29
2010 BO35
2010 BQ53
2010 BV62
2010 BP68
2010 BG69
2010 BO74
2010 BK78
2010 BE85
2010 BH90
2010 BF99
2010 BJ99
2010 BQ102
2010 BY111
2010 BR116
2010 BH118
2010 BH122
2010 BT127
2010 BU128
2010 CQ1
2010 CL13
2010 CZ15
2010 CA17
2010 CB47
2010 CK84
2010 CW139
2010 CJ192
2010 CL202
2010 CV205
2010 CD207
2010 CY207
2010 CP209
2010 CS209
2010 CQ217
2010 CQ231
2010 CX235
2010 CT237
2010 DF13
2010 DL19
2010 DK24
2010 DU24
2010 DL26
2010 DS26
2010 DC27
2010 DF34
2010 DS59
2010 DF60
2010 DA80
2010 DQ84
2010 DV85
2010 DX89
2010 ER2
2010 EC7
2010 EE8
2010 ER22
2010 EV27
2010 EF28
2010 ET28
2010 EK48
2010 EV58
2010 EQ63
2010 ES78
2010 EX87
2010 EX116
2010 EV119
2010 EV145
2010 EB146
2010 EQ150
2010 ED153
2010 FF
2010 FF9
2010 FO9
2010 FP33
2010 FV37
2010 FP42
2010 FF43
2010 FL43
2010 FB47
2010 FJ48
2010 FC105
2010 FW105
2010 FW109
2010 FM115
2010 FF119
2010 FT120
2010 GD2
2010 GO2
2010 GD12
2010 GO15
2010 GH25
2010 GS30
2010 GR37
2010 GT41
2010 GE56
2010 GS63
2010 GY65
2010 GN68
2010 GP70
2010 GT70
2010 GH72
2010 GR72
2010 GX72
2010 GY72
2010 GR87
2010 GK88
2010 GH149
2010 GZ149
2010 GR150
2010 GH158
2010 GQ163
2010 GP166
2010 GJ168
2010 GT170
2010 HC4
2010 HU14
2010 HW15
2010 HB18
2010 HL22
2010 HQ22
2010 HQ26
2010 HD29
2010 HW38
2010 HS42
2010 HN47
2010 HF54
2010 HR61
2010 HK63
2010 HE68
2010 HX72
2010 HC76
2010 HV85
2010 HD93
2010 HY95
2010 HN110
2010 HV111
2010 JO11
2010 JB12
2010 JQ17
2010 JP18
2010 JL22
2010 JH25
2010 JV25
2010 JS56
2010 JH66
2010 JV67
2010 JL69
2010 JG94
2010 JK100
2010 JW100
2010 JR101
2010 JH132
2010 JK135
2010 JR144
2010 KG3
2010 KN3
2010 KJ21
2010 KQ29
2010 KU35
2010 KR40
2010 KU45
2010 KZ46
2010 KQ52
2010 KW62
2010 KG64
2010 KZ68
2010 KX76
2010 KZ80
2010 KL81
2010 KS81
2010 KB83
2010 KW84
2010 KO90
2010 KK92
2010 KH96
2010 KP116
2010 KA118
2010 KA124
2010 LT6
2010 LT10
2010 LV17
2010 LM41
2010 LR66
2010 LQ83
2010 LN84
2010 LC90
2010 LZ90
2010 LL94
2010 LS95
2010 LZ99
2010 LF101
2010 LY114
2010 LK123
2010 LH131
2010 MN8
2010 MF15
2010 MP16
2010 ME17
2010 MZ21
2010 MC22
2010 ML24
2010 MU29
2010 MO49
2010 MZ63
2010 MG66
2010 MV69
2010 MK77
2010 MK80
2010 MR92
2010 MV98
2010 MU109
2010 ME110
2010 NU2
2010 NQ11
2010 NX12
2010 NE16
2010 NG18
2010 NB21
2010 NF22
2010 NR25
2010 NS27
2010 NL32
2010 NE34
2010 NP50
2010 NF51
2010 NV51
2010 NG55
2010 NZ60
2010 NP77
2010 NQ78
2010 NK90
2010 NY93
2010 NB97
2010 NR102
2010 NW104
2010 NO108
2010 OR2
2010 OY3
2010 OG5
2010 OR6
2010 OV6
2010 OM12
2010 OJ17
2010 OA22
2010 OU24
2010 OJ29
2010 OM29
2010 OA35
2010 OG39
2010 OQ43
2010 OJ54
2010 OA59
2010 OR60
2010 OG61
2010 OV68
2010 OS77
2010 OA80
2010 OW81
2010 OB85
2010 OJ86
2010 OH92
2010 OH106
2010 OE111
2010 PW2
2010 PW14
2010 PE31
2010 PE35
2010 PJ36
2010 PV44
2010 PD50
2010 PH51
2010 PO52
2010 PF53
2010 PD69
2010 RD12
2010 RJ33
2010 RM71
2010 RW113
2010 TC
2010 TG47
2010 TF51
2010 TX73
2010 TF84
2010 TG89
2010 TD97
2010 TK121
2010 TN122
2010 TT149
2010 TR162
2010 UJ25
2010 UC31
2010 UX47
2010 UG77
2010 UG81
2010 VA
2010 VO17
2010 VZ39
2010 VB50
2010 VJ72
2010 VR88
2010 VR98
2010 VJ155
2010 VA158
2010 VM164
2010 VZ171
2010 WL27
2010 WP34
2010 WZ45
2010 WH54
2010 XC1
2010 XT8
2010 YL
2011 AA
2011 BU90
2011 BF118
2011 BG155
2011 CC39
2011 CT58
2011 CA112
2011 CG115
2011 DF11
2011 DP51
2011 EH31
2011 EQ67
2011 FX2
2011 FF29
2011 FG30
2011 FN54
2011 FZ54
2011 FL63
2011 FQ69
2011 FT152
2011 GN32
2011 GH55
2011 HA1
2011 HO2
2011 HP2
2011 HH5
2011 HA10
2011 HM61
2011 HD62
2011 HH77
2011 HV100
2011 JD10
2011 KD4
2011 KQ16
2011 LO2
2011 LQ3
2011 NX2
2011 OC10
2011 OP11
2011 OR12
2011 PG5
2011 PH14
2011 PV14
2011 QV21
2011 QZ24
2011 QG35
2011 QD57
2011 QH67
2011 QN96
2011 RM6
2011 RS6
2011 SJ15
2011 ST21
2011 SY21
2011 ST89
2011 SJ99
2011 SN99
2011 SV121
2011 SM126
2011 SX127
2011 SP176
2011 ST176
2011 SX188
2011 SJ191
2011 SK219
2011 SB221
2011 SS248
2011 SH263
2011 TG
2011 TY3
2011 TN8
2011 TP8
2011 UA15
2011 UA26
2011 UF36
2011 UM62
2011 UY62
2011 UA63
2011 UX65
2011 UY89
2011 UR105
2011 UQ109
2011 UL402
2011 UZ151
2011 UB165
2011 UL178
2011 UW181
2011 UG201
2011 UB252
2011 UV255
2011 UB282
2011 UV311
2011 UC342
2011 VN1
2011 VC2
2011 VM5
2011 WG21
2011 WV21
2011 WY26
2011 WL43
2011 WW45
2011 WC46
2011 WS64
2011 WL74
2011 WV112
2011 WU118
2011 WV123
2011 WG135
2011 WT153
2011 YD
2011 YT28
2011 YZ43
2012 AD1
2012 AB13
2012 AG21
2012 BX5
2012 BT18
2012 BY60
2012 BP72
2012 BU85
2012 BH97
2012 BL101
2012 BF105
2012 BU123
2012 BE130
2012 BH134
2012 BB148
2012 CM6
2012 CN9
2012 CX9
2012 CU26
2012 CZ33
2012 CL36
2012 DR3
2012 DP16
2012 DZ35
2012 DN37
2012 DC38
2012 DF54
2012 DN55
2012 DP62
2012 EF7
2012 EU9
2012 EZ9
2012 FE11
2012 FG16
2012 FY18
2012 FT26
2012 FC42
2012 FM43
2012 FG44
2012 FM62
2012 GH
2012 GT
2012 GX
2012 GT11
2012 GC12
2012 GH12
2012 GY16
2012 GW17
2012 GZ17
2012 GN20
2012 GF26
2012 GQ30
2012 HB
2012 HT
2012 HQ14
2012 HP20
2012 HS24
2012 HX25
2012 HH32
2012 HM37
2012 HD58
2012 JG
2012 JC5
2012 JT25
2012 JP40
2012 JF47
2012 KC
2012 KO4
2012 KC7
2012 KP8
2012 KJ9
2012 KG12
2012 KN32
2012 KW36
2012 LW
2012 LC4
2012 LX4
2012 LC11
2012 LU12
2012 OV4
2012 PO6
2012 PR10
2012 PU18
2012 PL25
2012 PE29
2012 QB10
2012 QO13
2012 QW31
2012 QC40
2012 QG40
2012 RT3
2012 SP19
2012 SZ21
2012 SV47
2012 SZ47
2012 SY51
2012 SF57
2012 TW4
2012 TD20
2012 TC21
2012 TC27
2012 TB39
2012 TQ39
2012 TZ92
2012 TH112
2012 TH113
2012 TB124
2012 TF137
2012 TY139
2012 TU143
2012 TU175
2012 TF219
2012 TW228
2012 TV242
2012 TV245
2012 TF250
2012 TR261
2012 TX266
2012 TK281
2012 TP281
2012 TM297
2012 UO
2012 UO1
2012 UM27
2012 UZ37
2012 UE72
2012 UL78
2012 UG84
2012 UG89
2012 UK89
2012 UT94
2012 UJ99
2012 UT127
2012 US157
2012 UE158
2012 UE166
2012 VC1
2012 VT1
2012 VS4
2012 VA6
2012 VK13
2012 VW16
2012 VZ26
2012 VS35
2012 VY38
2012 VK46
2012 VY76
2012 VA77
2012 VT81
2012 VW81
2012 WF8
2012 WP10
2012 WG20
2012 XA2
2012 XA16
2012 XT46
2012 XG95
2012 XG103
2012 XN112
2012 XW114
2012 XR123
2012 XV148
2012 YZ7
2013 AG9
2013 AP17
2013 AB28
2013 AS119
2013 AE139
2013 AX142
2013 AW149
2013 AO152
2013 AF157
2013 AO164
2013 AP166
2013 AU175
2013 BA19
2013 BP26
2013 BR42
2013 BY44
2013 BS48
2013 BQ80
2013 CG23
2013 CW51
2013 CO78
2013 CR79
2013 CG82
2013 CU88
2013 CR110
2013 CL128
2013 CS130
2013 CU154
2013 CZ171
2013 CB204
2013 DF1
2013 DU11
2013 EY4
2013 EQ11
2013 EL15
2013 EN28
2013 ED34
2013 EE70
2013 EZ100
2013 EV126
2013 FW
2013 FE9
2013 FZ12
2013 GM2
2013 GD23
2013 GF35
2013 GL66
2013 GQ66
2013 GL69
2013 GO69
2013 GF80
2013 GV81
2013 GM125
2013 GY134
2013 HE15
2013 HO31
2013 HY32
2013 HA41
2013 HE41
2013 HW45
2013 HR53
2013 HB55
2013 HP57
2013 HQ91
2013 HY93
2013 HC121
2013 HK128
2013 HY131
2013 HK139
2013 HS141
2013 HG144
2013 JY5
2013 JG7
2013 JE17
2013 JL34
2013 JP34
2013 JK48
2013 KL8
2013 LD9
2013 MF
2013 MA6
2013 MF7
2013 MK7
2013 OO3
2013 OC6
2013 OP9
2013 PN38
2013 PA53
2013 QE6
2013 QL11
2013 QD34
2013 QS45
2013 QD50
2013 QJ79
2013 RJ16
2013 RV82
2013 RA86
2013 SX36
2013 SD45
2013 SV67
2013 TJ3
2013 TN19
2013 TC32
2013 TH37
2013 TL42
2013 TP66
2013 TE69
2013 TO92
2013 TQ92
2013 TM131
2013 TP132
2013 UF2
2013 VE
2013 VU1
2013 VV1
2013 VU12
2013 VZ14
2013 VA22
2013 VG23
2013 WC25
2013 WR32
2013 WB36
2013 WQ43
2013 WB55
2013 WJ64
2013 WY71
2013 WP77
2013 WA108
2013 WS108
2013 XX2
2013 XK17
2013 XW19
2013 XP22
2013 XE23
2013 XX24
2013 YN2
2013 YK57
2013 YO59
2013 YO109
2013 YN118
2013 YH131
2014 AR2
2014 AK11
2014 AN13
2014 AB14
2014 AK16
2014 AU16
2014 AP20
2014 AS20
2014 AP29
2014 AJ32
2014 BY8
2014 BR14
2014 BW37
2014 BM51
2014 BC57
2014 BO57
2014 BD63
2014 CV1
2014 CZ5
2014 CV14
2014 DU
2014 DR1
2014 DN2
2014 DS2
2014 DB10
2014 DP10
2014 DE11
2014 DJ11
2014 DT21
2014 DG22
2014 DQ22
2014 DP23
2014 DO40
2014 DW42
2014 DG64
2014 DC77
2014 DJ81
2014 DW83
2014 DP84
2014 DA113
2014 EC4
2014 FP7
2014 FA34
2014 FZ37
2014 GJ17
2014 GG18
2014 GQ39
2014 GO41
2014 GZ44
2014 GU48
2014 GH49
2014 HS2
2014 HW4
2014 HY4
2014 HU6
2014 HV11
2014 HZ91
2014 HY113
2014 HT123
2014 HE130
2014 HV132
2014 HV168
2014 HY177
2014 HJ178
2014 HL184
2014 HM184
2014 HE185
2014 HO195
2014 JZ5
2014 JB25
2014 JA29
2014 JB55
2014 JC55
2014 JD55
2014 JY55
2014 JS56
2014 JV56
2014 KB4
2014 KH21
2014 KW38
2014 KZ39
2014 KF40
2014 KE76
2014 KF85
2014 KQ86
2014 KK97
2014 KW99
2014 LX13
2014 LT14
2014 LD21
2014 LV21
2014 MS
2014 MB11
2014 MV26
2014 MZ29
2014 MC67
2014 NJ36
2014 NV40
2014 NK63
2014 NL63
2014 OF6
2014 OM13
2014 OQ23
2014 OB73
2014 OC365
2014 OG121
2014 OE154
2014 OW162
2014 OP164
2014 OB212
2014 OC281
2014 OC339
2014 OX342
2014 PF31
2014 PR35
2014 PD39
2014 PN55
2014 QK2
2014 QZ18
2014 QS364
2014 QW386
2014 QU423
2014 QN261
2014 QV266
2014 QW270
2014 QO271
2014 QG295
2014 QL311
2014 QY352
2014 RO
2014 RE13
2014 RR30
2014 SN86
2014 SZ139
2014 SQ141
2014 SD221
2014 SB223
2014 SX223
2014 SK244
2014 SD260
2014 SZ260
2014 SE262
2014 SJ291
2014 SP303
2014 ST328
2014 TK2
2014 TV10
2014 TO33
2014 TS33
2014 TG34
2014 UZ7
2014 UK20
2014 UE33
2014 UQ57
2014 UT92
2014 UA113
2014 UO114
2014 UU114
2014 UN115
2014 UD117
2014 UV156
2014 UG175
2014 UB177
2014 VU1
2014 VH6
2014 VS6
2014 WU4
2014 WS5
2014 WY6
2014 WW69
2014 WO105
2014 WS267
2014 WP320
2014 WO105
2014 WC106
2014 WN164
2014 WM460
2014 WY477
2014 WB484
2014 WS229
2014 WU495
2014 WF302
2014 WW305
2014 WH350
2014 XH6
2014 XJ6
2014 XY7
2014 YC20
2014 YB30
2014 YG38
2015 AP2
2015 AH25
2015 AU44
2015 AC58
2015 AG81
2015 AU222
2015 AV232
2015 AT269
2015 AZ279
2015 AG281
2015 BR3
2015 BC40
2015 BC53
2015 BG79
2015 BP88
2015 BX125
2015 BL420
2015 BC433
2015 BB203
2015 BX463
2015 BL467
2015 BF233
2015 BT512
2015 BX513
2015 BF257
2015 BW260
2015 BX270
2015 BA279
2015 BT289
2015 BE298
2015 BD311
2015 CS13
2015 CO47
2015 CE52
2015 CZ54
2015 CE59
2015 DQ31
2015 DU53
2015 DX53
2015 DD110
2015 DN112
2015 DC143
2015 DT180
2015 DB198
2015 DN198
2015 DQ198
2015 DE199
2015 DT199
2015 DD203
2015 DZ206
2015 DR224
2015 EA4
2015 EN19
2015 EG20
2015 EH34
2015 EL58
2015 FL33
2015 FT34
2015 FW34
2015 FU40
2015 FU66
2015 FK83
2015 FS110
2015 FF117
2015 FG117
2015 FD118
2015 FF118
2015 FR118
2015 FY144
2015 FS295
2015 FO298
2015 FX331
2015 GW4
2015 GD6
2015 GS12
2015 GV12
2015 GH13
2015 GU13
2015 GY13
2015 GR38
2015 GM50
2015 HM7
2015 HD9
2015 HM9
2015 HV10
2015 HG18
2015 HC27
2015 HE29
2015 HT38
2015 HK43
2015 HM62
2015 HP74
2015 HK81
2015 HD117
2015 HH173
2015 KR
2015 KY9
2015 KR24
2015 KG57
2015 KF67
2015 KY121
2015 KM154
2015 KN154
2015 KU155
2015 KQ158
2015 LE
2015 LR6
2015 LF24
2015 ME44
2015 MB60
2015 MF63
2015 MT67
2015 MK80
2015 MT82
2015 MC92
2015 ME125
2015 NM6
2015 NO25
2015 OY20
2015 OB50
2015 PE40
