id
189
684
2159
3938
4002
6334
6988
8046
9106
9354
10221
10673
12506
13293
16088
16825
17348
25416
27293
29224
31514
31692
39836
46935
52607
53726
53788
54681
56144
57476
57782
57788
58712
61998
64939
65421
67415
68518
68819
71339
73116
73218
77279
81319
84622
84625
84993
85453
85508
85766
86900
90997
93228
93390
94699
94855
95859
96824
96921
98206
98291
103716
104508
107176
109223
110598
112331
112676
112845
115124
115614
117823
118328
120654
122536
124855
125376
125499
126036
126061
126281
128029
130849
132578
142014
142333
143963
144172
147244
149261
150912
151073
153510
153674
156247
156256
158368
169002
177788
182060
182064
183942
183970
195110
197930
203577
206391
209171
209596
211621
212683
213932
213936
214587
214929
216365
219626
221060
222476
222565
224247
225772
233270
233717
239046
243408
243426
244870
245170
246857
253919
259979
260042
260525
270299
271053
272476
273489
275519
275969
277396
277425
282905
284225
285199
287907
289384
291538
292503
292778
294711
300548
302978
303469
305896
306379
309345
309369
309924
310426
312208
312582
313417
316380
316653
317548
320859
327192
327228
327805
328263
330359
332332
333019
340276
341099
347796
348639
348654
349580
352881
355272
359199
359800
361685
362077
362089
362158
369030
369068
379906
390071
393721
395201
401119
401627
404679
405516
406540
408356
408385
421678
423411
426706
432406
435101
438220
438704
2006 AY18
2006 EV66
2007 DO5
2009 BS21
2010 CU111
2011 BC12
2011 BZ47
2011 HO79
2011 KY
2012 BX83
2012 DW34
2013 AC60
2013 CD116
2013 GR28
2013 YE24
2014 JC7
2014 KG87
2014 MS59
2014 TA54
2014 WM423
2015 MS5
2001 FN215
2004 FM23
2006 KC62
2007 RD111
2007 RU154
2008 GA14
2009 AV9
2009 SA85
2009 WR103
2010 AM101
2010 AH104
2010 AY121
2010 BF67
2010 BC72
2010 BU73
2010 BO104
2010 CS51
2010 CR133
2010 CP190
2010 CC223
2010 CX246
2010 DW30
2010 DA32
2010 DP52
2010 DD56
2010 DF84
2010 DS88
2010 ER24
2010 EM25
2010 EJ37
2010 FH61
2010 FZ109
2010 GQ148
2010 GE166
2010 HG25
2010 HH50
2010 HB68
2010 HA85
2010 HB85
2010 JE99
2010 KS16
2010 KL28
2010 KK50
2010 KH74
2010 KX114
2010 KG123
2010 KQ126
2010 LX21
2010 LC48
2010 MF8
2010 MG53
2010 MQ78
2010 ME103
2010 NW16
2010 NY34
2010 NY49
2010 NK101
2010 ND108
2010 OK12
2010 OG49
2010 PF47
2010 XF2
2011 HW35
2013 AZ17
2013 BG15
2013 DF15
2013 HN58
2013 HS145
2013 HH149
2013 JG45
2013 SR74
2013 YZ71
2014 KC56
2015 BK457
2015 FN43
2015 FX179
2015 HD95
2015 PG46
