id
1849
9510
18194
18556
19786
20396
26215
29172
31325
31670
32289
35899
36889
37093
41008
41175
43575
44523
45061
47814
48285
50030
50443
53333
53405
56218
56222
56738
56854
58052
58827
59678
59704
60322
61160
61655
62884
64824
64911
65851
68234
70579
70638
71050
75709
76774
77591
77754
77830
83780
85897
87336
87892
89863
90080
91571
91980
95561
95581
97265
100303
102001
104015
104355
110036
111720
112749
114518
114611
116365
116635
117661
120346
121945
123889
127145
127195
133356
133743
135237
140078
140326
143403
152078
152504
155880
156599
157542
161108
161140
161740
163494
167359
167514
169280
170163
170759
171153
171963
174528
177857
179506
179508
181214
183921
184287
184687
184967
188800
188980
192101
195835
196687
197219
197422
198584
198770
201895
202818
204971
206295
210107
214416
214743
216394
218767
224923
225993
226013
228370
234156
234833
241241
241499
245380
248307
248868
248938
254916
256491
256884
257117
258539
261024
261231
267015
270655
272805
273218
274741
275698
276177
277053
279381
281678
281982
282332
283477
283480
284824
285200
287611
292370
292555
293886
295397
296233
299907
302213
302815
303813
303862
305207
305434
310126
311396
314521
315840
315891
317662
319120
320044
320155
321490
322338
322382
323591
325293
325574
327089
327537
328692
329190
330193
331299
331461
331784
332799
341482
341756
341808
342980
343545
346228
346714
346788
349887
350438
350685
355746
356147
357408
360181
361471
361918
361944
362454
366020
366022
366106
367807
367818
368513
368826
369213
369666
370357
372290
377490
385129
388391
388770
389203
390303
392575
393086
393563
393896
394693
395250
395530
396126
399189
400642
401238
401270
403706
403905
404886
405802
407632
407939
408608
409095
414572
415248
417328
417351
417661
418666
418675
418736
419998
420083
420161
420239
424375
425339
425973
426959
427042
428479
432157
433202
433528
433580
433664
433857
435995
437616
437696
437717
437781
438384
439120
1996 VU28
2001 VU133
2002 AA29
2003 SA376
2004 EN104
2005 TY192
2005 UU435
2005 VN132
2005 YX68
2006 BP163
2006 DY103
2006 TH120
2006 UH277
2006 UU332
2007 EF2
2007 LH26
2007 TM449
2008 CW11
2008 CS34
2008 EF90
2008 FD30
2008 GV2
2008 SY56
2008 TG86
2008 VO10
2008 YU79
2009 FU8
2009 SD40
2010 BZ52
2010 KD55
2010 UG101
2011 FY42
2011 FJ85
2011 UZ383
2012 SH
2012 TM281
2012 UX22
2012 UO37
2012 VJ76
2013 AC19
2013 AV154
2013 AN162
2013 CS90
2013 CM205
2013 EJ104
2013 EX106
2013 EM110
2013 TX93
2013 WA58
2014 EV39
2014 NR55
2014 ND58
2014 QV177
2014 TR20
2014 VM9
2014 WU179
2014 WR428
2014 WQ212
2015 AC279
2015 DF124
2015 DR149
2015 FQ152
2015 FD169
2015 GD30
2015 GZ44
2015 HG105
2015 KB95
2015 MK20
2001 VC126
2003 BV3
2004 YP13
2005 UE26
2005 VZ66
2005 YH236
2006 HO68
2006 KK35
2007 DU108
2007 JG15
2007 TA296
2007 VP18
2008 CX3
2008 EK124
2008 EO167
2008 HL50
2009 BE154
2009 HA95
2010 AR52
2010 AR96
2010 AA117
2010 BD82
2010 BH82
2010 CT242
2010 HT40
2010 JJ93
2010 JF138
2010 KO28
2010 KH78
2010 KN86
2010 LZ49
2010 MA19
2010 MJ36
2010 MS39
2010 MX109
2010 MH111
2010 NO47
2010 OV50
2010 PR11
2010 PB34
2010 PV36
2010 TV
2011 BJ55
2011 CY98
2011 GA88
2011 HD19
2011 SL77
2011 UB80
2012 FV81
2012 TX157
2013 AF167
2013 AN177
2013 BD56
2013 HP6
2013 HT34
2013 HV115
2013 RV47
2013 TU92
2014 KS25
2014 KX29
2014 OV171
2014 OP237
2014 UO203
2014 VW15
2014 WM256
2014 YU22
2015 AO108
2015 BV25
2015 BN405
2015 BO480
2015 BY280
2015 BH284
2015 DE189
2015 ML78
2015 MJ103
