id
101
550
955
1230
1515
1995
2687
3082
3115
3760
3806
3811
5811
6173
7440
7920
9532
9993
10077
10086
10246
10942
11526
12453
12571
12795
13079
13107
13200
13544
13953
14089
14546
14880
15089
15185
15401
16859
16902
17070
17284
17352
17377
18400
18808
18978
19099
19723
20046
20362
20459
20552
20703
21130
21516
21779
21901
21977
21997
22163
22304
22306
22787
23299
23427
24716
25262
25305
25569
25770
26011
26351
26552
26556
26657
27221
27230
27540
27815
28303
28702
29056
29164
29240
29299
29305
29477
30189
30556
30667
30784
31189
31524
31625
31871
32210
32211
32255
33139
33577
33635
34423
34679
34977
35133
35191
35507
35928
36071
36404
36416
36676
36720
37077
37295
37459
37976
38549
38837
38915
39257
39469
39486
39516
39745
39748
40038
40048
40668
40673
40723
41047
41319
41636
41784
41818
41825
41877
41921
42153
42271
42538
42691
42695
42702
43259
43314
43336
43672
43816
44204
44226
44274
44341
44503
44937
44961
44994
45015
45033
45061
45078
45192
45426
45444
45551
45688
45803
45995
45996
46025
46181
46331
46579
46949
46995
47436
47612
47625
47817
48285
48380
48427
48686
49052
49284
49301
49322
49413
49456
49488
49801
50846
50849
50910
51003
51183
51245
51558
51662
51992
52130
52132
52217
52401
52575
52577
53234
53993
54302
54319
54467
54758
54905
54934
55468
55649
56218
56251
56785
56802
56882
56905
57260
57298
57537
57605
58288
59335
59463
59553
59628
60530
60737
60764
61056
61160
61287
61745
61894
61895
62115
62460
62627
62683
63140
63408
63451
63506
63674
65411
65639
65664
65681
65842
66043
66554
66791
68017
68264
68358
68650
68999
69015
69050
69073
69660
69738
70167
70338
70369
70425
70540
70579
70605
70638
70745
70922
70935
70963
70979
71451
72495
72543
72548
72549
73391
74135
74308
75253
75382
75383
75387
75472
75589
75607
75699
75900
76137
76243
76320
76378
77242
78073
78303
78709
78785
78946
79198
79442
79820
79870
80845
81095
81136
81224
81268
81283
81393
81526
81711
81757
82315
83408
83921
84309
84447
84609
85038
85356
85568
85801
85926
86763
87092
87095
87219
87427
87602
87649
87670
88546
88896
88927
89087
89396
89523
89559
89818
90124
90220
90396
90434
90880
91015
91017
91075
91082
91448
92612
92973
93061
93105
93637
93644
93649
93658
93984
94148
95084
95161
95201
96071
96471
96756
96846
96848
97047
97100
97783
98515
98760
99185
99813
99817
101192
101222
101684
102477
102551
102647
102903
103223
103294
103572
103694
103736
104105
104271
106383
107894
108060
108273
108335
108426
108429
108501
108502
108798
108857
108978
109163
109279
109499
109588
109997
110499
110558
110598
110604
110609
110697
110734
110768
110823
110847
110944
110957
111065
111123
111349
112272
112823
112951
113040
113055
113405
113738
113959
114431
114751
114815
115563
115835
116016
116084
116175
116292
116986
117056
117223
117683
118201
118354
118377
119435
119496
119557
119607
120320
120648
122522
122525
122607
122617
122632
122819
122922
123047
125535
125594
125641
125701
125860
126105
126598
126611
126731
127730
128022
128342
128395
129280
129301
129644
129926
129996
129998
130080
130108
130994
131074
131211
131922
132246
132340
132488
132621
132633
133807
133928
134446
134449
134452
134489
135685
135725
135911
136147
136757
136968
137006
137843
138138
138418
138436
138454
139143
139841
140524
141372
142250
142609
142615
142633
142686
142774
142829
142949
143072
143097
143435
143924
143970
144432
144765
144807
144856
145071
145153
145330
146443
146487
146668
147289
147614
148340
148506
148628
148763
148829
148835
149247
149250
149391
149401
149417
149491
150472
150854
150904
150963
151081
151088
151144
151759
151813
152745
153173
153590
153662
154493
155501
155502
155701
155747
155788
155807
156072
156309
156374
156814
156906
156929
156956
157267
157598
158014
158367
158396
159125
159502
159652
160041
160452
160772
161089
161657
162248
162254
162274
162348
164910
164997
165571
167089
167106
167224
167427
168416
168540
168584
169060
169079
169956
170395
170481
170485
170566
170724
171075
171640
171848
172562
172617
172686
172735
173144
173289
174806
174843
174844
174955
175748
176755
176944
177344
177420
177425
177432
177484
177495
178868
178883
178983
178984
179058
179062
180546
180585
180629
182035
182302
182306
182518
182636
184161
185130
185683
186177
187291
187546
187868
188017
188024
188039
188101
188459
189185
189239
189273
189526
189547
190198
190240
190362
190552
190581
190594
190641
191281
191660
191731
191747
192040
192489
193212
193233
193281
193304
193399
193484
193601
193609
193613
194874
195044
195405
195534
195605
198077
198082
198176
198335
198619
199160
199177
199231
199759
199782
199899
199927
200190
200202
200481
200488
200963
201704
203195
203917
204462
204472
205414
206475
206479
206631
207259
207262
208767
209770
210339
210590
210809
211328
212200
212289
212433
213680
213683
213931
214294
214318
214336
214947
215252
215273
215915
216527
216531
217025
217075
217560
217905
217919
217923
217953
217962
218660
218703
219571
219595
219610
220265
221098
221268
221315
221815
222607
222666
223234
223273
223637
224273
225054
225706
225774
225808
225835
225851
225898
225950
225986
226372
227477
227570
227925
228412
228609
228780
229125
229476
229957
230261
230308
230353
231222
231262
231840
231899
232056
232121
232160
232181
232192
232469
232801
233317
233740
233798
233909
234091
234217
234300
234309
234597
234701
235227
236350
236406
236462
236590
236759
236951
237071
237281
237543
237561
237567
237570
237781
237868
238458
238537
238641
238988
239025
239626
239945
240141
240152
240362
240549
242091
242155
242260
242527
242670
242841
243264
243544
244351
244390
244400
244407
244688
244715
245211
245284
245908
246259
246923
246964
247375
247463
247565
247761
247849
248577
248808
249024
249507
250174
250213
250262
251085
251108
251399
251962
253069
253070
253121
253123
253130
253905
253940
254096
255739
256038
256277
257281
257437
258053
258259
259055
259173
259186
259216
259239
259281
259298
260061
260628
261195
262302
262468
262612
262841
263254
263741
264579
264625
264989
265630
265660
266280
266304
266323
266400
266694
266921
267180
267281
267362
267732
268254
269607
270119
270220
270272
270333
270364
270468
270891
271072
271617
271718
271818
271842
272394
272429
272554
272628
272649
272714
272818
273800
273938
273974
275546
275686
275698
275707
275904
275941
276009
276395
276466
276849
276868
277406
277686
278007
278566
279334
279845
280096
280563
281419
281706
281797
282072
282366
282388
282643
282733
283093
283299
284216
284244
284247
284759
284764
284821
284915
285315
285889
286659
286707
286827
286846
286919
287147
287749
287772
287935
288062
288108
288503
288719
289025
289384
289453
289516
290197
290375
291509
293167
294453
294615
294720
294972
295211
295940
296204
296475
296900
298400
298401
298402
298418
298434
298450
298451
298452
298457
298468
298552
298585
299568
299630
300608
300615
300646
301227
301734
301817
302528
302549
302635
303002
303013
303474
303572
303607
304145
304973
305127
305749
305801
305804
306201
306360
306442
306642
306746
306808
306815
306929
307009
307063
307278
307436
307554
307740
307765
307826
307841
307904
308218
308234
308820
309378
309468
309593
310759
310918
311055
311312
311644
311775
311809
312573
312772
313035
313201
313390
313421
313448
313469
313515
313806
313818
315498
315540
316064
316846
317016
317038
317148
317414
317554
317591
318043
319671
319680
320545
321361
321744
321785
322110
322136
322612
322787
322790
322810
323104
323436
323443
324450
325091
325278
325640
326008
326458
327228
328281
328332
328987
329002
329079
329303
329366
329781
329785
329974
331163
331437
331524
332103
332340
332789
332844
333223
333299
333473
333983
334363
335129
335506
335516
335536
335740
336133
336304
336785
337272
337275
337293
337971
337992
339087
339100
339266
339295
340250
340284
340452
341077
341107
341123
342118
342158
342170
342210
342251
342256
342271
342289
342426
342507
342553
342638
342721
342726
342804
343290
343809
343894
344150
345435
345450
346487
346543
346721
347064
347794
347795
348414
348918
349118
349659
349675
349737
349771
350074
350493
350576
351008
351075
351342
351364
352207
352879
352918
353335
353883
353962
354013
354247
354397
355385
355923
356054
356084
356108
356366
356536
356786
357266
357392
357408
357631
357634
357641
358579
358597
359021
359094
359189
359248
359577
359891
360239
360801
361216
361729
362258
362386
363122
363392
363573
363960
364358
364384
364389
364420
364820
365075
365232
365660
365882
366018
366044
366419
366420
367329
367515
367788
368251
368748
368753
368968
369106
369276
369756
369776
370073
370079
370100
370188
370988
370994
371079
371102
371158
372435
372465
373574
374368
374963
374971
375747
375841
376210
376715
376866
376875
376891
376897
376927
376944
377372
377660
377689
377699
377719
377753
377758
377845
379290
379295
380301
380304
380427
380585
381435
381882
382111
382450
382456
382463
382610
383224
383920
384372
384416
384750
384849
384871
385534
385575
385740
386085
386280
386293
386339
386373
386754
386936
387026
387280
387623
388177
388988
389019
389037
389079
389468
390080
390634
390741
392303
392765
393494
393598
393727
394144
395030
395195
395196
395214
395223
395250
395857
395963
396126
396400
396656
396659
396660
396756
396768
396782
397219
397261
397596
397920
398705
398926
399030
399464
399489
399523
399610
400043
400055
400599
400642
400829
401006
401528
402623
403103
403574
404291
404613
404890
405137
405138
405187
405933
405942
406004
406087
406548
406680
407363
407819
407924
408191
409002
409863
409924
409966
410028
410412
411221
411229
411244
411332
411776
412508
412548
412632
413487
413961
414200
414205
414209
414243
414771
414834
414856
415357
415367
415469
415502
415809
415834
415835
415855
416227
416247
416886
417013
417661
417677
418202
418268
418349
418370
418380
419694
419758
419817
419823
419838
419904
420014
420393
420403
420441
420509
420608
420622
421467
421706
421967
422213
422793
422959
423429
423444
423451
423452
423522
423540
424030
424067
424075
424095
425721
425988
426133
426536
426810
427000
427324
427377
427442
427484
427485
427910
428326
428721
429483
429550
429690
429714
430782
430944
430983
430986
432728
432846
432868
432893
433095
433767
433781
434072
434653
434656
434737
435124
435587
436179
436190
436199
436236
436257
436292
436490
436554
436590
437003
437051
437970
437979
437992
437999
438087
438704
438713
439061
439083
439495
439734
1996 XX14
1999 VF
1999 VS91
1999 VA102
1999 VL110
2000 FH14
2000 ST134
2001 OO41
2001 OK69
2001 SX100
2001 SF125
2001 SC183
2001 SB349
2001 UO
2001 UA20
2001 UL178
2001 WC66
2002 NT3
2002 OP2
2002 OT26
2002 OX36
2002 PL157
2002 PE175
2002 PN195
2002 QN65
2002 RM1
2002 RT267
2002 TA148
2002 TX310
2002 XU28
2003 SY31
2003 SX82
2003 SN215
2003 TP46
2003 UY196
2003 WP97
2003 WQ134
2003 XT12
2004 BF101
2004 CT25
2004 DG29
2004 FK121
2004 HQ60
2004 JZ32
2004 TO101
2004 TT361
2004 WL8
2005 CF20
2005 FK1
2005 JO52
2005 RT2
2005 TM35
2005 TS62
2005 UX95
2005 UN415
2005 UX185
2005 UD232
2005 UH522
2005 WS165
2005 XU116
2005 YT8
2005 YA32
2005 YQ168
2005 YK199
2005 YF279
2006 AJ41
2006 AE70
2006 BY69
2006 BH84
2006 BY103
2006 CX67
2006 HA52
2006 KD87
2006 RN2
2006 SQ398
2006 SX144
2006 SE252
2006 SH334
2006 TU52
2006 TG103
2006 TG112
2006 TR115
2006 UR117
2006 UN159
2006 VV101
2006 VM138
2006 WZ200
2006 XY61
2007 BZ36
2007 GH46
2007 HW87
2007 JA7
2007 LZ
2007 PX29
2007 RX189
2007 RR320
2007 TY32
2007 TS138
2007 TD365
2007 TS138
2007 TT443
2007 TB317
2007 UP51
2007 UK77
2007 UJ119
2007 UL128
2007 VP145
2007 VX164
2007 VP166
2007 VB295
2007 VD296
2007 WR30
2007 WO44
2007 XV17
2007 XJ51
2007 XK59
2008 AN33
2008 AS35
2008 AS45
2008 AR48
2008 CU9
2008 DE31
2008 ET123
2008 FO11
2008 GX40
2008 HW1
2008 HQ8
2008 HG17
2008 HR29
2008 HD56
2008 HL62
2008 KS39
2008 NX1
2008 OF20
2008 RC137
2008 SN87
2008 SX117
2008 SL187
2008 SG198
2008 TZ61
2008 TC121
2008 TT154
2008 UQ55
2008 UU79
2008 UG168
2008 UZ202
2008 UC260
2008 UL345
2008 VV46
2008 WJ129
2008 YG3
2008 YQ38
2008 YH154
2008 YD162
2009 BO13
2009 BP26
2009 BW81
2009 BK126
2009 BX185
2009 DS
2009 DD2
2009 DU108
2009 DU114
2009 DU124
2009 GY2
2009 JO6
2009 LH
2009 RS15
2009 RF71
2009 ST328
2009 TS3
2009 TT8
2009 UG34
2009 UV87
2009 VF65
2009 VH95
2009 VC114
2009 WW52
2009 WL92
2009 WC135
2009 WB144
2009 WB261
2010 BU74
2010 CY155
2010 CN174
2010 EW27
2010 FU19
2010 GN26
2010 GK98
2010 GX171
2010 JE3
2010 JS103
2010 KN69
2010 OF35
2010 OK122
2010 PF
2010 PD40
2010 RO11
2010 RW51
2010 RX135
2010 RO142
2010 TJ22
2010 TX110
2010 UC25
2010 VD48
2010 VT149
2010 VA181
2010 XH17
2010 XR48
2011 AB17
2011 AT38
2011 AQ40
2011 AB61
2011 BX33
2011 BK72
2011 BF80
2011 BR112
2011 CU33
2011 CZ47
2011 CH49
2011 CG77
2011 CL80
2011 DG9
2011 ED35
2011 FJ80
2011 FD102
2011 FG125
2011 HK96
2011 KF4
2011 LF4
2011 QO36
2011 QL55
2011 QC84
2011 RY3
2011 SG26
2011 SC32
2011 SY73
2011 SY173
2011 SE191
2011 UU52
2011 UT59
2011 UA66
2011 UW133
2011 UL407
2011 UL159
2011 VG3
2011 WO52
2011 WG68
2011 WP73
2011 WH82
2011 YR25
2012 AK7
2012 AX16
2012 BQ36
2012 BB91
2012 BZ121
2012 BZ150
2012 CP
2012 DL6
2012 DZ56
2012 GB20
2012 HM59
2012 KD46
2012 KG46
2012 LK9
2012 SY2
2012 SW21
2012 TK79
2012 TN95
2012 TB157
2012 TM176
2012 TM192
2012 TD203
2012 TD313
2012 UA88
2012 UY97
2012 UC134
2012 UT137
2012 UB161
2012 UK164
2012 UF169
2012 VJ52
2012 WW16
2012 WK23
2012 WY32
2012 WR34
2012 XD1
2012 XA46
2012 XT124
2012 YZ8
2013 AV56
2013 AL64
2013 AH77
2013 AW103
2013 AN154
2013 AY174
2013 AJ180
2013 BD20
2013 BD57
2013 BE76
2013 CO34
2013 CP65
2013 CF73
2013 CZ125
2013 DB11
2013 EZ13
2013 EH125
2013 FP2
2013 GM26
2013 GG77
2013 GJ85
2013 GN93
2013 HA106
2013 JR8
2013 JE46
2013 JV62
2013 KP14
2013 LV2
2013 LC4
2013 LY20
2013 MH10
2013 MW10
2013 NO20
2013 OO5
2013 PP52
2013 PW72
2013 QY73
2013 QL91
2013 RT42
2013 RP73
2013 RU96
2013 SZ71
2013 TM77
2013 TJ78
2013 VS1
2013 VT3
2013 WF15
2013 XP
2013 YG13
2013 YY44
2013 YQ90
2013 YB121
2014 AM21
2014 AB22
2014 CK
2014 CE3
2014 CN22
2014 DE5
2014 DN14
2014 DW61
2014 DH66
2014 DS73
2014 EF18
2014 FD2
2014 FC49
2014 HM1
2014 HW74
2014 HJ93
2014 HW151
2014 JC14
2014 JR25
2014 JC30
2014 JK79
2014 KN35
2014 KG56
2014 LO12
2014 MJ15
2014 MS40
2014 MP68
2014 NY2
2014 NU23
2014 NH42
2014 NE45
2014 OZ17
2014 OW32
2014 OT143
2014 OL228
2014 OM358
2014 PP
2014 PG6
2014 PW15
2014 PJ16
2014 PZ37
2014 QY7
2014 QO368
2014 QR137
2014 QW151
2014 QQ422
2014 QO216
2014 QG325
2014 QN325
2014 QC335
2014 SH31
2014 SE135
2014 SY220
2014 TO65
2014 UQ10
2014 UV15
2014 UM21
2014 UM78
2014 UF172
2014 VS10
2014 VD15
2014 WP7
2014 WZ55
2014 WB64
2014 WX285
2014 WY101
2014 WS371
2014 WP399
2014 WM160
2014 WG428
2014 WR428
2014 WX187
2014 WG205
2014 WO506
2014 WQ318
2014 WX320
2014 XC1
2014 XH10
2014 XY30
2014 YM8
2014 YA10
2014 YQ20
2014 YY30
2014 YE48
2015 AF76
2015 AP143
2015 AZ178
2015 AW207
2015 AV262
2015 AS279
2015 BZ4
2015 BC6
2015 BE35
2015 BA63
2015 BL91
2015 BC107
2015 BW430
2015 BV441
2015 BY298
2015 CV54
2015 DE175
2015 DC188
2015 DG200
2015 DC207
2015 DG211
2015 DV219
2015 EP16
2015 FE35
2015 FP52
2015 FP111
2015 FU151
2015 FQ152
2015 FM275
2015 FB299
2015 FL302
2015 FE304
2015 FG304
2015 FX335
2015 GB25
2015 GS43
2015 HM3
2015 HL56
2015 HG105
2015 HR115
2015 KC2
2015 KW51
2015 KU71
2015 LT35
2015 LR39
2015 MH3
2015 MV24
2015 MW57
2015 MD82
2015 OB23
2015 OO24
1996 VX28
1998 MQ47
1999 VZ39
1999 VJ134
2000 QL19
2000 SU5
2000 TX26
2001 FZ213
2001 ON90
2001 QV153
2001 RA102
2001 UR191
2001 VA129
2001 XM1
2001 XD34
2001 XO200
2001 YX63
2002 JR134
2002 LH2
2002 LF64
2002 OL32
2002 PL17
2002 PT181
2002 PV187
2002 QO60
2002 QT141
2002 RR255
2002 RB274
2002 RF287
2002 RG292
2002 RO293
2002 SW64
2002 TP235
2002 UH56
2002 XU59
2003 BB46
2003 SY402
2003 SU419
2003 SS327
2003 SW359
2003 UK371
2003 UQ416
2003 UA171
2003 UA327
2003 WH63
2003 YX92
2003 YB102
2003 YC108
2004 CQ47
2004 GG11
2004 PP5
2004 RZ18
2005 GA16
2005 LY10
2005 SD180
2005 SU183
2005 SN285
2005 TE81
2005 UL93
2005 UQ188
2005 UT196
2005 US306
2005 VM19
2005 WP70
2005 YX53
2005 YB136
2005 YE159
2006 BP20
2006 BK37
2006 BV150
2006 DG44
2006 EW48
2006 KZ44
2006 OZ25
2006 SN385
2006 ST158
2006 TM111
2006 TX120
2006 UE132
2006 VG78
2006 XV66
2007 AT10
2007 DF83
2007 EN121
2007 FN19
2007 HX62
2007 LK27
2007 RD14
2007 RD68
2007 RN183
2007 TU439
2007 TR449
2007 TO190
2007 TX252
2007 TZ288
2007 UV78
2007 UV91
2007 VM19
2007 VW104
2007 VF120
2007 VH160
2007 WK33
2007 XQ52
2007 YS26
2008 CY20
2008 EK46
2008 ER81
2008 EV156
2008 GN84
2008 HS7
2008 HM42
2008 PC9
2008 QW19
2008 SC38
2008 SU213
2008 TQ109
2008 TB128
2008 TB134
2008 TZ144
2008 UO89
2008 VX10
2008 VV52
2008 VP63
2008 WX45
2008 WZ83
2008 YY11
2008 YF101
2008 YF104
2008 YU161
2009 AP35
2009 BF1
2009 BX129
2009 BH170
2009 EH13
2009 HX14
2009 HN44
2009 HU49
2009 MY
2009 OY
2009 OV12
2009 ST75
2009 VE6
2009 VS7
2009 VF33
2009 WR103
2009 WF144
2009 WN180
2009 WZ201
2010 AG52
2010 AW64
2010 AN83
2010 AM101
2010 AL108
2010 AL123
2010 BB11
2010 BK28
2010 BN33
2010 BZ50
2010 BS52
2010 BJ53
2010 BD55
2010 BN56
2010 BV64
2010 BF65
2010 BR65
2010 BY69
2010 BX92
2010 BC103
2010 BC112
2010 CU46
2010 CX52
2010 CH186
2010 CA187
2010 CE201
2010 DW14
2010 DS57
2010 DB80
2010 DE90
2010 EB4
2010 EE59
2010 FX42
2010 FY58
2010 FY114
2010 FC115
2010 GD53
2010 GU94
2010 GV152
2010 GQ167
2010 HY3
2010 HN4
2010 HO73
2010 HD97
2010 HU99
2010 JZ17
2010 JK23
2010 JK94
2010 JB147
2010 KB53
2010 KB65
2010 KM80
2010 KA92
2010 KJ98
2010 LW4
2010 LO8
2010 LC32
2010 LY41
2010 LF52
2010 LM52
2010 LL90
2010 MW16
2010 MT24
2010 MW26
2010 MJ33
2010 MA41
2010 MM59
2010 MT59
2010 MP69
2010 ME86
2010 MC90
2010 MW95
2010 MC109
2010 ND20
2010 NC39
2010 NW39
2010 NE41
2010 NG65
2010 OB61
2010 OO67
2010 OB74
2010 OY101
2010 OX106
2010 OX108
2010 OX123
2010 PO67
2010 RD139
2010 TV45
2010 UA38
2010 VB57
2010 VK93
2010 VU203
2010 VJ218
2010 WU57
2011 AA4
2011 AL4
2011 BA24
2011 BM29
2011 BX43
2011 BJ53
2011 BE66
2011 BC68
2011 CJ107
2011 DR46
2011 FH29
2011 FX55
2011 HK53
2011 JC25
2011 OW7
2011 OQ8
2011 OV13
2011 SF235
2011 TJ6
2011 TZ15
2011 UM9
2011 UR107
2011 UL247
2011 UR260
2011 UL338
2011 WC34
2011 WA99
2011 WT112
2011 YN51
2011 YQ60
2011 YM78
2012 BA72
2012 CM33
2012 DQ12
2012 EY12
2012 FX11
2012 FL19
2012 FS65
2012 HM72
2012 JO62
2012 MM7
2012 TX89
2012 TJ105
2012 TE107
2012 TS162
2012 TH216
2012 TX250
2012 UH27
2012 UF93
2012 UH130
2012 UY137
2012 WA4
2012 XH8
2012 XW65
2013 AE26
2013 AU42
2013 AU69
2013 AB98
2013 AU121
2013 AT147
2013 AD163
2013 AL163
2013 AJ164
2013 AA182
2013 BZ8
2013 BT38
2013 BG42
2013 CF136
2013 CB149
2013 GN18
2013 GF62
2013 GS106
2013 GA128
2013 HZ4
2013 HQ36
2013 HB38
2013 HS43
2013 HC72
2013 HA118
2013 HH132
2013 JX47
2013 LA31
2013 NM2
2013 PC35
2013 QA84
2013 SN19
2013 SO27
2013 TT37
2013 WM92
2013 YR1
2013 YT33
2014 DK77
2014 DS105
2014 EN10
2014 EP30
2014 FS16
2014 FY16
2014 FS22
2014 HE139
2014 HP156
2014 JD1
2014 JP8
2014 JP35
2014 KB63
2014 MY51
2014 NK26
2014 NL28
2014 NT52
2014 NV53
2014 OW
2014 OQ12
2014 OU28
2014 OJ42
2014 OW89
2014 OY129
2014 OK130
2014 OK159
2014 ON192
2014 OK238
2014 OZ246
2014 OZ279
2014 OK301
2014 OB315
2014 PK67
2014 QQ50
2014 QM78
2014 QV104
2014 QO376
2014 QR127
2014 QM414
2014 QJ249
2014 QC255
2014 QM264
2014 SB24
2014 SB114
2014 SQ338
2014 TM23
2014 UY49
2014 UV177
2014 VR22
2014 WX6
2014 WU360
2014 WN117
2014 WT391
2014 WA407
2014 WX416
2014 WC190
2014 WL192
2014 WH233
2014 WA250
2014 WB252
2014 WX285
2014 WT311
2014 WX313
2015 AH119
2015 AU166
2015 AT210
2015 BG5
2015 BO84
2015 BY86
2015 BA98
2015 BL100
2015 BZ126
2015 BE426
2015 BK436
2015 BS449
2015 BS201
2015 BU218
2015 BF264
2015 DG35
2015 DG43
2015 DR85
2015 DX110
2015 DE161
2015 DR161
2015 DY161
2015 DY214
2015 EL5
2015 EW15
2015 FD135
2015 FZ322
2015 GY38
2015 GT44
2015 HO5
2015 HR6
2015 HN82
2015 HX85
2015 HW87
2015 HR100
2015 HA129
2015 KX12
2015 KD17
2015 KR20
2015 KF44
2015 KE76
2015 KU77
2015 KV80
2015 KM131
2015 KY147
2015 LW12
2015 LR14
2015 LW31
2015 LA33
2015 MB87
2015 MF103
2015 NC16
2015 NX23
2015 OY1
2015 OG21
2015 OP70
2015 PW4
2015 PW33
2015 PN41
2015 PD44
2015 PF51
