id
12022
12210
13513
14727
17429
17734
18310
18926
18976
19938
20022
21405
22165
22587
22597
22957
23357
23590
23623
24051
24532
24573
24584
24594
25021
25339
25402
25426
26420
26732
26788
26944
27423
27839
28096
28110
28183
28436
28822
29678
30066
30131
30700
30751
30758
30874
31008
31027
31138
31522
31892
31946
31948
31963
32006
32105
32580
32674
32756
32886
32971
33058
33337
33499
34229
34250
34310
34330
34745
34823
34983
35176
35278
35415
35674
35770
35830
35900
35927
35969
36503
36651
36767
36885
36971
37451
37568
37688
37739
38087
38150
38744
38860
38938
38952
38976
39089
39166
39805
40255
40269
40295
40790
41494
41637
41687
41926
42294
42412
42426
42461
42473
42553
42826
42827
42882
43012
43597
43635
43661
43700
43832
44056
44539
44574
44626
44646
44651
44748
44860
44976
45181
45274
45905
45910
45950
45962
46180
46182
46358
46529
46533
46767
46784
47183
47200
47207
47221
47248
47252
47282
47325
48011
48173
48176
48287
48387
48567
48703
48727
48732
48846
48877
48987
49077
49327
49683
49768
49796
49817
49861
49913
49954
49988
49989
50172
50177
50490
51088
51389
51417
51447
51470
51480
51607
51619
52144
52503
52615
52851
52874
52903
52911
52988
53007
53224
53451
53473
53540
53598
53611
53632
53640
53772
53791
53866
53889
53930
53944
53995
54040
54113
54115
54154
54178
54249
54262
54282
54361
54741
54946
54981
54985
55093
55121
55180
55672
55685
55706
55982
56127
56319
56420
56532
56546
56564
56628
56681
57127
57142
57289
57474
57586
57734
57911
58034
58064
58119
58537
58590
58706
58820
58869
59056
59214
59316
59354
59365
59538
59670
60009
60193
60340
60402
60716
60761
60789
60790
60905
60906
60908
61071
61116
61138
61223
61239
61286
61482
61629
61705
61783
61795
61868
61870
62238
62283
62517
62670
62678
62697
62814
62928
63012
63225
63275
63359
63636
63885
63912
63972
63997
64096
64187
64235
64359
64403
64469
64492
64558
64626
64638
64648
64706
64734
64858
65158
65185
65399
65418
65445
65579
65604
65862
65881
65964
66228
66333
66392
66498
66543
66812
67452
67529
67568
67570
67587
67661
67676
67719
67801
67804
67867
67869
67973
68043
68062
68081
68213
68221
68236
68510
68574
68710
68719
68827
68978
69039
69412
69592
69626
69636
69656
69705
69799
70025
70087
70123
70250
70371
70498
70521
70554
70569
70654
70667
70784
70817
70914
71554
71772
71814
71847
71895
72006
72054
72075
72077
72117
72121
72138
72209
72237
72255
72266
72343
72581
72926
73010
73076
73121
73157
73159
73192
73241
73398
73408
73425
73560
73666
73828
73832
73835
73878
73939
73971
73973
74008
74187
74225
74298
74346
74426
74825
74938
74963
74965
74976
74989
74992
75000
75091
75150
75217
75284
75316
75349
75360
75431
75506
75571
75730
75748
75993
76342
76807
76895
76931
76936
76998
77047
77054
77136
77156
77164
77249
77270
77287
77450
77460
77546
77563
77575
77585
77675
77989
78089
78181
78270
78279
78414
78499
78922
78950
79042
79080
79091
79191
79225
79236
79296
79361
79434
79556
79596
79973
80109
80344
80406
80410
80446
80448
80560
80626
80641
80710
80800
80822
80856
80890
80897
80932
81001
81072
81089
81106
81178
81345
81398
81422
81451
81533
81580
81607
82062
82065
82099
82108
82188
82221
82268
82477
82563
82589
82661
82854
82912
82996
83010
83060
83393
83545
84169
84335
84366
84374
84431
84536
84565
84569
84638
84654
84737
84978
85049
85344
85391
85447
85449
85624
85725
85758
85880
85908
85914
86414
86427
86539
86560
86622
86629
86648
86660
86692
86770
86968
87007
87078
87086
87260
87263
87286
87287
87540
87632
87693
87711
87777
87794
87866
87870
87996
88053
88310
88415
88469
88548
88657
88658
88744
88778
88804
88895
89115
89121
89179
89419
89710
89851
90413
90470
90474
90660
90663
90743
90758
90786
90813
90818
90827
90868
90911
90949
91236
91238
91245
91250
91253
91272
91287
91294
91314
91321
91330
91342
91378
91450
91834
92008
92204
92291
92327
92537
92667
92686
92711
92795
92804
93051
93072
93107
93147
93327
93369
93384
93400
93469
93473
93510
93552
93677
93678
93681
93735
93745
93758
93770
93928
94418
94419
94483
94668
94721
94735
94748
94790
94812
94882
94896
94897
94970
95130
95133
95165
95229
95250
95279
95282
95539
95591
95610
95734
95751
95788
95801
95872
95874
96138
96151
96223
96245
96317
96320
96364
96636
96689
96709
96829
96882
97027
97042
97108
97152
97191
97224
97517
97616
97674
97708
97800
97911
97912
97915
97958
97967
97994
98074
98105
98106
98163
98183
98211
98212
98216
98219
98243
98276
98317
98407
98480
98500
98597
98676
98928
98983
99312
99339
99541
99561
99570
99573
99579
99663
100232
100256
100350
100532
100546
100554
100572
100677
100705
100744
100889
101151
101214
101403
101427
101463
101579
101813
101832
101966
101997
102075
102139
102158
102164
102177
102371
102402
102407
102663
102668
102674
102691
102713
102721
102736
102743
102753
102776
102813
102972
102991
102995
103015
103046
103160
103425
103527
103539
103554
103591
103598
103704
103753
103831
104013
104041
104185
104196
104391
104491
104551
104580
104592
104649
104741
105033
105269
105314
105436
105448
105603
105761
105920
106103
106426
106539
106544
106838
106882
106960
106994
107025
107034
107085
107096
107152
107157
107240
107285
107301
107371
107457
107508
107563
107603
107677
107750
107772
107849
107876
107953
108018
108202
108229
108262
108474
108490
108596
108611
108613
108672
108829
108917
108955
108992
109019
109035
109052
109078
109127
109271
109408
109447
109499
109566
109577
109607
109689
109872
109997
110111
110145
110150
110166
110169
110237
110240
110285
110400
110425
110470
110546
110596
110690
110711
110804
110843
110847
110852
110942
110956
110990
111072
111103
111107
111110
111155
111167
111317
111453
111498
112018
112150
112339
112409
112422
112456
112524
112613
112667
112853
112916
112936
112979
113088
113177
113197
113295
113318
113355
113364
113454
113470
113613
113764
113934
114000
114052
114089
114116
114146
114168
114316
114332
114337
114369
114598
114617
114685
114689
114934
114941
115068
115094
115118
115171
115334
115347
115489
115580
115654
115682
115859
115990
116015
116039
116114
116185
116277
116290
116304
116337
116604
116632
116669
116689
116703
116773
116841
116842
116865
117044
117048
117085
117116
117158
117320
117343
117405
117416
117475
117578
117726
117757
117800
117848
117874
117998
118002
118122
118341
118351
118393
118411
118551
118626
118628
118643
118651
118701
118718
118782
118799
118842
119126
119235
119374
119451
119498
119533
119574
119575
119616
119716
119722
119735
119795
119982
119988
120187
120306
120344
120479
120528
120584
120690
120906
120928
121261
121280
121339
121361
121407
121410
121412
121510
121524
121554
121573
121577
121582
121597
121618
121628
121669
121948
122000
122102
122521
122550
122585
122690
122723
122731
122806
122852
122890
122926
122986
123122
123181
123271
123294
123314
123344
123352
123390
123415
123762
123763
124193
124317
124438
124524
124783
124850
124868
124871
124965
125001
125029
125038
125105
125204
125207
125215
125293
125401
125424
125553
125579
125601
125636
125639
125667
125674
125678
125692
125702
125815
125846
125857
125895
125905
125922
125930
126250
126274
126299
126370
126382
126443
126467
126491
126556
126627
126640
126644
126646
126667
126700
126726
126758
126777
126843
126887
126919
126931
126935
127012
127047
127054
127059
127213
127270
127314
127528
127530
127906
127929
128016
128038
128052
128058
128093
128107
128111
128171
128200
128406
128427
128465
128545
128605
128616
128711
128732
128795
128863
129008
129118
129152
129208
129467
129498
129701
129710
129744
130404
130455
130528
130681
130718
130807
130860
131061
131080
131139
131146
131166
131197
131199
131221
131248
131302
131516
131629
132010
132205
132238
132324
132387
132467
132723
132740
132794
132816
132840
133146
133153
133257
133259
133390
133405
133413
133513
133648
133720
133742
133746
133822
134108
134243
134255
134271
134433
134598
134772
134812
134996
135295
135690
135753
135840
135885
135897
135911
135921
136291
136336
136468
136516
136796
136886
137002
137082
137168
137169
137341
137961
138044
138047
138060
138074
138125
138284
138297
138336
138429
138430
138494
138498
138499
138500
138732
138790
138991
139145
139358
139363
139388
139490
139524
139527
139680
139710
139758
139766
139793
139813
139818
139824
139903
139957
139981
140224
140334
140388
140503
140527
140541
140594
140677
140995
141016
141116
141148
141157
141159
141174
141254
141275
141407
141450
141511
141691
142340
142398
142417
142504
142526
142627
142629
142685
142740
142753
142796
142815
142865
142889
142901
143071
143108
143119
143144
143170
143188
143244
143361
143393
143554
143616
143626
143633
143737
143986
144164
144187
144258
144423
144554
144585
144637
144665
144728
144772
144780
144815
144833
144912
145062
145094
145111
145161
145191
145239
145265
145416
145582
145590
145672
145695
145777
146312
146331
146403
146421
146457
146474
146522
146550
146565
146582
146606
146612
146641
146664
146674
146714
146773
146810
146889
146916
146933
147082
147185
147351
147362
147407
147417
147626
147732
147832
147839
148246
148293
148561
148565
148846
148913
148997
149113
149398
149434
149456
149473
149504
149541
149886
149904
149975
149984
150002
150005
150023
150178
150187
150277
150547
150800
150812
150953
151003
151019
151051
151126
151134
151213
151229
151247
151265
151308
151333
151361
151430
151473
151589
151659
151753
152014
152029
152074
152081
152506
152642
152846
153067
153123
153157
153176
153184
153186
153218
153454
153492
153563
153643
153660
153695
153781
153855
153889
153923
154039
154070
154148
154316
154487
154598
154761
154793
154797
154829
154848
154879
154957
155066
155138
155245
155251
155267
155308
155542
155702
156066
156136
156264
156301
156332
156407
156422
156425
156445
156474
156499
156562
156566
156578
156942
156954
156979
157314
157352
157465
157615
157643
157667
157738
157796
157826
157881
157926
158407
158417
158440
158489
158511
158512
158552
158900
158957
159083
159315
159337
159383
159564
159594
159655
159766
159818
160032
160185
160339
160341
160346
160466
160470
160645
160798
160885
160910
160922
160994
161043
161357
161403
161598
161683
161946
161974
162152
162245
162285
162298
162326
162405
162706
162857
162858
162860
163068
163462
163479
163522
163595
163641
163891
163978
164038
164055
164190
164338
164440
164610
165073
165106
165419
165421
165448
165510
165534
165552
165571
165594
165636
165641
165651
165685
165699
165738
165814
166278
166404
166416
166439
166464
166501
166539
166576
166681
166737
166762
166839
166866
167120
167210
167259
167278
167310
167366
167438
167551
167812
167940
168005
168012
168020
168148
168253
168325
168454
168612
168694
168709
168950
169156
169164
169221
169301
169318
169330
169662
169713
169904
169922
169935
169949
170053
170078
170081
170091
170111
170423
170533
170549
170623
170654
170667
170768
170776
170789
170865
170872
171070
171090
171097
171111
171124
171251
171369
171370
171389
171598
171861
171888
171900
171941
172035
172090
172121
172175
172182
172264
172314
172320
172344
172406
172663
172683
172892
172959
173218
173383
173729
173852
173872
173908
173980
174008
174062
174197
174243
174300
174373
174432
174435
174900
174930
174950
175017
175022
175045
175196
175281
175338
175360
175576
175769
175782
176064
176212
176214
176227
176231
176246
176304
176310
176340
176430
176510
176891
176894
177010
177122
177520
177542
177562
177569
177822
177885
177913
178016
178063
178168
178208
178223
178234
178371
178379
178399
178448
178591
178707
179048
179159
179160
179163
179189
179479
179496
179903
179924
179931
180004
180009
180060
180062
180103
180127
180385
180479
180505
180537
180626
180640
180684
181007
181037
181094
181122
181132
181162
181194
181209
181235
181242
181246
181270
181346
181389
181567
181636
181927
181993
182180
182322
182364
182440
182537
182685
182707
182846
182861
182904
182918
183256
183330
183418
183551
183562
184192
184356
184521
184546
184706
184761
184777
184825
184895
184912
185115
185218
185513
185526
185528
185541
185550
185636
185657
185793
185803
185810
185928
186065
186258
186267
186320
186346
186362
186371
186572
186586
186597
186602
186631
186633
186916
187302
187422
187457
187623
187636
187665
188007
188010
188129
188150
188158
188478
188503
188560
188939
188956
189059
189508
189568
189570
189619
189776
189777
189914
190033
190068
190071
190454
190478
190940
191045
191081
191144
191525
191546
191570
191857
192103
192145
192180
192319
192473
192582
192662
192972
193076
193085
193226
193283
193320
193455
193616
193647
193657
193658
193725
194131
194517
194527
195078
195175
195235
195278
195422
195525
195571
195696
195763
195811
195941
196011
196029
196107
196631
196658
196744
196764
196794
196844
196869
197013
197046
197049
197088
197091
197117
197149
197213
197242
197257
198407
198473
198478
198479
198573
198671
198704
198730
199231
199371
199441
199467
199697
199744
199785
199976
200188
200271
200276
200295
200296
201064
201166
201184
201202
201224
201232
201265
201322
201383
201573
201590
201617
201667
201673
201692
201704
201715
201721
201747
201776
201803
201897
202140
202241
202254
202309
202321
202351
202372
202623
202640
202777
202800
203175
203189
203229
203259
203525
203715
203996
204084
204220
204227
204237
204257
204562
204569
204785
204795
204805
204850
204881
204901
205179
205453
205467
205479
205563
205598
206181
206182
206193
206399
206472
206542
206756
206836
207263
207278
207319
207579
207606
207789
207790
208190
208355
208371
208378
208485
208749
208788
208826
208908
208952
209011
209292
209298
209352
209633
209794
209811
209868
209902
210053
210057
210074
210094
210146
210190
210711
210779
210921
210938
210968
211321
211332
211364
211411
211889
211923
212204
212220
212246
212307
212329
212339
212447
212482
212612
212634
212650
213269
213316
213413
213426
213772
213789
213903
213980
214272
214335
214380
214401
214435
214580
214699
214834
214854
214966
215056
215213
215275
215287
215288
215361
215508
215687
215778
215978
215995
216240
216246
216407
216665
216805
216859
216909
216966
216987
217005
217050
217224
217635
217675
217985
218014
218023
218272
218432
218484
218761
218792
218796
218810
218901
219003
219052
219287
219340
219407
219484
219600
219695
219707
219750
219865
220310
220339
220569
220658
220668
220710
220714
220716
220718
220749
221241
221311
221417
221434
221437
221617
221775
222276
222388
222611
222646
222712
222762
223259
223370
223435
223454
223685
223711
223747
223789
223800
223882
223924
223941
223970
224342
224375
224563
224751
224765
225028
225205
225544
225583
225987
226004
226048
226057
226068
226076
226085
226121
226704
226736
226746
226793
226928
226956
226972
227020
227033
227468
227534
227594
227645
227648
227704
227745
227747
227967
227999
228187
228313
228400
228703
228938
228978
229169
229263
229286
229293
229555
229630
229855
229904
229951
230081
230401
230424
230446
230468
230640
230793
231260
231268
231303
231355
231539
231540
231671
231681
231850
231899
232217
232322
232515
232529
232626
232678
232704
232722
232724
232887
232907
232926
232965
233007
233054
233142
233289
233342
233732
233768
233826
233879
233962
234135
234699
234787
234835
234842
234917
235269
235337
235447
235534
235548
235549
235558
236005
236028
236045
236046
236581
236809
236847
236942
237124
237176
237301
237594
237835
237948
237965
238035
238045
238286
238330
238380
238725
238794
239219
239248
239442
239475
239492
239512
239830
240017
240196
240199
240243
240250
240295
240426
240470
240471
240489
240658
240681
240708
240718
241026
241050
241307
241334
241518
241575
241761
241830
241996
242270
242287
242325
242347
242360
242412
242703
242837
242964
242978
243126
243166
243178
243183
243376
243385
243535
243536
243540
243625
243906
243920
243954
243957
243985
243998
244047
244137
244168
244377
244475
244795
245018
245030
245075
245144
245291
245349
245476
245480
245567
245596
245932
246191
246197
246243
246249
246278
246282
246484
246725
246764
246839
247016
247182
247286
247337
247344
247382
247687
247702
247864
247934
248035
248100
248131
248268
248343
248371
248496
248672
248698
248719
248734
248937
248949
249265
249270
249312
249318
249402
249592
249883
250033
250055
250692
250696
250777
250791
250798
250883
251104
251211
251299
251464
251619
252107
252186
252331
252350
252496
252497
252712
252732
252782
252847
252948
253303
253373
253386
254108
254131
254135
254192
254223
254234
254256
254297
254307
254544
254551
254849
254956
254994
255026
255081
255082
255114
255123
255213
255261
255273
255349
255371
255380
256363
256385
256396
256410
256433
256475
256927
256931
257019
257041
257116
257192
257217
257431
257433
257514
257614
257628
257896
258085
258126
258146
258448
258484
258559
258650
259237
259265
259301
259335
259384
259481
259878
260017
260097
260121
260167
260180
260201
260215
260264
260310
260313
261018
261203
261331
261457
261652
261755
262716
262760
262933
262940
263031
263063
263073
263203
263317
263496
263588
264190
264265
264629
264684
264873
264875
264877
265356
265394
265449
265470
265833
265960
266834
266923
267197
267400
267412
267486
267542
267552
267659
267749
267778
267785
268219
268612
268651
268691
268726
269416
269612
269701
269705
270350
270623
270666
270679
270778
271100
271135
271157
271180
271248
271258
271273
271341
271607
271925
271949
271967
272066
272097
272099
272585
272724
273032
273160
273167
273171
273220
273226
273249
273251
273986
274002
274115
274298
274441
274465
274519
274559
274659
274662
274707
274710
274765
274791
274857
274973
275073
275120
275414
275427
275526
275631
275701
275721
275915
276013
276246
276325
276340
276614
277044
277048
277099
277122
277469
277621
277915
278244
278408
278445
278949
278956
279082
279227
279233
279298
279365
279377
279397
279517
279737
279759
279894
279898
280150
280261
280650
280734
280743
281096
281339
281571
281603
281606
281643
281747
281845
281909
281985
282074
282162
282272
282421
282449
282539
282610
283000
283023
283100
283141
283215
283293
283454
283710
283802
283902
284052
284130
284307
284318
284387
284396
284642
284829
284876
285058
285215
285247
285991
286009
286018
286075
286135
286291
286294
286338
286350
286384
286412
286459
286510
286528
286666
286700
286720
286855
287030
287249
287342
287713
287723
288231
288275
288276
288300
288684
288686
288775
288793
288865
288921
288954
289021
289038
289040
289306
289612
289664
289781
289802
289946
290011
290050
290086
290168
290209
290359
290413
290522
290631
290753
290805
290976
291014
291111
291130
291240
291341
291841
291968
292155
292164
292208
292398
292417
292557
292571
292609
292631
292753
292765
292939
293262
293276
294056
294554
294588
294831
294929
295152
295288
295440
295459
295632
295883
295957
296160
296180
296198
296203
296416
296456
296498
296517
296706
296760
297190
297431
297475
297515
297665
297767
297798
297826
298247
298250
298701
298749
298758
299242
299260
299303
299335
299358
299390
299729
299809
299812
299814
299817
299910
299964
300050
300068
300080
300217
300432
300826
300848
300984
301331
301377
301575
302014
302040
302260
302295
302474
302670
302675
302759
302829
303623
303665
303739
303749
303787
303809
303817
303823
304119
304343
304543
304718
305091
305302
305341
305377
305473
305482
305523
305914
305949
306348
306411
306488
306604
306854
306893
306936
307002
308080
308376
308415
308503
308517
308543
308558
309010
309114
309161
309628
309705
310234
310259
310337
310359
310632
310643
311414
311445
311466
311531
311942
312325
312335
312393
312597
312656
312823
312843
313109
313351
313956
313986
313991
314011
314449
314491
314493
314494
314500
314513
314552
314578
315004
315026
315095
315103
315712
315837
315890
316126
316229
316272
316888
317098
317112
317187
317246
317370
317828
317983
317991
317999
318176
318186
318295
318375
318691
318763
319003
319060
319110
319135
319149
319213
319273
319283
319367
319469
319876
319997
320070
320125
320222
320304
320371
320379
320406
321050
321098
321107
321207
321243
321390
321520
321530
321598
321983
322265
322395
322450
322466
322642
322687
322695
322746
322873
322939
323065
323166
323232
323250
323287
323533
323624
323983
324010
324042
324099
324115
324150
324192
324238
324307
324632
325315
325469
325510
325655
325665
325705
325735
325748
325995
326173
326536
326565
326750
326786
326898
326903
327085
327086
327437
327570
328452
328538
328626
328718
328788
328806
328807
328828
328832
328851
328860
328875
328882
329143
329467
329620
329678
329684
329694
330199
330781
330813
331194
331309
331325
331648
331658
331662
331786
331818
331866
332248
332425
332628
332676
332760
332827
332843
332936
332964
332997
333216
333706
333806
333879
334107
334233
334553
334581
334582
334991
334993
335204
335771
335801
336015
336044
336366
336441
336470
336546
336691
336697
336944
337203
337335
337489
337511
337606
337725
337789
337818
337870
338182
338240
338429
338587
338727
338755
338890
338933
338972
339044
339429
340305
340598
340599
340629
340636
340695
340712
340744
340787
341197
341375
341396
341442
341538
341547
341593
341622
341682
341734
341796
341815
341818
341829
341846
342345
342847
342864
342887
342989
343005
343011
343127
343351
343503
343515
344010
344261
344376
344593
344671
344852
344858
344964
345162
345304
345548
345570
345585
345632
345676
345678
345692
345950
346132
346171
346282
346817
346866
346960
347072
347115
347297
347331
347739
347772
347836
348406
348434
348510
348630
348826
349374
349692
349839
349913
350022
350047
350121
350144
350684
350701
350845
351213
351442
351496
351555
351825
351991
352053
352086
352099
352589
353319
353437
353571
353630
353635
353830
353885
353928
354734
354736
354742
354768
354806
354815
355218
355302
355564
355571
355577
355609
355839
356354
356364
356367
356383
356434
356811
356844
356863
357386
357826
357849
357928
358345
358454
358758
359454
359461
359500
359523
359581
359670
359729
360494
360631
360650
360684
360796
360950
360965
361041
361461
361517
361534
361910
361974
362213
362267
362278
362364
362374
362493
362545
362568
362571
362572
362582
362805
362825
362906
362917
362970
363683
363687
363959
364866
365022
365333
365758
366110
366203
366250
366286
367005
367437
367610
367628
368408
368409
368419
368524
368846
369123
369437
369451
369840
369865
369876
370348
370376
370537
370592
370615
370843
370875
371785
371813
372148
372194
372206
372226
372296
372309
372713
372761
373291
373705
373794
373977
373981
374132
374186
374256
374257
374642
374663
375078
375117
375464
375558
375623
376049
376264
376296
376647
377109
377291
377943
378435
378457
378809
379105
379433
379747
379988
380024
380097
380696
380834
380957
381232
381330
381599
381629
381657
381905
381931
381988
382148
382333
382830
383000
383339
383482
383653
383664
383745
383783
383916
384115
384142
384745
385899
386204
386232
386482
386909
386950
386957
387099
387212
387325
387463
387739
387807
387821
388053
388283
388327
388347
388812
388825
389133
389544
389736
389784
389785
389875
390356
390414
390628
390632
391723
391939
392173
392369
392403
393093
393117
393183
393292
393300
393938
393945
394037
394044
394391
394779
395244
395578
395690
396019
396142
396193
396194
396199
396254
396827
396897
396978
397042
397132
397762
398207
398300
398308
398906
398972
399706
399875
399877
399892
399959
399988
400232
400496
401159
401265
401322
401382
401581
401597
401645
401659
401738
402363
402396
402427
402437
403457
403734
403745
403768
403986
404102
404478
404563
404745
404801
405653
405754
406256
407058
407234
407508
407573
407593
408627
408707
408761
408943
409350
409672
409683
409693
409708
410613
410984
411041
411146
412006
412198
412560
412657
412684
412741
413261
413444
413800
413810
414621
414630
414996
415003
415190
415403
415462
415712
415749
416173
416421
416817
417263
417282
417427
417955
418085
418686
418694
419547
420160
420240
420255
420274
420613
420625
420685
420745
420930
420931
420993
421169
421170
421234
421235
421287
421293
421335
421344
421406
421502
421776
421788
421817
421915
421960
422129
422319
422336
422431
422654
423090
423815
423816
424288
424484
424967
425472
425968
426028
426587
426786
426940
426982
427032
428251
428481
428558
428859
429007
429054
429248
429348
429376
429842
429868
429956
430368
431158
431212
431259
431328
431599
432057
432086
432156
432436
432458
432502
432531
432827
433178
433199
433508
433541
433566
433852
433919
433932
434413
434827
434868
434902
435227
435242
435283
435375
435387
435949
436378
437795
438403
438687
438970
439004
439304
439323
439631
439781
2000 CK143
2001 CH25
2001 SG293
2001 TL138
2002 GQ191
2002 NC72
2002 OQ29
2002 PJ5
2002 PV180
2002 QO44
2002 QE151
2002 RO6
2002 TX129
2002 TZ218
2002 XG99
2002 XG120
2003 SD29
2003 UK323
2003 WB3
2004 CE75
2005 OU17
2005 TH48
2005 UA32
2005 UF62
2005 US395
2005 UM477
2005 UE484
2005 UL346
2005 UP350
2005 VZ32
2005 VU70
2005 VJ101
2005 VL101
2005 WJ140
2005 YF25
2005 YN163
2005 YL201
2005 YR245
2006 AE104
2006 PR6
2006 RR12
2006 RV94
2006 SQ289
2006 TE29
2006 UN24
2006 UB86
2007 AH
2007 AW6
2007 LG16
2007 RS5
2007 TU413
2007 TG439
2007 TV215
2007 TE316
2007 VQ138
2007 VW318
2007 VV332
2008 AZ26
2008 AA138
2008 DM89
2008 EY79
2008 EN85
2008 EE119
2008 HD60
2008 HB62
2008 HQ68
2008 JV22
2008 KE39
2008 RL140
2008 SX110
2008 UN78
2008 UO281
2008 UD301
2008 XO32
2008 YX52
2008 YZ138
2009 BS44
2009 BC48
2009 FJ49
2009 FT64
2009 SR21
2009 SS272
2009 SR342
2009 TX46
2009 UM147
2009 UO153
2009 VH86
2009 WT74
2009 WU177
2010 AF63
2010 BD69
2010 BG87
2010 BV98
2010 DP21
2010 EC94
2010 ER104
2010 FA58
2010 HQ54
2010 JH28
2010 PZ4
2010 QA7
2010 RZ25
2010 RT109
2010 RB184
2010 TE166
2010 UA27
2010 UL73
2010 UP79
2010 VF173
2010 VW187
2010 WR74
2010 XV26
2011 BU8
2011 BU43
2011 BN153
2011 DN30
2011 DK50
2011 EA37
2011 FB144
2011 HW12
2011 HX25
2011 JR8
2011 QY67
2011 ST25
2011 SN89
2011 SA166
2011 SV171
2011 TX12
2011 UM406
2011 UG243
2011 UJ329
2011 UK343
2011 WZ92
2011 YC7
2011 YL25
2011 YD44
2012 BB
2012 BW10
2012 BP73
2012 BQ87
2012 BO151
2012 CN45
2012 CL52
2012 DA31
2012 DM60
2012 DL79
2012 FQ57
2012 HL14
2012 JV23
2012 JS57
2012 OY2
2012 QQ31
2012 SD59
2012 TT67
2012 TR85
2012 TS286
2012 TZ296
2012 TQ302
2012 TW306
2012 TG310
2012 UC61
2012 UC134
2012 VY29
2012 VS56
2012 VB99
2012 XD40
2013 AR7
2013 AR93
2013 AO116
2013 AN118
2013 AD126
2013 AT128
2013 CA48
2013 CA55
2013 CN63
2013 CM104
2013 CD156
2013 CQ189
2013 EX7
2013 ER33
2013 GF36
2013 GO62
2013 GG64
2013 GD83
2013 HB18
2013 JJ37
2013 QJ71
2013 RO29
2013 RJ44
2013 RC88
2013 SE56
2013 TO
2013 TE51
2013 TM114
2013 TV134
2013 WW39
2013 WK56
2013 WW64
2013 WM99
2013 YL39
2013 YN54
2013 YF78
2014 DR5
2014 EG
2014 EW20
2014 EC34
2014 FR65
2014 FH67
2014 GW35
2014 HE43
2014 HJ110
2014 JL73
2014 KM14
2014 KE24
2014 MJ3
2014 MS37
2014 NC16
2014 NA20
2014 OC43
2014 OX97
2014 OP106
2014 ON343
2014 OP106
2014 OR129
2014 OB131
2014 OZ167
2014 OL192
2014 OR198
2014 ON343
2014 PL44
2014 QV283
2014 QZ309
2014 RW12
2014 RE62
2014 RX62
2014 SE231
2014 TF44
2014 TA45
2014 UB3
2014 UV20
2014 UC66
2014 UN203
2014 UB213
2014 UD224
2014 VP4
2014 VB22
2014 WF116
2014 WF399
2014 WP401
2014 WS179
2014 WD478
2014 WV287
2014 XY28
2014 YF22
2015 AN10
2015 AZ244
2015 AO278
2015 BQ74
2015 BF114
2015 BJ511
2015 BF292
2015 BB304
2015 BR352
2015 CF39
2015 CW53
2015 DA147
2015 DE172
2015 EE65
2015 FK96
2015 FT102
2015 FU136
2015 FC212
2015 FO307
2015 FY341
2015 KO147
2015 LF3
2015 LK35
2015 MJ52
2015 MU52
2015 MY58
2015 NT10
2001 WJ69
2001 XJ217
2002 TJ106
2002 VX2
2003 AR93
2003 SW89
2004 TU192
2005 BV9
2005 EW54
2005 GF160
2005 UD51
2005 UH240
2005 VE13
2005 WY124
2005 XU48
2005 XO76
2005 XP77
2005 YZ145
2006 OG24
2006 SL78
2006 SY198
2006 UW66
2006 UN211
2007 UG131
2007 WE33
2007 YA6
2008 AF137
2008 EW66
2008 KB1
2008 SD154
2008 UC119
2008 VK5
2009 FE60
2009 LL
2009 SP99
2009 VR90
2010 AU87
2010 AD108
2010 AT131
2010 BD70
2010 BJ85
2010 BP112
2010 CT6
2010 CH10
2010 CB217
2010 DN58
2010 FB37
2010 FZ37
2010 FY45
2010 FJ63
2010 FU65
2010 FT68
2010 FH79
2010 GP43
2010 GH76
2010 GQ82
2010 GC88
2010 GF90
2010 GQ167
2010 HE54
2010 HM87
2010 HT87
2010 HE94
2010 HC100
2010 HO100
2010 JH8
2010 JA13
2010 JJ25
2010 JH59
2010 JJ59
2010 JZ64
2010 JK100
2010 JG103
2010 JE106
2010 JK134
2010 JJ138
2010 KG6
2010 KE19
2010 KC76
2010 KQ88
2010 KO115
2010 KJ118
2010 LD3
2010 LQ48
2010 LL83
2010 LE101
2010 MC18
2010 MA24
2010 MG33
2010 MD51
2010 MN79
2010 MV83
2010 MX98
2010 NE52
2010 NZ56
2010 NW85
2010 NB97
2010 NY97
2010 NH104
2010 NZ111
2010 ON4
2010 OT7
2010 OX20
2010 OR44
2010 OT51
2010 OW58
2010 PS28
2010 PA54
2010 VO29
2010 VZ33
2010 VH117
2010 VA197
2010 WY4
2010 WO52
2010 WU67
2010 YK5
2011 FX21
2011 HZ34
2011 HL76
2012 MK1
2012 PP33
2012 RD20
2012 UR5
2012 UG84
2012 VS78
2012 XS42
2012 XT46
2013 AW100
2013 CM181
2013 GV82
2013 JJ5
2013 KO7
2013 KR14
2013 SL99
2013 TQ150
2013 XW4
2013 XC13
2013 YF33
2014 DP6
2014 OO109
2014 OC270
2014 RG43
2014 WZ236
2015 AS138
2015 AH206
2015 AV241
2015 BK41
2015 DA107
2015 EL22
2015 ED54
2015 FR297
2015 KR10
2015 MR
2015 MC110
2015 PA35
2015 PB54
