id
1647
2363
5244
5257
10664
11089
13362
14690
21372
22009
22052
23126
23269
32615
36265
37732
38600
38607
39794
42182
42187
55460
55702
57714
58479
58480
64030
65211
65590
68444
68766
76826
76867
79444
88241
105904
106060
110832
128383
131546
151884
157468
158231
162047
163216
166136
175129
180274
181648
182666
185485
188257
188835
188842
188844
188952
191054
195041
195308
196408
200027
202756
202783
204911
215020
219141
219881
219896
220555
221786
221914
222790
223238
224792
225089
225091
226036
228103
228107
229809
241581
243318
243501
248189
249241
253347
256556
257197
258239
263800
263808
263814
264086
266772
285180
285236
289734
293557
295395
296667
296887
297163
297194
299575
310105
310110
311615
312787
312796
315205
315940
315945
316159
316528
316552
318641
319282
321676
322196
322519
335186
335490
337804
339380
340943
341025
353342
354202
354342
354364
355286
355781
356264
356275
356430
356446
360143
369977
370105
375237
376488
376867
377475
378592
378694
386627
386966
389305
389355
389568
389889
390360
392220
393050
393149
393216
412386
416502
417324
418258
418393
421146
421393
429442
429862
429969
1998 WW37
2003 FG133
2006 BJ188
2006 BK240
2006 EC26
2008 FM87
2008 TG116
2009 RA35
2009 RL64
2009 RK75
2009 SH76
2009 SB180
2009 SB180
2009 UP3
2009 UF37
2010 UG107
2010 XE31
2010 XU57
2011 QD90
2011 UO402
2012 BO64
2012 RP17
2012 UP138
2012 XV111
2013 AH133
2013 BC
2013 BB19
2013 CH13
2013 CK34
2013 CE44
2013 CY48
2013 CY199
2013 DR14
2013 TC78
2013 TW90
2013 VB19
2014 DZ53
2014 DH56
2014 GN10
2014 HJ11
2014 VQ12
2001 FJ228
2006 BS264
2007 HF10
2007 HO69
2008 SY274
2009 RD17
2009 UD15
2010 WU25
2011 PQ10
2011 QA64
2011 YG44
2012 AT21
2012 TX51
2013 AX147
2013 BX
2013 BR7
2013 BN35
2013 CH95
2013 EN28
2014 EO38
