id
297
373
408
461
555
756
928
946
1032
1113
1157
1489
1599
1895
2009
2058
2361
2364
2458
2492
2563
2688
2774
2919
3046
3157
3171
3319
3442
3696
3799
3859
4050
4151
4242
5057
5148
5149
5204
5249
5336
5413
5461
5469
5470
5541
5837
5854
6051
6150
6723
6830
6960
7064
7082
7115
7149
7366
7454
7499
7571
7581
7797
7895
8375
8439
8486
8580
8598
8701
8712
8834
8971
9026
9112
9411
9540
10049
10196
10223
10343
10410
10417
10623
10638
10641
10660
10816
10918
10920
11020
11147
11204
11255
11394
11517
11607
11774
11875
11946
12112
12542
12554
12618
12898
12905
12944
13178
13348
13363
13369
13386
13419
13456
13776
13795
13804
14479
14541
14638
14717
14867
14889
15057
15153
15210
15222
15245
15485
15966
16054
16245
16575
16623
16892
16931
17087
17117
17470
17577
17673
17691
17742
18045
18210
18221
18296
18305
18364
18645
18670
18720
18894
19148
19220
19223
19291
19827
20002
20622
20755
20799
20916
21212
21579
21835
21898
22716
22726
23053
23065
23117
23275
23442
23487
23877
24237
24408
24416
24752
24880
25128
25245
25504
25633
25804
25826
25842
25863
26321
26382
26555
26635
26719
26806
27220
27370
27371
27436
27915
28279
28420
28628
28685
28843
29112
29182
29230
29354
29519
29576
29596
29918
29929
30146
30481
30757
30837
30867
30892
30981
31006
31272
31591
31633
31653
31705
32159
32382
32389
32462
33196
33779
34142
34393
34526
34612
34627
34666
34736
34749
34818
34898
35008
35175
35343
36127
36483
36914
37246
37326
38029
38040
38045
38313
38397
38398
38450
38507
38541
38563
39306
39384
40010
40119
40132
40661
40734
41009
41058
41185
41281
41613
41670
42082
42126
42240
42440
42747
42771
44003
44468
44508
44545
45306
45566
45587
45723
45734
46017
46072
46109
46342
46715
46736
47108
47117
47811
47905
47920
48135
48202
48333
48498
48713
48722
48791
48820
48826
49474
49516
49522
49581
49585
49605
49633
49650
50823
50959
51115
51169
51210
51291
51361
51868
51906
51963
53291
53402
53413
54108
54545
54674
54854
54951
55037
55123
55134
55225
55256
55368
55559
55682
55912
55932
55952
56286
56764
56794
56868
56960
56997
57029
57456
57534
57602
57691
58297
58403
58821
59847
59861
59895
59911
59964
59993
60026
60109
60153
60501
60539
60732
60838
60864
60953
61039
61418
61582
61595
61616
61679
61774
61950
62017
62076
62466
62551
62606
63086
63214
64259
64290
64535
64545
64642
64654
64722
64862
64941
64992
65044
65063
65195
65522
65528
65633
65634
66004
66080
66085
66094
66115
66170
66822
67048
67191
67205
67210
67242
68197
68304
68429
68544
68799
68945
68985
68995
69158
69431
69869
69974
69992
71284
71497
71589
71594
71611
71650
71704
71707
71715
72485
72540
72597
72740
72845
73234
73281
73330
73432
73497
73707
73954
74401
74418
74525
75939
75994
76592
76633
76638
76660
76714
77497
77531
77741
77742
77839
78064
78317
78318
78524
78540
78646
78741
78811
78986
79027
79100
79113
79125
79160
79293
79497
79505
80025
80083
81910
81954
81970
82026
82049
82514
82643
82764
83004
83031
83475
83484
83541
83681
83823
83844
83858
83876
83893
83911
83948
83976
84765
84788
84898
84906
85061
85086
85558
85613
85675
85784
85796
85969
86001
86053
86070
86088
86220
86234
86252
86283
86323
86398
87809
87880
88003
88046
88252
88335
88731
89401
89892
90230
90747
90769
91165
91169
91192
91542
91611
91776
91806
91825
91851
91884
91945
91990
92006
92043
92069
92080
92084
92140
92175
92195
92211
92213
92218
92244
94238
94274
95526
95693
96053
96062
96243
96555
96604
96621
97283
97376
97488
97520
97585
97610
97642
97650
97655
97668
97716
99147
99810
99928
100033
100239
100358
100880
100895
101600
101704
101735
101783
101992
102324
104132
104152
104263
104346
104566
104665
104780
105188
105232
105277
105597
105842
105867
105932
105960
106185
106217
106223
106278
106282
106339
106372
106416
106429
106435
106508
106593
107011
108466
108719
109500
109508
109631
109990
109999
110289
111472
111606
111850
112051
112491
112672
112726
112728
112932
113059
113178
113281
113300
113655
113673
113677
113741
114293
114395
114533
114599
114626
114658
114666
114938
114939
114969
115176
115231
115471
115488
115548
115676
115775
115858
115899
115997
116040
116090
116425
116550
116568
116638
116995
117000
117052
117501
117791
117931
117987
118015
118020
118239
118402
118405
118448
118457
118944
119036
119038
119876
119884
120631
121571
121673
121781
121784
121828
121933
123824
123847
123959
123986
123993
124037
124042
124084
124111
126469
127228
127305
127388
127397
127445
127858
127920
128028
128053
128202
128268
128290
128548
128566
128572
128938
128963
128975
129173
129315
129586
129724
130240
130248
130259
130287
130294
130357
131344
131381
131426
131449
131477
131518
132819
132860
132937
132976
133000
133482
133505
133543
133698
133755
133765
133795
133839
134178
135138
135188
135221
135249
135325
135480
135519
136076
136361
136371
136405
136480
136491
136736
136855
138563
138572
138610
138644
138657
138720
138731
138749
139478
140002
140089
140511
140514
140596
140705
140881
140997
141126
141191
141238
141260
141267
141344
141353
142243
143264
143468
143566
143572
144242
144778
145465
146165
146216
146218
146904
146949
147345
147779
148132
148355
148420
148458
149103
149150
149156
149157
149179
149678
149746
149762
149957
150003
150301
150302
150658
151267
151342
151369
151461
151488
152121
152353
152418
152419
152435
152459
152833
153298
154162
154231
154604
154818
154949
154973
155394
155482
155551
155869
155883
157009
157043
157070
157420
157707
157825
157951
158113
158132
158788
158818
159316
159360
159709
159815
159827
159838
159851
160063
160223
160433
160950
161162
161173
161196
161723
161753
161868
161927
162932
163467
163530
163571
164135
164159
165089
165120
165756
165780
165798
165868
165897
165910
165946
166815
166864
166906
167529
167653
167872
167982
169188
169250
169263
169289
169305
169310
169358
169370
169388
169446
170863
171135
171238
171906
171993
172777
172924
173015
173044
173045
173152
173166
173480
173919
173967
173970
174009
174023
174039
174046
174368
174514
174520
174542
174565
175616
175659
176007
176356
176412
176523
176548
177047
177061
177071
177086
177103
177111
177894
177906
178067
178116
178128
178241
178245
178312
178490
178768
179377
179455
179464
179515
179531
179556
180136
180140
180144
180768
180775
180780
181277
181400
182798
182890
183555
184169
184199
184222
184235
184260
184490
184623
184639
184926
185067
185131
185229
185244
185379
185521
186351
186373
186974
186996
187465
187612
187644
188533
189073
189074
189153
189244
189382
189817
189897
189923
191189
191196
191209
191375
191466
191490
191502
191503
191510
191563
192097
192581
192976
193059
193671
193999
195625
195689
195809
195827
195830
195853
195936
195950
196062
196166
196167
196172
196721
196723
196805
197028
197050
197126
197152
197250
197269
197320
197321
197384
197402
197415
197448
197506
198458
198672
198746
198751
198781
198794
198811
199705
200001
200346
201270
201384
201407
201729
201811
201840
201907
202336
202397
202530
202644
202770
202833
202841
203262
203294
203790
203847
204159
204170
204191
204784
204882
205315
205454
205455
205544
206119
206165
206272
206296
206813
206838
206870
206878
206905
207621
207762
207772
207778
207909
207937
207998
208399
208415
208982
209368
209378
209486
209912
210180
210438
210858
210874
210973
211453
211476
211479
212303
212325
212569
213005
213014
213334
213418
213776
214474
214650
214732
215030
215348
215380
215812
216001
216003
216008
216244
217554
217571
217672
218075
218394
218413
218467
218529
219478
219934
219944
219950
219964
219969
220382
220396
220397
220411
220677
220732
220845
221456
221505
221717
221755
221763
222189
223313
223326
223339
223414
223898
224604
224678
224749
224753
224971
224977
225369
225636
226437
226468
226469
226491
226522
226581
226828
226990
227029
227041
227053
227056
227061
227636
227695
227723
228076
228304
228719
228912
228920
228927
228966
229277
229610
229786
229791
229802
230652
230707
230719
230720
230739
231025
231030
231467
231483
231503
231514
231736
232006
232614
232662
232932
233073
233643
233653
233682
233759
233838
233843
233886
234055
234223
234226
235414
235535
235539
235876
235896
235976
235994
236022
236049
236864
236993
237098
237229
237657
237694
237705
237726
238355
238397
238400
238674
238702
238773
239240
239255
239339
239663
239668
239746
239919
240031
240055
240230
240231
240494
240540
241057
241063
241311
241459
241510
241739
242012
242136
242402
242410
242610
242713
242739
242934
243004
243355
243470
243510
243554
243649
243842
243965
244018
244133
244185
244253
244314
244549
244558
244720
244999
245012
245024
245051
245070
245152
245422
245598
245602
245608
245612
245624
245848
245954
245960
245965
246037
246494
246718
246803
246849
246927
247008
247070
247274
247276
247310
247554
247724
248019
248039
248067
248099
248125
248363
248437
248468
248482
248518
248546
248552
248894
249027
249080
249127
249272
249280
249295
249392
249410
249459
249511
249639
249640
249644
249678
250053
250527
250540
250546
250561
250789
250847
250922
250924
250938
250948
251455
251505
251877
251949
252745
252784
252794
252827
252831
253390
253999
254112
254144
254237
254239
254245
254302
254306
254311
254353
254357
254414
255407
255434
255444
255496
255513
256494
256558
257091
257097
257170
257187
257556
257596
257720
257761
257947
258001
258005
258651
258760
258790
258936
259314
260114
260213
260291
260299
260358
260409
261054
261084
261225
261373
261472
261497
261568
261731
261824
261865
262361
263022
263750
263775
263867
264003
264040
264189
264371
264833
265047
265067
265099
265438
265486
266710
266902
267123
267597
267888
268675
268695
269375
269495
269564
269566
269581
269747
269877
269894
269903
269913
270419
270794
270866
270869
271224
271251
271372
271492
271768
271849
271985
271994
272052
272091
273114
273260
274009
274295
274384
274687
274797
275023
275170
275191
275377
275392
275444
275551
275596
275784
275808
275814
275855
276680
277032
277063
277093
277108
277121
277138
277273
277906
278456
278540
279246
279311
279378
279910
280254
280260
280626
280909
281067
281309
281349
281527
281850
281857
281968
282608
283150
283188
283216
283217
283517
283590
284316
284324
284347
284412
285218
285424
285459
285491
285614
285742
285860
286206
286244
286424
286436
286468
287005
287480
287552
287634
287683
287842
287939
288091
288857
288890
289012
289054
289077
289275
289294
289960
290100
290461
290485
290699
290780
290790
290954
290998
291197
291593
291624
291667
291668
291977
292286
292565
292675
292851
293036
293042
293538
295183
295216
295283
295330
295937
296923
297414
297833
297949
298739
299249
299267
299306
299914
299934
300134
300144
300166
300190
300214
300886
300899
300906
300945
300960
300975
301167
301513
301536
301555
301626
301703
301794
302038
302071
302091
302259
302308
302337
302371
302414
303734
303803
303810
303826
303855
303868
303870
303905
304613
304685
304742
305386
305423
305452
305472
305476
305492
305533
305541
305913
305979
305997
306713
306827
307089
307101
307305
307395
307989
308340
308381
308465
308466
308511
309216
309624
309678
310088
310225
310523
310536
310681
310698
311514
311521
311544
311886
311917
311928
311983
311995
312408
312664
312760
312968
312989
313401
313939
314009
314452
314542
314569
314571
315101
315130
315152
315167
315169
315184
315834
315857
316142
316595
316817
316906
316962
317769
317894
318336
318716
318871
319018
319218
319293
319372
319420
320106
320164
320399
321065
321093
321099
321388
321465
321502
321696
321713
321912
321946
322084
322243
322351
322414
322771
322991
323239
323255
323576
324232
324283
324302
324842
324848
324851
325478
325588
325617
325764
326142
326222
326261
326289
326552
326561
326587
326868
327562
327580
327621
328017
328401
328408
328466
328475
328778
328853
328999
329189
329256
329286
329500
329561
329720
330205
330207
330208
330226
330786
330799
330823
331052
331108
331330
331448
331861
331863
331979
332223
332629
332927
333201
333227
333268
333409
333753
333798
334128
334209
334393
334695
334860
334952
334959
334973
335002
335875
335891
335953
335954
336004
336038
336411
336523
336551
336839
337669
337754
337835
338430
338454
339502
339551
339567
340630
340640
340652
340717
340719
340761
340764
341427
341468
341519
341594
341595
341610
341785
341792
341823
342357
343083
343100
343114
343145
343611
344348
344385
344408
345121
345620
345624
345629
345670
346074
346084
346106
346143
346168
346202
346215
346218
346231
346850
347310
347418
347469
347721
347751
348423
348871
348887
348896
348934
348971
349015
349025
349220
349451
350163
350250
350372
350770
350808
351466
351477
351491
351876
352040
352043
352112
352113
352590
352595
352607
352631
353556
353557
353893
353953
354151
354689
354693
354749
355146
355599
355741
356340
356384
356715
356725
356775
356858
357213
357223
357225
357329
357495
357550
357747
357755
357786
357819
358375
358460
358908
358923
358938
358949
359468
359764
359822
359862
359906
360682
360910
360923
361010
361023
361059
361076
362338
362759
362857
363315
363341
363721
363981
364431
364507
364544
364972
364992
365030
365298
365322
365373
365397
365637
366118
366498
366537
366702
366815
367416
367435
367440
367663
367866
368292
368334
368339
369405
369754
369831
369832
370293
370324
370385
370619
370640
370871
370874
371293
371352
371791
372106
372152
372214
372232
372253
372256
372258
372260
372738
372757
373040
373057
373319
373782
374003
374012
374214
374634
374639
374670
375075
375110
375125
375363
375572
375592
375614
375616
375632
376030
376250
376544
376597
376686
377051
377255
378420
378442
378460
378470
378519
379122
379717
380657
380679
381259
381274
381290
381602
381624
381647
381660
381688
381699
381924
382097
382114
382146
382358
382513
382748
383379
383717
383780
384248
384454
384798
384859
384895
385300
385304
385309
385421
385432
385905
385908
385909
385944
386215
386238
386524
386934
386961
387120
387184
387992
388021
388023
388084
388300
388318
388381
388696
389269
389271
389555
389708
390053
390149
390388
390960
390962
390986
391355
391366
391698
391717
391743
392108
392617
392635
392973
393464
393670
393870
393961
393995
394009
394017
394724
394731
394738
394750
395259
395565
395600
396068
396175
396806
396828
397034
397414
397656
397775
397781
398088
398238
398284
398307
398455
398554
398683
398750
398761
398854
398917
398929
398998
399078
399162
399208
400459
400702
400746
400973
401038
401267
401551
401580
401641
401655
401660
401661
401686
401850
401874
402091
402432
403195
403475
403728
403760
403953
404088
404219
404420
404430
404564
404672
404860
404868
404872
405262
405286
405348
405892
406735
406793
407018
407020
407042
407049
407070
407106
407206
407222
407248
407625
407651
407917
408048
408073
408297
408322
408518
408544
409173
409750
409797
409819
409828
410646
410972
410979
411496
411592
411941
411960
412459
412697
412843
413276
413304
413352
413359
413784
414291
414368
414663
414682
414683
414948
414991
415168
415246
415399
416129
416205
416397
416485
416499
416532
416571
416578
416720
416732
417985
418517
418530
418556
418588
418655
418743
418782
419075
419233
419394
420130
420186
420190
420222
420257
420661
421330
421336
421527
421797
422067
422262
422468
423147
423148
423373
424356
424361
424371
424753
424848
424894
424978
425315
425322
425329
425332
425415
425455
425946
426508
427287
427691
427827
428353
428401
428979
429024
429040
429271
429303
429333
429351
429361
429893
430035
430263
430365
430409
430500
431524
431584
432068
432102
432115
432218
432477
432481
432546
432883
432894
432911
433026
433494
433760
434193
434330
434851
435284
435412
435425
435828
435979
436003
436301
436618
436658
436666
436697
436737
436739
437097
437564
437773
438219
438235
438465
438623
438965
439108
439386
439812
1999 TN296
2000 CG130
2001 QK319
2001 WX80
2002 JL134
2002 QH62
2002 QO134
2002 TC145
2002 VY147
2002 WZ30
2003 DH
2003 KO28
2003 SU398
2003 SY323
2003 SE341
2003 UE93
2003 UO373
2003 UG403
2003 UG334
2003 UW346
2004 DP68
2004 DH76
2004 HD25
2004 PK65
2004 PJ87
2004 RF2
2004 RV335
2004 SM34
2004 TR57
2004 TR243
2004 TW118
2004 TR243
2004 VT5
2004 VM27
2004 XA181
2005 EH110
2005 EZ164
2005 EK268
2005 GP118
2005 NM8
2005 QR30
2005 QJ134
2005 QX139
2005 SR140
2005 SU142
2005 TP119
2005 TN128
2005 TE137
2005 TJ196
2005 UL58
2005 UD129
2005 UD129
2005 UB133
2005 UF151
2005 UL434
2005 UG436
2005 UC450
2005 UP246
2005 VS20
2005 VA50
2005 VE94
2005 VC98
2005 WX19
2005 WL88
2005 WB125
2005 WV191
2005 XT50
2005 XV67
2005 XD100
2005 YE88
2005 YW186
2005 YD222
2006 AN15
2006 AO34
2006 AA44
2006 BP13
2006 BX20
2006 BS34
2006 BW163
2006 BE212
2006 DN104
2006 DY127
2006 DH145
2006 FX40
2006 HQ11
2006 KU14
2006 OZ3
2006 RP121
2006 SU31
2006 SK378
2006 SQ166
2006 SZ229
2006 TW118
2006 TF119
2006 TW128
2006 UE94
2006 UR180
2006 UJ205
2006 UC258
2006 VQ138
2006 WU139
2006 WO153
2006 WO156
2006 WE171
2006 WA203
2006 XW38
2006 XJ40
2006 XU67
2007 BG14
2007 BL16
2007 BR101
2007 CV22
2007 DB9
2007 DE88
2007 DM89
2007 DH116
2007 EN68
2007 EN89
2007 EM202
2007 FZ44
2007 HL81
2007 RZ24
2007 RN181
2007 RR227
2007 RN246
2007 SM21
2007 TA74
2007 TJ372
2007 TN387
2007 TC292
2007 UU27
2007 US134
2007 VD261
2007 VB330
2007 VH332
2007 WG2
2008 AO11
2008 AV42
2008 AH114
2008 BH11
2008 CO13
2008 CK36
2008 CO207
2008 DZ14
2008 DO58
2008 EL43
2008 EZ49
2008 ES106
2008 EM138
2008 EU164
2008 FN20
2008 FY24
2008 FM42
2008 FN64
2008 FY87
2008 FK90
2008 FX121
2008 GU8
2008 GZ82
2008 KW41
2008 QM38
2008 RM112
2008 RJ127
2008 ST89
2008 SN114
2008 SC172
2008 SM224
2008 SS264
2008 SA265
2008 SY277
2008 TZ76
2008 TU113
2008 TY135
2008 TL149
2008 UY20
2008 UF66
2008 UM80
2008 UQ369
2008 UV165
2008 UN227
2008 UM285
2008 UT291
2008 UT339
2008 UO345
2008 VF15
2008 WM41
2008 WX78
2008 XP3
2008 XK14
2008 XS34
2008 YY47
2008 YW48
2008 YL59
2008 YQ162
2009 AD5
2009 BF50
2009 BK103
2009 BV110
2009 BF118
2009 BV137
2009 BR188
2009 CU46
2009 CE59
2009 CB65
2009 DR25
2009 DA58
2009 DC118
2009 DF134
2009 FG40
2009 FY67
2009 GD4
2009 JJ16
2009 KK6
2009 OD10
2009 PL19
2009 QD
2009 QX27
2009 QR56
2009 RH15
2009 RD58
2009 SK27
2009 SF96
2009 SG105
2009 SK123
2009 SS126
2009 TJ19
2009 TJ22
2009 UG69
2009 VN
2009 VB41
2009 VE62
2009 VN71
2009 WB8
2009 WH168
2009 WX175
2009 WU258
2010 AG21
2010 AQ22
2010 AM76
2010 AQ91
2010 AT91
2010 AB101
2010 AY124
2010 BT4
2010 BB42
2010 BT105
2010 CL42
2010 CF61
2010 CA241
2010 DR10
2010 ER74
2010 EP127
2010 FU12
2010 FJ121
2010 GG45
2010 GY117
2010 HK45
2010 LX38
2010 LL62
2010 LF68
2010 LA116
2010 LE129
2010 NZ31
2010 NY37
2010 ND104
2010 OD83
2010 RG5
2010 RM151
2010 RO174
2010 TL1
2010 TR30
2010 TU69
2010 TW98
2010 TG168
2010 TU176
2010 TR177
2010 UG21
2010 UV21
2010 UT66
2010 VJ28
2010 VA31
2010 VG54
2010 VG84
2010 VO85
2010 VT198
2010 VJ210
2010 VR216
2010 WL13
2010 WG56
2010 XT22
2010 XP32
2011 BZ5
2011 BJ121
2011 CB16
2011 CG46
2011 CR50
2011 CS82
2011 CG86
2011 CV102
2011 DF13
2011 DN18
2011 ES42
2011 ER51
2011 EW62
2011 EJ80
2011 FA1
2011 FP14
2011 FW33
2011 GU13
2011 GY78
2011 HX7
2011 HH32
2011 HD55
2011 JH8
2011 QZ23
2011 SF11
2011 SL37
2011 SS75
2011 SQ169
2011 SO188
2011 SV191
2011 SD226
2011 SQ267
2011 TB12
2011 UM17
2011 UC39
2011 UR71
2011 UY90
2011 UQ98
2011 UR279
2011 UC100
2011 UY101
2011 UZ368
2011 UT114
2011 UB400
2011 UV143
2011 UW172
2011 UP223
2011 UY244
2011 UP265
2011 UR279
2011 UB320
2011 UJ321
2011 UH327
2011 WF109
2011 WZ136
2012 AD14
2012 BE19
2012 BY29
2012 BA83
2012 BE87
2012 BY95
2012 CV8
2012 CS25
2012 CN44
2012 DE35
2012 DR55
2012 DO62
2012 DN72
2012 DO76
2012 EL2
2012 EG6
2012 FL16
2012 FS26
2012 FB32
2012 FO38
2012 FA55
2012 FQ63
2012 GF21
2012 GZ35
2012 HP46
2012 HK78
2012 KA11
2012 KE44
2012 LE2
2012 LH13
2012 PL15
2012 PW43
2012 QV22
2012 RS23
2012 RY34
2012 SP37
2012 TG28
2012 TM37
2012 TX59
2012 TT98
2012 TW128
2012 TD163
2012 TP171
2012 TK265
2012 TY270
2012 TG285
2012 TU286
2012 TT299
2012 TB308
2012 TO309
2012 UW29
2012 UK104
2012 UY155
2012 UX158
2012 VD4
2012 VD12
2012 VS42
2012 VQ61
2012 VO85
2012 WS28
2012 XZ77
2012 XH124
2012 XM133
2012 XJ140
2012 YW1
2013 AX17
2013 AB56
2013 AT58
2013 AT74
2013 AU100
2013 AC108
2013 AN117
2013 AD168
2013 BM9
2013 BT48
2013 BZ71
2013 CU73
2013 CX83
2013 CZ86
2013 CX94
2013 CW116
2013 CX146
2013 CK179
2013 CC203
2013 EM16
2013 EX16
2013 EU30
2013 EM113
2013 FW6
2013 FS9
2013 GL50
2013 GG92
2013 GS107
2013 GF136
2013 HP22
2013 HF30
2013 HQ61
2013 JK5
2013 JX32
2013 JY52
2013 JU60
2013 KO9
2013 KU13
2013 LS2
2013 LK5
2013 NW22
2013 PV29
2013 PJ60
2013 RQ21
2013 RT85
2013 RO87
2013 RH92
2013 RW97
2013 TX42
2013 TB75
2013 TD76
2013 TC90
2013 TO96
2013 TM128
2013 TB142
2013 US6
2013 UV6
2013 VW2
2013 WZ14
2013 WP23
2013 WS59
2013 WV59
2013 YO25
2013 YQ40
2013 YS42
2013 YC47
2013 YC70
2013 YV115
2013 YP146
2014 AN28
2014 AU29
2014 BM13
2014 CT11
2014 CL12
2014 CB17
2014 DA27
2014 DG130
2014 EQ31
2014 FP19
2014 GA14
2014 GV15
2014 GP28
2014 HN22
2014 HY35
2014 HN49
2014 HK179
2014 JC4
2014 JG16
2014 JJ27
2014 JB30
2014 KR2
2014 KL10
2014 MO1
2014 MD41
2014 MC51
2014 NW1
2014 NF58
2014 OU38
2014 OZ41
2014 OP77
2014 OX375
2014 OX386
2014 OJ163
2014 OQ208
2014 OZ212
2014 OA233
2014 OQ236
2014 OE290
2014 OV301
2014 OB331
2014 PE6
2014 PY9
2014 PX41
2014 QX25
2014 QU31
2014 QH74
2014 QD366
2014 QW367
2014 QX152
2014 QL173
2014 QA192
2014 QZ231
2014 QC240
2014 QF310
2014 QY323
2014 QT349
2014 RX33
2014 RM47
2014 SL36
2014 SL125
2014 SA155
2014 SX155
2014 SP163
2014 SO206
2014 SJ223
2014 SO299
2014 SD301
2014 SD335
2014 TD13
2014 TV42
2014 TQ53
2014 TY59
2014 TF82
2014 TN84
2014 UA11
2014 UW16
2014 UL88
2014 UW103
2014 UA168
2014 UE172
2014 US200
2014 UF207
2014 VX19
2014 WT22
2014 WY112
2014 WP273
2014 WF358
2014 WF123
2014 WL127
2014 WU136
2014 WQ137
2014 WF405
2014 WT406
2014 WY410
2014 WR469
2014 WL216
2014 WA481
2014 WC494
2014 WS496
2014 XB38
2014 XX38
2014 YC5
2015 AN3
2015 AS193
2015 AY256
2015 AE258
2015 AP263
2015 BG25
2015 BN37
2015 BY56
2015 BO77
2015 BH140
2015 BX157
2015 BR251
2015 BT254
2015 BC257
2015 CF15
2015 CE17
2015 CK17
2015 CE20
2015 CH20
2015 CJ22
2015 CJ33
2015 CF54
2015 CK56
2015 CW60
2015 DJ143
2015 DE212
2015 EN12
2015 ER12
2015 EU12
2015 FE3
2015 FM38
2015 FY38
2015 FR42
2015 FU76
2015 FG116
2015 FM135
2015 FC294
2015 FP317
2015 FQ318
2015 GR2
2015 JO6
2015 LO38
2015 MB26
2015 MB40
2015 MM63
2015 MV97
2015 NG9
2015 NR22
2015 ON33
2015 OP44
2015 OP67
1995 SE7
2000 BV48
2000 DB91
2001 FR201
2001 FT213
2001 FC231
2001 UH220
2001 XM229
2002 CE262
2002 EQ4
2002 PW191
2002 QD120
2002 QW146
2002 RZ288
2002 TN92
2002 TP125
2002 YM12
2003 QY80
2003 UA362
2003 UL341
2004 DY53
2004 RJ126
2004 WZ4
2004 XK131
2004 XF146
2005 ER23
2005 GW219
2005 JD19
2005 MZ49
2005 NJ24
2005 ST146
2005 SA178
2005 TN37
2005 TS44
2005 TV67
2005 TY110
2005 UE58
2005 UU59
2005 UF368
2005 UP117
2005 UO172
2005 UM176
2005 UU178
2005 UN268
2005 UF359
2005 VL12
2005 VJ66
2005 VP100
2005 WB169
2005 XS35
2005 YA6
2005 YC64
2005 YE69
2005 YF101
2005 YY153
2005 YP174
2005 YK191
2005 YM191
2006 AA104
2006 BW167
2006 BQ190
2006 BR232
2006 BL283
2006 CF24
2006 EK49
2006 FV21
2006 GF14
2006 KD7
2006 KV57
2006 KD93
2006 QF74
2006 RJ109
2006 RV113
2006 SR92
2006 SL379
2006 SY383
2006 SW161
2006 SA170
2006 SD257
2006 SV342
2006 TN44
2006 TJ112
2006 TR120
2006 UG360
2006 UB190
2006 UE211
2006 UZ299
2006 VE52
2006 WH9
2006 WP47
2006 WP129
2007 DA73
2007 EX39
2007 EZ76
2007 ER93
2007 ER158
2007 EX171
2007 EO188
2007 HS26
2007 HA36
2007 HM97
2007 RQ19
2007 RX29
2007 RV165
2007 RQ214
2007 RT255
2007 RA303
2007 TW46
2007 TN429
2007 TQ184
2007 TK212
2007 TK259
2007 TY284
2007 UT91
2007 UM124
2007 VQ20
2007 VN40
2007 VK174
2007 VS213
2007 WG42
2008 AQ133
2008 BL8
2008 CM22
2008 CH61
2008 CB126
2008 EC158
2008 FA63
2008 FU84
2008 FY86
2008 FS110
2008 GW42
2008 GW95
2008 GN102
2008 GY129
2008 HS23
2008 JY15
2008 SG113
2008 SR307
2008 TL11
2008 TL13
2008 TY59
2008 TQ74
2008 TY167
2008 TS182
2008 UE141
2008 UY178
2008 UY268
2008 UX354
2008 VZ79
2008 WY15
2008 YF129
2009 AU29
2009 AR49
2009 BG66
2009 BO117
2009 BJ132
2009 BZ135
2009 CH34
2009 DR21
2009 DH29
2009 DR58
2009 DD67
2009 DU86
2009 DK92
2009 EJ7
2009 GJ5
2009 HL106
2009 JQ14
2009 RE20
2009 SJ69
2009 SZ257
2009 SF298
2009 TS32
2009 TM34
2009 UL50
2009 WR236
2009 XN2
2010 AZ136
2010 BQ8
2010 BS22
2010 BO69
2010 BJ77
2010 BO82
2010 BO125
2010 CB93
2010 CN182
2010 CQ190
2010 CY199
2010 DV25
2010 DH81
2010 EE16
2010 EF26
2010 EL27
2010 EX67
2010 EW88
2010 EO169
2010 FT34
2010 GG11
2010 GW37
2010 GP153
2010 HT51
2010 HP85
2010 HK92
2010 JV6
2010 JG108
2010 JC137
2010 KE34
2010 KV68
2010 KW90
2010 KU113
2010 LX41
2010 LH60
2010 LR90
2010 LA93
2010 MU85
2010 NZ61
2010 NX64
2010 OF9
2010 OZ85
2010 PL30
2010 PC37
2010 SQ12
2010 TC32
2010 UX65
2010 UE103
2010 VV94
2010 VP114
2010 VM130
2010 VO168
2010 VE183
2010 VL219
2010 WC13
2010 WU32
2010 WM70
2011 AG57
2011 BX1
2011 BN4
2011 BZ29
2011 BQ41
2011 BK44
2011 BR53
2011 BO70
2011 BS71
2011 BL72
2011 BN110
2011 CT93
2011 CV99
2011 CY100
2011 DD17
2011 DP34
2011 EB32
2011 EF57
2011 FQ82
2011 GB14
2011 HW26
2011 OH34
2011 QV2
2011 QG19
2011 QM85
2011 SG44
2011 SP45
2011 SP56
2011 SY134
2011 SX253
2011 SH263
2011 UH92
2011 UH93
2011 UM144
2011 UE147
2011 UK188
2011 UN195
2011 UR218
2011 UF232
2011 US232
2011 UA240
2011 UL323
2011 VR15
2011 WC42
2011 WL53
2011 WD138
2012 AD4
2012 BR25
2012 BN83
2012 BR118
2012 BA138
2012 BN138
2012 BU140
2012 BX151
2012 DZ69
2012 DL84
2012 EF8
2012 FU12
2012 FF21
2012 FE34
2012 FB45
2012 GQ6
2012 GW6
2012 GS19
2012 GZ31
2012 HS38
2012 HA81
2012 JG8
2012 JG41
2012 JT41
2012 JW51
2012 KC15
2012 KV18
2012 PH23
2012 QY13
2012 TK11
2012 TS35
2012 TG82
2012 TC98
2012 TL113
2012 TK162
2012 TC225
2012 UM1
2012 UW6
2012 UJ75
2012 UA106
2012 UF123
2012 UV156
2012 VR15
2012 VC27
2012 VX50
2012 WK16
2012 XF86
2012 XY131
2013 AX16
2013 AQ102
2013 AV145
2013 AS158
2013 AY160
2013 AG169
2013 AG176
2013 AM181
2013 BB26
2013 BS48
2013 CL45
2013 CB56
2013 CE56
2013 CS63
2013 CO76
2013 CM97
2013 CJ132
2013 CK139
2013 CJ150
2013 CP160
2013 DS8
2013 EU25
2013 EH37
2013 EH69
2013 ED70
2013 EB111
2013 GR76
2013 GR83
2013 GN134
2013 HD2
2013 HC30
2013 HC32
2013 HT38
2013 HP56
2013 HG60
2013 HZ70
2013 HT82
2013 HC91
2013 HH97
2013 HX102
2013 HO104
2013 HQ115
2013 HE119
2013 HU123
2013 HR137
2013 JQ2
2013 JQ18
2013 JU25
2013 JP38
2013 ND2
2013 PA40
2013 QC33
2013 QS81
2013 SQ8
2013 SJ77
2013 TH16
2013 TG18
2013 WC1
2013 WN19
2013 WQ29
2013 WJ108
2013 YG28
2013 YQ34
2013 YB46
2013 YZ96
2013 YH129
2014 DP33
2014 DB43
2014 DT50
2014 DS72
2014 DT88
2014 DY132
2014 EC16
2014 EJ28
2014 GY28
2014 HH19
2014 HP34
2014 HD122
2014 HX124
2014 JS3
2014 JK6
2014 JB47
2014 KO34
2014 KH41
2014 LC2
2014 ME25
2014 MG32
2014 MP50
2014 MD63
2014 NK14
2014 NQ23
2014 OB25
2014 OR58
2014 OJ89
2014 OL118
2014 OD119
2014 OG122
2014 OQ139
2014 OS143
2014 OO153
2014 OS160
2014 OK304
2014 OE343
2014 PB10
2014 QZ28
2014 QQ39
2014 QM116
2014 QD119
2014 QN122
2014 QZ393
2014 QJ399
2014 QW175
2014 QZ202
2014 QT212
2014 QW218
2014 QY231
2014 QW281
2014 RV55
2014 SK97
2014 SK101
2014 SK256
2014 SO343
2014 TL3
2014 TC20
2014 UB53
2014 UP138
2014 UT142
2014 WX40
2014 WT64
2014 WA78
2014 WO107
2014 WD194
2014 WO107
2014 WY112
2014 WA128
2014 WR232
2014 WN238
2014 WW263
2014 WH271
2014 WP273
2015 AC119
2015 AZ168
2015 AO225
2015 AH278
2015 BR2
2015 BU54
2015 BV73
2015 BX108
2015 BB417
2015 BK163
2015 BU434
2015 BT182
2015 BL193
2015 BN202
2015 BR477
2015 BU217
2015 BC481
2015 BN229
2015 BA263
2015 BQ345
2015 CB19
2015 CL26
2015 DN60
2015 DT64
2015 DQ101
2015 DK120
2015 DM150
2015 DN161
2015 EK3
2015 FM58
2015 FP121
2015 FJ149
2015 FY157
2015 FE165
2015 FN180
2015 FD252
2015 FA294
2015 FJ297
2015 FQ314
2015 FX325
2015 GX24
2015 GV34
2015 HV19
2015 HQ50
2015 HV73
2015 HG74
2015 HK74
2015 HT87
2015 HM134
2015 HV135
2015 HJ158
2015 HH176
2015 KD8
2015 KW13
2015 KK17
2015 KR24
2015 KQ30
2015 KF38
2015 KP77
2015 KY137
2015 LA3
2015 MF47
2015 MY71
2015 MU72
2015 MR94
2015 MQ108
2015 MG118
2015 NH6
2015 OD1
2015 OS10
2015 OH14
2015 OC21
