id
62
199
314
382
431
492
493
515
665
767
912
936
942
954
1074
1247
1255
1261
1302
1445
1615
1673
1687
1691
1765
1771
2046
2165
2264
2325
2372
2505
2517
2519
2528
2534
2549
2550
2551
2627
2803
2884
2981
3174
3186
3292
3297
3499
3502
3504
3543
3618
3663
3705
3717
3832
3899
3981
4013
4073
4178
4193
4266
4412
4470
4474
4616
4751
4778
4940
4941
5223
5375
5883
6187
6362
6378
6570
6613
6654
6688
6879
6953
7024
7077
7131
7279
7522
7909
7927
8319
8339
8463
8473
8518
8629
8744
8798
8803
8839
8866
9166
9457
9483
9657
10004
10463
10681
10688
10809
10883
11590
11825
11860
11973
13039
13322
13330
13647
13796
13820
14099
14107
14496
14562
15064
15257
15478
15593
15601
15657
15698
15931
16029
16156
16265
16269
16390
16449
16454
16515
16711
16715
16717
16719
16842
16923
16945
17150
18214
19369
19482
19588
19690
19906
20100
20134
20530
20762
21019
21349
21699
21807
21989
22011
22062
22721
22864
23078
23105
23115
23157
23441
23579
24194
24955
25056
25823
25932
26740
26831
27497
27743
27989
27996
28789
28922
29100
29190
29405
29414
29415
29508
29588
29777
30494
30545
30659
30672
30740
30955
30982
31219
31322
31456
32123
32282
32704
32741
32950
33252
33255
33567
33792
34125
34218
34603
34727
34914
34929
34938
34957
35183
35254
36012
36086
36113
36187
36215
36818
36939
37027
37111
37159
37421
37446
37699
38033
38409
38456
38512
39094
39344
39450
40195
40242
40718
41106
41203
41237
41327
41345
41383
41408
41952
42142
42297
42769
43171
43231
43592
43722
44519
44557
45255
45513
45670
46244
46246
46254
46299
46427
46675
46742
47085
47095
47103
47912
47927
48491
48524
48711
48716
48841
49561
49644
50330
50462
51166
51329
51642
52003
52262
52326
52692
52721
53354
54286
54358
54478
54506
54932
55071
55306
55540
55690
57263
57304
57641
57655
57716
57763
57821
57847
57933
57968
58256
58267
58418
58552
58916
59004
59160
59862
59939
60006
60186
60202
60251
60314
61567
61634
62165
62193
62359
62666
62677
63141
63258
63354
63542
63848
64438
64533
64977
65161
65280
65746
66065
66116
66128
66157
66661
66903
67125
67190
67214
67243
68305
68802
69061
70041
71329
71452
71552
71586
71614
71619
71646
71700
71717
72507
72513
72651
72726
72830
73289
73296
73364
73845
74411
74442
76127
76467
76601
76634
76649
76650
76696
77477
77495
77682
77828
77885
77907
77913
78150
78444
78533
78674
78818
78954
78965
79346
79479
79508
79892
80034
80059
80068
80069
81575
81576
82010
82012
82019
82033
82516
82558
82651
82768
82890
82959
83007
83101
83146
83195
83335
83426
83539
83677
83879
83942
84962
85283
85361
85671
86138
86166
86190
86200
86235
86236
86303
86328
86348
86356
87419
87532
87759
87848
88233
90029
90137
90544
90646
90661
90664
90904
91153
91161
91618
91721
92090
92176
93254
94107
94187
95232
95298
95478
95602
95805
95946
95966
96065
96345
96527
96528
96544
96589
96591
97297
97345
97456
97472
97489
97494
97727
97768
97775
99253
99256
99272
99289
99617
99683
100340
100699
101628
101671
101784
101856
101903
101908
101927
102009
102082
104184
104286
104326
104473
104669
104695
104950
104967
104979
105064
105182
105504
105784
105789
105799
105861
105936
105938
105995
106031
106096
106147
106216
106347
106498
106550
106571
106703
106718
106780
106831
106874
106909
108570
108668
108882
109133
109265
109428
109502
109543
109641
110672
110678
111283
111590
111593
111742
111855
112528
112838
112997
113047
113276
113331
113388
113398
113666
113761
113817
113949
114016
114881
114891
115163
115479
115620
116087
116098
116188
116449
116558
116566
116881
116911
117027
117063
117073
117203
117440
117653
117914
118426
118464
118812
119002
119015
120383
120569
120861
121217
121389
121497
121538
121548
121598
121645
121650
121706
121712
121716
121765
121769
121786
121795
121841
123645
123651
123699
123941
124093
124095
124124
127405
127472
128097
128143
128425
128509
128516
128613
128743
128871
129285
129368
129419
130189
130194
130256
130362
131336
131361
131366
131407
132754
132845
132865
132981
133409
133715
133753
133858
133866
134291
134393
134872
134884
135208
135332
135336
135354
135419
135444
135474
136267
136448
136512
138523
138527
138575
138625
138629
138653
138741
138762
139385
140378
140399
140509
140681
140966
141000
141048
141095
141180
141240
141379
141397
141467
141769
143546
144161
144213
144613
144763
145144
145162
145366
145438
145546
145652
146169
146213
146219
146237
146261
146760
146915
147656
147927
148142
148183
148400
148438
148806
149487
149668
150041
150310
150321
150590
150624
150625
150630
151444
151705
152050
152117
152208
152226
152692
152707
152798
152876
153259
154150
154177
154611
154618
155272
155387
155413
155489
155864
156671
156695
156709
157065
157187
157432
157946
158133
158139
158589
158592
158820
158995
159534
159689
159795
159993
160318
160883
160918
161187
161585
161698
161708
162057
162915
162931
163468
163622
164508
164559
164648
165122
165136
165676
165684
165764
165936
166644
166724
166780
166782
166802
166842
167659
167681
168176
168300
168466
169150
169190
169227
169262
169277
169403
170096
170772
171677
171678
171882
171960
171984
171987
172065
172402
172409
172418
173462
173464
173907
173920
173934
174021
174483
174544
175109
175328
175812
176008
176033
176495
176565
176581
176602
177000
177052
178032
178204
178255
178393
178465
178528
178712
178748
179379
179389
179431
179477
179558
179582
180116
180143
180176
180762
181038
181484
181637
182218
182619
184182
184233
184236
184243
184757
185300
185371
185561
185653
185778
185812
186329
186353
186382
186979
187321
187615
187630
187797
187839
187847
188183
188502
188832
189203
189204
189259
189422
189628
189885
189954
189956
190093
190500
191185
191200
191228
191446
191522
191543
191560
191571
195804
195821
195881
195923
195953
195989
196030
196031
196037
196042
196098
196670
196763
196927
196960
197206
197306
197308
197367
197385
197449
197481
197542
198598
198677
199402
199912
199935
200015
200033
200560
201361
201419
201637
201892
202562
202581
202628
202740
202764
202810
203789
203845
204177
204255
204559
204616
204867
205022
205023
205492
205497
205552
206250
206260
206717
206748
206892
207424
207556
207701
207993
208359
209412
209449
209495
209897
210119
210188
210234
210323
210417
210489
210909
210952
211010
211461
211896
212319
212691
212885
212903
212946
213417
213769
213802
213806
213807
214068
214455
214468
214638
214798
214840
215088
215397
215796
215968
215980
215994
216014
216021
216195
216634
216638
216698
217121
217371
217566
217735
218248
218440
218445
218538
218903
219909
219912
220376
220846
220876
220892
221362
221465
221511
221898
222027
222066
222171
222216
222223
223324
223340
223356
223394
223410
223471
223975
224779
225037
225204
225348
225437
226487
226567
226854
227005
227742
227750
227928
228959
229024
229032
229279
229291
229634
230678
230706
230756
230774
230783
230994
231735
231808
232316
232550
232663
232664
232701
232717
232951
233002
233060
233459
233646
234822
234843
234958
235232
235415
235436
235461
235500
235863
236075
236108
236674
237235
237331
237431
237554
237620
237677
237730
238028
238299
238346
238401
238422
238812
239715
239798
239999
240016
240263
240279
240467
240508
241079
241364
241381
241630
241635
241684
242228
242387
242506
243067
243279
243299
243550
243669
243755
244596
244654
245074
245080
245085
245388
245452
245610
246001
246049
246054
246522
246538
246597
246811
246829
246908
246971
247048
247331
247941
248008
248047
248056
248071
248101
248105
248111
248262
248315
248492
248505
248515
248896
249193
249217
249269
249290
249353
249650
250079
250522
250755
250782
250814
250831
250877
250895
251333
251334
251461
251620
251628
251636
251640
251860
251934
251958
252176
252219
254116
254136
254161
254163
254168
254189
254229
254235
254254
254332
254412
254423
255010
255019
255099
255231
255359
255410
256413
256507
256515
256534
256536
256548
256561
257145
257336
257739
257971
257979
257995
258756
258796
259417
260219
260240
260250
260281
260284
260340
260403
260423
260886
261125
261202
261492
261793
261863
262885
262974
262982
263043
263911
263998
264095
264106
264790
264828
264862
265413
265487
266004
266019
266039
266466
267121
267549
267623
267646
267834
267946
268198
268718
268721
269138
269284
269355
269430
269517
269518
269766
270567
270712
270769
270801
271340
272018
272038
272058
272084
272645
273105
273216
274063
274249
274485
274518
274706
274845
274909
275015
275393
275428
275661
275796
276180
276181
276220
276257
276312
276346
276693
277116
277514
277592
277857
277886
277913
277938
278413
278448
279360
279456
279542
279924
279953
280709
280728
280786
281331
281866
282183
282185
282444
282603
282975
283282
283542
283578
283744
283908
283912
284270
284333
284367
284382
284815
284822
285021
285261
286022
286399
286619
287495
287556
288264
288595
288774
288801
288814
289130
289159
289245
289645
289875
289922
290029
290102
290388
290756
290757
290855
290902
290928
291061
291152
291299
291414
292086
292373
292458
292526
292667
292750
292769
292771
292814
293031
293444
293512
293514
293609
294207
294273
294658
294723
295114
295136
295210
295597
295732
295759
295880
295906
296027
296448
296507
296515
296532
296623
297140
297450
297509
298353
298688
298738
299259
299284
299302
299334
299834
299996
300003
300007
300031
300149
300202
300212
300220
300221
300973
301338
301475
301542
301819
302064
302355
302374
302384
302385
302396
303706
303754
303781
303929
304754
305521
305534
305535
308365
308388
308456
308496
308541
309174
309202
310410
310514
310540
310551
310656
311155
311371
311392
311523
311540
311966
312420
312659
312686
312723
313149
313929
314369
314572
315022
315150
315181
315929
316097
316223
316234
316335
316741
316809
316828
316965
316980
317317
317332
317341
317384
317390
317431
317624
317687
318058
318249
318332
318611
319077
319205
319279
319341
319354
320189
320263
320271
321090
321369
321514
321551
321775
323613
323637
324763
324808
325446
325519
325539
326192
326512
326555
326643
326654
326754
326797
326815
326892
327074
327509
327599
328367
328395
328413
328691
328870
329076
329494
329503
329695
329702
330180
331033
331068
331168
331233
331281
331867
332226
332230
332252
332415
332424
332430
332765
333202
334056
334068
334197
334281
334425
334905
335216
335930
335941
336041
336872
337036
337042
337707
337776
337859
337871
337899
337928
338440
338896
338919
339664
340619
340658
340713
340758
340827
341356
341569
341639
341645
341714
341767
341801
343081
343394
344061
344204
344349
344358
344367
344368
344404
344598
345080
345558
345569
345592
345619
345631
345998
346232
347129
347335
347710
347712
347748
347790
348831
348903
348925
348948
348977
349349
349907
350011
350019
350143
350154
350537
350749
350793
350841
350991
351224
351230
351532
351538
352002
352082
352541
352602
352643
353294
353550
353631
354141
354150
354199
354516
354761
355614
355641
355712
356230
356830
356942
357200
357221
357229
357515
357741
357760
357829
358371
358437
358821
359602
359703
359844
359992
359999
360000
360404
360519
360562
360741
360949
360961
360999
361031
361064
361488
361531
361957
361985
362492
362560
362583
362713
362809
362954
362999
363057
363115
363443
363461
363463
363974
363980
364475
364504
364555
365292
365366
365400
365634
365895
365980
366116
366173
366238
366365
366532
366546
366683
366826
367041
367405
367441
367442
367635
367792
367965
368147
368340
368359
368395
368407
368859
369169
369381
369477
369806
369825
370614
370841
372138
372289
372305
372320
372777
372890
373134
373366
373747
373805
373812
373826
374004
374009
375068
375090
375093
375568
376022
376063
376216
376500
376555
376844
376849
376854
377095
377223
377247
377280
377286
377484
377554
378385
378401
378436
378463
378465
378521
379037
379073
379682
379720
380222
381203
381211
381222
381244
381253
381304
381656
381700
382106
382729
382736
382867
383394
383400
383403
383765
384600
384825
384929
384948
384950
385319
385498
385599
386130
386220
386246
386544
386608
386972
387213
387306
387604
388008
388015
388303
388377
388646
388782
388958
389276
389290
389294
389578
389832
390278
390857
391027
391650
391686
391757
391760
392134
392157
392640
392672
392885
392994
393068
393136
393376
393401
393650
393664
393917
394038
394056
394687
394741
395102
395220
395272
395553
395644
396004
396482
396490
396649
396808
396824
396840
397036
397127
397489
397700
397771
398102
398213
398283
398449
398872
399020
399600
399720
400503
400990
401642
401675
402005
402031
402035
402051
402513
403404
403479
403482
403727
403758
404130
404438
404538
404580
404605
404654
404825
404855
405450
405493
405888
406744
406755
406775
407045
407060
407079
407131
407156
407239
407250
407628
407870
407881
408085
408091
408666
408745
409056
409075
409080
409089
409175
409221
409374
409390
409690
410153
410155
410164
410621
410669
410877
411158
411495
411507
411574
411591
411780
411853
411926
411931
412005
412376
412507
412544
413227
413341
413443
414023
414273
414304
414341
414684
414735
415011
416097
416128
416169
416482
416671
416755
416802
417366
418558
418564
418565
418571
418601
418657
418701
418794
418803
418838
419257
419365
420209
420659
421216
421263
421303
421328
421844
421918
422375
422934
422938
423327
423340
424241
424247
424255
424284
424359
424811
424831
424840
424899
424933
425393
425408
425440
425521
425873
425969
426004
426293
426603
426628
426750
426851
426938
427119
427124
427172
427457
427664
428135
428388
428424
428460
428467
428788
428902
428961
429033
429048
429057
429067
429259
429315
429322
429958
430158
430244
430336
430486
430492
430855
431198
431492
431530
431565
431567
432078
432085
432143
432164
432182
432444
432513
433067
433134
433140
433238
433251
433812
434490
434557
434872
434942
435234
435251
435358
435369
435862
435907
435913
435983
436254
436351
436656
436699
437043
437299
437443
437462
437464
437498
437654
437679
438055
438191
438259
438290
438871
438959
438972
438980
1995 TJ3
1995 VZ17
1997 MQ
1999 TL54
2000 EO203
2000 YR27
2001 OV38
2001 SW93
2001 ST188
2001 TA129
2001 UO103
2001 YN138
2002 GQ28
2002 GA48
2002 MV6
2002 PG51
2002 PU194
2002 QR21
2002 QY58
2002 QC118
2002 RN149
2002 RZ245
2002 TL80
2002 TJ263
2002 TU324
2002 YU7
2003 BM33
2003 BJ36
2003 CP12
2003 JF3
2003 SG86
2003 SJ239
2003 SO293
2003 ST334
2003 SZ351
2003 UW91
2003 UD415
2003 UO266
2003 US318
2003 XU26
2003 YW42
2003 YT135
2003 YE172
2004 EO16
2004 ND31
2004 RD103
2004 RJ282
2004 RT313
2004 TN213
2004 TM198
2004 TN213
2004 VL56
2005 AS53
2005 CG32
2005 EY67
2005 GQ177
2005 GJ180
2005 JV45
2005 JP99
2005 OX4
2005 QF19
2005 SW129
2005 SN142
2005 SP154
2005 SJ169
2005 SQ213
2005 SR214
2005 ST237
2005 SL247
2005 TG15
2005 TK90
2005 TS126
2005 TA198
2005 UB36
2005 US37
2005 UB40
2005 UT86
2005 UQ196
2005 UO212
2005 UD113
2005 UZ156
2005 UM187
2005 UQ196
2005 UN461
2005 UJ207
2005 UZ211
2005 UO212
2005 UY279
2005 VN89
2005 VO112
2005 VM117
2005 WL30
2005 WY135
2005 WD140
2005 WM153
2005 XQ30
2005 XB78
2005 YA71
2005 YA140
2005 YH144
2005 YD166
2005 YX179
2005 YC218
2005 YP262
2006 AQ14
2006 AG17
2006 AO18
2006 AN49
2006 AM85
2006 BU106
2006 BM135
2006 BZ209
2006 BQ264
2006 DB40
2006 DQ48
2006 DN172
2006 ES48
2006 HZ27
2006 HG48
2006 HL54
2006 HK75
2006 HP113
2006 KR96
2006 QC19
2006 QZ184
2006 RV58
2006 RB79
2006 SB70
2006 SU376
2006 SW396
2006 SH408
2006 ST203
2006 SM205
2006 SZ238
2006 SM242
2006 SL247
2006 SP327
2006 TU16
2006 TW32
2006 TW38
2006 TB98
2006 TG105
2006 TJ117
2006 TB125
2006 UZ22
2006 UL42
2006 UA79
2006 UL97
2006 UZ99
2006 UY130
2006 UM132
2006 UY132
2006 US197
2006 UF238
2006 UD279
2006 US283
2006 US330
2006 UQ358
2006 VX20
2006 VT40
2006 VJ98
2006 WD7
2006 WG29
2006 WX59
2006 WR105
2006 WV200
2006 XV15
2006 XH21
2006 YM20
2007 AV30
2007 BU3
2007 BZ46
2007 BX69
2007 CA43
2007 CT53
2007 CK63
2007 EJ50
2007 EA51
2007 EK80
2007 EL80
2007 EL181
2007 ER218
2007 HH59
2007 HA71
2007 HX79
2007 RU67
2007 RX92
2007 RT160
2007 RU318
2007 TD61
2007 TY63
2007 TS80
2007 TD390
2007 TB423
2007 TM427
2007 TQ439
2007 TB447
2007 TP225
2007 TT230
2007 TF292
2007 UE17
2007 UJ86
2007 VH42
2007 VK87
2007 VD120
2007 VM307
2007 VW326
2007 WA1
2007 XL27
2007 YL5
2008 AC94
2008 AB107
2008 BX13
2008 BC47
2008 CN72
2008 CU194
2008 DS6
2008 DQ45
2008 DT86
2008 DH89
2008 EM122
2008 FY58
2008 FR93
2008 FK134
2008 GT50
2008 HG9
2008 HQ17
2008 JD3
2008 JJ24
2008 JS28
2008 JR30
2008 RO62
2008 RZ83
2008 RM110
2008 RJ122
2008 RT123
2008 SF37
2008 SJ47
2008 SO181
2008 SL277
2008 ST299
2008 SH302
2008 TW8
2008 TQ38
2008 TN48
2008 TO83
2008 TN101
2008 TL102
2008 UD28
2008 UP73
2008 UQ102
2008 UX113
2008 UG133
2008 UP137
2008 UN167
2008 UV226
2008 UN260
2008 UZ277
2008 UQ287
2008 UG322
2008 UX322
2008 UF349
2008 WF21
2008 WK37
2008 WO56
2008 WK116
2008 WE122
2008 XH44
2008 YO1
2008 YF68
2008 YQ70
2008 YD127
2009 AC
2009 AN8
2009 BJ33
2009 BC49
2009 BF76
2009 BT132
2009 BT171
2009 CS30
2009 CE33
2009 CY50
2009 CX57
2009 DV30
2009 ET24
2009 EY24
2009 FN57
2009 HS18
2009 HE39
2009 LM4
2009 ON22
2009 RR11
2009 SF47
2009 SH101
2009 SQ157
2009 SC260
2009 SK269
2009 SX271
2009 SX291
2009 SZ342
2009 SV351
2009 SC358
2009 TB10
2009 UY25
2009 UR30
2009 UF36
2009 UX54
2009 UQ75
2009 UN77
2009 UL119
2009 UT119
2009 UD120
2009 VQ15
2009 VU43
2009 VT55
2009 VT77
2009 VH99
2009 WV19
2009 WX124
2009 WF133
2009 WS168
2009 WY180
2009 XM2
2009 YF19
2010 AK118
2010 BF3
2010 BF31
2010 BA48
2010 BY70
2010 BG83
2010 BY87
2010 BF123
2010 CG41
2010 CG128
2010 CK131
2010 CW145
2010 CH154
2010 CA155
2010 CK160
2010 CO166
2010 CS175
2010 DQ1
2010 DP26
2010 DT41
2010 DD70
2010 EN12
2010 EV21
2010 EQ121
2010 FU30
2010 FU57
2010 FZ92
2010 GM33
2010 GX139
2010 JG3
2010 JU3
2010 JK157
2010 KN53
2010 KL115
2010 KZ125
2010 KP128
2010 LT51
2010 MC83
2010 NJ9
2010 NH45
2010 NE86
2010 NP113
2010 OH15
2010 OJ91
2010 OY103
2010 OK116
2010 PW10
2010 RD47
2010 RQ91
2010 RG112
2010 RA124
2010 SN26
2010 TP12
2010 TQ98
2010 TR138
2010 UE33
2010 UU99
2010 UO101
2010 VA24
2010 VU48
2010 VX67
2010 VD104
2010 VH149
2010 VZ184
2010 WR3
2010 WY40
2010 WY60
2010 XK12
2010 XD15
2010 XJ30
2010 XP57
2011 AT7
2011 AN11
2011 AR14
2011 AJ23
2011 AJ30
2011 AU42
2011 AE52
2011 BE19
2011 BY45
2011 BS50
2011 CG10
2011 CE55
2011 FU41
2011 FT42
2011 FG88
2011 GZ1
2011 GO78
2011 HR9
2011 HV14
2011 HG29
2011 HF30
2011 HJ38
2011 HY56
2011 HT65
2011 HE97
2011 KY36
2011 PP12
2011 QN35
2011 QZ48
2011 QP64
2011 QU74
2011 QM77
2011 QE97
2011 RH
2011 RM18
2011 SX33
2011 SX121
2011 SS173
2011 SC224
2011 SN259
2011 TC6
2011 UJ37
2011 UF41
2011 UG95
2011 UA365
2011 US139
2011 UO407
2011 UM183
2011 UB193
2011 UX201
2011 UJ250
2011 UH309
2011 UE319
2011 UF327
2011 VF5
2011 WG118
2011 WE151
2011 YJ3
2011 YR7
2011 YW64
2011 YC66
2012 BZ84
2012 BF89
2012 BR92
2012 BO104
2012 BA106
2012 CS14
2012 CK29
2012 CS42
2012 DK5
2012 DS12
2012 DC43
2012 DE56
2012 DG73
2012 DR77
2012 EO15
2012 GN28
2012 GW35
2012 HV7
2012 HR9
2012 HO28
2012 HN49
2012 HN55
2012 HX65
2012 HX81
2012 JZ
2012 KV34
2012 LM1
2012 LW8
2012 PH18
2012 PA43
2012 QN
2012 RT41
2012 SV26
2012 SB31
2012 SV43
2012 SZ62
2012 SB63
2012 TT19
2012 TB30
2012 TM49
2012 TC51
2012 TK55
2012 TM55
2012 TN68
2012 TS80
2012 TB115
2012 TQ189
2012 TU273
2012 UC36
2012 UC40
2012 UZ101
2012 UW119
2012 UY147
2012 UE154
2012 VL39
2012 VD76
2012 VQ109
2012 VR112
2012 WB26
2012 XA34
2012 XX106
2012 XA111
2012 XC131
2012 XJ153
2013 AH17
2013 AK106
2013 AH157
2013 CS25
2013 CU29
2013 CW36
2013 CT41
2013 CK86
2013 EX32
2013 EO109
2013 EN113
2013 EC122
2013 FP4
2013 FH15
2013 GS13
2013 GJ20
2013 GD50
2013 GM90
2013 GV112
2013 HF10
2013 HE21
2013 HS66
2013 JH5
2013 JB13
2013 JR21
2013 JT40
2013 JW50
2013 JJ51
2013 LK17
2013 LK23
2013 PJ37
2013 PF39
2013 PM47
2013 QM42
2013 QF53
2013 RQ29
2013 RD67
2013 RG68
2013 RD71
2013 RC89
2013 SQ27
2013 SJ29
2013 SG37
2013 SA64
2013 TZ12
2013 TK26
2013 TC34
2013 TC44
2013 TK123
2013 TJ132
2013 VU3
2013 WR6
2013 WV37
2013 WB108
2013 XY10
2013 YS95
2013 YM105
2013 YG117
2014 AV12
2014 AJ49
2014 BE16
2014 BM20
2014 BP29
2014 BQ33
2014 DB6
2014 DP19
2014 DD43
2014 DE100
2014 FE18
2014 FZ38
2014 FN46
2014 FU46
2014 FY64
2014 HK12
2014 HK25
2014 HB38
2014 HP95
2014 HM154
2014 HQ188
2014 JY4
2014 JH12
2014 JF39
2014 KY1
2014 KS30
2014 KK34
2014 KU54
2014 KV71
2014 KS82
2014 KP93
2014 LD23
2014 ME13
2014 MZ13
2014 MX28
2014 MV37
2014 NC2
2014 NY27
2014 NC31
2014 OE136
2014 OC101
2014 OK104
2014 OK107
2014 OE136
2014 OR229
2014 OX311
2014 OE327
2014 OM345
2014 PL1
2014 PV24
2014 PG31
2014 QY42
2014 QS194
2014 QV205
2014 QB236
2014 QH238
2014 QN241
2014 QN262
2014 QB264
2014 QH274
2014 QE310
2014 QH349
2014 RE43
2014 SY118
2014 SL227
2014 SY235
2014 SA244
2014 SW299
2014 TA7
2014 TJ49
2014 TX59
2014 TC62
2014 TM73
2014 TQ80
2014 UP7
2014 UW44
2014 UH46
2014 VW10
2014 VV19
2014 VZ29
2014 WD19
2014 WC20
2014 WV35
2014 WU45
2014 WS49
2014 WU53
2014 WG65
2014 WZ100
2014 WL361
2014 WW116
2014 WP123
2014 WF139
2014 WQ407
2014 WF159
2014 WM194
2014 WX479
2014 WV492
2014 WG350
2014 WH354
2014 YV23
2014 YU31
2015 AT30
2015 BU5
2015 BQ430
2015 BZ446
2015 BZ453
2015 BQ203
2015 BL492
2015 CF17
2015 CY39
2015 CS51
2015 CH58
2015 DY5
2015 DZ105
2015 DR156
2015 EA26
2015 EL30
2015 FR71
2015 FT74
2015 FF78
2015 FF94
2015 FY101
2015 FJ106
2015 FK119
2015 FF212
2015 FO220
2015 FR322
2015 FK338
2015 GA26
2015 HD156
2015 KO19
2015 KA36
2015 KS77
2015 LE8
2015 LO23
2015 LG31
2015 MJ10
2015 NX3
2015 OP16
1995 SY10
1995 SM33
1999 YN17
2000 HV60
2001 FJ201
2001 FY222
2001 FV228
2001 RW51
2001 UN90
2001 UP193
2001 UQ215
2001 WD77
2002 GV187
2002 JH110
2002 NF70
2002 PL34
2002 PY185
2002 QV100
2002 RA131
2002 RP291
2002 TJ315
2003 SJ416
2003 SU340
2003 UV336
2003 WQ175
2004 EC1
2004 RX353
2004 TW22
2004 TH137
2004 TD307
2004 VN15
2004 VW101
2005 CT46
2005 EN315
2005 JK72
2005 JA114
2005 NT40
2005 QO12
2005 SC116
2005 SP240
2005 SC245
2005 SX290
2005 SD292
2005 TP182
2005 UE31
2005 UE76
2005 UC248
2005 UA297
2005 UC301
2005 VZ39
2005 VQ91
2005 VP130
2005 WJ170
2005 YP28
2005 YE120
2006 AS27
2006 AF36
2006 AZ52
2006 AW53
2006 AN105
2006 BS39
2006 BS137
2006 BN160
2006 DE68
2006 DB75
2006 DZ89
2006 DN115
2006 EZ7
2006 EP47
2006 GY47
2006 GJ54
2006 HH23
2006 HO47
2006 HK66
2006 JO8
2006 JU37
2006 JJ41
2006 KM4
2006 KU15
2006 KG17
2006 KS44
2006 KC112
2006 RX53
2006 RQ83
2006 RH108
2006 RW109
2006 SS99
2006 SO105
2006 SR375
2006 SO186
2006 SJ344
2006 SQ348
2006 TB62
2006 UN21
2006 UR33
2006 US56
2006 UZ69
2006 UB164
2006 US168
2006 UK234
2006 UT238
2006 UO271
2006 US276
2006 UV278
2006 UC352
2006 UQ359
2006 VB44
2006 VS90
2006 VK142
2006 WE187
2006 XB10
2006 XQ32
2007 EU123
2007 EJ194
2007 EY204
2007 GJ3
2007 GQ66
2007 JL45
2007 RL64
2007 RK292
2007 SY18
2007 TV99
2007 TW432
2007 TJ435
2007 TO199
2007 TL201
2007 TX224
2007 TG246
2007 TK283
2007 TS311
2007 UU69
2007 UC89
2007 UB109
2007 UU138
2007 UU140
2007 VB81
2007 VO164
2007 VM268
2007 VZ308
2007 YF3
2008 AU103
2008 BQ17
2008 BE28
2008 BB50
2008 CX15
2008 CZ129
2008 DQ35
2008 FX112
2008 GU77
2008 HM7
2008 HN11
2008 LO17
2008 RW110
2008 SR51
2008 SU108
2008 SP115
2008 SF127
2008 ST189
2008 TW30
2008 TQ31
2008 TG123
2008 TW126
2008 TK142
2008 TK147
2008 UM32
2008 UJ80
2008 UY114
2008 UB130
2008 UU176
2008 UD218
2008 UY297
2008 UP309
2008 VC25
2008 VN63
2008 WP104
2008 YW78
2008 YB141
2009 AW12
2009 BM12
2009 BD55
2009 BZ66
2009 BU122
2009 BZ122
2009 BS126
2009 HD88
2009 HS104
2009 PN1
2009 QU25
2009 QC49
2009 RM20
2009 RJ36
2009 RJ40
2009 RZ53
2009 SU123
2009 SM128
2009 SC217
2009 SN250
2009 SN254
2009 TA10
2009 UQ44
2009 VR31
2009 VK63
2009 YH20
2010 CC23
2010 CY36
2010 CB121
2010 CU138
2010 EN74
2010 FV78
2010 GU20
2010 GM161
2010 HO42
2010 HV53
2010 JM29
2010 KS112
2010 LG9
2010 MR77
2010 RT81
2010 TU34
2010 TC39
2010 TU48
2010 UX15
2010 UP28
2010 UM98
2010 VP1
2010 VT26
2010 VU133
2010 VA141
2010 VY148
2010 VE193
2010 VP212
2010 WH20
2010 WH55
2010 XS33
2010 XH43
2010 XF67
2010 YY
2011 AX7
2011 AG30
2011 AH32
2011 AR61
2011 BT1
2011 BY13
2011 BJ31
2011 BH33
2011 BH62
2011 BK113
2011 BS118
2011 BP158
2011 CK51
2011 CJ81
2011 CW82
2011 EJ2
2011 EU34
2011 EC81
2011 FJ7
2011 FZ21
2011 FG25
2011 FU59
2011 FC64
2011 FB75
2011 FQ155
2011 GT14
2011 GR35
2011 GC46
2011 HC12
2011 HB72
2011 JQ1
2011 JQ17
2011 KP24
2011 KJ26
2011 KJ36
2011 OK13
2011 RJ2
2011 SH176
2011 SP204
2011 SM260
2011 UF361
2011 UW361
2011 UT145
2011 UP180
2011 UW242
2011 WJ104
2011 WU118
2011 WU123
2011 WM134
2011 WX138
2011 YK12
2012 BY127
2012 BE133
2012 CM6
2012 CR18
2012 CA29
2012 CW29
2012 CN33
2012 CZ35
2012 CD56
2012 DF7
2012 DK34
2012 DV34
2012 DJ37
2012 DT40
2012 DG43
2012 DB73
2012 FF27
2012 FY56
2012 FV58
2012 FN65
2012 GP18
2012 HA6
2012 HR29
2012 HB56
2012 JB38
2012 KR19
2012 KM30
2012 KB48
2012 RR29
2012 SH60
2012 TO1
2012 TV22
2012 TZ91
2012 TC105
2012 TB148
2012 TO218
2012 TB226
2012 TO287
2012 TJ298
2012 TO317
2012 UD16
2012 UX32
2012 UC41
2012 UX48
2012 UF65
2012 UR79
2012 UG111
2012 UF126
2012 UT148
2012 VK8
2012 VC41
2012 VQ104
2012 WB14
2012 XD3
2012 XG42
2012 XT52
2012 XJ84
2012 XE89
2012 XL148
2013 AS54
2013 AB73
2013 AF79
2013 AZ143
2013 AF145
2013 AM163
2013 AO164
2013 AU169
2013 AS176
2013 AL181
2013 BY35
2013 BF61
2013 BS75
2013 CM64
2013 CA179
2013 EJ69
2013 EX79
2013 EN107
2013 EP118
2013 FP23
2013 FZ23
2013 GD14
2013 GU14
2013 GB82
2013 GY128
2013 HY46
2013 HY53
2013 HB96
2013 HR110
2013 HJ133
2013 JK45
2013 JD52
2013 KF9
2013 QZ27
2013 QK50
2013 QU66
2013 QA94
2013 ST31
2013 SX42
2013 SG74
2013 TK17
2013 TK42
2013 TS64
2013 TQ87
2013 TJ103
2013 TU129
2013 UO13
2013 WX15
2013 WT87
2013 XX13
2013 YU18
2013 YV28
2013 YU80
2013 YJ82
2013 YC105
2013 YN113
2013 YW134
2014 AJ36
2014 BT7
2014 DT25
2014 DH111
2014 ES47
2014 HA108
2014 HP172
2014 JB61
2014 JE65
2014 KU24
2014 KT55
2014 KQ59
2014 KE89
2014 MH51
2014 MQ65
2014 OS11
2014 OE14
2014 OX24
2014 OX47
2014 OP360
2014 OQ371
2014 OZ373
2014 OE119
2014 OS380
2014 OU125
2014 OS126
2014 OE301
2014 OU324
2014 OT326
2014 PS9
2014 PH69
2014 QU30
2014 QC124
2014 QH196
2014 QL320
2014 RG2
2014 RP24
2014 RG60
2014 SX58
2014 SO89
2014 SP94
2014 SE104
2014 SN130
2014 SW130
2014 SF156
2014 SL159
2014 SR300
2014 TO49
2014 UU38
2014 UV170
2014 UO175
2014 UX180
2014 WR3
2014 WF27
2014 WU52
2014 WL58
2014 WP84
2014 WX86
2014 WH121
2014 WL103
2014 WH121
2014 WN128
2014 WQ150
2014 XL23
2014 YN33
2015 AY6
2015 AG100
2015 AY173
2015 AA257
2015 BA34
2015 BY59
2015 BH61
2015 BN69
2015 BB84
2015 BZ370
2015 BH111
2015 BD131
2015 BC146
2015 BQ159
2015 BD174
2015 BZ440
2015 BM185
2015 BE450
2015 BQ194
2015 BX454
2015 BS460
2015 BC220
2015 BR220
2015 BZ508
2015 BJ249
2015 BR254
2015 BR258
2015 BQ282
2015 BE342
2015 CK36
2015 CF50
2015 DC27
2015 DU65
2015 DL116
2015 DW161
2015 DO173
2015 DY188
2015 EX23
2015 FE167
2015 FK277
2015 FD307
2015 GA36
2015 HS97
2015 HA107
2015 HE113
2015 KR9
2015 KX38
2015 KU47
2015 MN57
2015 MF76
2015 OC15
2015 OV25
2015 OO44
2015 PF2
2015 PX38
2015 PM41
2015 PQ44
