id
26
823
835
1307
1513
1661
1725
1912
2054
2823
2916
3272
3302
3517
3644
3706
3847
3848
3954
4017
4161
4237
4300
4314
4403
4638
4727
5383
6171
6436
7032
7622
7632
7923
7997
8275
8301
8383
8599
8761
8987
9232
9358
9456
9490
9594
9925
9998
10101
10249
10432
10486
10959
10960
11174
11223
11635
11712
11724
11811
11839
11842
12147
12285
12581
12587
12593
12878
12883
12956
13210
13213
13421
13624
13656
13827
13879
14022
14155
14253
14419
14431
14438
14500
14652
14900
15118
15880
16152
16425
16440
17042
17106
17456
17595
17678
18154
18203
18223
18259
18573
18599
18749
18775
18819
18853
18944
19039
19063
19192
19775
20116
20532
20546
21117
21143
21172
21362
21442
21705
21884
22140
22741
22902
22920
22944
23039
23098
23128
23528
23545
24069
24568
24586
24932
24945
24993
25171
25326
25382
25434
25484
26038
26051
26138
26180
26389
26708
26956
27167
27392
27492
27547
27690
27705
28097
28170
28852
29063
29568
29643
29673
29693
29795
29852
30053
30104
30280
30286
30332
30380
30384
31169
31463
32562
32563
32683
32843
32905
33409
33413
33478
33835
34177
34324
34404
34725
34982
34989
35000
35701
35726
35766
35814
35931
35950
35992
36193
36302
36309
36654
36679
36731
36787
36806
36913
36965
37813
37872
38293
38342
38344
38376
38415
39147
39279
40113
40124
40419
40474
40550
40690
40754
40938
40969
42362
42862
42869
43189
43440
43565
43674
43830
43834
44032
44058
44542
45633
45967
46079
46116
46310
46339
46682
46768
46777
46782
46844
47020
47052
47063
47384
47909
47997
48231
48465
48749
48946
49064
49204
49273
49329
49404
49713
49896
50027
50134
50150
50270
50301
50389
50440
50597
50618
51452
51884
52091
52240
52312
52474
52845
52950
53296
53316
53571
53643
53860
53862
54160
54371
54459
54590
54870
55004
55131
55159
55312
55953
56945
57244
57559
57566
57710
57798
58275
58292
58400
58420
58724
59156
59206
59325
59543
59608
60110
60297
60416
60715
60827
61013
61399
61717
62207
62234
62534
62554
62882
63407
63511
63633
63890
63928
63948
64062
64202
64366
64457
64496
64656
65343
65393
65400
65403
65886
66260
66876
67492
67584
67769
67785
67807
68395
68433
68478
68549
68589
68662
68669
69077
69306
69551
69612
69732
69858
69891
70358
70561
70592
70754
70792
70880
70881
71068
71099
71137
71248
71268
71558
71780
71796
71807
71940
72083
72108
73660
74194
74229
74374
75665
76026
76222
76289
76518
76844
77003
77077
77554
77569
78563
78582
78665
78983
79059
79342
79370
80151
80349
80445
80480
80808
81124
81166
81200
81251
81598
81734
81784
81820
82008
82147
82397
82430
82444
82559
82808
83003
83775
83889
84589
85102
85579
85954
86199
86468
86640
86646
86663
87356
87964
88103
88331
88482
88597
88846
88931
89548
89632
89879
90125
90134
90531
91092
91257
91295
91355
92085
92356
92380
92412
92460
92749
92835
93137
93183
93232
93354
93363
93413
93463
93541
93557
93567
93572
93726
93746
94503
94593
94651
95127
95249
95288
95302
95523
95574
95576
95720
95815
96553
96565
96777
97385
97665
97972
98150
98224
98324
98608
98725
98911
99200
99345
99453
99468
99481
99507
99526
99592
99700
99721
99751
99887
99905
100172
100325
100559
100670
100722
100851
102718
102976
103155
103462
103822
104400
104469
104597
105307
105408
106308
106468
106585
106837
106997
107131
107319
107338
107553
107599
107647
107655
107843
109176
109294
109790
109794
109805
109833
109846
109854
109901
109915
110249
110317
110543
110567
110670
110965
111013
111083
111212
111367
111921
111937
112278
112340
112596
112771
112895
112899
112922
113033
113330
113352
114212
114919
115085
115687
115814
115934
116003
116059
116224
116331
116715
116726
116836
117137
117283
117579
117609
118097
118143
118292
118454
118477
118766
118831
118835
118999
120049
120193
120485
120606
120683
120699
120734
120943
121029
121726
121775
121983
122021
122367
122386
122630
122724
122956
123098
123099
123142
123234
123258
123376
123673
123867
124657
124663
124752
124843
124948
125060
125425
125651
125917
126052
126059
126279
126385
126523
126613
126686
126925
127679
127782
127894
127968
128350
129576
129600
129861
130286
130856
131405
131498
131587
131599
131627
131736
131739
132316
132737
132739
132812
133070
133075
133676
134144
134242
135274
135517
135811
136614
136987
137000
138049
138252
138882
139109
139186
139262
139551
139688
139844
140080
140130
140144
140182
140729
141168
141334
141384
141637
142110
142155
142491
142496
142646
142711
142800
142948
143109
143125
143230
143875
144259
144401
144437
144474
144680
144749
145113
145537
146583
146646
146751
147361
147666
148772
148799
148802
148832
148985
149251
149546
149621
149640
149863
149903
150537
150574
150711
150856
150954
151274
151388
151639
151796
151848
152006
152157
152279
152362
152518
152802
153060
153104
153760
153829
153910
154041
154441
154482
154962
155313
155317
155379
155426
155527
156255
156293
156576
156579
156788
156894
157007
157033
157330
157451
157824
157878
158502
158914
159105
159157
160181
160892
160933
161146
161402
161904
162871
163028
163109
163159
163204
163212
163264
163827
163907
164109
164323
164403
164519
164570
164624
164638
164734
165100
165562
165984
166018
166155
166230
166647
166884
167028
167307
167421
167638
167815
168008
168354
168698
169146
169176
169518
169527
169604
169625
169686
169893
170492
170497
170545
170645
170670
170687
170711
170787
170948
171063
171359
171431
171808
172025
172704
172729
172772
172881
172996
173230
173308
173422
173591
173629
173711
173716
173762
173804
173810
173895
174629
174831
174861
175133
175327
175362
175477
175498
175569
175666
175752
176106
176271
176445
176949
177217
177323
177369
177446
177448
177558
177611
177905
178026
178076
178093
178323
179028
179030
179082
179099
179196
179233
179244
179257
179767
179961
180114
180615
180928
181204
181322
181382
181604
181621
181918
182038
182205
182460
182503
182659
182661
182701
182854
182871
182916
183038
183048
183657
183718
183730
183858
184028
184328
184335
184487
184773
184877
185125
185168
185349
185504
185566
185595
185606
185614
185737
187035
187164
187398
187561
187585
187685
188064
188353
188647
188703
188881
188997
189744
189806
190401
190448
191022
191402
191462
192067
192245
192490
192506
192615
192769
194115
194538
194876
194908
194947
194998
195180
195406
195836
196536
196624
196729
197015
197302
197541
197611
197631
198025
198088
198414
198538
198544
198604
198622
198626
198867
199013
199039
199041
199188
199316
199426
199434
199518
200045
200171
200631
200743
201000
201260
201457
201461
201474
201564
202126
202459
202557
202617
202755
202918
203041
203299
203325
203397
203399
203438
203652
203716
203741
204087
204173
204230
204485
204531
204538
204631
204687
204734
205684
205871
205888
205919
206015
206049
206114
206549
206603
206619
206728
206740
206997
207225
207314
208107
208552
208594
208646
208779
208800
208847
208849
209843
209891
209948
210386
210857
210933
211057
211104
211135
211143
211301
211333
211618
211771
211919
211971
212165
212306
212377
212467
212480
212576
212586
212591
213205
213339
213461
213877
213911
214518
214674
214746
214760
214779
214905
214917
215392
216102
216242
216379
216461
216520
216802
217062
218025
218093
218560
218698
218727
218770
218895
219172
219223
219885
220174
220524
220580
221014
221234
221285
221767
221902
222100
222319
222460
222545
222814
224258
224894
225383
225634
225754
225764
225913
225979
225988
226151
226307
226527
226737
226851
227633
227672
227676
227682
227947
228251
228288
228624
228747
229116
229149
229517
229617
229999
230218
230609
230651
230816
230925
230935
231111
231318
231472
231644
231675
231703
232243
232352
232406
232635
232885
232928
233133
233366
233437
233533
233542
233773
234132
235157
235193
235230
235560
235620
235947
236159
236161
236399
236831
236882
237067
237136
237138
237175
237241
237326
237368
237459
237816
238164
238563
238569
238766
238843
238844
238922
239076
239274
239470
239639
239725
240369
240456
240643
241460
242609
242734
242776
242788
242819
242839
243328
243575
243844
244245
244433
244803
245020
245402
246305
246428
246647
247443
247461
248856
249444
249953
249993
250662
251091
251137
251379
251396
252476
252508
252528
252620
252802
252844
253752
253913
254516
254762
255073
255292
255510
255735
255799
256119
256134
256394
256418
256872
256964
257342
257650
258185
258204
258224
258703
259231
259291
259528
259888
260020
260064
260233
260500
260601
261142
261285
261297
261335
261502
261660
261887
261983
262066
262159
262367
262395
262476
262629
262738
262866
263404
263507
263512
263602
263613
263675
264039
264058
264117
264454
264476
264557
264712
264719
264742
264897
265115
265142
265333
265355
265382
265637
265766
266146
266223
266383
266398
266742
266749
267098
267961
268140
268149
268250
268505
268801
269142
269541
269738
269752
270129
271083
271389
271470
271483
271771
271803
271822
271834
271855
271982
272112
272606
273035
273041
273065
273440
273537
273547
273641
273861
274145
274246
274494
274500
274550
274728
274732
274805
274851
275029
275277
275403
277417
277467
277542
277559
277614
277660
277740
277898
277934
278035
278313
278804
278813
278836
278904
279067
279299
279344
279355
279372
279600
279757
280228
280393
280463
280609
281102
281141
281471
281710
281856
282300
282857
283696
283735
284131
284250
284254
284448
284580
284720
285032
285042
285919
286467
286990
287154
287345
287527
287888
288173
288277
288350
288500
288568
288751
288976
289383
289457
289506
289541
289680
289708
290025
290229
290251
290664
290763
290854
290885
291045
291049
291090
291229
291559
291603
291689
291777
291961
292244
292781
292875
292941
293013
293062
293140
293260
293862
293890
293921
293968
294013
294025
294228
294392
294666
294825
294878
295139
295144
295197
295244
295295
295358
295447
295629
295637
295721
295730
295772
295967
296295
296646
296795
297223
297606
297818
298080
298109
298599
298640
299064
299428
299899
300045
300108
300216
300262
300289
300482
300545
300911
301090
301127
301156
301280
301469
301589
301922
302159
302330
302653
302848
303020
303044
303788
303833
303845
303852
303998
304036
304040
304262
304327
304494
304511
304909
305037
305337
305486
305572
305644
305794
305977
306318
307294
307346
307920
307921
307976
308585
308732
309176
309362
309554
309579
309606
309864
310348
310490
310633
311056
311131
311231
311863
312019
312206
312216
312242
312538
312712
312758
314612
314626
314850
315119
315551
315582
316007
316049
316101
316115
316135
316360
316515
316645
317818
318052
318880
318916
318999
319065
319116
319147
319163
319203
319238
319269
319301
319719
319722
319832
319848
319867
319883
320081
320273
320364
321051
321165
321169
321170
321191
321193
321223
321393
321402
321664
321672
321848
321852
322089
322146
322219
322339
322367
322485
322958
323279
324080
324081
324085
324147
324166
324303
324573
324581
324866
324945
325662
325758
325981
327053
327221
327344
327479
328061
328069
328087
329965
330120
330153
330705
330862
331057
331134
331225
331413
331444
331770
332483
332782
333188
334821
335582
335779
336239
336440
336819
337728
338143
339394
339450
339811
339981
340231
340688
340840
340907
340934
340955
341090
341365
341555
341757
342093
342128
342290
342470
342849
342906
342916
343168
343247
343377
343554
343877
343884
344555
344955
344986
345043
345340
345470
345568
345792
345981
346735
347062
347251
347313
347870
348388
348598
348673
348919
349191
349267
349723
349821
350111
350128
350359
350758
351323
351601
351609
351790
351920
352003
352232
352268
352580
352593
353002
353310
353461
353524
353608
353683
354172
354745
354846
355121
355477
355795
355821
356503
356607
356635
356642
356679
356739
356747
356813
356870
357399
357557
357650
357962
358036
358232
358584
358651
358965
359110
359798
359821
359991
360092
360612
360895
360915
361083
361101
361996
362010
363744
364104
364257
364275
365085
365108
365555
365837
365875
366143
366331
366567
366759
366997
367464
367467
367917
367950
368300
368961
369021
369045
369155
369351
369574
369845
370583
370790
370806
371038
371210
371308
372263
372276
372281
372604
372612
372669
372902
373203
374143
374366
374372
375170
375424
376081
376086
376161
376201
376213
376247
376485
376550
376629
377285
377712
378132
378134
378394
378533
378789
379169
379212
379583
380051
380071
380723
381152
381473
382274
382340
382508
382822
383078
383237
383626
383829
383832
383929
384017
384095
384169
384199
384249
384376
384617
384665
384873
384896
384902
384939
384979
384999
385207
385477
385971
386015
386326
387044
387074
387101
387186
387193
387765
388302
388541
388609
388647
388676
388716
388754
388902
389151
389337
389479
389916
390090
390092
390442
390501
390798
391124
391431
391625
392011
392071
392114
392257
392334
392367
392518
392523
392802
392811
392872
392934
393495
394131
394177
394327
394389
394464
394492
394941
394988
395046
395167
395469
395525
395678
395824
396300
396338
396358
396429
396430
397033
397099
397273
397522
398071
398133
398322
398521
398538
398698
398934
398957
399270
399938
400646
400755
401213
401707
401742
402352
402369
402603
402838
403911
403971
403976
404284
404505
405574
405757
406017
406029
406141
406192
406454
407406
407955
408183
408431
408469
408537
408548
408788
408937
408938
409395
409495
409593
409628
409652
410010
410300
410835
411119
411425
411663
411682
411890
412299
412473
412475
413537
413570
413668
413715
413915
413938
414133
414511
414535
414879
415142
415185
415559
416997
417018
417103
417518
417990
418607
418674
419637
420045
420050
420126
420354
421355
421567
421910
422103
422326
422542
423250
423265
423824
423953
424099
424339
424360
424454
424526
424550
424689
424953
424963
425109
425173
425284
426076
426487
426622
426672
426680
426797
427207
427219
427581
427808
428167
428319
428588
428867
428906
428948
429107
429150
429168
429186
429791
429887
430068
430821
431075
431170
431627
431682
432386
433889
433894
434371
435196
435204
435271
435451
435746
435784
436402
436415
436417
436782
436845
436936
436954
437018
437143
437179
437797
438541
438601
438835
439027
439126
439486
439648
2000 CN105
2000 NO1
2000 RL107
2001 TH262
2002 GU186
2002 UO43
2003 UJ160
2003 WX164
2004 BK144
2004 TJ227
2004 XW66
2005 JH177
2005 RZ31
2005 SP110
2005 SU138
2005 TJ108
2005 TD149
2005 TZ150
2005 US151
2005 UW176
2005 UR461
2005 UK221
2005 US311
2005 VR68
2005 VB125
2005 WN69
2005 YH5
2006 AW63
2006 BW44
2006 BL51
2006 BZ66
2006 BD107
2006 BV109
2006 BX112
2006 BH204
2006 CX24
2006 DF172
2006 ES51
2006 JM7
2006 KO49
2006 SR90
2006 SP145
2006 SM216
2006 SX233
2006 TU95
2006 TT121
2006 UN18
2006 UL114
2006 VU18
2006 VT38
2006 VS76
2006 WM19
2006 WB132
2007 BP53
2007 EK89
2007 RY209
2007 RZ316
2007 TL227
2007 UU73
2007 VF103
2007 VM158
2007 VY158
2007 VO162
2007 VT168
2007 VR213
2007 VF330
2007 YX28
2008 CQ66
2008 CF132
2008 CK207
2008 DD7
2008 EO50
2008 EW134
2008 FH8
2008 FH56
2008 FS73
2008 FJ105
2008 GQ39
2008 JE36
2008 RJ81
2008 RA112
2008 SC112
2008 SL203
2008 TK44
2008 TW63
2008 TV146
2008 UK77
2008 UL187
2008 VW66
2008 YA104
2008 YD132
2008 YU139
2008 YV156
2009 AU5
2009 BJ38
2009 BG91
2009 BR111
2009 CT43
2009 DR53
2009 DR131
2009 HA86
2009 RF43
2009 SU14
2009 SC44
2009 SG70
2009 SQ86
2009 SJ244
2009 SE121
2009 SD218
2009 SJ244
2009 SR283
2009 SZ287
2009 TP23
2009 UZ73
2009 WM108
2010 CD127
2010 EF41
2010 EO79
2010 FO2
2010 MZ24
2010 TX23
2010 TQ47
2010 TA67
2010 TW152
2010 UN101
2010 VG19
2010 VJ38
2010 VK57
2010 VU87
2010 VP93
2011 AS47
2011 BK86
2011 BM132
2011 CN16
2011 CZ23
2011 CQ52
2011 CP96
2011 FC49
2011 HF7
2011 HA17
2011 RM4
2011 SE45
2011 SF91
2011 SN129
2011 SA146
2011 UZ44
2011 UE285
2011 UZ297
2011 UP124
2011 UX138
2011 UO269
2011 UE285
2011 UZ297
2011 UV298
2011 UB356
2011 WD56
2011 WZ84
2011 WV107
2012 CD12
2012 DH55
2012 EU
2012 FS25
2012 PZ3
2012 RL24
2012 TD59
2012 TX223
2012 TM271
2012 TF287
2012 UB90
2012 UV97
2012 UM147
2012 UZ149
2013 AD46
2013 BJ8
2013 BD13
2013 BX34
2013 CV6
2013 CY83
2013 CH84
2013 CY94
2013 CJ100
2013 CZ107
2013 CO112
2013 CW177
2013 EP21
2013 EO119
2013 FH6
2013 GA2
2013 GW105
2013 HM41
2013 HW47
2013 HG50
2013 HS52
2013 HR73
2013 HH87
2013 HG146
2013 PU30
2013 PE42
2013 PV65
2013 QQ20
2013 RA58
2013 RS65
2013 RC67
2013 TD22
2013 TQ102
2013 YX48
2013 YG74
2013 YS94
2013 YL97
2013 YT107
2014 AA26
2014 BG29
2014 CH8
2014 DC26
2014 DH30
2014 EU23
2014 EV45
2014 HO47
2014 HX74
2014 JJ69
2014 NR33
2014 OS41
2014 OQ45
2014 OT88
2014 OU103
2014 OX146
2014 OT201
2014 OH242
2014 OP253
2014 PA1
2014 PU29
2014 PV49
2014 QO360
2014 QT395
2014 QV417
2014 QX169
2014 QT174
2014 QT276
2014 QX307
2014 QE344
2014 SJ87
2014 SD133
2014 SZ158
2014 SS161
2014 SJ315
2014 UE15
2014 UC42
2014 UX43
2014 UW48
2014 UK90
2014 UE96
2014 UM135
2014 UA180
2014 UP183
2014 UJ187
2014 WP59
2014 WW62
2014 WR112
2014 WO125
2015 AE141
2015 AN171
2015 AN279
2015 BA19
2015 BH25
2015 BT60
2015 BE84
2015 BV135
2015 BL401
2015 BV201
2015 BV203
2015 CB16
2015 CX49
2015 DU89
2015 DC98
2015 DD146
2015 DZ222
2015 FQ39
2015 FM333
2015 GP37
2015 HT169
2015 KL41
2015 KN91
2015 MV9
2015 MZ74
2015 OC67
2001 FT200
2001 FZ219
2001 FR234
2001 QL144
2001 SD291
2002 CK257
2002 GB190
2002 QK105
2002 RK260
2002 VH2
2003 SP369
2004 TC100
2004 TO297
2005 CM14
2005 CL29
2005 EC221
2005 NC83
2005 QM134
2005 TA76
2005 TU150
2005 TB165
2005 UN95
2005 UA371
2005 UF417
2005 UB258
2005 UD520
2005 YG67
2005 YY75
2006 AP105
2006 BR230
2006 HQ45
2006 OL6
2006 QS109
2006 RQ25
2006 RW106
2006 SW189
2006 SL256
2006 SZ300
2006 TW11
2006 TJ101
2006 US117
2006 UO240
2006 UE281
2006 VW128
2007 BH23
2007 BY78
2007 DP44
2007 EW100
2007 EK162
2007 HY40
2007 RA12
2007 RW66
2007 RY171
2007 SV8
2007 TA83
2007 TB229
2007 TQ262
2007 TV274
2007 TJ312
2007 VF19
2007 VC81
2007 VO137
2008 AC51
2008 AQ128
2008 BX9
2008 DK85
2008 RZ77
2008 SU25
2008 SH113
2008 TY49
2008 UK66
2008 UR81
2008 UM137
2008 UL287
2008 WB8
2008 WJ39
2008 YP56
2008 YE91
2009 CP15
2009 DE27
2009 DO116
2009 DU131
2009 ES8
2009 HU26
2009 HA96
2009 HP100
2009 PB6
2009 SC164
2009 SU185
2009 ST202
2009 SV324
2009 SX356
2009 US82
2009 UA98
2009 VA85
2009 WT15
2009 WQ121
2010 BQ83
2010 DW36
2010 EW41
2010 JK129
2010 KU51
2010 MX47
2010 MF58
2010 MT63
2010 NN30
2010 OJ87
2010 PD20
2010 RK7
2010 RC126
2010 SC9
2010 SM33
2010 TB28
2010 TS95
2010 UV20
2010 UA40
2010 UQ49
2010 VE165
2010 VV170
2010 WN2
2010 WM60
2011 BM58
2011 BX71
2011 BY153
2011 CA52
2011 DC28
2011 ES15
2011 EP67
2011 FE20
2011 FC120
2011 GD28
2011 HV35
2011 SV40
2011 SD143
2011 SE190
2011 UK19
2011 UG42
2011 UU77
2011 UF133
2011 UL176
2011 UJ292
2011 UF318
2011 UU347
2011 WS9
2011 WV17
2012 BD80
2012 CX32
2012 DC35
2012 DL42
2012 DR43
2012 FW3
2012 FB8
2012 FW51
2012 HB74
2012 SW23
2012 SR41
2012 TF30
2012 TD94
2012 TM102
2012 TS122
2012 TY143
2012 TX205
2012 UZ1
2012 UW20
2012 UH73
2012 UJ176
2012 VB18
2012 VY88
2012 XD45
2013 AS84
2013 BB79
2013 CV28
2013 CT103
2013 CS126
2013 CA140
2013 CS153
2013 EY18
2013 EW100
2013 HR56
2013 HC89
2013 HN89
2013 HE92
2013 HJ128
2013 JC56
2013 LG2
2013 QO24
2013 QN27
2013 QC45
2013 QA88
2013 RZ61
2013 RR69
2013 RT76
2013 RZ89
2013 SV49
2013 SX68
2013 TS87
2013 TW123
2013 WQ96
2014 AM18
2014 DX36
2014 DU75
2014 DA128
2014 DT133
2014 DD134
2014 ET30
2014 HM54
2014 HN155
2014 HS181
2014 JR35
2014 KV13
2014 KS48
2014 ML16
2014 NS9
2014 NA34
2014 OM28
2014 OJ99
2014 OW362
2014 OK108
2014 OA117
2014 OS119
2014 OW144
2014 OV146
2014 OQ302
2014 OH303
2014 OK318
2014 OF332
2014 OY344
2014 OR347
2014 QG103
2014 QH133
2014 QX420
2014 RX48
2014 SG25
2014 SH91
2014 SQ100
2014 SV102
2014 SV124
2014 SC146
2014 SH189
2014 SV333
2014 TS26
2014 UU48
2014 UW76
2014 UG140
2014 VS15
2014 VF31
2014 WU15
2014 WH360
2014 WS429
2015 AX26
2015 AF35
2015 AD66
2015 AV126
2015 AG143
2015 AR256
2015 AW270
2015 BJ34
2015 BQ390
2015 BC144
2015 BJ189
2015 BL189
2015 BH194
2015 BT472
2015 BC216
2015 BW241
2015 BW349
2015 BG352
2015 CZ15
2015 CU29
2015 DS26
2015 DO68
2015 DD215
2015 HG78
2015 HT99
2015 HX174
2015 MQ74
