id
2991
2994
2998
3042
3074
3192
3802
4403
4652
4698
4841
5179
5378
5444
5453
5554
5746
5987
6049
6109
6234
6310
6412
6872
7084
7196
7228
7292
7299
7509
7683
7774
8233
8732
8852
9716
10017
10229
10397
11266
11445
11524
11577
11846
12300
13025
13477
13508
13796
13830
13863
13904
14169
14314
14993
15670
16354
16698
16887
17218
17514
18569
20650
22345
22396
23222
23392
23857
24831
25159
25436
25785
27176
27487
27829
27913
28023
29078
30721
30884
34065
34886
35056
41455
42847
46580
47102
47106
47711
48540
52266
53222
53233
55449
58288
63936
65121
79796
84832
86021
91746
93040
101653