id
8733
9981
9990
10172
10863
10919
11101
11112
11115
11977
11982
12038
12423
12842
13168
13375
13682
14543
14557
15124
15340
15357
15358
15829
15863
16704
16724
16787
16795
16852
16899
16939
17026
17031
17057
17062
17113
17231
17238
17604
17608
17614
17691
17819
17820
17931
18467
18471
18475
18655
18846
18927
19016
19269
19275
19279
19468
19471
19581
19586
19666
19780
19807
19827
19861
20114
20124
20125
20197
20277
20514
20702
20800
21243
21252
21253
21539
21569
21691
21777
21841
21919
22073
22089
22096
22399
22664
22686
22760
22843
22867
22915
22924
23136
23171
23206
23574
23575
23587
23765
23807
23916
24281
24342
24356
24373
24383
24491
24821
24822
24844
24950
25067
25224
25232
25247
25262
25411
25443
25487
25500
25713
25740
25812
25852
26474
26512
26515
26522
26578
27004
27201
27203
27232
27479
27510
27520
27526
27541
27575
27623
27864
28099
28231
28269
28307
28392
28617
28898
28905
28984
29337
29496
29563
29576
29587
29767
29831
29867
29878
29893
30077
30132
30223
30319
30394
30456
30478
30584
30986
30989
30995
31003
31004
31201
31208
31247
31285
31289
31326
31589
31621
31745
32177
32238
32306
32380
32447
32477
32489
32517
32926
32935
32944
32947
33273
33470
33646
33665
33858
33947
34005
34057
34361
34417
34464
34510
34512
34561
34691
34803
35231
36161
36232
36238
36494
36830
36968
37158
37166
37199
37224
37245
37284
37321
37693
37696
38292
38323
38358
38422
38425
38910
39312
40096
40131
40387
40671
40679
42151
42304
42685
42987
43169
43556
43640
43896
43909
43983
44468
44474
44951
45536
45559
45674
45691
45765
46639
46640
46643
47495
47761
47779
47797
47798
47813
47851
47899
47930
48177
48253
48836
49435
49626
49648
49846
50350
50397
50607
50682
50960
50963
51096
51241
51922
53196
53384
54222
54465
54557
54571
54871
54896
55014
55099
55240
55316
55413
56088
56733
57229
58404
58914
58925
59678
59866
59942
60002
60521
61541
61666
63458
63719
65769
65791
66149
68179
68315
68461
69417
69778
70410
71549
71644
72694
72726
72850
73788
74492
76167
76365
76423
76698
78863
79514
83145
86229
89662
91155
92353
93579
94002
97346
100327
100377
102167
109229
110961
114954
114997
115657
131546
147691
147865
150876
157014
161646
192220
204847
204927
219907
221785
221995
225296
227082
228007
228107
231464
231612
241576
243314
246831
249256
257398
257495
258621
258684
261789
263796
263801
263819
264048
264101
264138
283178
291348
293370
293456
295490
295503
295558
295645
297287
312023
312486
312804
312805
315948
315958
317668
318641
320892
321086
335509
337018
337019
340288
340342
340948
341023
353208
353744
355291
356236
356273
375237
379997
386029
386674
392197
392198
435582
2009 VK4
2010 VW114
2011 YD47
2012 AP20
2015 FF112