id
88240
125059
127534
129137
129142
138981
152297
152519
154632
156123
157730
158336
159658
161003
182516
182627
186106
186125
187018
187474
187657
188234
189214
191107
195152
195284
214508
214514
216551
216847
219837
220324
226053
228086
228110
229832
247297
248183
248990
249476
254465
257413
261781
263699
263807
263834
264154
264164
284443
284666
286200
286571
289327
291429
295140
295226
295315
295329
295340
296628
296672
301005
310047
312487
315208
316617
317316
321120
321716
321987
322058
329580
334313
334315
335178
335789
336118
340360
341004
341856
343586
343995
343996
344001
346267
347099
347315
350192
352671
353201
353228
355778
355813
356449
356915
359000
359961
360093
371682
373813
375211
375265
377110
377471
378652
378680
379975
381422
382238
382264
389353
389561
392209
412394
414249
415444
416225
417327
417767
418230
418343
418399
419515
420735
421134
421382
430851
432325
433273
433285
435733
437759
2001 KD55
2001 SS287
2001 SG355
2003 YK157
2007 EH99
2008 JK40
2008 VV53
2009 HP64
2009 JG4
2011 QY3
2011 YL47
2012 RW1
2012 TQ81
2013 BS
2013 BW74
2013 TN137
2014 AH16
2014 KC91
2014 TG57
2014 UN88
2014 UA209
2014 VH8
2014 WN6
2014 WZ119
2015 FM124