id
1998
2113
2807
3536
4845
5302
7601
12943
13775
14181
14232
17781
20105
20508
21759
23661
23960
24260
24862
25449
25527
27146
27216
27408
28327
29151
29246
30138
31604
32798
34283
35292
35618
35719
38723
39040
39213
39296
39298
39868
40474
41628
42118
43185
43577
43816
44236
44249
44281
45154
45499
45520
45799
45963
45996
46041
46223
46883
46890
46959
47101
47381
47494
47755
48221
48316
48371
48374
48379
48610
49093
49106
49245
49303
49382
49511
49534
50247
50249
50271
50343
50614
50673
50835
51038
51073
51616
51784
53654
53744
55055
55062
55137
55193
57208
57860
58162
58331
59233
60273
60319
60650
60687
64566
65139
65377
65406
65918
66925
67274
67419
67421
67807
67948
68752
68840
69186
69909
70217
70713
70794
70910
70915
71068
72108
72169
72270
72307
72336
72461
72638
73560
73765
73766
73919
74155
74228
74296
74323
75159
75241
75455
75651
75732
75880
75906
75943
76000
76240
76403
76440
76528
76568
76609
76979
77223
77313
77441
77529
77550
77635
78062
78214
78272
78355
78539
78611
78612
78882
79022
79436
79813
79921
79931
80486
80964
80996
81340
81410
81611
81709
82362
82553
82719
83251
84250
84277
84327
84391
84586
84764
84923
85566
86018
86069
87621
87622
88260
88448
88900
89352
90404
90509
90969
91373
91672
92257
93395
94694
94746
94957
94962
95925
96257
96436
96680
96948
96975
96978
97521
98101
98240
98596
98905
99029
99110
99456
100057
100126
100232
100360
100570
100608
100662
100703
101149
101276
101358
102210
102551
102599
102956
103073
103076
103189
103200
103237
103261
103313
103445
103553
103632
104004
104043
104293
105280
106337
106500
107356
107441
107800
107854
107905
107957
108169
108394
108644
108846
109203
109985
109987
110516
111178
111718
112394
112625
112859
112867
113089
114150
115045
115201
115575
115592
115599
115844
115961
116497
116962
117528
117594
117641
117739
117762
117809
117901
118681
120425
120659
121103
121492
122445
126459
126503
126602
128672
129172
129920
130203
130850
130928
131198
131362
131798
131880
131913
132051
132352
132548
132684
132910
133857
133947
133974
134055
134092
134445
134480
134498
134508
134587
134815
134978
134979
134987
134996
135025
135539
135751
135788
135844
135954
136049
136325
136357
136495
137006
137089
138317
138491
138721
139397
139514
139561
139601
139647
139696
139811
139827
139829
139966
140017
140848
141140
141345
141425
141433
142214
142265
142379
142436
142505
142531
142553
142661
142727
142790
142801
142843
142923
142971
143208
143364
143378
143782
143985
144010
144333
144505
144550
145485
145634
145778
146396
146547
147484
147907
147965
148393
148416
149007
149929
150585
150605
151624
151958
155397
155529
155574
157594
159017
159592
160452
160735
160782
160985
161019
162326
162855
162889
163143
163163
163275
163306
164563
164678
164960
164982
165284
165451
166229
166289
166446
166461
166692
167098
167140
167231
167269
167307
167450
167458
167528
167903
167927
168032
168149
168606
168632
169082
169117
169673
169686
169724
169925
170423
170473
170528
170547
170595
170601
170604
170656
171095
171104
171125
171143
171178
171219
171254
171519
171612
171619
171638
171652
171852
172634
172653
172687
172768
172923
172926
173208
173229
173231
173308
173670
173720
173724
174157
174224
174301
174306
174382
174780
174834
174903
175033
175162
175432
175541
175865
175919
176244
176809
176853
176873
176874
176883
176896
176992
176996
177014
177044
177252
177414
178039
178075
178138
178449
178562
178586
178954
179024
179031
179075
179885
179911
179918
179922
180031
180038
180044
180053
180059
180367
180574
180771
180777
181336
181364
181553
181596
181700
181792
181995
182524
182544
182551
182734
183291
183627
183992
184120
184157
184292
184387
184557
185061
185143
185537
185575
185608
185880
186122
186146
186166
187557
188495
188579
188797
189001
189181
189407
192173
192743
193419
193716
195371
195436
195444
195650
196496
199207
199833
200531
200829
200881
200961
201063
201800
202186
202202
202330
202399
203169
203469
203499
203607
203618
203631
203639
203657
203660
203982
203985
204421
204491
204740
204777
204993
205109
205175
205181
205185
205188
205382
205934
206456
206468
206472
206618
207053
207060
207144
207245
207251
207703
208101
208125
208162
208299
208793
208801
208803
208821
208833
209160
209240
209259
209692
209713
209714
209760
209773
209806
209841
209881
209991
210127
210230
210361
210491
210625
210631
210654
210796
210854
210915
211597
211660
211706
211727
211728
211737
212073
212107
212109
212145
212162
212163
212173
212180
212208
212260
212271
212283
212481
212548
212712
212785
212804
212830
212909
212939
213026
213052
213136
213151
213281
213313
213324
213336
213429
213676
213695
213956
213977
213991
213998
214009
214023
214285
214298
214404
214675
214709
214839
214958
215077
215119
215249
215262
215320
215550
215724
216348
216681
216753
217061
217271
217353
217407
217898
218288
218426
218979
219030
220670
220704
220877
221091
222013
224250
224898
224936
225522
225554
226015
227405
228045
228153
231476
235694
237571
237793
238257
238513
238590
238641
238945
239231
239603
240073
240075
240082
240091
241604
241831
241895
241927
242204
243268
243946
243997
244211
244243
244682
244814
244897
245283
245347
245389
245845
246196
246898
246983
247024
247115
247178
247284
247350
247390
247566
248240
248256
248578
248762
248823
248839
248855
248889
248942
249590
249803
249845
249846
249864
249865
249881
249917
249924
249991
249994
250220
250559
250625
250633
250786
250945
251066
251096
251099
251168
251277
251447
251586
251593
251921
252516
252524
252652
252766
253218
254400
254787
254807
255088
255401
255880
255919
256127
256144
256982
257473
257931
258096
258220
258939
259124
259159
259297
259732
259818
259954
259988
260595
261016
262131
262217
262231
262249
262268
262296
262313
262419
262677
263127
263364
263856
263875
264043
264210
264235
264414
264486
265020
265321
265389
265714
266396
266642
267003
267154
267160
267479
267736
269478
270651
270915
272616
273736
274008
274230
274239
274919
275933
276173
278287
278375
278884
279442
279982
280197
280879
281345
281897
282073
282501
283595
283890
284840
284873
285286
285314
285317
285465
285493
285934
285997
286086
286432
286521
286579
286589
286614
286628
286726
286767
286931
287050
287081
287111
287223
287250
287344
287423
287457
287822
287935
288097
288143
288236
288258
288266
288333
288393
288640
288726
288962
289039
289048
289340
289438
289466
289514
289515
289524
289754
289764
289810
290093
290225
291075
291371
291439
291634
291650
292029
292046
292048
292082
292154
292156
292221
292328
292357
292589
292613
292745
292752
292764
292772
292891
292934
293395
293500
293749
293847
293874
293903
293979
294117
294239
294386
294753
294835
294855
295211
295278
295399
295641
295838
296044
296204
296308
296736
297233
297236
297265
297345
297353
297412
297721
297873
297892
297900
297922
297933
298067
298211
298257
298378
298455
298466
298476
298482
298520
298646
298649
298651
298662
298669
298715
298946
298956
299041
299042
299070
299089
299115
299134
299138
299145
299206
299227
299337
299456
299538
299548
299579
299586
299747
299825
299898
300438
300446
300538
300579
300590
300783
300806
300836
301126
301216
301241
301279
301412
301548
301659
301706
301922
301940
301961
302084
302095
302104
302124
302271
302285
302314
302445
302543
302607
302617
302746
302906
302953
302984
302987
303018
303065
303067
303080
303111
303120
303130
303163
303185
303342
303413
303444
303466
303472
303476
303482
303494
303500
303519
303532
303553
303562
303610
303774
303971
303981
304077
304108
304169
304243
304278
304682
304704
304851
304971
304975
304991
305049
305065
305077
305093
305096
305104
305105
305126
305131
305136
305195
305242
305267
305274
305289
305293
305375
305620
305633
305664
305678
305895
305962
305974
305994
306125
306266
306398
306449
306509
306700
306743
306774
306831
307042
307210
307274
307313
307387
307405
307492
307495
307695
307708
307737
307759
307777
307801
307806
307811
307832
307854
307951
308070
308194
308217
308236
308238
308378
308773
308775
308811
308837
308841
309017
309028
309441
309442
309539
309551
309592
309594
309809
310549
310561
310563
310610
310740
310742
310776
310791
310814
310816
310853
311011
311017
311021
311062
311098
311645
311654
311666
311740
311757
311801
311807
311949
312175
312246
312309
312377
312573
312682
312730
312827
313134
313199
313241
313411
313469
313503
313527
313577
313894
314205
314233
314375
314722
314747
314864
315630
315661
316060
316579
316615
316723
316931
317366
317429
317641
318034
318110
318149
318494
318497
318885
318912
318938
319672
319720
320481
320701
320899
320995
321029
321160
321236
321237
321718
321743
321803
321869
321938
322231
322463
322644
322998
323429
323480
323499
323529
323534
323946
324009
324188
324481
324610
324693
325086
325319
325353
326114
326139
326197
326342
326379
326394
326502
326580
326590
326958
326982
327001
327071
327073
327218
327243
327301
327311
327322
327363
327366
327681
327791
327833
327869
327887
327936
328214
328226
328323
328349
328374
328522
328575
328720
328725
329231
329359
329422
329822
329998
330010
330019
330144
330395
330634
330639
330681
330936
330991
331040
331300
331434
331477
331659
331672
331740
331936
332109
332297
332384
332627
332636
332807
333026
333108
334936
336147
336282
338186
341681
341794
342908
343071
343200
343704
344068
344134
344760
344776
344783
344917
345467
346762
347639
347711
347781
348325
348335
348374
348389
348395
348686
348827
348891
348909
348920
348960
349024
349254
349625
349665
349706
349774
350634
350657
350818
350824
350861
350983
351040
351123
351146
351171
351176
351359
351363
351378
351380
351423
351682
351706
351730
351743
351747
351777
351781
351786
351802
351855
351866
351880
351994
352048
352188
352247
352250
352257
352273
352370
352791
352792
352854
352864
352865
352874
352900
352929
352950
352975
352977
352987
352989
353002
353018
353043
353051
353083
353093
353112
353113
353267
353270
353282
353285
353301
353308
353377
353408
353409
353537
353908
353939
353978
353993
354012
354100
354185
354205
354250
354305
354308
354319
354325
354456
354486
354591
354607
354617
354620
354623
354631
354641
354643
354658
354916
355013
355036
355040
355077
355102
355199
355298
355308
355329
355394
355405
355406
355421
355428
355444
355493
355516
355546
355972
355996
356011
356025
356032
356055
356065
356070
356090
356096
356098
356109
356129
356144
356457
356472
356488
356529
356566
356727
356800
357047
357212
357253
357260
357262
357268
357280
357286
357287
357288
357298
357420
357422
357424
357438
357480
357631
357651
357763
357984
358072
358130
358141
358148
358226
358230
358242
358283
358324
358330
358487
358509
358534
358543
358547
358561
358564
358565
358567
358571
358578
358588
358597
358598
358606
358611
358632
358640
358653
358687
359081
359132
359138
359201
359209
359227
359400
359406
359662
359688
359720
359752
359780
359833
359836
359842
359907
360051
360053
360055
360135
360182
360327
360373
360465
360499
360552
360561
360606
360645
360683
360812
360904
361165
361184
361187
361190
361202
361215
361261
361273
361275
361292
361371
361596
361648
361684
361701
361705
361716
361740
361748
361755
361759
361780
361829
361834
362080
362110
362182
362185
362201
362203
362222
362225
362226
362228
362639
362648
362657
362663
362674
362691
362716
362726
362737
362763
362796
362801
362978
362988
363108
363346
363379
363494
363724
363781
363801
364122
364225
364253
364316
364329
364332
364342
364400
364455
364678
364755
364774
364790
364807
364825
364830
365075
365219
365237
365363
365632
365846
365908
365910
365919
365920
366257
366310
366744
366786
366908
366984
367324
367333
367360
367373
367706
367867
367885
367958
368361
368404
368430
368568
368586
368602
368758
369003
369074
369154
369232
369271
369298
369303
369337
369707
369776
369785
369935
369948
369989
370470
370708
370792
371044
371083
371098
371183
371672
371697
371701
371735
371870
371879
371944
371967
371970
371976
371983
372000
372015
372019
372406
372449
372528
373247
373297
373336
373359
373410
373609
373656
373666
373843
373849
373852
374398
374658
374806
374952
374994
375003
375209
375269
375288
375421
375725
375892
376165
376425
376433
376437
376442
376461
376462
376496
376517
376611
376640
376653
376714
377395
377474
377635
377714
378245
378294
378311
378683
378812
378823
378839
379194
379219
379314
379568
379589
379842
379897
380000
380013
380022
380416
380795
381146
381491
381511
382156
382337
382376
382573
382789
383160
383885
384306
388848
390878
392032
393122
398087
398969
414217
1995 XF4
1999 VA147
2000 SW26
2000 SG51
2000 SK95
2000 SF369
2000 TP53
2001 OR54
2001 QS121
2001 RC107
2001 SD85
2001 SF125
2001 SD209
2001 TB53
2001 TQ179
2001 TE254
2001 TC260
2001 UH129
2001 UA199
2001 VT127
2001 WL100
2001 XH124
2001 XX138
2001 XQ267
2002 AU12
2002 AN50
2002 AR98
2002 AG210
2002 CY175
2002 CT208
2002 CY261
2002 EC13
2002 JH128
2002 LQ24
2002 NZ71
2002 OE19
2002 PN3
2002 PB4
2002 PT5
2002 PJ7
2002 PB64
2002 PV166
2002 PU185
2002 PW196
2002 QB15
2002 QM15
2002 QJ17
2002 QP59
2002 QA95
2002 QC122
2002 QB144
2002 RO259
2002 RY262
2002 RY285
2002 RQ293
2002 SV68
2002 SH71
2002 SU73
2002 TK377
2002 TG154
2002 TT161
2002 TM260
2002 TQ307
2002 TX315
2002 UQ44
2002 UK53
2002 UM72
2002 UT75
2002 VY101
2002 VD145
2002 WT30
2003 BQ65
2003 KK8
2003 SL23
2003 SY31
2003 SH386
2003 SP396
2003 SB405
2003 TX26
2003 UC87
2003 UE334
2003 UV337
2003 VF11
2003 WF140
2003 WZ163
2003 YJ14
2003 YW18
2004 BW7
2004 BE130
2004 BW146
2004 CZ43
2004 CS84
2004 CJ119
2004 EL70
2004 FA116
2004 PW63
2004 QU15
2004 RL180
2004 RY256
2004 SG18
2004 SY61
2004 SE62
2004 TG34
2004 TU39
2004 TK43
2004 TO361
2004 TM370
2004 TR135
2004 TY161
2004 TX165
2004 TH198
2004 TZ342
2004 VG68
2005 EC184
2005 EH208
2005 ED213
2005 ET224
2005 EF286
2005 GZ83
2005 GT89
2005 GN144
2005 JD13
2005 JF89
2005 JD123
2005 NF6
2005 NN31
2005 OT6
2005 OY21
2005 OZ25
2005 PB18
2005 QR47
2005 QY69
2005 QP134
2005 QW159
2005 QY169
2005 RC6
2005 RB11
2005 SF43
2005 SS77
2005 SP125
2005 SP153
2005 SG217
2005 TB8
2005 TS43
2005 TD81
2005 TB103
2005 TJ108
2005 TO133
2005 TB162
2005 TW168
2005 UA13
2005 UE37
2005 UY118
2005 UK418
2005 UE180
2005 UD186
2005 UY201
2005 UP211
2005 UJ219
2005 UX231
2005 UP245
2005 UK519
2005 VC25
2005 VX45
2005 WU57
2005 WD142
2005 XL48
2005 YM53
2005 YD177
2005 YQ207
2005 YM264
2005 YE291
2006 AM66
2006 AS74
2006 BQ57
2006 BY69
2006 BR108
2006 BT111
2006 BV133
2006 BO169
2006 BW269
2006 BH277
2006 DR8
2006 DN44
2006 DS89
2006 GH34
2006 HN153
2006 KW40
2006 QC87
2006 QZ111
2006 QB164
2006 QA186
2006 RX13
2006 RS19
2006 RY20
2006 RD36
2006 RL54
2006 RW54
2006 RS80
2006 SQ53
2006 SG91
2006 SD118
2006 SE379
2006 SB381
2006 ST382
2006 SX384
2006 SC386
2006 SN411
2006 SS159
2006 SG200
2006 SN227
2006 SS245
2006 SX255
2006 SK282
2006 SE292
2006 SS297
2006 SB337
2006 TA6
2006 TZ18
2006 TG69
2006 TN70
2006 TB122
2006 UF7
2006 UW74
2006 UC86
2006 UF97
2006 UC104
2006 UE134
2006 UC157
2006 UJ163
2006 US176
2006 UY176
2006 UQ201
2006 UX208
2006 UX250
2006 UG260
2006 UL270
2006 UJ276
2006 VK1
2006 VG9
2006 VF10
2006 VD19
2006 VT24
2006 VO43
2006 WH151
2006 XJ17
2006 XO24
2006 XA41
2007 BL4
2007 BO52
2007 BM100
2007 BT100
2007 CG2
2007 CV16
2007 CF37
2007 CP45
2007 CH46
2007 DB13
2007 DW16
2007 DE44
2007 DH60
2007 DM67
2007 DZ91
2007 DG114
2007 EY59
2007 EW91
2007 EL134
2007 GA40
2007 GD43
2007 GN47
2007 HS41
2007 LA6
2007 PN28
2007 PY47
2007 PH48
2007 RS108
2007 RN128
2007 RU155
2007 RK157
2007 RH189
2007 RS247
2007 RG258
2007 RK272
2007 RX280
2007 RN294
2007 RP294
2007 RW310
2007 RT313
2007 RH317
2007 RR317
2007 RU324
2007 RN325
2007 RY325
2007 TY98
2007 TO120
2007 TO124
2007 TC134
2007 TU138
2007 TP143
2007 TP414
2007 TK426
2007 TZ189
2007 TG192
2007 TM194
2007 TX201
2007 TP226
2007 TJ238
2007 TC261
2007 TU265
2007 TQ303
2007 TU319
2007 TN346
2007 UP25
2007 UA29
2007 US62
2007 UJ75
2007 UM88
2007 UL100
2007 UY113
2007 UW136
2007 UA139
2007 UM139
2007 UM141
2007 VE2
2007 VU16
2007 VU23
2007 VY34
2007 VW38
2007 VU58
2007 VO59
2007 VH61
2007 VS79
2007 VO88
2007 VZ97
2007 VK99
2007 VR114
2007 VA142
2007 VR159
2007 VD167
2007 VT191
2007 VC203
2007 VR264
2007 VX268
2007 VO272
2007 VG286
2007 VQ306
2007 VT308
2007 VS328
2007 WV16
2007 WE27
2007 WM28
2007 WT49
2007 XU51
2007 YX3
2007 YB27
2007 YJ65
2008 AV5
2008 AW11
2008 AE15
2008 AZ19
2008 AL28
2008 AP48
2008 AA52
2008 AX64
2008 AO68
2008 AK98
2008 AA107
2008 AK116
2008 AD133
2008 BT7
2008 BC38
2008 BU40
2008 BY43
2008 BP51
2008 BZ52
2008 CC10
2008 CX13
2008 CX40
2008 CC61
2008 CH66
2008 CN67
2008 CX84
2008 CJ123
2008 CG129
2008 CV141
2008 CO172
2008 CB186
2008 CN191
2008 CO191
2008 DJ85
2008 EN8
2008 EZ8
2008 ET44
2008 EO112
2008 EB120
2008 ET123
2008 ES130
2008 EH146
2008 EG152
2008 EV160
2008 EW162
2008 FF15
2008 FO24
2008 FU31
2008 FM37
2008 FV49
2008 FG75
2008 FL123
2008 FY132
2008 FN134
2008 FK135
2008 FW136
2008 GD24
2008 GL46
2008 GW69
2008 GQ74
2008 GF79
2008 GA81
2008 GM89
2008 GY102
2008 GX114
2008 GV118
2008 GR129
2008 GD146
2008 HT1
2008 HS6
2008 HT7
2008 HP8
2008 HQ20
2008 HH25
2008 HS53
2008 HT55
2008 HP58
2008 JS
2008 JK30
2008 KU10
2008 KP14
2008 KA17
2008 KM22
2008 KE42
2008 KF43
2008 MJ
2008 MY4
2008 QX
2008 QC15
2008 QE46
2008 RA3
2008 RF30
2008 RS30
2008 RD37
2008 RH37
2008 RP50
2008 RM73
2008 RB88
2008 RM92
2008 RF124
2008 RS127
2008 RA129
2008 SE20
2008 SY56
2008 SE88
2008 SQ125
2008 SX125
2008 SJ262
2008 SU278
2008 SW304
2008 SH310
2008 TP20
2008 TJ33
2008 TW114
2008 TY123
2008 TL150
2008 TV166
2008 TW169
2008 TQ171
2008 TQ186
2008 UW3
2008 UF6
2008 UE34
2008 UZ41
2008 UV47
2008 UG59
2008 UB61
2008 UV66
2008 UM364
2008 UG114
2008 UA175
2008 UV179
2008 UD285
2008 UK317
2008 UH356
2008 UV356
2008 VC73
2008 WE22
2008 WO38
2008 WH46
2008 WE47
2008 WU50
2008 WL114
2008 WO114
2008 YG4
2008 YG82
2008 YP102
2008 YA109
2008 YE121
2008 YF125
2008 YO133
2008 YV145
2008 YY153
2008 YT154
2008 YX160
2009 AK9
2009 AH10
2009 AT42
2009 AR44
2009 BS11
2009 BW15
2009 BN20
2009 BJ25
2009 BS31
2009 BR34
2009 BN72
2009 BL97
2009 BR139
2009 BZ139
2009 BH143
2009 BT148
2009 BH158
2009 BN162
2009 BV175
2009 BK176
2009 BZ180
2009 BU182
2009 BF188
2009 CC20
2009 CK31
2009 CZ51
2009 CU57
2009 CF60
2009 CT60
2009 DJ32
2009 DM35
2009 DU54
2009 DG56
2009 DA60
2009 DK68
2009 DV72
2009 DB85
2009 DU90
2009 DY90
2009 DA91
2009 DQ110
2009 DU114
2009 DX123
2009 DT125
2009 DA128
2009 DP131
2009 DO134
2009 DS136
2009 DS138
2009 EY3
2009 EL11
2009 EN16
2009 EY23
2009 FH6
2009 FV6
2009 FP24
2009 FJ41
2009 FS46
2009 FT50
2009 FF68
2009 FJ76
2009 HQ3
2009 HG20
2009 HD38
2009 HO51
2009 HP63
2009 HV71
2009 HG83
2009 HK85
2009 HS92
2009 HZ95
2009 HZ103
2009 JK12
2009 KH33
2009 LX1
2009 OH9
2009 OB20
2009 QH10
2009 QN45
2009 RH24
2009 RL31
2009 RZ42
2009 SP34
2009 SH35
2009 ST64
2009 SA126
2009 SC132
2009 SD142
2009 SE150
2009 SW177
2009 SD188
2009 SF208
2009 SV212
2009 SP262
2009 SG271
2009 SY285
2009 SW324
2009 SK357
2009 TJ42
2009 UK13
2009 UB17
2009 UG40
2009 UT108
2009 UH109
2009 US113
2009 UB121
2009 UY126
2009 UR129
2009 UQ149
2009 VF23
2009 VS37
2009 VQ46
2009 VF111
2009 WV26
2009 WL31
2009 WH120
2009 WN163
2009 WB245
2010 AH25
2010 BW4
2010 BR47
2010 CT60
2010 CD104
2010 CH128
2010 CT214
2010 FX31
2010 FP60
2010 GS108
2010 HV37
2010 JP154
2010 KK57
2010 LX31
2010 LE35
2010 LD46
2010 LA84
2010 MW84
2010 NS86
2010 QL3
2010 RQ73
2010 RS162
2010 SX35
2010 TO
2010 TH103
2010 TZ153
2010 VO96
2010 VM173
2010 WU71
2011 BZ34
2011 BT75
2011 BR112
2011 CF58
2011 CQ59
2011 CZ60
2011 FF90
2011 OV15
2011 QY
2011 QO88
2011 QL97
2011 QF98
2011 RX7
2011 RE12
2011 RP14
2011 SX4
2011 SY20
2011 SL21
2011 SN39
2011 SU45
2011 SO50
2011 SN70
2011 SU77
2011 SH119
2011 SE121
2011 SX130
2011 SQ155
2011 SD165
2011 SZ172
2011 SG193
2011 SO197
2011 SO203
2011 SF213
2011 SZ233
2011 SZ244
2011 SA270
2011 TK11
2011 UQ5
2011 UU7
2011 UW13
2011 UH28
2011 UT28
2011 UF56
2011 UK65
2011 UW66
2011 US86
2011 UO93
2011 UH95
2011 UH363
2011 UP104
2011 UQ106
2011 UZ106
2011 UQ375
2011 UM127
2011 UZ387
2011 UA133
2011 UW133
2011 UY140
2011 UD145
2011 UH145
2011 UL146
2011 UO408
2011 UR148
2011 UG173
2011 UR175
2011 UT182
2011 UB184
2011 UE193
2011 UV199
2011 UA205
2011 UU246
2011 UO247
2011 UV248
2011 UN252
2011 UD255
2011 UZ258
2011 UY259
2011 UH262
2011 UZ262
2011 UO283
2011 UW283
2011 UY302
2011 UQ326
2011 UE331
2011 UW335
2011 UN339
2011 UG353
2011 VC3
2011 VH19
2011 WK3
2011 WV22
2011 WR43
2011 WD51
2011 WG57
2011 WN58
2011 WO60
2011 WY64
2011 WZ71
2011 WW113
2011 WF115
2011 WV130
2011 WZ147
2011 WZ151
2011 WF154
2011 XH
2011 YD33
2011 YU65
2011 YC78
2012 AC21
2012 BB52
2012 BS86
2012 BZ150
2012 CQ49
2012 DT19
2012 DY22
2012 DV69
2012 ET12
2012 FD15
2012 FC31
2012 FE40
2012 FN46
2012 FK51
2012 FH53
2012 FQ58
2012 FF69
2012 GQ7
2012 GV33
2012 GJ36
2012 HF10
2012 HZ11
2012 HS16
2012 HB35
2012 HJ38
2012 HU42
2012 HB43
2012 HB48
2012 HT51
2012 HS53
2012 HU54
2012 HO67
2012 HW68
2012 HM69
2012 HW74
2012 HC77
2012 HR79
2012 HS80
2012 HR81
2012 JH10
2012 JN22
2012 JP47
2012 KO43
2012 KH51
2012 LK12
2012 LN16
2012 MN11
2012 MS11
2012 NG1
2012 PL36
2012 PX42
2012 UW57
2012 UN169
2012 VT93
2012 XH43
2012 XD48
2012 XM62
2012 XW66
2012 XT69
2012 XM79
2012 XN84
2012 XP94
2012 XN135
2012 XF136
2012 XS151
2012 YK2
2012 YB5
2013 AT7
2013 AE8
2013 AL8
2013 AQ14
2013 AY15
2013 AZ25
2013 AK28
2013 AV31
2013 AE33
2013 AO33
2013 AM36
2013 AG43
2013 AA44
2013 AL44
2013 AR53
2013 AT57
2013 AK58
2013 AA59
2013 AQ67
2013 AA69
2013 AJ70
2013 AG71
2013 AC74
2013 AW83
2013 AH93
2013 AC95
2013 AB96
2013 AW99
2013 AG102
2013 AB105
2013 AQ105
2013 AZ106
2013 AB115
2013 AE122
2013 AG124
2013 AL127
2013 AK130
2013 AX130
2013 AE137
2013 AZ142
2013 AO144
2013 AD151
2013 AY161
2013 AB165
2013 AM165
2013 AT166
2013 BN9
2013 BL11
2013 BJ12
2013 BO12
2013 BZ21
2013 BF25
2013 BB33
2013 BQ33
2013 BN38
2013 BG39
2013 BL44
2013 BZ48
2013 BB55
2013 BV58
2013 BM64
2013 BG66
2013 BK74
2013 BD77
2013 BM80
2013 CW1
2013 CH3
2013 CN10
2013 CW11
2013 CF12
2013 CZ14
2013 CP15
2013 CS16
2013 CN18
2013 CS18
2013 CA19
2013 CF19
2013 CA24
2013 CL29
2013 CL34
2013 CY34
2013 CH41
2013 CW47
2013 CX51
2013 CS52
2013 CB58
2013 CT64
2013 CW69
2013 CA71
2013 CB71
2013 CN73
2013 CV73
2013 CU77
2013 CH78
2013 CP81
2013 CB84
2013 CT86
2013 CY86
2013 CD87
2013 CQ92
2013 CJ93
2013 CN95
2013 CW99
2013 CZ103
2013 CC106
2013 CG109
2013 CS109
2013 CT127
2013 CB135
2013 CC137
2013 CD145
2013 CH147
2013 CL151
2013 CC155
2013 CA159
2013 CO159
2013 CR162
2013 CB164
2013 CH170
2013 CL177
2013 CY178
2013 CB179
2013 CB183
2013 CU185
2013 CY185
2013 CF186
2013 CL186
2013 CN190
2013 CX190
2013 CC191
2013 CL202
2013 CF208
2013 DW1
2013 DY2
2013 DF4
2013 DP5
2013 DS6
2013 DW9
2013 DE12
2013 DF12
2013 DN13
2013 DH14
2013 DL15
2013 DU15
2013 ED8
2013 EU8
2013 EP17
2013 EA19
2013 ES20
2013 EX20
2013 EN30
2013 EL34
2013 EX44
2013 EL47
2013 EC49
2013 EE64
2013 EJ72
2013 ER83
2013 EB89
2013 EQ99
2013 ED105
2013 ER106
2013 EO111
2013 EU116
2013 EP117
2013 ED122
2013 FX1
2013 FJ2
2013 FA6
2013 FE13
2013 FF15
2013 FN16
2013 FG21
2013 FJ24
2013 GL
2013 GN1
2013 GT3
2013 GR24
2013 GE28
2013 GF31
2013 GA36
2013 GE39
2013 GW41
2013 GB42
2013 GU49
2013 GS72
2013 GN82
2013 GY87
2013 GZ90
2013 GP114
2013 GT125
2013 HB10
2013 HH17
2013 HV69
2013 HF82
2013 HA87
2013 HW90
2013 HV94
2013 HA106
2013 HT112
2013 HD119
2013 JC5
2013 JK8
2013 JY41
2013 JC55
2013 JV60
2013 KK7
2013 KE11
2013 KF12
2013 KQ12
2013 KA15
2013 LD14
2013 LG18
2013 LL35
2013 MJ5
2013 NZ2
2013 NU12
2013 NY16
2013 ON3
2013 OH8
2013 OX10
2013 PR4
2013 PW7
2013 PZ13
2013 PA17
2013 PF18
2013 PA25
2013 PO30
2013 PZ31
2013 PB32
2013 PB37
2013 PJ69
2013 QQ5
2013 QW7
2013 QT9
2013 QD13
2013 QU14
2013 QS16
2013 QA26
2013 QC32
2013 QG37
2013 QF43
2013 QX48
2013 QJ49
2013 QT53
2013 QA54
2013 QH55
2013 QX57
2013 QA58
2013 QM60
2013 QJ66
2013 QE77
2013 QQ78
2013 QP80
2013 QO85
2013 QL91
2013 QP92
2013 RR1
2013 RS2
2013 RB5
2013 RK5
2013 RH9
2013 RB16
2013 RX24
2013 RB28
2013 RS29
2013 RQ32
2013 RT32
2013 RB39
2013 RW48
2013 RT53
2013 RK77
2013 RG79
2013 RN80
2013 RR94
2013 RQ96
2013 SF32
2013 SA36
2013 SS38
2013 SR41
2013 SS46
2013 SF58
2013 ST58
2013 SG62
2013 SP72
2013 TP8
2013 TU35
2013 TE40
2013 TK44
2013 TV65
2013 TG72
2013 TV73
2013 TA78
2013 TO83
2013 TP88
2013 TN112
2013 TY124
2013 TU126
2013 TQ136
2013 UU6
2013 UL8
2013 VW5
2013 VP19
2013 WW4
2013 WX12
2013 WJ28
2013 WK41
2013 WT48
2013 WR50
2013 WD69
2013 WH77
2013 WR95
2013 XO17