id
13
32
119
1728
2638
3142
3332
3786
4448
5186
6596
6957
7184
7321
8347
8492
8859
9268
9341
9519
10576
10872
11179
11336
11497
11549
12428
12431
12807
13312
13602
13669
13679
14618
15189
15369
15693
15739
15825
16175
16365
16460
16531
16554
17093
17141
17190
18049
18369
18523
18685
18997
19022
19269
19639
20311
20343
20703
20852
21135
21879
22392
23130
23265
24082
24153
24800
25231
25399
26465
26551
26556
26596
26747
27172
27439
27589
27855
27980
28265
28568
28686
28793
28803
29039
29160
29349
29477
29784
29794
30251
30653
31148
31610
31679
31731
31826
32019
32133
32204
32297
32322
33104
33195
34347
34802
34815
35294
35318
35595
36002
36840
36860
37072
37294
37862
37883
37920
37931
37939
37943
37956
37988
38388
38418
39008
40394
40589
40970
41543
42022
42575
42673
43411
43420
43539
43838
44040
44257
44685
44827
45148
45244
45397
45748
45948
46055
46190
46365
46881
46909
47351
47500
47527
47951
48075
48754
49066
49096
49161
49308
49785
50445
50478
50885
51030
51613
52078
52161
52410
53012
53091
53138
53302
53549
53642
54179
54319
54389
54776
54952
55241
55378
55436
55544
56693
59563
59565
59568
59634
59655
59659
59728
60295
60413
60459
60490
60532
60533
60748
61729
62089
62124
62210
62224
62399
62522
63277
63541
63674
64109
64418
65018
65045
65475
65594
66695
66739
67011
67164
67257
68107
68357
68794
69408
69532
69693
70395
70550
70573
70574
71240
71415
71855
72241
72287
72336
72426
72481
72497
72589
72639
72646
72895
73050
73273
73770
74195
74241
74264
74811
75382
75517
75641
75850
75916
76250
76280
76369
77345
77601
78592
78883
79064
80843
81036
81136
81237
81277
81356
81419
81559
81594
81608
82372
82500
82697
82866
82956
83015
84137
84356
84730
85802
85824
85860
85915
85951
86000
87131
87141
87397
87408
87470
87741
88383
88517
88633
89370
89473
89558
89716
90107
90113
90396
91074
92797
93005
93111
93119
93190
93198
93229
93342
93399
93515
93559
93648
93799
93835
93859
94013
94982
95092
95386
95901
96270
96449
96471
96772
96820
96885
96923
97000
97039
97235
97408
97710
98462
98562
98612
98615
98617
98640
98649
98697
98729
98730
98810
99006
99057
99060
99567
99657
99783
100093
100149
100160
100548
101625
101630
101681
101732
101852
102466
102744
102804
103158
103183
103426
103460
103749
104304
104756
104925
104984
105038
106286
106742
107490
107499
107682
107775
107834
107847
107871
108102
108119
108122
108124
108163
108264
108342
108513
108781
108982
109029
109152
109321
109754
109783
109847
109913
110009
110176
110264
110487
110570
110812
111023
111040
112758
112851
113438
113453
113959
114025
114402
115574
115867
115892
115959
115976
116392
116423
116693
117068
117153
117359
117627
117704
118030
118136
118366
118788
118873
118888
119298
119320
119434
119443
119583
119655
119853
120096
120520
120565
120579
120656
123233
124874
125214
125324
125370
125435
125697
125716
125768
125921
126003
126008
126192
126218
126330
126409
126680
126794
126825
126842
126913
126923
127007
128571
128842
128909
128995
129194
129628
130469
130644
130916
130934
130939
131074
131162
132275
132339
132554
133208
133239
133992
134750
134796
134817
135807
135865
135900
136289
136321
136436
136821
137087
137959
138215
138224
138255
138267
138375
138382
138817
140486
140544
141575
142025
142026
142416
142443
142608
142615
142683
142734
142774
142926
143097
143272
143574
144409
144602
145099
145285
145292
145302
145362
145378
145399
146112
146395
146430
146497
146680
146684
147234
147235
147300
147334
147554
148248
148607
148637
148674
148695
148760
149417
149584
149627
149728
149905
150121
150243
150973
151008
151105
151577
151719
151746
151771
151801
151846
152298
153627
153649
153831
153864
154056
154476
154493
154508
154537
155304
155495
155757
156159
156360
156906
157239
157595
157821
158021
158289
158345
158394
158449
158515
158730
159621
159632
160020
160166
160390
161052
161614
161852
161909
163290
163789
163795
163948
164203
164336
164495
164622
164832
164836
164872
164876
164917
165572
165576
165586
165635
165637
166358
167056
167320
167444
167752
167777
168126
168607
168648
169068
169823
170447
170466
170569
170594
170604
170724
171032
171053
171074
171591
171843
172278
172667
173035
173289
173380
173416
174210
174250
174647
174844
174872
174904
175500
175554
176918
177378
177506
178546
178614
178917
179819
179948
179963
180366
180482
180541
180545
180644
180673
181010
181023
181619
182037
182041
182083
182484
183439
183709
184288
184422
184467
185258
185261
185347
185395
185415
185441
185683
185860
185865
185992
186073
186096
186118
186140
187131
187604
187689
187998
188001
188262
188278
188670
188870
188957
189328
189541
191044
191072
191288
191306
191687
191690
191703
191738
191909
192003
193308
193315
193425
193433
194969
194980
194994
195028
195138
195187
195231
195267
195344
195349
195450
195468
195470
195547
197022
198135
198166
198208
198240
198281
198316
199321
199461
199765
199932
200207
200515
201093
201100
201130
201150
202923
202995
203963
203988
204017
204108
204468
204555
205030
205110
205142
205427
206494
207108
207148
207542
207798
208755
209138
209242
209649
209708
209734
210239
210810
211235
211298
211682
211698
211765
212800
212993
213616
213646
213705
213969
214308
215254
215483
215496
216191
217889
221290
221606
221658
221863
222585
223234
223236
224274
224919
225024
225370
225842
226019
226034
226370
226708
227159
227196
227851
227861
228139
228499
229426
229476
229708
229736
229934
230284
230312
230844
230905
231256
231283
231449
231487
232093
232155
232173
232175
232213
234696
234712
235869
236231
236433
236563
237046
237193
237372
237856
237876
238189
238229
238544
238552
239011
239094
239103
239415
239616
239626
239627
239628
239948
240143
240391
240615
240626
240941
240953
240968
240971
241001
241182
241579
241615
242260
242264
242607
243511
243900
244686
244687
244822
244883
246490
246767
247514
247602
248219
249166
249695
249700
250167
250488
251106
252317
253124
253134
253895
253918
253940
253998
254015
254542
254640
254657
254707
255801
255830
255945
255994
255999
256018
256138
256201
256222
256350
256809
256846
256891
256903
256934
257011
257029
257054
257254
257519
258205
258271
258379
259122
259319
259658
259865
260628
261415
262454
262601
262663
262780
262920
263125
263162
263261
263353
263421
263441
263876
263895
264010
264016
264510
265606
265691
266411
267347
267352
268022
268054
268330
268349
268453
268462
269006
269409
270440
270468
271660
272365
272395
272579
272698
273380
273650
273686
273714
273743
273871
273990
274459
274894
274915
275220
275550
275963
275994
276874
276919
276921
277204
277484
278007
278293
278297
278323
278937
279245
279573
279579
279835
280044
280272
280950
280952
281573
281918
282229
282233
282236
282240
282244
283442
283797
284037
284296
284764
285001
286421
286598
286945
286957
287029
287146
288336
288503
288576
289347
291552
291619
291745
292017
292112
292145
292263
292866
293055
293459
294014
294036
294230
294615
294687
294883
294889
294915
294956
295563
296193
296223
296227
296367
296916
296965
296993
297093
297176
297337
298392
298430
299031
300290
300559
300561
300610
301227
301229
301265
301269
301320
302556
302988
303002
303037
303481
303506
303515
304886
304893
305009
305116
305800
305802
306407
306458
306545
306562
306564
306846
306905
306916
307003
307004
307090
307110
307136
307220
307273
307320
307370
307406
307506
307552
307558
307810
307848
307849
307945
308191
308234
308247
308271
308716
308955
309039
309043
309308
309368
309410
309759
309874
309955
310772
311070
311080
311704
312210
312280
312922
313793
313826
313829
314195
314728
314742
314772
314813
314829
315501
315628
315651
316227
316282
316300
316489
317148
318018
318059
318439
318708
318777
318987
319554
319623
319638
319731
319734
319746
319798
319973
320713
320793
320810
320941
321153
321163
321680
321845
321863
322359
322398
322484
322795
322806
323418
323796
325129
325135
325189
325192
325633
326411
327225
327234
328301
328318
328336
328993
329361
329960
329973
330414
330701
331342
332002
332061
332081
332711
332852
332859
333085
333296
333384
333465
334354
334381
334795
335041
335084
335089
335105
335471
336889
336891
337986
337990
338004
339114
340201
340217
340220
340297
340300
340364
340384
342109
342171
342182
342216
342223
342242
342358
342378
342392
342513
342626
342654
342773
344437
344443
344985
346497
346500
346543
346596
347156
347300
347795
347802
348021
348217
348373
348741
349651
349696
349750
350037
351062
351063
351112
351401
352235
352936
352938
352961
352994
353038
353041
353087
353414
353596
353646
354235
354267
354413
354421
354608
355011
355333
355362
355432
356013
356053
356082
356475
356533
356554
356809
357265
357655
358666
359239
359246
359253
359788
359851
360602
360835
361429
361753
362142
362214
362485
362771
363486
363779
364219
364222
364245
364263
364293
364856
365245
365590
366179
367160
367345
367764
367968
368970
369055
369291
369798
369923
370465
370970
371060
371086
371627
371688
372816
373364
374365
374577
374742
375768
375769
375773
375794
375887
375950
376190
377700
377743
378278
378333
379204
379527
379637
379639
379738
380276
380295
380805
381815
382111
382601
382936
383197
383222
383273
383920
384001
384741
385077
385124
385544
385565
386255
386363
386410
386431
386754
387227
387453
387485
387905
388212
388227
388233
389137
389471
389474
389653
389747
389947
389957
390058
390182
390190
390222
390635
391131
391201
391217
391518
391894
391937
392742
392806
393094
393154
393353
393739
394129
394925
394952
396013
396184
396762
397516
397973
398149
398390
398601
398655
399036
399361
400067
400391
401169
401194
401222
401445
401464
401492
401634
401722
401957
402230
403078
403351
404201
404338
404493
405379
405968
406112
406623
407363
407415
407750
407808
407847
407924
408150
408169
408611
409422
409886
409891
409952
409961
409980
410449
410456
411220
411346
411427
411753
411776
411792
411847
411880
412164
412792
413373
413487
413838
413841
414184
414235
414250
415058
415187
415218
415650
416946
417627
417711
418288
418356
418387
419731
419782
419815
419838
421422
421547
421698
421759
421816
421838
422327
422496
422502
423466
423493
423569
423696
424019
424063
424073
424092
424164
424173
425142
425215
425657
425750
426205
426518
426557
426645
426814
426823
427031
427958
428267
428312
428693
428726
429145
429554
429607
429689
429714
429823
430161
430204
430205
430245
430332
430418
430927
430938
430989
430994
430996
431082
431794
432379
432383
432724
434088
434577
434705
435150
436236
437486
437643
438292
438329
438729
438925
439607
439626
1995 UC72
2002 NP76
2002 PE175
2002 QY64
2002 QE108
2002 TN335
2003 SG422
2004 TZ27
2005 GW177
2005 JO52
2005 LE11
2005 SG67
2005 TR154
2005 UM332
2005 VL109
2005 WG21
2006 AV48
2006 AT104
2006 DA43
2006 DG124
2006 DW209
2006 GK5
2006 KD87
2006 KL142
2006 QR101
2006 SE303
2006 WM143
2007 BG80
2007 CT1
2007 CT42
2007 JY20
2007 RY152
2007 TU226
2007 TU226
2007 UB21
2007 VP8
2007 VH101
2007 VG234
2007 VQ255
2007 VT278
2008 AU114
2008 AS131
2008 BY50
2008 CO45
2008 EJ84
2008 GB66
2008 GC105
2008 HS48
2008 LD9
2008 SX133
2008 SN263
2008 TU166
2008 TD188
2008 UL35
2008 UN46
2008 UN47
2008 UN119
2008 UU120
2008 UG168
2008 UY172
2008 UD196
2008 UU281
2008 VM56
2008 WQ30
2008 WC38
2008 WD75
2008 WK109
2008 WW117
2008 WP123
2008 XW16
2008 XQ47
2008 XA56
2008 YN26
2008 YC80
2009 BL49
2009 BH59
2009 BJ150
2009 CU65
2009 DG49
2009 DQ72
2009 DJ85
2009 DR110
2009 HA45
2009 HT85
2009 RT39
2009 UQ108
2009 VM35
2009 WN156
2009 WQ208
2009 WO263
2010 CX168
2010 EX77
2010 GO161
2010 JS80
2010 LW60
2010 TD51
2010 TC57
2010 TB74
2010 VC85
2010 VV157
2010 WH17
2010 WO17
2011 BK13
2011 BC75
2011 GO46
2011 HZ12
2011 KP6
2011 OG48
2011 RC9
2011 RC13
2011 SY73
2011 UC17
2011 UB126
2011 UY389
2011 UA397
2011 UP398
2011 UY238
2011 UA345
2011 WU82
2011 YK43
2012 AB18
2012 BP100
2012 BV134
2012 BR150
2012 CT50
2012 DN8
2012 DN9
2012 FA7
2012 GT34
2012 HU29
2012 KM10
2012 KP25
2012 KZ28
2012 TP189
2012 TH243
2012 TK288
2012 UW45
2012 UV63
2012 UX103
2012 UG157
2012 UT171
2012 WO13
2012 XD156
2013 AG99
2013 BV3
2013 BZ7
2013 BF33
2013 BY38
2013 BW75
2013 CY4
2013 CJ10
2013 CN66
2013 CN89
2013 CC149
2013 CL160
2013 CB181
2013 CB201
2013 CX214
2013 EM99
2013 GJ15
2013 GL106
2013 HH6
2013 HK17
2013 HO55
2013 HU94
2013 JX40
2013 JQ44
2013 JO55
2013 OL10
2013 SA45
2013 TO26
2013 WL53
2013 YC56
2013 YM99
2013 YF109
2013 YT138
2013 YQ142
2014 AN12
2014 BG38
2014 BL61
2014 BG62
2014 DX20
2014 DG21
2014 DJ21
2014 EJ25
2014 FX36
2014 FR64
2014 FO68
2014 GV4
2014 GT42
2014 HA12
2014 HP18
2014 HC48
2014 HY96
2014 HZ146
2014 HW151
2014 HY178
2014 JA9
2014 JH61
2014 JY70
2014 KQ3
2014 KQ30
2014 KK100
2014 NJ44
2014 NP44
2014 NG54
2014 NZ63
2014 OZ
2014 OZ17
2014 OZ19
2014 OD31
2014 OT40
2014 OP47
2014 OW187
2014 OK208
2014 OP342
2014 PR19
2014 QZ52
2014 QV392
2014 QC144
2014 SP122
2014 UJ54
2014 UT97
2014 UG134
2014 UN142
2014 UB217
2014 WB64
2014 WQ71
2014 WQ72
2014 WV165
2014 WT437
2014 WE443
2014 WB184
2014 WH490
2014 WC233
2014 WP276
2014 YH20
2014 YJ41
2014 YL47
2015 AK14
2015 AC262
2015 BO6
2015 BL25
2015 BE141
2015 BY143
2015 BB144
2015 BX429
2015 BF217
2015 BW278
2015 BV297
2015 BK305
2015 CT41
2015 DR22
2015 DB40
2015 DM78
2015 DG88
2015 EF59
2015 FK110
2015 FZ121
2015 FT152
2015 FW309
2015 FO339
2015 HV43
2015 HS147
2015 KR3
2015 KT58
2015 KY112
2015 LB22
2015 MS67
2015 OP1
2015 ON68
1999 FL97
2001 FQ212
2001 FE213
2001 SR6
2002 QF134
2002 XE4
2003 SC367
2003 SP260
2003 UA34
2003 UL385
2003 WJ188
2004 BR35
2004 EJ28
2004 RM261
2005 BQ34
2005 SU183
2005 TO80
2005 YB136
2006 BL70
2006 BU180
2006 BG204
2006 CA25
2006 DX55
2006 DE123
2006 EP38
2006 KH24
2006 KF136
2006 KQ138
2006 OR27
2006 RV110
2006 RC120
2006 SL145
2006 SS337
2006 TQ116
2006 UF119
2006 UX167
2006 VD8
2006 VG78
2006 VF81
2006 WK
2006 XR1
2007 CT27
2007 HP80
2007 JB7
2007 RG71
2007 TL71
2007 UE53
2007 UV78
2007 UV91
2007 VB182
2007 VD244
2007 XN50
2008 CO112
2008 CJ167
2008 EZ24
2008 FB49
2008 GG140
2008 JO30
2008 RM16
2008 US82
2008 UL272
2009 AA29
2009 DD92
2009 FS2
2009 KP20
2009 SU26
2009 WS89
2009 WZ201
2010 AQ95
2010 BW10
2010 BU41
2010 BH53
2010 BC73
2010 BT84
2010 BT93
2010 BE125
2010 CQ
2010 CS9
2010 CX52
2010 CD85
2010 CY92
2010 CH133
2010 CR198
2010 CW211
2010 CY235
2010 CD243
2010 CA246
2010 DF26
2010 EW50
2010 EY77
2010 EP171
2010 FJ65
2010 FO73
2010 FE109
2010 GO39
2010 GG144
2010 HX5
2010 HX27
2010 HX33
2010 HR39
2010 JP25
2010 JL55
2010 JU90
2010 LA22
2010 LO39
2010 LA40
2010 LT83
2010 LE125
2010 LV131
2010 MU29
2010 MJ82
2010 NA13
2010 NN88
2010 NJ97
2010 OM48
2010 PW11
2010 PH39
2010 PG54
2011 AT40
2011 AV49
2011 BS154
2011 BL157
2011 CN49
2011 EG8
2011 GU39
2011 HK53
2011 SZ79
2011 UA102
2011 UL180
2011 UE184
2011 UC204
2011 UQ230
2011 UD238
2011 US309
2012 BM92
2012 BT117
2012 HJ40
2012 SM25
2012 TZ7
2012 TM297
2012 UU100
2012 VL58
2013 AP17
2013 AW126
2013 AK129
2013 AS139
2013 AD144
2013 BU35
2013 BD63
2013 CF41
2013 CN81
2013 CE93
2013 EP28
2013 GJ19
2013 GF59
2013 GJ71
2013 HS43
2013 HL58
2013 HZ98
2013 HD106
2013 HF123
2013 HM148
2013 JY20
2013 JY23
2013 RV60
2013 RA67
2013 WP77
2013 XV22
2013 YF67
2014 AS20
2014 BF2
2014 CW16
2014 DX111
2014 DQ126
2014 EN16
2014 GD17
2014 GO41
2014 HA152
2014 HK156
2014 HV158
2014 JG
2014 JJ49
2014 KO28
2014 KB69
2014 LJ4
2014 MA11
2014 NB16
2014 NB46
2014 OF80
2014 OV87
2014 OW89
2014 OQ91
2014 OC126
2014 OY129
2014 ON144
2014 OU152
2014 OM173
2014 OK176
2014 OM185
2014 ON205
2014 OZ279
2014 QG385
2014 QY222
2014 QK227
2014 QP259
2014 RP8
2014 SC135
2014 TS21
2014 TM23
2014 UD75
2014 UF87
2014 UN126
2014 UM160
2014 WT76
2014 WF105
2014 WT311
2015 BQ37
2015 BY45
2015 BM77
2015 BB107
2015 BS133
2015 BQ153
2015 BE159
2015 BM181
2015 BL462
2015 BH204
2015 BG502
2015 CC2
2015 CO25
2015 CU28
2015 DM32
2015 DF75
2015 DN106
2015 DN141
2015 DY151
2015 DG165
2015 DP219
2015 EW53
2015 FE280
2015 FK284
2015 GY32
2015 HW67
2015 HR85
2015 KC34
2015 KM94
2015 KT152
2015 LG5
2015 MX64
2015 OO46
2015 OS68
2015 PB30
2015 PE34
2015 PP35
