id
291
317
440
1769
1793
2367
2371
2411
2564
2764
2883
3762
3927
4023
4089
4604
4777
5003
5365
5673
5713
6055
6330
6367
6615
6705
6728
6779
6968
7190
7296
7490
7671
7929
7978
8050
8395
8554
8974
8979
9197
9198
9477
9553
10003
10067
10139
10312
10364
10677
10796
10961
11006
11068
11160
11630
11727
11975
12110
12398
12399
12495
13036
13316
13600
13929
14312
15624
16100
16632
16830
17956
17958
18162
18570
18584
19547
19949
19988
20914
21159
21266
21382
21702
21994
22268
22556
22811
22862
22911
23332
23345
23630
24562
24632
24746
24896
25444
26045
26409
27121
27924
28555
28563
28677
28771
29637
30033
30061
30101
30137
30174
30614
30664
31024
31360
31413
31508
31916
31928
32870
32879
33954
34072
34088
35972
37497
37672
38824
38863
38946
39445
40257
42614
42909
43671
43880
44033
44041
44069
44621
44655
44658
44763
46423
47261
48170
48291
48852
48871
48875
48883
49072
49219
49701
49726
49766
49899
49989
51598
53093
53591
53717
54980
55983
56332
56368
56428
56429
57504
59031
60112
60469
60710
60884
60950
60962
61002
61130
62280
62809
63168
63551
63904
64087
64116
64554
64853
64920
65317
65491
66340
67443
67723
69458
71812
71949
73097
73133
73181
75117
76887
76984
77189
77483
78033
78124
78413
79062
80223
80291
80298
80303
80425
80462
82096
82107
82137
82193
84608
84746
84815
85216
86340
86437
86754
88962
90549
92501
94399
94473
94494
94877
94911
94989
95866
96349
96611
96637
97703
99360
99374
99597
99790
100193
100247
100284
100304
100575
100789
102888
103544
103721
106411
107790
107986
112006
112077
113545
113865
114004
114038
115719
115972
116775
118472
119064
119541
120463
120612
120993
122023
122040
122044
122092
124305
124598
124773
124892
125008
125149
125251
125285
125756
125760
126050
127522
127614
127880
127891
129735
130387
130710
131513
131527
131541
131552
131591
131651
131835
132031
132067
132070
135001
135518
136114
136164
136180
136189
136216
136776
137178
137314
137389
137476
137556
137621
141453
141633
143668
143695
143717
144495
144896
145039
145901
147748
149272
149575
149732
149829
151567
151909
151925
151966
151970
152181
152632
152903
154279
154359
155176
156069
157094
157956
158599
158840
159546
159605
160381
161745
161941
162000
162612
163017
163141
163237
164242
164254
164456
164694
165950
166043
166100
166283
166926
167764
168076
168106
168179
168763
169666
171327
171462
172120
173277
173528
174091
174117
174609
174687
175874
176097
177156
177181
177190
178765
178813
180306
180307
180431
180817
180860
180880
181733
181786
181880
183653
183900
184304
184386
185307
186669
187559
187673
188362
188368
188582
188996
190149
190443
191263
191951
191958
194145
194511
194895
196223
197581
198922
199017
199018
199131
200157
200600
200676
201437
202483
203051
203350
204334
204453
205821
205918
207395
207409
207415
207710
208418
208469
209556
210396
211030
211132
212769
213460
213854
214144
214192
214254
215393
216349
217513
219277
219482
221568
223583
224005
224814
224829
224845
226196
226586
226595
227217
227773
227824
228270
229314
229322
231420
235042
236144
236152
236205
236714
236717
236730
237082
240868
243996
245157
245762
246640
247838
248223
249741
251368
252761
254592
255559
255852
256628
256669
256762
257582
258601
258645
258738
259434
260477
260569
261844
261912
263855
265107
266113
267863
267874
268810
268842
270806
271455
272095
273389
274830
275062
275317
275507
275726
276727
277235
277260
277410
277993
277998
280750
281147
282676
282853
285091
285274
286561
288064
288970
290566
290720
291017
291037
291168
292704
292948
293299
293746
294101
295012
295050
295585
295712
295792
295847
296714
297314
299375
299394
299486
299518
301067
302854
303982
304008
304032
308050
308649
309781
311158
311561
312073
313295
314013
314019
314053
315973
315993
317199
318067
320342
320694
321281
322402
323670
325401
330257
330553
333169
335667
335672
335714
336805
338934
339595
339759
344489
345094
345217
345221
348443
349084
349094
349097
349117
349980
351553
352710
354840
355856
356314
357722
357940
358555
360022
360028
362984
364135
365072
365815
365844
367479
369519
373149
374840
375149
376110
376427
378071
379861
380461
382465
382863
383450
385929
385945
387450
388395
389634
390671
391414
393312
396298
397008
397820
398930
400231
400510
401089
401816
402366
402426
402473
403213
403815
406791
406827
408883
409197
409730
409757
410708
410747
410762
411675
411720
413767
414388
414422
415484
418118
418934
420883
421836
422741
424309
424311
426083
426403
426499
426918
428120
428470
429535
429792
429812
431638
431640
431647
432947
433346
433389
434159
436769
438406
439455
439480
439487
2001 RQ97
2001 SJ198
2002 QD147
2002 RC289
2004 RD265
2004 WQ4
2005 QB121
2005 WR92
2005 WC107
2005 XM108
2006 BS194
2006 BL234
2006 JT41
2006 VR61
2007 CK77
2007 DH6
2007 GX5
2007 VE19
2008 AC12
2008 AC121
2008 CT191
2008 DN60
2008 GR125
2008 HA2
2008 JQ4
2008 SN131
2008 TJ39
2008 TY52
2008 TN90
2008 UR102
2008 UR129
2008 VP67
2009 BP31
2009 BM103
2009 DF57
2009 HL21
2009 RE8
2009 RH9
2009 SH181
2009 SE342
2009 UV19
2010 EO109
2010 KB8
2010 RF152
2010 VQ63
2011 BG86
2011 BZ122
2011 CK52
2011 DX14
2011 DD28
2011 ES72
2011 GB73
2011 KE15
2011 OB26
2011 US40
2012 EY10
2012 GP8
2012 HW59
2012 JH37
2012 JE43
2012 JD48
2012 KJ1
2012 QG20
2012 TC69
2012 UA36
2012 UJ110
2012 XN32
2012 XE94
2012 XA115
2012 XV139
2013 AV31
2013 CQ92
2013 EA26
2013 HO89
2013 JE29
2013 TO68
2013 TN79
2013 WZ91
2013 YG14
2013 YZ120
2014 DK23
2014 DT34
2014 ER4
2014 GW5
2014 HV19
2014 HX20
2014 JD3
2014 JW41
2014 KJ49
2014 OR14
2014 OJ52
2014 OH387
2014 OF145
2014 OB232
2014 QG119
2014 QL121
2014 QJ139
2014 QC208
2014 QU239
2014 TN32
2014 UD149
2014 UB157
2014 VR11
2014 WT108
2014 WK484
2014 YF4
2015 BT25
2015 BS333
2015 HX96
2015 JF
2001 FS199
2001 FK212
2001 FD215
2001 SH267
2002 CZ197
2002 QT119
2003 UN335
2004 FW76
2004 TG156
2005 GB75
2005 JA24
2005 NE40
2005 SO196
2005 TJ163
2005 TC174
2005 UU30
2005 UH368
2005 UD137
2005 UX162
2005 UX461
2005 VJ105
2006 BM42
2006 JC70
2006 OA31
2006 OE31
2006 SB115
2006 SD254
2006 SL260
2006 SQ351
2006 UN206
2007 BC36
2007 BF98
2007 BB101
2007 DH72
2007 EC221
2007 TC332
2007 UP70
2007 UY130
2007 VC83
2007 VZ149
2007 VJ284
2008 GK59
2008 GV83
2008 RC126
2008 SE49
2008 SK77
2008 UQ149
2008 UX176
2008 YM102
2009 BQ48
2009 BY118
2009 DY30
2009 DS106
2009 HH58
2009 SW119
2009 TU42
2009 UV52
2009 WT39
2010 BJ37
2010 CX29
2010 CX104
2010 CK106
2010 DL36
2010 ED90
2010 KQ91
2010 LS124
2010 OV117
2010 OM120
2010 ST12
2010 TD124
2010 UB13
2010 UE43
2010 VT89
2010 WM13
2011 BV154
2011 FG66
2011 GB12
2011 OX7
2011 SU147
2011 SE177
2011 SZ197
2011 SR244
2011 UN95
2011 UV244
2011 UH353
2012 DD67
2012 EV8
2012 FY4
2012 KW11
2012 SZ37
2012 SN40
2012 SN48
2012 UN19
2012 US91
2012 UQ162
2012 VY81
2012 VY110
2012 XZ20
2012 XY118
2013 AQ81
2013 AD123
2013 CS3
2013 EE25
2013 GW42
2013 GV65
2013 HZ116
2013 HL123
2013 HN133
2013 HY144
2013 HM147
2013 HQ148
2013 HJ149
2013 JY3
2013 KX4
2013 KC12
2013 SC53
2013 TM70
2013 TY85
2013 TP86
2013 WS103
2014 EZ6
2014 HK17
2014 HB42
2014 HH154
2014 OS10
2014 OM12
2014 OL16
2014 OH140
2014 OO203
2014 OS317
2014 PR2
2014 RH47
2014 SH121
2014 TU60
2014 UL44
2014 WU85
2014 WT108
2015 AY154
2015 BU16
2015 BT128
2015 BL421
2015 BX423
2015 BM166
2015 BK198
2015 BX244
2015 BC278
2015 EM21
2015 HH140