id
10393
10580
12775
13239
16776
19770
21231
21414
22941
23560
23647
24798
27850
33165
36462
36620
37043
38186
39018
39703
40316
42521
43994
44709
45175
45685
46629
49021
51277
51512
52056
52448
54732
58333
58337
58486
58716
58795
59886
63281
63478
63799
64956
65348
66596
66663
67195
68114
69770
70491
70543
71047
72278
73779
74600
77926
78053
79237
80780
84028
85273
85274
85300
85303
86036
87421
88512
91182
94396
94972
97099
97699
98709
100198
100219
102169
102452
107128
107868
110522
111278
114637
114884
115244
115367
116430
119437
119666
120142
120530
121423
121939
125012
125800
126043
128318
128442
129486
129966
132271
132530
132868
135129
135952
137561
139410
139528
139612
142414
145104
145866
149789
151518
152035
152579
153191
156067
156972
157363
157921
158526
162258
167352
169769
170281
170778
173203
173286
177144
177177
178659
178675
179131
180889
182204
182327
182927
183565
184522
184612
185527
185744
188766
190773
191557
191731
191743
192316
193444
194874
197289
198534
200662
200727
201975
203158
203681
205575
205679
207681
218367
219701
220008
220182
220736
220986
221952
223144
227222
227877
228630
229424
229443
236920
243944
244488
248366
250168
250839
250939
257988
259289
259379
264585
265033
265043
266335
267011
269651
271091
271183
275777
275783
282030
286827
287095
287706
288927
290497
297243
301498
301848
302081
304981
308001
308404
311526
313613
317363
319506
322801
329522
333429
335294
340056
352292
355289
355300
356004
356697
357510
363833
365435
373674
375698
383005
394165
399466
401239
418534
429900
434029
434589
435649
439188
2001 RF24
2002 PW171
2005 SQ51
2005 SD203
2005 SX215
2005 UL104
2005 WY54
2005 WO164
2007 FP40
2007 RN177
2008 SH108
2008 SG272
2008 UU224
2010 BL70
2010 TV184
2011 CR66
2011 FR156
2011 QF27
2011 RD4
2011 SZ2
2011 UB20
2011 UV368
2011 UD142
2011 YM32
2012 PJ37
2012 TR21
2012 TA145
2013 VT8
2014 OV39