id
126749
127544
128057
128930
131844
132175
132300
135527
135559
135581
135599
135779
136221
141489
141506
141538
141673
141675
141731
141790
141849
141935
142287
143641
143662
143749
143787
143798
143854
143897
144103
144992
145170
145603
146939
146967
146989
147436
147462
149278
149312
151507
151560
151575
154296
154298
154346
154351
154356
154372
154676
156686
156723
156837
157083
158830
158832
160221
160271
161479
161810
163079
163117
163310
166804
166900
166962
169632
169688
170222
172076
172086
172105
174086
174124
174732
174754
176622
176638
176647
176712
177163
177674
177707
179583
179621
179696
179714
179723
179738
179900
180264
180324
180756
181310
182956
182959
182991
183000
183075
183106
183155
183222
183283
183325
183682
184300
186399
186406
186407
186421
186462
186489
186512
187033
188206
188224
188591
189134
189768
189785
190141
191040
191099
191153
191158
191454
191716
192158
195205
195384
195389
196162
198058
198865
198874
198881
198890
199799
201060
201077
201081
201949
201984
201997
203487
203500
203878
204195
204202
204303
204418
204677
205761
206105
206176
206238
206329
206886
206968
206985
207393
208588
208604
208662
208735
208897
209058
209366
209493
209504
209530
209592
209926
209956
209975
210080
211034
211116
211137
211169
211178
211183
211196
211241
211275
211520
211648
211880
211927
212085
212437
212450
212455
212514
213554
213557
213561
213567
213584
213661
213671
213729
213751
213825
213899
213920
213941
214206
214265
214552
214564
215382
215402
215410
215422
215543
215609
215619
215627
215646
216580
216596
216608
216622
216654
216662
216780
216814
216835
217139
217144
217146
217147
217151
217170
217175
217176
217182
217213
217214
217498
217516
217569
218065
218099
218101
218105
218111
218115
218149
218150
218154
218167
218190
218205
218209
218228
218565
218573
218840
219785
219937
219973
219978
219979
219989
219994
220007
220035
220041
220049
220100
220101
220110
220113
220123
220129
220147
220162
220186
220189
220196
220214
220220
220913
220929
220934
221547
221615
221903
221933
222714
222900
222913
222922
222929
222936
222940
222961
222977
222981
222984
222985
222993
223010
223019
223023
223024
223065
223066
223076
223088
223094
223122
223136
223139
223993
223994
224009
224016
224026
224177
224817
224849
225147
225172
225250
226043
226077
226128
226133
226136
226138
226144
226171
226204
226221
226235
226264
226384
227066
228048
228720
228726
228738
228749
228757
228782
229042
229304
229351
229372
229766
230297
230435
230449
230454
230515
230972
231077
231081
231136
231404
231616
232137
232195
232312
232347
232349
232369
232779
234633
234638
234652
234653
235273
236124
236590
237797
237803
238139
238241
238580
238825
240114
240124
240130
240133
240574
240614
240617
241397
242117
242129
242181
242198
242215
242247
242271
242645
242711
242906
244220
244273
244348
244619
244704
244786
244826
245635
245752
245856
245871
245953
246139
246298
247418
247502
247565
247612
247615
247638
247775
247836
248018
248135
248171
248381
248705
248783
249048
249053
250086
250123
250184
250239
250317
250435
250507
250762
251102
251544
252697
252781
252806
252911
253042
253046
253049
253066
253107
253109
253112
253127
253129
253139
253162
253193
253199
253209
253392
253669
253748
253778
253976
254073
254453
255500
255564
255572
255640
255682
257243
258773
258839
258848
258856
258890
258928
258964
259056
259098
259120
259123
259134
259147
259163
259179
259429
259487
259493
259525
259912
260718
261515
261650
262021
262058
262283
263868
263933
263997
264794
264813
264816
264842
264902
264926
264956
264964
265173
266048
266108
266170
266175
267510
267590
267609
267641
267655
267705
268019
268242
268279
268639
269203
269382
270463
270603
270637
270674
270727
270746
270753
270754
270817
270826
270839
270885
270925
270960
270982
270983
270995
270998
271001
271553
272122
272130
272133
272160
272172
272259
272276
272671
272832
273279
273458
273466
274107
274168
274207
275091
276131
276198
276240
276254
276256
276259
276273
276289
276290
276293
276349
276398
276410
276670
277151
277154
277174
277258
278052
278165
279273
280106
280145
280267
280761
280801
281022
281778
282343
282694
282934
283609
283612
283733
283742
283810
283986
284005
284108
284408
284493
284914
286463
286496
286501
286509
286670
286785
286902
286934
287122
287257
287302
287378
287419
287702
287790
287848
287927
287942
288379
288479
288822
288886
288996
289264
289691
289852
290126
290130
291654
291769
291791
291839
291847
292216
292468
293095
294521
296734
297851
297855
297883
297898
297932
297957
297968
297972
297981
298266
298386
298502
298884
298887
298898
298903
298929
299013
299375
299589
300496
300723
301023
302348
302377
302381
302436
302525
302526
302529
302738
302919
303272
303370
306013
306190
307092
307105
307111
307149
307165
307177
307208
307233
307239
307250
307259
307260
307264
307266
307404
307471
307486
307683
308059
308076
308748
309090
309338
309833
310240
310671
310672
310683
310693
310699
310722
310797
310800
310896
311014
311157
311175
311193
311946
312155
312489
313284
313335
313346
313365
313386
313405
313408
313421
313454
313617
313839
313842
314012
314180
314632
314665
314667
314672
314740
315116
317322
317340
317391
317394
317409
317468
317493
317526
317545
317580
317718
317754
317770
318003
318012
318552
318858
319486
319784
319985
319991
321072
321365
321808
322947
322964
322970
322973
322974
322976
322977
322980
323007
323012
323026
323054
323060
323063
323070
323073
323203
323288
323304
323423
323647
323681
323712
324565
324835
324861
324925
324927
325783
325862
326497
326515
326522
326530
326532
326544
326560
326570
326583
326601
326608
326624
326633
326640
326649
326650
326653
326657
326665
326673
327466
327672
327720
328473
328658
329401
329405
329413
329434
329442
329447
329523
329529
329540
329554
329562
329569
329570
329577
329586
329655
329904
330292
330352
330394
330518
330525
330829
330832
330855
331391
331634
331644
331681
331685
331707
331719
331737
331750
331751
332003
332130
332146
332265
332293
332691
332751
333046
333128
333371
333375
333379
333389
333395
333514
333563
333723
333727
333733
333756
334439
334468
334475
334481
334503
334509
334511
334513
334521
334531
334532
334538
334542
334547
334548
334561
334566
334572
334592
334599
334611
334622
334632
334652
334659
334660
334672
334677
335247
335800
336088
336123
336563
336613
338013
338042
338067
338076
338115
338138
338141
338161
338162
338163
338169
338170
338171
338177
338180
338195
338198
338205
338208
338213
338221
338228
338229
338235
338255
338256
338265
338266
338269
338272
338284
338289
338320
338342
338344
339088
339587
339606
339676
339711
340258
341849
341858
341876
341878
341884
341907
343172
343173
343178
343197
343227
344459
344460
344471
344483
344487
344494
344510
344511
344518
344544
344547
344549
344562
344565
344576
344845
345092
345123
346272
346914
346930
347779
347805
347808
347835
347839
347863
347864
347890
347892
347905
348185
348407
348494
348499
348594
350767
350780
350842
350868
350946
350949
350951
350953
351249
351316
351383
351479
351482
351725
352731
352753
352834
353780
354138
354146
354163
354209
354233
354504
354921
356961
357132
357166
357248
357308
357342
357348
357357
357579
358020
359371
359618
359772
360363
360372
360393
360413
360428
360547
360568
360733
361329
361350
361422
361425
361764
362389
362728
363293
363323
363390
363423
363477
363507
363545
363549
363579
364189
364204
364226
364344
364410
364414
364593
364602
364695
364737
365417
365428
365496
365513
366459
366463
366465
366474
366491
366527
366929
367147
367152
367303
367426
368103
368266
368271
368276
368280
368414
368415
368940
369362
369680
369681
370180
370208
370211
370217
370233
370239
370316
370341
370383
370436
370437
371089
371204
371449
371558
371572
371608
372070
372329
372331
372347
372353
373612
373627
373634
373636
373749
373755
373873
373878
374028
374485
374776
374858
374878
375274
375663
375681
375685
376586
376928
376979
376988
377001
377014
377023
377024
377039
377045
377058
377061
377087
377115
377146
377561
377730
377977
378044
378205
378274
379138
379146
379268
379865
379871
380047
380283
380316
380322
380332
380335
380338
380343
380378
380383
380394
380397
380412
381105
381579
381709
381714
382360
382606
382607
382611
382613
382616
382622
382623
382626
382627
382630
382632
382633
382641
382643
382646
382649
382654
382661
382676
382678
382681
382685
382693
382696
382698
382713
382720
382753
382947
383171
383206
383474
383516
383562
384267
384275
384346
384419
384459
384602
384603
385168
385353
385359
385360
385376
385380
385396
385400
385407
385507
386675
386970
387628
387631
387650
387651
387664
387667
387675
387676
387677
387682
387683
387684
387699
387704
388475
390641
390677
390679
390690
390693
390694
390697
391176
391243
391545
392145
392229
393468
393487
393531
393538
393543
393544
393550
393630
393800
394372
394939
396666
396713
396714
396807
396957
396959
397270
397568
399483
399492
399498
399503
399505
400107
400153
400356
400811
400829
400862
401016
401928
401969
401974
401975
401985
401991
401992
402317
402567
402621
402685
403206
403867
405118
405150
405164
405167
405169
405177
405178
405185
405214
405525
405984
406039
406183
406331
406400
407295
408655
408932
408933
408950
408956
408986
409539
409572
409667
409868
409992
410173
410188
410355
411186
412515
412572
412676
413155
413859
415988
416004
416005
416006
416029
416031
416047
416087
416121
416163
417000
417174
417478
417479
417630
417644
417965
418870
419442
419497
419545
420443
420836
420863
421746
422555
422819
422821
422826
422852
422856
422857
422883
422959
423066
423270
423278
423637
423838
424010
424064
424236
424379
425092
425168
425530
425631
426051
426742
427181
427505
427509
427516
427518
427525
427526
427530
427543
427620
427713
427838
428108
428156
428228
428800
428825
429125
429755
429757
429764
430202
430383
430526
430528
430535
430543
430545
430553
430554
430586
430588
430679
430683
431568
432236
432263
432312
432956
433312
433372
434082
434099
434101
434105
434111
434141
434163
434178
434181
434421
434667
434788
434941
434964
435478
435511
435666
436045
436111
436583
436767
436791
437422
437921
437934
437952
437955
437957
437961
438110
438117
438162
438546
438816
438953
439201
439233
439440
2002 AX17
2002 AB56
2002 AD140
2002 CN10
2002 CH14
2002 CM14
2002 CC17
2002 CK44
2002 CQ116
2002 CT133
2002 CL140
2002 CU225
2002 CN291
2002 CH318
2002 DF21
2002 EX66
2002 FB33
2002 GU9
2002 GV101
2002 GW107
2002 GK110
2002 GB159
2002 GN183
2002 GG189
2002 HM5
2002 HA13
2002 HO18
2002 JY13
2002 JG14
2002 JB68
2002 JZ149
2002 KT3
2002 KO16
2002 KU16
2002 LW56
2002 LW62
2002 LA64
2002 MY3
2002 MA6
2002 MS7
2002 NT3
2002 NC6
2002 NW11
2002 NY29
2002 NA60
2002 NQ62
2002 NT64
2002 NG69
2002 NJ71
2002 NA73
2002 NC75
2002 NP75
2002 NR75
2002 NZ75
2002 NG76
2002 NV78
2002 OL12
2002 OS25
2002 OX25
2002 OM35
2002 OB36
2002 OF36
2002 OS36
2002 OL37
2002 PO7
2002 PR7
2002 PS31
2002 PH62
2002 PF65
2002 PP70
2002 PZ75
2002 PJ76
2002 PA80
2002 PO80
2002 PG83
2002 PW111
2002 PM112
2002 PE120
2002 PP123
2002 PW138
2002 PD141
2002 PJ152
2002 PH154
2002 PQ162
2002 PT164
2002 PM170
2002 PJ172
2002 PP172
2002 PS172
2002 PQ173
2002 PX180
2002 PZ184
2002 PE188
2002 PK189
2002 PA191
2002 PS193
2002 PD195
2002 PN198
2002 PC200
2002 PF200
2002 PW200
2002 QU
2002 QX3
2002 QO11
2002 QO21
2002 QN24
2002 QN32
2002 QN38
2002 QN47
2002 QZ49
2002 QG52
2002 QE54
2002 QD63
2002 QC68
2002 QR69
2002 QK71
2002 QV82
2002 QQ88
2002 QC91
2002 QX91
2002 QK92
2002 QT96
2002 QW96
2002 QM97
2002 QQ105
2002 QA106
2002 QN106
2002 QU107
2002 QN110
2002 QQ111
2002 QC114
2002 QK117
2002 QS121
2002 QV121
2002 QW121
2002 QY121
2002 QG124
2002 QB125
2002 QJ126
2002 QN126
2002 QU127
2002 QZ131
2002 QW132
2002 QX132
2002 QX134
2002 QE137
2002 QF139
2002 QQ139
2002 QC141
2002 QC143
2002 QL143
2002 QZ144
2002 QA146
2002 QD146
2002 QF146
2002 QD147
2002 QL149
2002 QQ151
2002 QR152
2002 QE153
2002 QZ153
2002 QJ155
2002 RF9
2002 RX30
2002 RR58
2002 RR60
2002 RY75
2002 RO78
2002 RV78
2002 RJ79
2002 RB85
2002 RD109
2002 RU111
2002 RO112
2002 RT115
2002 RN124
2002 RX131
2002 RY136
2002 RU137
2002 RP142
2002 RZ160
2002 RC164
2002 RV173
2002 RN184
2002 RZ190
2002 RM201
2002 RU208
2002 RU210
2002 RY220
2002 RR225
2002 RW238
2002 RK239
2002 RB245
2002 RS246
2002 RJ258
2002 RM262
2002 RG263
2002 RL266
2002 RE268
2002 RB279
2002 RQ280
2002 RB286
2002 RL286
2002 RV290
2002 RX290
2002 RH291
2002 RV291
2002 RS293
2002 RD294
2002 RK294
2002 SV1
2002 SR7
2002 SW8
2002 SM12
2002 SK26
2002 SC35
2002 SG36
2002 SO56
2002 SD59
2002 SR59
2002 SU64
2002 SH70
2002 TV10
2002 TZ17
2002 TB18
2002 TG21
2002 TR34
2002 TO37
2002 TA49
2002 TL55
2002 TR55
2002 TU58
2002 TS59
2002 TZ60
2002 TV61
2002 TV62
2002 TV64
2002 TA68
2002 TG69
2002 TW70
2002 TW71
2002 TR75
2002 TC90
2002 TP91
2002 TR96
2002 TZ99
2002 TB183
2002 TK189
2002 TC222
2002 TO232
2002 TT235
2002 TR310
2002 TE343
2002 TB101
2002 TG109
2002 TA114
2002 TC378
2002 TJ120
2002 TR380
2002 TG122
2002 TO126
2002 TT126
2002 TF387
2002 TP131
2002 TM132
2002 TX141
2002 TN145
2002 TJ148
2002 TU151
2002 TY160
2002 TF166
2002 TD169
2002 TF171
2002 TO173
2002 TB183
2002 TV187
2002 TK189
2002 TS190
2002 TF205
2002 TC222
2002 TO232
2002 TB233
2002 TT235
2002 TU275
2002 TR278
2002 TN292
2002 TG298
2002 TM300
2002 TR310
2002 TE343
2002 TB352
2002 TJ356
2002 TM356
2002 UA2
2002 UJ2
2002 UX13
2002 UH23
2002 UJ46
2002 US52
2002 UQ63
2002 UJ66
2002 UR71
2002 UD75
2002 UQ78
2002 UL79
2002 VH12
2002 VB15
2002 VJ15
2002 VY45
2002 VE71
2002 VB85
2002 VY88
2002 VH90
2002 VR92
2002 VJ123
2002 VU125
2002 VV132
2002 VO142
2002 WH2
2002 WE5
2002 WR11
2002 WH29
2002 WX31
2002 XO12
2002 XG16
2002 XA25
2002 XT37
2002 XA38
2002 XF46
2002 XW71
2002 XL117
2002 XR117
2002 XX117
2002 YS11
2003 AT55
2003 BU35
2003 BE46
2003 BQ54
2003 DC10
2003 RL7
2003 SB68
2003 SA151
2003 SN329
2003 YR2
2004 BR26
2004 CR6
2004 JT20
2004 RA62
2004 RY307
2005 JY184
2005 LW41
2005 MN14
2005 NZ15
2005 NS28
2005 ND45
2005 NT64
2005 NE81
2005 OZ12
2005 OA20
2005 OU21
2005 PE8
2005 QO6
2005 QB12
2005 QM80
2005 SF5
2005 SJ254
2005 TK175
2005 VC118
2006 AN43
2006 BT99
2006 KN101
2006 PV10
2006 PS29
2006 QW11
2006 QF19
2006 QY39
2006 QA64
2006 RQ60
2006 RM74
2006 RG75
2006 SM28
2006 SS68
2006 SR122
2006 SU138
2006 SZ167
2006 SG303
2006 SP356
2006 TH86
2006 UY28
2006 UP95
2006 UH239
2006 UX339
2006 VP19
2006 VR61
2006 VU63
2006 VG70
2006 WT98
2006 WM130
2006 WF177
2006 XC36
2006 XG51
2006 XX71
2007 AB13
2007 DO49
2007 ET
2007 ES67
2007 GU3
2007 MZ23
2007 RR24
2007 RG50
2007 SD19
2007 TE70
2007 TM161
2007 TG444
2007 TS358
2007 VY11
2007 VU56
2007 VR143
2007 YO1
2008 AL4
2008 AJ17
2008 AS72
2008 BQ23
2008 FQ38
2008 FP114
2008 FX137
2008 GQ38
2008 HC7
2008 KP23
2008 SX90
2008 SN264
2008 SE306
2008 TO94
2008 TB163
2008 UA5
2008 UG97
2008 UT199
2008 UY300
2008 VB68
2008 WC11
2008 WG95
2008 YV112
2008 YX164
2009 AY20
2009 BO10
2009 BT63
2009 BP89
2009 BS184
2009 CH15
2009 CC30
2009 DV9
2009 DK123
2009 DL123
2009 EC17
2009 FT39
2009 FO46
2009 FT46
2009 FD49
2009 FP55
2009 GH3
2009 OL1
2009 OZ6
2009 OJ15
2009 PQ5
2009 PK15
2009 PL20
2009 PB21
2009 QX16
2009 QB25
2009 QU31
2009 RX3
2009 RQ23
2009 RY74
2009 SW2
2009 SM57
2009 SZ362
2009 SF130
2009 SN186
2009 SU213
2009 SU231
2009 SF234
2009 SG269
2009 SS271
2009 TM1
2009 TF12
2009 TG21
2009 TM37
2009 TH39
2009 UP8
2009 US13
2009 UY73
2009 VO30
2009 VQ38
2009 VF59
2009 VK109
2009 WD9
2009 WQ24
2009 WE35
2009 WN36
2009 WX77
2009 WL159
2009 WP162
2010 ED31
2010 JR93
2010 KJ125
2010 NO71
2010 RS108
2010 TC81
2010 TW161
2010 TR168
2010 UO12
2010 US12
2010 UM34
2010 UJ91
2010 VE95
2010 VT107
2010 WB50
2010 WH65
2011 AU7
2011 CD30
2011 JS
2011 LE20
2011 OU59
2011 QK9
2011 SS71
2011 SP159
2011 SV189
2011 SW198
2011 SQ247
2011 TF1
2011 TD10
2011 UC
2011 UG404
2011 VK1
2011 WU132
2011 WZ148
2011 WW151
2011 YS20
2011 YC60
2012 BP21
2012 BL75
2012 BT85
2012 CF17
2012 CY40
2012 DW
2012 DT23
2012 DZ84
2012 FU49
2012 GS1
2012 GA29
2012 HC
2012 HU17
2012 KE11
2012 KT43
2012 MR6
2012 NW
2012 PC6
2012 RF
2012 RC9
2012 RS10
2012 RA35
2012 RE38
2012 RT42
2012 RL43
2012 SQ60
2012 TG5
2012 TQ19
2012 TL37
2012 TT44
2012 TD93
2012 TJ118
2012 TE121
2012 TL131
2012 TO135
2012 TR168
2012 TO189
2012 TM195
2012 TM210
2012 US70
2012 VG82
2012 XM67
2013 AC17
2013 CR40
2013 DT9
2013 EY87
2013 EA89
2013 GO80
2013 HF
2013 HO28
2013 JB57
2013 LJ7
2013 LP30
2013 NR11
2013 NE20
2013 OJ4
2013 OY9
2013 PZ33
2013 QB33
2013 QC39
2013 QC46
2013 QB61
2013 QQ83
2013 RK32
2013 RY43
2013 SA41
2013 SG51
2013 SC86
2013 TU34
2013 TK76
2013 TH93
2013 TA95
2013 TD95
2013 TL97
2013 TC105
2013 TN116
2013 TE125
2013 TP129
2013 TZ138
2013 UX1
2013 VP21
2013 WG
2013 WU97
2013 WG106
2013 WK106
2013 XQ2
2013 YY29
2013 YE65
2013 YY75
2013 YK78
2013 YM128
2014 CO9
2014 CT19
2014 DN
2014 EA
2014 EA5
2014 EG24
2014 GO1
2014 GR49
2014 HA1
2014 HP46
2014 HK178
2014 KY39
2014 KQ40
2014 KJ49
2014 MO19
2014 OZ377
2014 OW207
2014 RO16
2014 SB165
2014 TW81
2014 UC116
2014 WF
2014 WX101
2014 YA47
2015 DP199
2015 DS215
2015 DG219
2015 FT36
2015 JX2
2015 KV132
2015 LU4
2015 MU11