id
66008
102067
133819
139472
141484
159793
181330
181771
193331
203727
205032
209264
217025
219007
225333
239960
243618
248298
252256
258333
260174
266691
270313
271073
277162
282431
297419
307240
317379
317465
322724
327016
333305
337066
357023
363237
365343
367457
376761
376891
380710
382456
382484
390636
396849
398089
400596
401926
405198
405216
409539
410002
410830
413907
415818
425435
434325
439452
1998 TN
2001 VH110
2002 JP2
2002 JE14
2002 YP15
2003 QC43
2004 PH93
2004 RU220
2005 QJ170
2006 FM46
2006 SJ363
2006 UT60
2007 RG147
2007 VD188
2008 YE165
2010 PG49
2010 VL187
2010 XE24
2011 GQ64
2012 BD74
2012 JN1
2012 VK19
2012 VH99
2013 EP10
2013 NZ11
2014 MU17
2004 BY118
2006 KS60
2006 UG117
2008 RF50
2013 OE3
2014 ME41
2014 OO145
2015 HD80