id
125159
128301
129137
152297
152519
154417
156252
159162
172819
180265
184306
184929
186125
187018
187470
188020
188976
191107
195152
197620
200035
211992
214508
214514
219837
220335
226361
228115
229832
237710
241956
247297
247341
248183
248986
248990
249180
249225
249476
249545
252698
257399
257404
257987
262002
263699
263834
264164
269621
274566
283532
284217
284663
291385
295710
296513
296809
301005
301008
307569
312457
312614
315938
316157
316160
316461
316617
317316
320093
320800
321120
321987
322058
322167
322569
325679
334319
337832
340953
341004
341856
341857
343159
343663
343995
346267
346883
347299
350006
350193
353197
353201
353738
355765
355779
356449
356915
359000
359969
369886
371743
374613
375244
376523
377110
378620
378652
378680
378686
379531
381422
385340
389353
389561
390331
392446
393182
394821
396412
412394
415444
416225
418230
420715
429410
432325
436754
437759
2001 SG355
2002 VV144
2007 EH99
2008 EC54
2008 GT66
2008 HU11
2008 HR31
2008 SK146
2008 VV53
2011 KS21
2011 OD29
2011 YL47
2012 TM15
2013 BH
2013 BM
2013 CS61
2013 RQ53
2013 TH32
2013 TR74
2013 TZ79
2014 KC91
2014 UN88
2014 UW169
2014 VF8
2014 VP24
2014 WV364