id
2940
5540
6620
7403
8147
8623
8626
8843
9878
10787
10966
10968
11105
11141
11507
11978
12082
12090
12192
12676
13140
13252
13449
13580
13645
13771
14144
14325
14704
14980
15342
15497
15650
15837
15958
16001
16253
16389
16550
17032
17097
17201
17340
17534
18257
18264
18321
18445
18450
19042
19360
19474
19606
19643
19784
19865
19893
19950
20047
20122
20132
20211
20218
20447
20696
20792
20923
21610
21918
21920
21978
21985
22157
22238
22247
22482
22499
22678
22787
22907
23024
23064
23067
23191
23243
23356
23369
23375
23390
23517
23534
23537
23542
23558
23618
24248
24369
24396
24549
24566
24786
24791
24954
24957
25080
25210
25272
25291
25498
25541
25612
25657
26052
26126
26362
26488
26518
26566
26685
27155
27433
27458
27606
27633
27902
28645
28797
28813
28814
28824
28839
28920
28942
28981
29123
29255
29278
29432
29838
29958
29983
30093
30397
30399
30451
30473
30908
30990
30998
31238
31261
31271
31282
31298
31321
31328
31370
31431
31699
31771
31947
32035
32060
32140
32198
32225
32233
32268
32293
32316
32327
32334
32337
32373
32402
32431
32463
32633
32662
32679
32708
32723
32729
32751
32828
32837
32846
32857
32868
32900
32916
33014
33158
33170
33205
33667
33746
33981
33999
34255
34317
34320
34477
34499
34537
34542
34547
34573
34659
34795
34860
34862
34946
34987
35054
35328
35338
35523
35646
35648
35777
36061
36062
36110
36134
36179
36195
36217
36598
36647
36762
36833
36887
37008
37014
37157
37212
37255
37264
37311
37408
37419
37434
37485
37505
37597
37701
37777
37778
37993
37997
38023
38024
38034
38265
38312
38347
38423
38447
38489
38491
38497
38510
38511
38562
38568
38569
38571
38656
38928
38979
39041
39077
39146
39147
39209
39238
39311
39314
39372
39433
39439
39455
39509
39671
39771
39967
40134
40141
40166
40168
40199
40206
40210
40418
40432
40546
40659
40770
40836
40852
40872
40890
40917
40928
41016
41071
41084
41114
41149
41152
41173
41182
41194
41221
41251
41302
41378
41384
41394
41456
41554
41984
42009
42037
42103
42127
42175
42202
42225
42257
42359
42394
42401
42434
42446
42516
42716
42717
42740
42750
42755
42756
42765
43045
43111
43135
43176
43178
43220
43283
43505
43544
43558
43612
43782
43783
43794
43823
43853
44201
44244
44466
44516
44542
44573
45067
45103
45400
45483
45541
45564
45611
45617
45618
45640
45652
45720
45726
46027
46040
46045
46084
46139
46141
46218
46265
46278
46309
46412
46472
46512
46525
46554
46618
46672
46745
47146
47164
47609
47668
47749
47802
47808
47883
47887
47924
47937
47982
47985
48070
48104
48322
48500
48574
48786
48792
48825
49468
49480
49481
49538
49542
49546
49616
50433
50467
50952
51059
51074
51114
51236
51243
51290
51299
51311
51416
51494
51811
51815
51827
51878
51900
51916
51957
51978
52084
52235
52631
52656
52660
52682
52731
52735
53139
53157
53263
53320
53326
53327
53398
53740
53802
53845
54218
54252
54534
54547
54572
54574
54586
54602
54609
54782
54797
55021
55072
55351
55354
55390
55487
55522
55592
55722
55756
55893
55917
55918
56278
56305
56518
56678
56751
56827
56830
56857
56865
56879
56884
56888
56906
56928
56956
56969
57007
57014
57046
57049
57457
57672
57895
57926
57948
57950
58011
58144
58224
58238
58296
58360
58397
58541
58544
58787
58804
58873
58893
58895
58905
58965
59128
59374
59632
59666
59668
59680
59768
59817
59845
59871
59897
59919
59925
59938
59965
59976
60008
60050
60068
60114
60147
60205
60329
60379
60473
60503
60702
60725
61070
61207
61352
61355
61533
61602
61668
61678
61753
61990
62014
62038
62075
62084
62119
62126
62163
62197
62213
62248
62308
62311
62415
62434
62467
62479
62481
62504
62506
62629
62633
62643
62770
62831
62846
62858
62862
62911
62917
62920
62922
62924
62943
62947
62990
63022
63045
63085
63172
63183
63347
63362
63456
63584
63880
63888
64202
64700
64938
65036
65053
65065
65077
65100
65116
65155
65169
65278
65302
65315
65322
65339
65429
65446
65557
65587
65621
65826
65827
65854
66005
66010
66016
66025
66027
66032
66053
66075
66158
66203
66658
66895
67041
67064
67082
67124
67133
67148
67172
67333
67384
67437
68210
68244
68248
68260
68266
68274
68341
68354
68472
68515
68631
68672
68735
68834
68864
68907
68908
68980
68988
68998
69054
69108
69214
69387
69557
69789
69840
69851
69874
69884
69968
70023
71137
71222
71267
71272
71298
71327
71443
71444
71474
71484
71501
71508
71542
71550
71579
71606
71610
71620
71621
71635
71652
71661
71663
71667
71696
71711
71716
72359
72369
72370
72415
72554
72609
72688
72692
72697
72706
72739
72747
72831
72838
72842
72856
72877
72888
72890
72891
72893
73175
73286
73437
73451
73459
73488
73532
73536
73554
73734
73976
74145
74147
74390
74407
74422
74431
74438
74445
74475
74497
74960
75949
76026
76050
76194
76231
76241
76252
76276
76519
76534
76552
76567
76591
76643
76703
76717
76731
76765
76779
76785
77454
77468
77494
77595
77598
77616
77660
77671
77695
77708
77748
77758
77773
77787
77815
77825
77843
77846
77850
77868
77882
77889
78072
78098
78144
78173
78202
78232
78243
78344
78385
78422
78476
78490
78573
78576
78590
78629
78703
78778
78784
78891
78958
79279
79349
79484
79901
79927
80003
80015
80066
80080
80086
80087
81297
81629
81722
81828
81886
81917
81969
82054
82367
82454
82478
82490
82691
82737
82781
82875
82883
82918
82946
82957
82965
82975
82993
83045
83084
83105
83119
83131
83136
83150
83183
83362
83366
83390
83464
83553
83580
83609
83615
83644
83646
83678
83684
83706
83727
83731
83747
83748
83755
83806
83822
83832
83833
83839
83841
83862
83870
83880
83885
83910
83932
83967
84072
84183
84388
84424
84648
84837
84843
84884
84988
85177
86092
86095
86103
86105
86109
86114
86134
86149
86164
86174
86187
86205
86207
86213
86245
86256
87006
87138
87213
87646
87658
87695
87770
87962
88009
88032
88085
88125
88139
88163
88170
88171
88179
88183
88224
88232
88521
88555
89107
89130
89167
89297
89428
89679
89735
89745
89803
89838
89859
89868
89906
89926
89933
89939
90245
90278
90339
90379
90500
90684
90774
91168
91176
91181
91195
91479
91547
91549
91550
91649
91669
91678
91715
91726
91800
91839
91858
91873
91888
91899
91903
91927
91941
91969
92011
92051
92078
92089
92095
92131
92136
92160
92186
92187
92202
92232
93527
93563
93957
94009
94033
94185
94186
94248
94264
94281
94286
94287
94300
94317
94320
95321
95384
95438
95440
95441
95477
95498
95532
95543
95589
95686
95948
95960
96067
96187
96576
96859
96866
97070
97365
97397
97451
97453
97519
97583
97613
97614
97647
97652
97660
97665
97690
97696
97721
99079
99081
99191
99198
99236
99267
99326
99398
99707
99806
99843
99870
99883
100012
100052
100199
100233
100916
101921
102033
102072
102627
102856
103243
103643
103668
104097
104101
104329
104443
104462
104836
104851
104858
104892
104939
104977
105000
105119
105338
105414
105427
105559
105614
105618
105657
105728
105757
105850
105994
106000
106018
106033
106036
106067
106088
106097
106113
106156
106172
106181
106234
106240
106258
106281
106316
106318
106379
106472
106485
106492
106637
106642
106682
106707
106728
106738
106741
106757
106785
106800
106801
107151
107448
107570
107659
107863
108039
108445
108481
108677
108696
108699
109114
109268
109311
109327
109427
109435
109732
109749
109768
110030
110070
110189
110357
110358
110561
110663
110721
111010
111134
111145
111257
111422
111504
111565
111581
111585
111614
111657
111682
111738
111745
111866
111950
112484
113170
113254
113333
113334
113343
113551
113607
113621
113649
113713
113723
113783
113785
114201
114237
114243
114275
114647
114676
114733
114735
114743
114907
115025
115128
115211
115218
115235
115286
115369
115411
115659
115662
115716
115771
115791
115818
115829
116099
116321
117017
117152
117212
117218
117278
117433
117659
117682
118087
118449
118974
119007
119034
119773
119874
119895
121459
121736
121843
121919
123499
123695
123779
123865
123868
123869
123925
123976
124003
124013
124036
124041
124082
124133
127053
127061
127201
127408
127412
128060
128265
128269
128586
128775
128843
129026
129053
129114
129162
130155
130314
130601
131330
131461
131464
131475
132786
132800
132947
132952
132975
133015
133518
133549
134999
135065
135078
135102
135104
135108
135122
135213
135362
135374
135929
135994
136080
136089
136127
136183
136283
136308
136374
136385
138637
138685
138775
138819
138823
139756
140129
140136
140262
140287
140563
140630
140855
140896
140956
141146
141318
141437
143302
144491
144584
145456
146186
146242
146263
146729
147868
148138
148447
148459
149135
149544
149759
149772
149779
149910
150037
150038
150272
150320
151374
151881
154613
155583
157348
157466
158782
159291
159824
160150
160257
161080
161148
161442
161450
162471
162936
162949
162976
163579
163599
163621
163632
164137
164375
165771
165944
168711
169185
169355
169950
170103
172971
173499
174490
176046
176590
177528
189195
189423
189816
191199
191484
192450
193763
195709
196113
197123
197389
201403
203810
206678
213792
221380
221428
224774
232689
242425
243248
247175
248958
249003
254415
286423
1993 FX49
2004 RM45
2007 PT7
2010 AE86
2010 AR135
2010 AX136
2010 BH19
2010 BG22
2010 BW90
2010 BD94
2010 BJ113
2010 CM8
2010 CR191
2010 CP194
2010 CD225
2010 DU24
2010 DD85
2010 HA66
2010 HC94
2010 JP100
2010 KN65
2010 LV
2010 LR10
2010 LY17
2010 LV31
2010 LP98
2010 MZ10
2010 MC81
2010 OR16
2010 OU58
2010 OF67
2010 OP100
2011 AO75