id
4754
5130
9818
18054
30708
32397
32726
37519
48373
54638
116930
124695
125045
157470
166211
186138
189377
190229
195309
195315
225624
226358
228010
228088
231612
263080
263811
294159
299537
300999
315203
315918
321113
341909
344340
347296
351210
355835
356214
356228
356270
359966
375241
415265
435560
437285
437314
2008 KJ34
2009 UF100
2009 WG152
2010 VX23
2010 VW114
2014 UL160
2015 HE133
2005 BC43
2006 DK167
2006 EP74
2007 FV36
2012 TP52
2013 SP62
2014 DP123
2014 EE3
2014 TX75
2015 GG16
2015 HQ128