id
151883
159633
170013
195041
196318
196488
200027
200042
215020
219881
219905
220351
222827
225209
226036
226349
228103
243316
243318
249241
252683
257201
257204
257400
263814
264084
264130
266656
275116
289734
295701
296581
297160
301580
310645
312468
312612
313580
315915
315940
315944
316629
319282
321603
321656
326123
343174
344556
350060
350801
352155
352662
352692
353187
353342
353753
354202
354354
354364
355286
355782
356235
356264
356275
357183
374580
376543
378592
388891
390362
392454
393156
398095
413192
429759
429969
437730
2002 ER157
2002 QE60
2002 QU97
2006 EC26
2006 RT3
2008 HG69
2008 RG46
2008 SJ20
2009 KS5
2009 UP3
2010 XU57
2013 AH36
2013 BC
2013 BB19
2013 CH13
2013 CA21
2013 TC78
2014 UM94
2015 JL2
2015 LW2