id
163102
188574
195312
195318
207892
220356
221913
222821
223268
228101
228113
228862
229822
231621
243315
252720
253330
253356
254079
257406
258597
258656
259343
263812
263815
264075
264770
274506
275059
279282
295513
296665
296707
296757
297144
297195
297196
306177
309733
310670
312467
312476
312482
312616
312617
315943
316484
318101
321584
321611
325641
326212
331107
344014
344435
348402
349592
350061
350191
353203
353210
353355
354144
354351
355768
355810
355830
356242
356245
356893
358966
358988
359350
359960
360057
360088
362965
366262
388898
388903
389317
393170
393474
396409
420749
426992
426993
430375
432615
433674
436140
2002 CY315
2002 GJ8
2002 WP31
2004 BT1
2008 RN109
2009 UD78
2010 CU139
2010 VU82
2011 YV7
2012 YE1
2013 AD8
2013 AL23
2013 AZ31
2013 AQ39
2013 AX53
2013 AC71
2013 AC112
2013 AW129
2013 BS16
2013 BP34
2013 BU42
2013 BV50
2013 CR12
2013 CA51
2014 DK140
2014 EW31
2014 KR39
2014 WA120
2015 BG513