id
1580
3954
4320
4847
4906
5020
5332
5341
5634
5643
5751
5989
6053
6055
6263
6313
6316
6615
6629
6774
6871
6966
7117
7122
7242
7254
7358
7445
7671
7823
7962
8207
8275
8287
8298
8299
8476
8541
8574
8603
8684
8725
8757
8938
8972
8979
9125
9138
9197
9232
9305
9382
9450
9492
9495
9524
9571
9733
9819
9874
9890
9940
9992
10038
10125
10129
10130
10178
10238
10572
10728
10754
10796
10984
11027
11049
11088
11248
11537
11624
11679
11764
11778
12057
12120
12164
12198
12217
12364
12467
12513
12516
12589
12680
12744
12770
12822
12833
12834
12836
13034
13156
13190
13251
13273
13495
13626
13665
13719
13847
13920
14017
14043
14209
14312
14318
14347
14499
14587
14590
14629
14850
14851
14862
15228
15279
15287
15435
15547
15606
16026
16083
16169
16409
16414
16477
16600
16625
16981
17048
17248
17325
17498
17774
17886
17898
17913
18357
18358
18382
18389
18421
18495
18617
18747
18758
18762
18767
18772
18885
19138
19154
19157
19221
19576
20234
20237
20431
20442
20451
20507
20561
20786
20990
21099
21159
21286
21298
21412
21475
21630
22121
22268
22283
22445
22509
22859
22894
23194
23726
23738
24242
24265
24495
24674
24796
24987
24990
25012
25419
26029
26231
26236
26272
26276
26283
26385
26409
26453
26943
27020
27067
27076
27095
27380
28083
28379
28724
29213
29637
29662
29746
30127
30355
30717
30898
31115
31347
31372
31393
31411
31434
31447
31832
31945
32008
32178
32910
32940
33387
33391
33474
33791
33933
33949
34150
34505
34851
34884
35113
35219
35353
36429
36487
37393
38202
39002
39175
39551
39609
39825
42869
43362
44071
44082
44098
44160
44764
44810
44889
45830
45870
45876
46556
46751
46755
46774
46788
47149
49715
49720
49767
50229
52805
53593
53602
53890
55329
56045
56439
58540
59135
60758
60950
61941
66199
66240
68569
70184
75747
91231
92516
98621
106659
111811
2010 BY92
2010 EQ161
2010 KA25
2010 LH129