id
424
460
795
858
860
1385
2125
2354
2570
2875
3363
3646
3647
3788
3844
3886
4417
4479
4662
4917
5840
6077
6216
6544
6760
6902
7272
7384
7728
8181
8333
8334
8419
8430
9208
9294
9645
9756
9924
10222
10272
10592
10629
10670
11417
11508
11566
11639
11835
11992
12358
12381
12484
12698
14090
14536
14745
15000
15370
15542
16071
16140
16148
16184
16498
16551
16891
17021
17307
17488
17775
17799
17833
18021
18111
18244
18806
18820
19265
19344
19480
19613
19829
19834
19879
19901
19968
20351
20647
20684
20746
20817
21198
21575
22064
22259
22332
22337
22395
22424
22426
22481
22675
22954
23171
23206
23213
23237
23287
23396
24197
24295
24301
24623
24864
25124
25132
25287
25487
25898
25957
26296
26412
26530
26557
26586
26715
26799
27414
27580
27697
27827
28100
28634
28689
29092
29476
29518
29523
29691
29836
29937
30655
30691
31281
31686
31797
32247
32270
32299
32379
32696
32703
33111
33321
33676
33707
34202
34279
34605
34634
34816
34958
34963
35319
35431
35486
35554
35583
36068
36087
36501
36703
36752
36875
37025
37103
37213
37660
37693
37757
38351
38393
38836
39221
39242
39553
39587
40515
40625
40941
40993
40999
41253
41322
41694
41782
41813
41968
42038
42093
42676
43125
43340
43441
43920
44154
44241
44362
44399
44450
44459
45140
45211
45231
45336
45476
45761
46166
46611
46717
46955
46981
46994
47045
47047
47051
47276
47330
47386
47485
47510
47571
47621
48181
48279
48353
48404
48539
48553
48556
48789
49356
49373
49392
49452
49551
49900
50321
50695
50738
50793
50923
51179
51668
51673
51783
51995
52098
52121
53149
53360
53374
53996
54219
54224
54381
54450
54830
54874
54915
55020
55248
55308
55851
56223
56940
56959
57133
57279
57299
57574
57586
57715
57774
57856
58427
58836
59700
60002
60020
60438
60768
60807
61366
61543
61587
61870
61974
62003
62187
62238
62305
62315
62393
62516
62560
62670
63095
63301
63613
63659
64204
64976
64987
65399
65451
65862
65898
66093
66160
66445
66651
66751
66812
66855
66902
66906
67063
67288
67312
68062
68538
68582
68789
69129
69424
69799
69806
69813
69816
70709
70769
70790
70817
70823
70875
70932
70968
71024
71037
71059
71151
71152
71265
71358
72202
72244
72378
72395
72523
72555
72591
72618
72722
72984
73939
74095
74212
74225
74262
74271
74299
74348
74381
75531
75611
75731
75803
75921
75955
75967
76016
76110
76268
76617
77309
77334
77439
77782
78139
78181
78263
78270
78467
78649
78763
78820
78904
79443
79914
79924
79954
80888
81432
81477
81593
81660
81687
81766
81781
81864
82351
82477
82600
82755
83028
83029
83087
83329
83410
83480
83545
83756
83886
83902
83935
84294
84332
84617
84828
84844
84958
84965
84967
84978
85014
85344
85391
85399
85755
85880
87632
87747
87756
87777
87870
87976
87992
87996
88047
88053
88055
88133
88700
88804
88894
89000
89170
89228
89303
89338
89341
89506
89526
89710
89851
89920
90133
90302
90332
90550
90743
90818
90827
91517
91569
91622
92829
92948
93208
93445
93714
93770
93848
93919
93931
94921
95056
95250
95323
95352
95392
95471
95476
95610
96138
96320
96389
96905
96925
97108
97167
97195
97204
97326
97388
97708
97765
98440
98658
98678
98844
98899
98918
99149
99225
99618
99631
99776
100145
100478
100705
100715
100929
101403
101843
102663
102736
102900
103321
103341
103588
103591
103613
103629
103685
103753
103831
103928
104013
104228
104241
104359
104375
104419
104555
105002
105134
105136
105216
105313
105436
105955
106135
107260
108321
108454
108917
109760
110240
110244
110309
110427
110524
110546
110583
110636
110637
110647
110689
110692
110693
110804
110843
110852
110940
110942
111041
111093
111130
111261
111408
111453
111465
112490
112562
112884
112916
113006
113129
113177
113258
113530
113953
114052
114337
114526
114598
114689
115455
115543
115580
115773
115990
116039
116114
116341
116842
117048
117175
117362
117578
117757
117800
117952
118002
118206
118265
118749
118773
118849
118967
119637
119735
119743
120528
120689
121280
121355
121412
121618
122653
122806
122957
123022
123122
123151
123294
123344
123415
123545
123718
123775
123784
124783
125922
126274
126667
126700
126808
126843
127054
127124
127499
127682
128111
128545
128605
128795
128911
128942
129152
129467
129678
129710
130100
131190
131199
131200
131221
131248
131281
131288
131302
131347
132324
132805
132816
133146
133252
133334
133348
133390
133405
133413
133453
133513
133588
133648
133670
133696
133746
134114
134222
134243
134353
134598
134812
135050
135451
135745
136024
136103
136392
136449
136767
136796
137169
137192
138047
138172
138297
138397
138498
138499
138500
139363
139490
139497
139519
139757
139758
139766
139818
139824
139947
140124
140193
140325
140334
140388
140400
140476
140528
140541
140556
141020
141116
141330
142685
142965
143108
143188
143244
143521
144156
144258
144509
144585
145062
145216
145444
145611
145624
145734
145777
146415
146522
146641
146664
146674
146714
146773
146774
146816
147417
148838
148912
148965
148980
148992
148997
149426
149456
149521
149541
149766
149827
149886
150001
150117
150178
150547
150938
151025
151134
151146
151258
151308
151862
152029
152075
152306
152383
153055
153157
153176
153184
153186
153889
153991
154021
154069
154070
154148
154797
154829
154879
155007
155066
155138
155156
155222
155260
155404
155446
155780
156499
156566
156627
157218
157331
157352
157823
158252
158511
158512
158552
158918
159279
159337
159643
159655
159670
160339
160341
160346
160347
160439
160578
161357
161403
161598
161639
161683
161697
161855
162405
162857
163345
163391
163978
164485
164540
164990
165073
166404
166416
166433
166443
166490
166491
166515
166539
166576
166619
167278
167482
167798
167812
167940
168175
168253
168562
168612
168629
168709
169240
169776
169935
169994
170023
170078
170654
170707
170789
171048
171124
171183
171459
171628
172185
172242
172264
172329
172383
172703
172762
172892
173434
173702
173708
173729
173757
174377
175017
175044
175045
175204
175495
175524
175782
176212
176226
176246
176256
176278
176304
176310
176383
176866
177346
177929
178059
178448
178450
179048
179163
179237
179271
179278
179302
179326
180060
180062
180385
180623
180684
180988
181011
181015
181016
181122
181123
181246
181358
181389
181454
181620
181873
182172
182486
182567
182572
182707
182723
184426
184512
184515
184546
184573
184586
184641
184693
184703
184706
184776
184957
185115
185207
185256
185333
185911
186236
186258
186602
186629
186916
187220
187343
187588
187703
188310
188678
189619
191144
191833
192075
192103
192145
192319
192370
192377
192669
192773
193519
193578
193648
193661
193675
193725
195078
195278
195279
195422
195464
195556
195571
195588
196537
196633
197010
197040
197179
198162
198202
198283
198368
198473
198681
199290
199296
199433
199467
199481
199515
199674
200214
200221
200260
200271
200276
200296
200492
201064
201559
201617
201629
201670
201673
201679
201692
201721
201725
201747
201776
201803
202275
202295
202341
202684
202800
203236
203715
203734
203744
203955
204039
204064
204080
204096
204111
204509
204701
204800
204854
204881
204982
205179
205180
205189
205994
206036
206066
206072
206111
206126
206193
206399
206654
207223
207263
207278
207279
207313
207579
207731
207735
207972
208869
208872
208908
208936
208938
209292
209315
209351
209865
210057
210074
210215
210316
210364
210528
210620
210894
211317
211364
211369
211399
211411
211753
211798
211803
211844
212183
212258
212351
212449
212499
212560
212680
213142
213330
213377
213395
213731
213735
213903
213997
214662
214673
214762
214945
215180
215275
215287
215302
215314
215324
216144
216186
216246
216443
216547
216987
216999
217000
217005
217224
217596
217795
218014
218272
218378
218742
218751
219003
219044
219407
219750
219776
219789
220339
221168
221207
221276
221339
221347
221375
221617
221694
221968
222347
222762
222781
223667
223685
223693
223704
223711
223719
223747
223765
223769
224570
224620
225583
225588
226057
226062
226704
226736
226782
226793
226856
226883
226884
227437
227468
227541
227864
228135
228867
228893
229136
229544
229556
229820
229886
229904
229977
230401
230640
230873
230944
231302
231310
231491
231535
231595
231941
232542
232555
232560
232574
232940
232965
233235
233289
233343
233394
233506
233667
233946
233962
234144
234345
234796
234806
234835
235218
235225
235308
235870
236008
236352
236577
236586
236626
236658
236809
236930
237005
237187
237261
237273
237419
237905
237928
237934
238035
238188
238211
238281
238285
238286
238289
238661
238725
239023
239164
239463
239695
239716
239830
240157
240192
240199
240412
240426
240658
240681
241015
241070
241164
241349
241359
241453
242469
242563
243256
243259
243513
243607
243891
243957
244916
244933
244975
245144
245291
245364
246241
246302
246760
246791
247337
247344
247441
247702
248104
248343
249171
249312
249907
249944
249990
250481
251190
251270
251289
251322
251445
252080
252359
252496
252497
252502
252557
252561
252621
252782
253303
253307
253327
254078
254805
254842
254849
254873
254956
254994
255037
255173
256140
256198
256213
256363
256404
256753
256885
257072
257110
257514
257886
258164
258244
258270
258373
258375
258444
258559
259833
260782
260883
260934
261019
261203
261215
261243
261277
261322
261413
261593
262250
262287
262318
262323
262545
262658
262815
262824
262844
263278
263611
263952
264723
265363
265380
265394
265609
265770
265790
265869
266379
266714
266766
266841
267483
267486
267487
268052
268101
268105
268473
268502
268504
268525
269062
269113
269416
269419
269428
270524
270530
271111
271897
272792
272912
272957
272976
272996
273045
273732
273784
273841
273972
273988
274367
274374
274605
274899
275345
275414
275463
275922
276422
276559
276565
276842
276909
276984
277621
277698
277752
277855
278698
278706
278715
279191
279321
279457
279516
279646
280143
280340
280344
280348
280354
280385
280620
281031
281051
281420
281462
281478
281523
281651
281662
281712
281713
281730
281955
281972
282074
282562
282636
282749
283095
283100
283617
283668
283685
283710
284052
284056
284077
284669
284807
284827
285058
285070
285174
285477
285499
285700
286149
286314
286348
287021
287099
287119
287263
287351
287372
287392
287411
287489
287509
287532
287931
288009
288020
288171
288529
288648
289072
289413
289781
289959
290062
290166
290190
290201
290276
290546
290554
290600
290643
290794
290929
291077
291118
291658
292127
292177
292374
292398
292442
292687
292837
292881
292931
293000
293091
293094
293164
293166
293186
293194
293282
293503
293549
293599
293789
294187
294334
294371
294564
294755
294779
295540
295554
295576
295828
295883
296101
296106
296546
296741
296857
297011
297376
298085
298222
298224
298250
298625
298670
298676
298692
298701
299170
299191
299208
300518
300740
301443
301740
301767
302724
302736
303138
303155
303156
303182
303199
304167
304248
304298
304345
304364
304455
304573
305128
305236
305275
305298
305308
305328
305818
306304
307916
308808
308809
308849
308851
308900
309041
309625
309655
309933
309965
310130
310248
310288
310355
310599
310600
311333
311683
311729
311745
311836
312293
312325
312395
312594
312821
312834
313211
313235
313250
313513
313517
314308
315688
315706
315846
316104
316126
316262
316421
316669
316888
317047
317164
317648
317666
317898
318038
318207
318571
318689
318747
318763
318782
318840
318847
318949
319437
319643
319949
319963
319967
320352
321002
321387
321463
321548
322006
322411
322413
322424
322723
323164
323166
323797
323807
323831
323899
323942
323944
323949
323952
324000
324002
324035
324042
324049
324592
324625
324632
324633
324681
324713
324742
325213
325318
325336
325489
325490
325893
326133
326467
327007
327027
327039
327331
327427
327433
327459
327983
328267
328674
328689
328723
329068
329404
329815
330090
330124
330443
330718
330901
330904
331028
331231
331263
332392
332740
332796
333058
333099
333247
333690
334823
334845
335605
335976
336325
336371
336432
336441
336490
336656
336715
336886
336968
338060
338066
338086
338091
338651
338678
338721
338727
338755
338827
338836
339417
339427
339429
340378
340428
340445
340477
340500
341184
341205
341255
341353
341633
342317
342698
342700
342730
343579
343662
343891
343958
344082
344461
344465
344501
344517
344671
344788
345000
345023
345523
345877
345910
345920
345936
345954
346427
346628
346726
346773
346870
347290
347896
348070
348366
348391
348510
349168
349237
349240
349243
349250
349298
349322
349363
349388
349467
349487
349692
349799
349848
349862
349904
350175
350283
350887
350938
351824
351832
351874
352253
352302
352391
352394
353074
353456
353554
353563
353566
353643
353664
353684
353686
353764
354492
355072
355075
355352
355526
355541
356076
356155
356671
356692
356788
356930
357075
357091
357465
358274
358275
358289
358673
358703
358707
359271
359302
359621
359678
359692
359828
359855
359935
360360
360631
360933
361280
361287
361363
361375
361416
361807
361888
362396
362474
362494
362832
362893
363854
363930
363943
363954
364288
364921
365533
365537
365740
366162
366216
366857
366909
367386
367553
367555
367584
367839
368058
368148
368620
368740
369307
369333
369417
369969
369997
370193
370214
370738
370831
371725
372426
372444
372569
372607
372610
372631
372694
372934
372942
372951
372978
372979
373018
373074
373091
373260
373302
373429
373431
373442
374132
374145
374160
374560
375028
375340
375820
375845
375854
375884
375897
375901
375909
375913
375984
376007
376166
376613
377752
377841
377866
377908
378706
378729
378730
378741
378743
378755
378757
378763
378768
378844
379320
379380
379381
379401
379706
379765
379900
380105
380142
380330
380890
381528
381559
381568
381664
381850
381996
382137
382216
382276
382316
382327
382816
383308
383328
384080
384091
384122
384135
384601
384946
384963
385608
386473
386746
386749
386797
387052
387092
387179
387271
387317
387322
387325
387800
388917
389139
389140
389143
389165
389536
389699
389859
390009
390030
390073
390183
390307
391538
392051
392052
392061
392369
392591
392674
392880
393145
393160
393188
393616
394577
394630
394633
394703
395206
395374
395391
395438
395465
395475
395512
395539
395599
395611
395818
396038
396071
396088
396206
396947
397275
397308
397647
398280
398468
398552
398604
398790
399012
399095
399275
399387
399397
400653
401110
401111
401294
401314
401708
402307
402353
402363
402655
403074
403085
403622
403663
403670
404035
404246
404565
404842
405573
405596
405616
405646
405653
405659
405666
405701
406156
406239
406615
406644
406717
407322
407362
407422
407452
407457
407460
407507
407514
407520
407528
407540
408691
408915
409477
409501
409533
409538
409561
409563
409643
410057
410521
410587
410613
411433
411527
411802
412253
412275
412536
412772
412796
412844
412938
412955
413144
413695
413972
414002
414508
414517
414542
414546
415150
415195
415640
416666
417060
417087
417147
417149
417155
417173
417251
417263
417649
417715
417802
417808
419019
419039
419113
419929
419942
419984
419986
420015
420052
420085
420099
420635
420662
421194
421278
421386
421617
422144
422406
422408
422533
422674
422803
422832
422859
423259
423622
423743
424122
424167
424669
424806
425207
425251
425261
425746
425863
425878
425931
425977
426025
426442
426495
426531
426556
426560
426583
426708
426735
426808
426882
427046
427197
427409
428025
428050
428063
428075
428753
428809
428811
428891
429172
429835
430044
430055
430088
430105
430144
430350
430799
431056
431108
431109
431113
431449
431858
431899
431912
431952
432017
432277
432375
432792
433032
433205
433620
433622
433795
433855
434267
435218
435589
435669
435698
435717
435875
436829
436906
437048
437238
437255
437452
437463
438928
438948
439093
439330
439631
439803
1997 JA10
2001 CH25
2001 TT232
2002 CA45
2002 GQ191
2002 LG64
2002 QO95
2002 QF114
2002 TK327
2002 WO22
2003 SX329
2003 UP380
2003 UK336
2003 WA68
2004 BU35
2004 CC31
2004 RZ124
2005 AC25
2005 EZ237
2005 NJ65
2005 QW108
2005 SZ40
2005 TZ97
2005 TP158
2005 TD195
2005 US41
2005 UC377
2005 UD386
2005 UT154
2005 UC181
2005 UQ223
2005 UJ247
2005 UV509
2005 UK522
2005 UB276
2005 VP27
2005 YZ31
2005 YB58
2005 YH164
2005 YN192
2006 DJ146
2006 DE195
2006 EP4
2006 HT131
2006 JQ29
2006 QL4
2006 QK149
2006 QS152
2006 QD177
2006 RF53
2006 RT93
2006 SX92
2006 ST192
2006 SV220
2006 SR247
2006 SF296
2006 SX102
2006 SC376
2006 SG403
2006 SZ149
2006 SE411
2006 ST192
2006 SV220
2006 ST234
2006 SR247
2006 SF296
2006 TJ19
2006 TM78
2006 TS100
2006 TX110
2006 UW81
2006 UE216
2006 UC101
2006 UE216
2006 UE239
2006 UM265
2006 VK5
2006 VY58
2006 WD30
2006 WL71
2006 WQ73
2006 WJ79
2006 WY83
2006 WY93
2006 XQ62
2007 BG18
2007 BL39
2007 BC42
2007 BC101
2007 DA46
2007 DF94
2007 DO103
2007 EJ84
2007 HP24
2007 HD95
2007 HD98
2007 RA165
2007 RS176
2007 TJ47
2007 TF72
2007 TG98
2007 TR155
2007 TZ424
2007 TK432
2007 TU217
2007 TF334
2007 TN335
2007 UR26
2007 UO40
2007 UN102
2007 UK106
2007 VS104
2007 VJ159
2007 VL293
2007 VD313
2007 XA13
2007 XE21
2007 YA29
2007 YP67
2008 AX137
2008 CW23
2008 CX52
2008 CY60
2008 CU207
2008 DT
2008 DE84
2008 FW61
2008 FZ70
2008 FW101
2008 GC78
2008 GV138
2008 GZ145
2008 HC44
2008 RC46
2008 SG101
2008 SJ125
2008 SY186
2008 SP187
2008 SP213
2008 SD237
2008 SQ260
2008 SK284
2008 SM289
2008 SP289
2008 TM36
2008 TN74
2008 TP105
2008 TD138
2008 TB140
2008 TB150
2008 UP6
2008 UM10
2008 UA14
2008 UQ349
2008 XW37
2008 YO43
2008 YM101
2008 YV153
2008 YT161
2008 YD169
2008 YQ172
2009 BJ97
2009 BA116
2009 BA136
2009 BL166
2009 BG169
2009 CD63
2009 DN36
2009 DZ79
2009 FC40
2009 SY11
2009 SX132
2009 SB134
2009 SN134
2009 SV280
2009 SV342
2009 SA350
2009 SF353
2009 UM48
2009 UV69
2009 UA97
2009 UK119
2009 UJ135
2009 US151
2009 XZ8
2009 YA25
2010 CC99
2010 DK44
2010 EY66
2010 ES93
2010 FK87
2010 MB43
2010 RL10
2010 RM102
2010 RX165
2010 RY183
2010 SM8
2010 TX30
2010 TG31
2010 TS40
2010 TJ63
2010 TE94
2010 TK117
2010 UZ55
2010 UB89
2010 VT28
2010 VE42
2010 VW43
2010 VO83
2010 VE162
2010 XJ35
2011 AY11
2011 AH36
2011 AV38
2011 BQ153
2011 CQ20
2011 CO114
2011 DR10
2011 DH23
2011 ES86
2011 FS12
2011 FE27
2011 FT62
2011 GO42
2011 HT66
2011 LB15
2011 QQ74
2011 RW15
2011 SC1
2011 SR6
2011 SE82
2011 SV90
2011 SF98
2011 SC118
2011 SH127
2011 SK133
2011 SQ154
2011 SX275
2011 UT10
2011 UC11
2011 UR41
2011 UV44
2011 US45
2011 UL49
2011 UD67
2011 UO139
2011 US225
2011 UY264
2011 UA282
2011 UO139
2011 UK404
2011 US225
2011 UY264
2011 UA282
2011 UB297
2011 UW327
2011 UR334
2011 UE340
2011 UW350
2011 VA16
2011 VD16
2011 WW72
2011 WL81
2011 WB84
2011 WD137
2011 XR3
2012 BN8
2012 BY12
2012 BC35
2012 DJ96
2012 GR3
2012 HL14
2012 KW15
2012 KC28
2012 KT40
2012 LL8
2012 PR20
2012 PF35
2012 RX38
2012 RF39
2012 SH25
2012 SA40
2012 TZ1
2012 TP17
2012 TR58
2012 TO80
2012 TP93
2012 TH142
2012 TL165
2012 TE234
2012 TV237
2012 TJ238
2012 TL240
2012 TH242
2012 TF261
2012 UE3
2012 UE28
2012 UO55
2012 UO70
2012 UZ107
2012 UC155
2012 VF42
2012 VQ60
2012 VK74
2012 VM85
2012 VA104
2012 WA15
2012 XO25
2012 XZ105
2013 AR7
2013 AU16
2013 AP21
2013 AS28
2013 AC37
2013 AE93
2013 AC164
2013 BV21
2013 BV46
2013 BT66
2013 BC77
2013 BE80
2013 CV5
2013 CY9
2013 CQ44
2013 CT67
2013 CJ90
2013 CJ117
2013 CQ174
2013 GJ4
2013 GK98
2013 HT55
2013 PV24
2013 PX51
2013 QJ57
2013 RC45
2013 RW46
2013 RA48
2013 RK53
2013 RE68
2013 SS56
2013 ST61
2013 TH1
2013 TX7
2013 TF15
2013 TT71
2013 TJ76
2013 TH125
2013 WV26
2013 WW64
2013 YF116
2014 AK48
2014 DM4
2014 DV49
2014 DU55
2014 DR60
2014 DA62
2014 DU63
2014 DO72
2014 EO3
2014 EG28
2014 EA32
2014 FX27
2014 FN28
2014 FQ65
2014 GA36
2014 HK5
2014 HC45
2014 HS60
2014 HF127
2014 HA176
2014 JG18
2014 JH41
2014 JL62
2014 KH1
2014 MH38
2014 ME48
2014 OA18
2014 OK22
2014 OX103
2014 OU376
2014 OE131
2014 OC139
2014 OF149
2014 OA173
2014 OD188
2014 OA204
2014 OB205
2014 OW248
2014 OP324
2014 PE14
2014 PS19
2014 PW23
2014 PM41
2014 PJ66
2014 QO21
2014 QK36
2014 QD369
2014 QZ375
2014 QK378
2014 QT126
2014 QT387
2014 QK388
2014 QM167
2014 QH279
2014 QV325
2014 RW12
2014 RS33
2014 RR59
2014 SH106
2014 SV264
2014 SE315
2014 SV327
2014 SC333
2014 TS6
2014 TT26
2014 TL39
2014 TN40
2014 UP1
2014 UO6
2014 UY9
2014 UO17
2014 UK53
2014 UQ70
2014 UR111
2014 UU158
2014 UF161
2014 UL163
2014 UG180
2014 UM204
2014 VH24
2014 VL27
2014 VC30
2014 WJ112
2014 WL429
2014 WY480
2014 WM481
2014 WE335
2015 AO177
2015 AA245
2015 AJ264
2015 BC15
2015 BG27
2015 BN36
2015 BO107
2015 BV118
2015 BK134
2015 BH406
2015 BQ413
2015 BL174
2015 BD437
2015 BG447
2015 BM240
2015 BJ305
2015 CG12
2015 CX42
2015 DV81
2015 DP84
2015 DA147
2015 DL152
2015 DF213
2015 ED59
2015 EW62
2015 FL157
2015 FM279
2015 FT285
2015 FT342
2015 GG14
2015 HG36
2015 HF180
2015 KZ131
2015 LP32
2015 ML5
2015 MO74
2015 MD123
2015 NU6
2015 NW7
2015 OC
2015 OW73
1999 VV118
2000 GB144
2001 FH200
2001 FV226
2001 FJ234
2001 FC241
2001 RV122
2001 WJ42
2002 AX146
2002 QL86
2002 RY256
2002 RE261
2002 RU282
2002 RH287
2002 TR384
2002 TJ328
2003 SC366
2003 UE105
2004 TO145
2004 TX161
2004 XQ177
2005 EA213
2005 MT25
2005 PB27
2005 TB32
2005 TP44
2005 TX68
2005 UL96
2005 UN379
2005 UQ136
2005 UG420
2005 UR163
2005 UO458
2005 UR202
2005 UE463
2005 UH463
2005 UK234
2005 UK258
2005 UE294
2005 UP311
2005 VB27
2005 VN107
2005 WZ204
2005 YP12
2005 YD60
2005 YY67
2005 YE81
2005 YL189
2005 YG245
2005 YO288
2006 BS175
2006 BN202
2006 BJ235
2006 CV3
2006 CD55
2006 DX47
2006 DW84
2006 DA85
2006 DR113
2006 DU114
2006 DT168
2006 HV100
2006 KR43
2006 RP107
2006 SH149
2006 SD191
2006 SS204
2006 SP222
2006 SQ234
2006 SU237
2006 SN253
2006 SM295
2006 SD309
2006 SV324
2006 UU24
2006 UH25
2006 UT160
2006 UF189
2006 UR242
2006 UA247
2006 UQ253
2006 UD309
2006 UC337
2006 VM71
2006 VQ104
2006 VR129
2006 WB37
2006 WU37
2006 WF137
2007 BJ64
2007 BB68
2007 BX97
2007 EK17
2007 GB8
2007 RR46
2007 RV88
2007 RB193
2007 RP208
2007 TP103
2007 TC387
2007 TD427
2007 TQ330
2007 UE94
2007 UJ117
2007 UB135
2007 VZ15
2007 VM179
2007 VW209
2007 VX235
2007 VL238
2007 WL63
2008 AF137
2008 CN108
2008 CP160
2008 DQ15
2008 DP86
2008 FA128
2008 HU67
2008 JZ
2008 JG18
2008 RO36
2008 RW75
2008 RN110
2008 SW16
2008 SG43
2008 SY73
2008 SW78
2008 SQ224
2008 SR224
2008 SZ224
2008 SK249
2008 TG85
2008 TF108
2008 TU134
2008 TH149
2008 TZ150
2008 UU17
2008 UE74
2008 UP153
2008 UW166
2008 UF323
2008 VO6
2008 VY18
2008 VA63
2008 WB16
2008 WS124
2008 YS53
2008 YG57
2008 YS162
2009 AQ24
2009 BK20
2009 BO181
2009 DF18
2009 DW29
2009 DP134
2009 FM12
2009 KT29
2009 LN5
2009 SV10
2009 SV33
2009 SR76
2009 SO102
2009 ST119
2009 SP193
2009 SE204
2009 SY207
2009 SM262
2009 SN357
2009 UC53
2009 VP15
2009 VG30
2009 VY84
2009 WY
2009 WC91
2009 WK119
2009 WQ120
2009 WL187
2010 AH7
2010 AF116
2010 CP90
2010 DY24
2010 EB170
2010 GN16
2010 GJ36
2010 GX71
2010 GC88
2010 GZ170
2010 HC100
2010 JC15
2010 JJ25
2010 JZ136
2010 KC51
2010 KF89
2010 KV112
2010 LL54
2010 MV83
2010 MQ88
2010 NJ90
2010 OG70
2010 PB54
2010 RR42
2010 RT89
2010 RU105
2010 TJ27
2010 UC17
2010 UC40
2010 VZ33
2010 VP94
2010 VY138
2010 VO141
2010 VC179
2010 WM5
2010 WF21
2010 WA32
2010 XX15
2010 XZ46
2010 YC2
2011 AR40
2011 BN35
2011 BM63
2011 BL71
2011 BS92
2011 BC108
2011 CN55
2011 DG16
2011 ES
2011 EK64
2011 GN85
2011 HA5
2011 HW66
2011 OF2
2011 QJ59
2011 RV4
2011 SM38
2011 ST43
2011 SP52
2011 SW95
2011 SQ141
2011 SU149
2011 SC152
2011 SU166
2011 SM270
2011 UD41
2011 UX181
2011 UH257
2011 UG355
2011 WV
2011 WN109
2012 BV81
2012 BY92
2012 BM152
2012 CY5
2012 CE34
2012 DU1
2012 FE79
2012 HO35
2012 HW43
2012 QJ28
2012 RE30
2012 SX38
2012 TQ85
2012 TJ103
2012 TF154
2012 TO179
2012 TW204
2012 TN205
2012 TV207
2012 TB208
2012 TE211
2012 TC259
2012 TX263
2012 TT264
2012 TD266
2012 TX283
2012 UH43
2012 UM96
2012 UE116
2012 VK9
2012 VZ84
2012 VJ109
2012 WL16
2012 WG21
2012 WL33
2012 XW24
2012 XP60
2012 XB90
2013 AP92
2013 AZ124
2013 AY150
2013 BA31
2013 CQ45
2013 CE78
2013 CE105
2013 CW107
2013 CL180
2013 DS5
2013 EL65
2013 EO101
2013 ED109
2013 GO135
2013 HA38
2013 HC55
2013 HW59
2013 HN71
2013 HT71
2013 HY72
2013 HK75
2013 HK76
2013 HL76
2013 HO78
2013 HO83
2013 HN115
2013 HE116
2013 HT126
2013 HT130
2013 HC142
2013 PX10
2013 PL56
2013 QK23
2013 QY48
2013 RF11
2013 RE67
2013 SV41
2013 SP80
2013 TB36
2013 TU53
2013 TF66
2013 TG87
2013 TE150
2013 YJ28
2014 BT24
2014 CA2
2014 DL30
2014 DJ59
2014 DS96
2014 HK35
2014 HD37
2014 HO65
2014 HU73
2014 HW115
2014 HL173
2014 JD7
2014 JR8
2014 JZ26
2014 JR31
2014 JV67
2014 KF7
2014 KS35
2014 LB5
2014 MC21
2014 NC4
2014 NF19
2014 OH21
2014 OY24
2014 OW34
2014 OL41
2014 OS42
2014 OY49
2014 OD55
2014 OJ371
2014 OL115
2014 OY118
2014 OL154
2014 OL186
2014 OV189
2014 OL196
2014 OM201
2014 OU214
2014 OU242
2014 OJ255
2014 OJ322
2014 OB357
2014 QJ82
2014 QU104
2014 QV112
2014 QB121
2014 QS383
2014 QY392
2014 QS415
2014 QO416
2014 QT177
2014 QL214
2014 QZ225
2014 QP232
2014 QK252
2014 QA341
2014 SD91
2014 SN95
2014 SE99
2014 SV173
2014 SK188
2014 SY233
2014 SQ291
2014 SO315
2014 SP332
2014 UT193
2014 WC21
2014 WC57
2014 WL211
2014 XF12
2015 AR55
2015 AE116
2015 AZ188
2015 AX276
2015 BF61
2015 BH124
2015 BK133
2015 BW136
2015 BX160
2015 BJ426
2015 BG441
2015 BA185
2015 BR193
2015 BG459
2015 BP467
2015 BU477
2015 BE494
2015 BK244
2015 BE248
2015 BH259
2015 BM323
2015 CV15
2015 CM26
2015 CZ38
2015 CD51
2015 DO18
2015 DY26
2015 DJ33
2015 DT33
2015 DK94
2015 DB97
2015 DA114
2015 EO5
2015 FR73
2015 FW222
2015 FD298
2015 FO318
2015 FS319
2015 GR3
2015 GV3
2015 HN6
2015 HQ66
2015 HH67
2015 HS80
2015 HS99
2015 HK110
2015 KC40
2015 MS4
2015 ME87
2015 OX17
2015 OR50
