id
3463
3963
4551
4634
5160
6040
6059
6623
6708
6815
7677
7760
8923
9007
9048
9151
9236
9273
9279
9281
9347
9375
9392
9422
9436
9443
9476
9642
9778
9831
9832
9886
11384
12194
12196
13170
13269
13278
13603
13657
13659
13752
13783
13854
13855
13910
13948
13995
14217
14579
14606
14718
15024
15048
16092
16197
16534
19732
20309
22413
23083
23215
23319
23415
23416
23893
24490
24622
24772
25062
25225
25269
25410
25964
25965
26077
26801
27120
27811
28123
28200
28204
28874
29656
32287
36734
39648
43727
43746
44238
45280
46124
46526
46838
48387
48389
48920
48958
49025
51400
52014
53439
54761
57043
58939
69063
69244
75334
75463
79091
85128
99964
99965
106737
113324
116812
131263
134341
134342
143210
145727
183182
264262