id
1591
3388
3398
4666
4857
7091
8213
8893
10187
10346
10988
12266
12700
12748
13026
15198
15633
16896
18081
19204
22793
26317
27675
27842
28545
29032
29126
30776
30858
37601
37721
40243
43372
43570
43754
47037
48469
49043
49787
56036
56283
62135
64969
66204
69672
72248
75452
76854
76926
78085
79376
79506
85128
89834
89979
89994
90936
91004
94436
95202
101361
109072
111345
111811
114097
117538
118470
119045
119147
119245
119530
122198
124197
124852
126120
126188
127733
129579
130705
130999
133942
134044
134953
135641
137240
137741
140610
141596
141601
142028
142043
147215
149369
150138
158058
158164
160131
163752
164218
165380
166929
173653
177456
190349
194213
196299
200759
202175
205755
208527
208711
209574
213528
214197
218127
218314
219143
220180
221621
222993
225440
226805
230530
230858
231797
232217
234985
238542
243381
247162
248514
249874
252164
253451
253599
260718
265513
267962
269722
269744
279981
282482
282737
283381
283733
283956
298844
304933
307208
308131
313039
313075
316588
316724
316726
326373
326651
327169
329262
329753
331526
334326
334661
334908
350967
353787
354041
357136
357334
363249
363262
368276
369566
371397
373447
379151
380210
380994
383010
383844
388018
388517
393415
395125
397441
400535
400549
407266
409384
413041
415793
416759
425623
430461
430586
430864
433866
438447
438464
2001 FH91
2001 NZ1
2001 TM13
2002 KT3
2002 KK8
2002 QM140
2002 XG31
2003 SY199
2004 EV23
2004 SK12
2004 TE9
2005 FV4
2006 BY43
2006 HP109
2006 JZ4
2006 YT55
2007 PR48
2007 UB33
2008 TJ21
2008 UN93
2008 VS13
2008 XA5
2010 DE49
2010 EM
2010 EX113
2010 GU23
2010 XP45
2010 YA2
2011 CZ31
2011 CS97
2011 FT6
2011 TF1
2011 UK64
2011 UQ159
2011 WT134
2012 CD21
2012 EH3
2012 FN44
2012 TA313
2013 BS71
2013 BB78
2013 CX147
2013 GZ11
2013 HU11
2013 SH55
2013 SQ81
2013 WS68
2013 WK106
2014 BJ63
2014 DH23
2014 HL131
2014 NE50
2014 OG105
2014 WA479
2015 EZ2
2015 ET17
2015 FY117
1997 CJ24
2001 RH47
2001 RR95
2001 VQ2
2002 CW197
2002 GA4
2003 AL26
2003 UE9
2005 EB14
2005 RR29
2006 DF5
2006 DZ90
2006 HA104
2006 JG22
2006 YL7
2007 DT4
2007 DA117
2007 HO56
2007 TG443
2007 VT75
2007 VM93
2007 VV250
2007 XT
2007 XM18
2008 EH109
2008 FX61
2008 UM246
2008 YX28
2009 DA51
2009 FV5
2009 SZ343
2009 WZ96
2009 XS3
2010 BM72
2010 CC212
2010 CD244
2010 EN117
2010 FE88
2010 GW67
2010 HY32
2010 JP27
2010 JF104
2010 JP133
2010 LC4
2010 LR91
2010 MO2
2010 MU80
2010 NG15
2010 NS34
2010 NM84
2010 NM104
2010 OO21
2010 UA79
2010 VX82
2011 AM14
2011 BF22
2011 GK69
2011 GU70
2011 SC178
2011 UR26
2011 WX115
2012 DT30
2012 GG22
2012 HE3
2012 UN131
2013 EV32
2013 EZ66
2013 VR13
2014 DQ39
2014 DE113
2014 LP25
2014 MF64
2014 NA51
2014 QC169
2015 DR159
2015 FB79
2015 KH120