id
20370
20674
23898
24282
27124
27223
28340
28387
29898
30497
30503
31306
31341
31717
31751
31816
32135
32162
32385
32497
33166
33228
33278
33301
33302
33308
33719
33724
33743
34116
34230
34287
34369
34560
34670
34674
34698
34711
35605
35627
35630
35656
35657
36026
36151
36188
36204
36262
36730
38005
38457
38507
38582
38909
39212
39229
40197
40207
41268
41316
41344
41345
41349
41351
41397
42195
42229
42230
43199
43503
44295
44513
44525
44538
44550
44892
45119
45381
45453
45502
46244
46442
47055
47219
47608
47786
47870
48881
49389
49513
49965
51279
51924
51989
52704
52706
54513
54523
55183
55946
55956
63184
65206
66048
67182
67226
68014
68112
69980
70008
70009
73363
75757
76801
76810
77682
78815
84930
85716
85822
87235
88094
89918
91191
99877
107004
115440
116901
117446
164585
173086
190352
190353
192938
202791
213180
219466
219902
219958
221912
221915
231631
233925
241944
243490
249032
264157
266965
288316
295021
351210
353363