id
595
3419
3967
4436
6869
7124
11890
19760
22095
31753
33744
39208
40500
43508
44026
53340
58899
65125
66765
67134
68560
69980
73535
78932
91778
104336
105511
108578
111257
114717
116450
118914
121601
122896
123719
130342
133573
133776
141135
143283
149852
152113
157060
157437
163474
176631
179574
187799
193306
193318
193899
195916
196171
207835
209012
211904
214750
217811
233477
239493
240283
240539
244282
248451
249468
252705
260390
264148
272007
279099
279380
293184
294903
306199
316547
317979
326061
332241
332805
333878
343671
345623
345656
346204
350194
354135
355610
356193
356921
362993
365398
366301
378406
381287
381303
383003
384262
384595
389788
390434
391218
395411
397057
399951
410975
421968
430897
431272
437969
438626
1999 VK118
2005 JD34
2006 AZ103
2007 DA93
2008 DT34
2008 FJ130
2008 GC96
2010 DJ63
2010 NS2
2011 JM14
2011 JE20
2012 KJ30
2012 UD5
2013 CA216
2013 GM45
2013 JX22
2013 SS80
2013 TD115
2014 KK72
2014 QZ285
2014 QZ285
2014 VJ24
2014 WG193
2015 GL29
2015 LK35
2001 FT214
2001 SF223
2004 VH119
2006 KJ5
2006 TU120
2007 YD35
2010 AP115
2010 BS11
2010 BW102
2010 FS103
2010 GA39
2010 GL47
2010 GS67
2010 GV153
2010 JA8
2010 KP14
2010 KP49
2010 LV31
2010 LK84
2010 LV88
2010 MN38
2010 MO80
2010 NW9
2010 NF83
2010 OP24
2011 UV218
2011 UJ239
2012 BH59
2013 CV137
2013 FH21
2013 HX150
2013 WU104
2014 WT269
2015 CZ19
2015 DQ134
2015 HS86
2015 JD11
2015 KV30