id
112110
117113
119823
119944
120155
120172
126259
126297
127418
132088
132200
132380
132381
132427
132507
132770
132876
133262
133354
133785
135583
135621
135635
135884
135895
136051
136155
141556
141583
141628
141638
141647
141689
141716
142077
142273
142300
142332
142447
142622
142671
142695
142770
142954
142985
143005
143095
143159
143185
143646
143705
144029
144049
144191
144195
144396
144431
144448
144639
145037
145072
145169
145344
147105
147164
147213
147236
147456
147468
147495
147517
147824
149144
149154
149231
149324
149348
149554
151321
151926
151966
151975
152426
152443
154053
154101
154137
154192
154208
154456
156460
156592
156650
157083
158443
158470
158479
158513
158563
158990
159072
159236
159266
159283
160321
160473
160947
160964
160967
161085
161456
161548
161745
161780
163096
163183
163431
163459
163512
163970
164099
164432
164433
166010
166096
166169
166171
166175
166219
166327
166338
166699
166709
166715
166721
166769
166849
167324
167461
167609
167631
167756
168019
168181
168254
169722
169825
170076
170185
170269
171139
171334
172077
172129
172181
172223
172226
172295
172340
172346
172512
172655
172758
173048
174068
174091
174096
174191
174303
174346
174356
174402
174718
174816
174909
175002
175203
175251
175320
176791
176931
176933
176980
177467
177556
177639
177688
179421
179524
179547
179648
179698
179757
179801
179805
179879
179913
179952
180181
180425
180515
180551
180866
180906
181134
181522
181541
182908
182934
182936
182954
183234
183250
183272
183315
183868
183914
183916
184090
184274
184394
184719
185334
185355
185387
186309
186333
186338
186349
186372
186443
186479
186499
186509
187366
187524
187728
187730
188155
188363
188485
188580
188696
188853
189268
189375
189391
189762
189825
190063
190146
190231
191058
191096
191113
191118
191175
191435
191582
191730
192121
194925
195062
195089
195378
195389
195394
195454
195480
195503
195512
195639
195662
195673
195713
195751
195762
195812
195889
195956
195993
196096
196127
196139
196225
196454
196547
196817
196821
196957
196961
197044
197251
197256
197313
197327
197336
197338
197363
197368
197394
197416
197450
197456
197472
197489
197800
198256
198296
198326
198351
198396
198597
198707
198717
198780
198821
198921
198938
199270
199292
199310
199390
199585
199599
199651
199751
199799
201072
201101
201147
201188
201234
201267
201306
201339
201340
201343
201411
201418
201510
201539
201645
201790
202395
202564
202594
202868
203517
203524
203573
203596
203648
203783
203792
204166
204208
204229
204782
204878
205727
205736
205741
205756
205777
205798
205817
205842
205843
205844
205979
205992
206041
206174
206252
206669
206672
206684
206714
206737
206738
206774
206887
206992
207035
207337
207475
207546
207558
207560
207574
207625
207812
208580
208614
208630
208639
208643
208669
208701
208876
208919
208939
208942
208955
209082
209191
209724
209835
209985
210093
210281
211051
211066
211074
211089
211092
211099
211167
211194
211279
211302
211311
211400
211412
211830
212029
212115
212154
212172
212453
212718
212889
212973
213457
213467
213507
213512
213558
213636
213730
213926
214131
214134
214279
214360
214532
214535
214600
214693
214764
214774
215054
215394
215426
215453
215503
215657
215741
215909
215939
216197
216279
216385
216586
216609
216614
216616
216670
216678
216768
216772
217122
217283
217287
217601
218060
218140
218496
218951
219827
219891
219990
219993
220050
220070
220111
220165
220948
220960
221611
222883
222967
223078
223103
223126
223135
223189
223444
223501
223536
223593
223784
223837
224023
224646
224724
224831
225202
226012
226043
226100
226253
226273
226630
226687
226691
226776
227778
227802
227809
227814
227833
227983
228632
228758
228790
228883
229150
229281
229308
229491
229732
229741
229862
230429
230477
230518
230766
231079
231226
231253
231298
231380
231404
232157
232240
232268
232487
232548
232649
233086
233098
233307
233328
233504
233554
233569
233583
233800
233890
234689
234747
234764
234773
234852
234856
234893
234903
235186
235469
235516
235650
235722
235958
236367
236467
236480
236505
236633
236717
236719
236837
236868
237196
237209
237231
237817
237861
237863
237904
237962
238026
238323
238367
238387
238726
239054
239245
239278
239312
239320
239385
239462
239491
239618
240120
240140
240209
240256
240273
240778
240886
240898
241221
241551
241921
241989
241997
242074
242093
242094
242120
242409
242818
242854
243069
243111
243351
244228
244239
244256
244268
244288
244353
244482
244578
244591
244811
244833
244973
245699
246086
246161
246210
246228
246374
246456
246565
246688
246776
247424
247446
247524
247527
247548
247589
247598
247629
247670
247924
248144
248304
248683
248691
248736
248815
248960
249057
249085
249224
249289
249298
249319
249337
249384
249426
249502
250090
250099
250212
250542
250601
250872
250977
251131
251217
251223
251338
251367
252673
252709
252725
252757
252809
252936
253076
253087
253162
253264
253486
253514
253522
253554
253575
253865
254117
254173
254273
254309
254434
254531
254590
254639
255036
255183
255238
255424
255762
255791
255816
255857
255915
255943
256041
256152
256616
256659
257296
257437
258480
258555
258591
258610
258630
258637
258659
258761
258828
258909
258958
259002
259025
259059
259109
259111
259116
259121
259171
259178
259203
259513
259516
259784
259834
259840
259852
259884
259930
260035
260265
260532
261037
261259
261603
261884
261920
262179
262307
262348
262480
262538
262564
262627
262734
262784
262807
262889
262924
263254
263531
263657
263667
263674
263839
263898
263907
264729
264870
264943
265180
265202
265217
265383
265466
265802
266024
266391
266890
267410
267413
267453
267485
267501
267571
267637
267647
267877
268674
268819
268904
269052
269587
269599
269624
270448
270517
270619
270660
270685
270718
270722
270827
270868
270870
271002
271085
271294
271351
272495
272770
272962
273149
273474
273893
273950
273999
274307
274482
274540
274688
275007
275049
275085
275226
276019
276059
276068
276078
276108
276122
276126
276148
276182
276199
276213
276225
276228
276249
276260
276272
276328
276352
276356
276367
276555
276678
276754
276767
276983
277584
277599
277808
277820
277878
278019
278435
278680
278879
278887
278930
279088
279134
279176
279213
279264
279610
280047
280066
280069
280085
280217
280224
280343
280413
280672
280764
280969
281021
281248
281260
281326
281734
281891
281933
282251
282319
282340
282456
282627
282784
283019
283184
283616
283630
283637
283638
283657
283687
283738
283810
283873
284162
284174
284200
284234
284597
284613
284943
284953
285048
286503
286537
286540
286544
286585
286713
286728
286732
286757
286758
286765
286845
286848
286896
286952
287017
287020
287215
287224
287290
287739
288140
288240
288372
288670
288831
288844
289089
289101
289624
289668
289712
290191
290559
290608
290808
290947
291227
291327
291589
292058
292083
292122
292160
292418
292832
292895
292998
293006
293060
293078
293110
293315
293329
293678
294368
294495
294534
294655
294840
294897
294930
295069
295428
295789
295855
295925
295993
296013
296035
296382
296480
296514
296627
296790
296941
297039
297827
297890
297925
297958
298065
298092
298142
298596
298698
298843
299094
299318
299357
299580
299677
299705
299749
300282
300402
300477
300508
300523
300568
300603
300644
300724
300739
301149
301256
301718
302320
302333
302351
302392
302407
302435
302466
302484
302518
302544
302584
302598
302696
302725
302825
302878
303288
303486
303892
304116
304228
304730
304849
304921
305081
305228
305231
305406
305557
305587
305712
305716
305886
306054
306166
306291
306353
307097
307117
307150
307165
307171
307225
307328
307356
307386
307417
307425
307917
308261
308268
308446
308582
308691
308756
308845
308906
308917
308961
309255
309552
309695
309723
309776
309866
309921
310618
310676
310691
310694
310717
310813
311205
311601
311891
311901
311908
312140
312202
312249
312348
312404
312507
312549
312552
312588
312741
312832
312851
312869
313291
313305
313306
313322
313338
313370
313396
313511
313536
313543
313728
314727
314755
314795
314826
314915
315012
315018
315027
315060
315085
315210
315218
315226
315374
315565
315603
315610
315614
315921
316001
316137
316367
317201
317220
317239
317272
317304
317348
317413
317446
317545
317606
317896
317916
317919
318006
318016
318356
318377
318725
319339
319399
319442
319547
319569
319637
319663
319895
320225
320317
320325
320433
320436
320454
320555
320626
320925
321121
321221
321295
321635
322071
322151
322177
322284
322911
322960
322986
322987
323050
323073
323116
323652
323973
324060
324069
324075
324505
324655
324687
325096
325127
325370
325625
325888
325969
325985
326198
326539
326541
326710
326755
326856
326895
327466
327587
327740
327798
327914
328067
328075
328176
328904
329108
329192
329423
329427
329448
329458
329474
329506
329524
329557
329579
329880
329961
330388
330479
330513
330540
330750
330758
330832
331011
331122
331133
331276
331621
331641
331745
331912
332187
332613
333096
333173
333261
333397
333607
333839
334397
334486
334508
334555
334577
334685
335525
335536
335562
335717
335838
335884
336109
336426
336491
336592
336596
336821
336875
336902
338011
338074
338093
338112
338124
338190
338200
338276
338303
338324
338334
338340
338354
339199
339321
339508
339599
340260
340324
340391
340446
340473
340899
341084
341361
341362
341405
341411
341414
341461
341476
341510
341548
341582
341677
342111
342624
342680
342803
342894
343090
343220
343259
343432
343569
343897
343922
344439
344440
344442
344479
344491
344539
344569
344888
345306
345433
345442
345486
345510
345527
345965
346183
346237
346536
346546
346869
347011
347158
347412
347439
347766
347808
347823
347848
347859
347869
348398
349150
349184
349212
349281
349473
350046
350124
350347
350396
350802
350885
350899
350911
350912
350940
350955
351509
351553
351587
351717
351761
352171
352275
352365
352612
352777
352934
352943
353001
353165
353287
353329
353468
353475
353547
353658
353921
354140
354142
354188
354198
354244
354293
354463
355491
355522
355552
355650
355659
355695
355966
356001
356065
356073
356131
356225
356368
356463
356540
356682
356729
356841
357140
357143
357146
357159
357168
357180
357195
357283
357286
357300
357307
357497
357792
358050
358133
358387
358643
358842
358918
358945
359175
359371
359693
359719
359911
360007
360014
360118
360396
360406
360451
360633
360890
360968
361153
361186
361422
361464
361895
362068
362120
362157
362685
362869
362922
362942
362949
363243
363261
363302
363307
363346
363377
363384
363507
363631
364238
364489
364554
364582
365092
365314
365523
365709
365710
365885
366320
366471
366476
366495
367053
367450
367623
367649
367665
367666
367739
367821
367856
368324
368345
368440
368786
368992
369171
369172
369201
369323
369681
369899
370266
370285
370345
370432
370434
371162
371444
371476
371802
371819
372171
372174
372242
372354
372576
372588
372624
372773
373088
373155
373191
373250
373271
373339
373650
373664
373712
374233
374652
374998
375422
375684
375718
375780
376147
376998
377029
377033
377045
377056
377064
377073
377281
377287
377433
377730
377804
378072
378083
378137
378159
378439
378735
378912
378915
379002
379049
379342
379375
379391
379702
379703
379790
379960
380374
380399
380611
380617
380813
380956
381045
381438
381632
382065
382200
382633
382650
382655
382677
382679
382985
383235
383453
383744
384034
384178
384311
384614
384629
384747
385060
385136
385375
385387
385566
385765
385803
386106
387008
387367
387402
387613
387657
387658
387682
387688
387701
387732
387802
387953
388029
388167
388501
389314
389443
389695
390325
390364
390881
390902
391244
391545
392019
392243
392252
392264
393230
393798
393865
394027
394525
394707
394909
395788
395852
396025
396052
396064
396100
396156
396173
396195
396456
397209
397218
397397
397435
397730
398281
398404
398587
398608
399460
399506
399516
399823
399845
399864
399873
400212
400222
400338
400408
400766
400884
401626
401928
401938
401976
402161
402722
403286
403324
404223
404280
404439
404453
404709
404875
404940
405107
405141
405555
406195
406248
406746
406877
406935
407089
407825
408007
408288
408635
408638
408941
408976
409246
409553
409978
410255
410368
410713
410715
410763
411650
411784
411910
412100
412113
412419
412513
412879
413190
413590
414439
414522
414562
414953
415181
415303
415999
416057
416059
416079
416082
416122
416141
416142
416188
416207
416216
416218
416220
416459
417168
417788
418063
418136
418291
418305
418560
418610
418742
418823
418870
419463
420077
420165
420351
421069
421318
421631
422154
422824
422886
422941
423079
423218
423279
423830
423979
424134
424311
424342
424679
424873
424920
425372
425556
425662
425727
425867
425997
426108
426143
426380
426499
426719
426781
426840
426846
427497
427514
427558
427942
428026
428346
428654
428898
428922
429603
429812
429926
430113
430136
430254
430396
430533
430611
430992
431415
431603
431989
432040
432083
432419
433278
433447
433676
434083
434089
434168
434183
434387
434426
434638
435042
435236
435305
435873
436200
436225
436560
437346
437521
437784
438086
438284
438289
438801
439364
439387
2002 CY264
2002 CW295
2002 CP318
2002 FW6
2002 GS32
2002 GZ68
2002 GK90
2002 GC102
2002 GZ163
2002 GA184
2002 GD186
2002 GN188
2002 LN63
2002 LW63
2002 NW71
2002 NP72
2002 NC73
2002 NC76
2002 OH36
2002 PM17
2002 PV160
2002 PG184
2002 PM191
2002 PA200
2002 PC201
2002 QJ10
2002 QJ17
2002 QD50
2002 QD71
2002 QU106
2002 QM113
2002 QX117
2002 QB127
2002 QZ136
2002 QX142
2002 QW149
2002 RA171
2002 RC191
2002 RU224
2002 RY234
2002 RB235
2002 RM247
2002 RA253
2002 RK269
2002 RF270
2002 RK278
2002 RA280
2002 RM281
2002 RD291
2002 SU64
2002 SC67
2002 TB82
2002 TS147
2002 TX342
2002 TN380
2002 TS147
2002 TQ153
2002 TY316
2002 TV333
2002 TX342
2002 TD346
2002 UH1
2002 UN11
2002 UY42
2002 UY54
2002 UD56
2002 UW76
2002 VQ66
2002 VF130
2002 VZ134
2002 VC145
2002 VC148
2002 WE22
2002 WW26
2002 WU27
2002 XX8
2002 XJ120
2002 XK120
2004 RM134
2004 XU33
2004 XR190
2005 EH40
2005 EQ64
2005 GV62
2005 GT140
2005 QB81
2005 SP97
2005 SK176
2005 SK233
2005 UV103
2005 UA454
2005 UQ239
2005 UK301
2005 VG91
2005 YO50
2005 YM264
2005 YB269
2005 YR289
2006 BQ74
2006 BT111
2006 BD112
2006 BF142
2006 DU58
2006 DM86
2006 EY72
2006 FZ44
2006 GK48
2006 KP75
2006 RE81
2006 SH68
2006 SP401
2006 SR150
2006 SX166
2006 SR297
2006 TO120
2006 UT166
2007 BZ16
2007 BX39
2007 GT16
2007 RJ203
2007 RF297
2007 TR310
2007 UR22
2007 UU90
2007 VA193
2007 VL212
2007 YT34
2007 YX47
2008 CF42
2008 CU177
2008 DK61
2008 EV50
2008 ED76
2008 FT
2008 KK41
2008 RM82
2008 RA126
2008 SS104
2008 SK107
2008 SU123
2008 TA31
2008 TA189
2008 UX168
2008 UT199
2008 UT245
2008 VC66
2008 WO115
2008 YQ85
2009 AA7
2009 BE160
2009 BD174
2009 CP2
2009 CR47
2009 DK
2009 DV9
2009 DB25
2009 DN50
2009 DS80
2009 DP115
2009 DX141
2009 FC65
2009 HN9
2009 HZ34
2009 JZ2
2009 SU35
2009 SJ52
2009 SA347
2009 US46
2009 WR71
2009 WA92
2009 WT173
2010 BC33
2010 BB116
2010 EB132
2010 FE95
2010 GV171
2010 LG35
2010 NT30
2010 OP37
2010 TE9
2010 TT143
2010 UK29
2010 VU41
2010 VQ63
2010 VD108
2010 XC30
2011 AZ46
2011 BX35
2011 CW16
2011 CW40
2011 CC64
2011 DT49
2011 EP85
2011 FL31
2011 HB64
2011 JO14
2011 JL26
2011 KR48
2011 QU24
2011 QX58
2011 RE13
2011 SL109
2011 SM259
2011 UX25
2011 UJ47
2011 UQ363
2011 UQ185
2011 UA243
2011 UV283
2011 UH315
2011 WT9
2011 WZ88
2011 WK100
2011 WG127
2011 WE153
2011 WN154
2012 BD137
2012 BE152
2012 DW
2012 DR97
2012 FR30
2012 GK36
2012 GD38
2012 KF51
2012 SG56
2012 TN4
2012 TT131
2012 TD294
2012 VU8
2012 XH31
2012 XY67
2012 XQ97
2012 XV139
2013 AY37
2013 AD38
2013 AK57
2013 AZ79
2013 BC8
2013 BH74
2013 BL79
2013 CJ
2013 CE3
2013 CN9
2013 CR26
2013 CP59
2013 CB68
2013 CA74
2013 CR77
2013 CL115
2013 CR161
2013 CK162
2013 EN5
2013 EX10
2013 EH72
2013 ER85
2013 EF122
2013 ET146
2013 FG17
2013 FC26
2013 GT1
2013 GU37
2013 GK64
2013 GJ100
2013 GT128
2013 HU13
2013 HK112
2013 JJ9
2013 ME7
2013 NC9
2013 OT1
2013 PK
2013 PW4
2013 PH51
2013 PB72
2013 QN57
2013 QX75
2013 RQ51
2013 RU59
2013 RN82
2013 SF38
2013 SX71
2013 SP82
2013 TJ13
2013 TX84
2013 TM136
2013 WB10
2013 WG26
2013 WH45
2013 WV52
2013 WV78
2013 XY5
2013 YH3
2013 YR47
2013 YY48
2013 YH126
2014 CZ12
2014 DB8
2014 HA3
2014 HQ127
2014 JX9
2014 JB50
2014 KM3
2014 KB18
2014 MQ47
2014 NE20
2014 OT26
2014 OB157
2014 OS203
2014 OH254
2014 OR317
2014 PQ67
2014 QS21
2014 QP37
2014 QH40
2014 QG45
2014 QP221
2014 SO135
2014 ST154
2014 VO14
2014 VA17
2014 WK48
2014 WO281
2014 WL120
2014 WB470
2014 WC499
2014 YX23
2015 AG259
2015 BH309
2015 BS333
2015 CH5
2015 DK207
2015 DL213
2015 DS215
2015 ER24
2015 FT112
2015 GR17
2015 GC44
2015 HV47
2015 LA30
2015 MQ6
2015 MH67
2015 MV67
2015 NQ9