id
159635
166445
169477
169632
180184
187040
188122
197994
206171
211042
212932
237803
242358
245856
247470
247615
247638
248783
250162
253040
259179
264747
265050
267508
270781
282934
288768
291791
297837
297957
297972
298002
300117
307301
308822
310722
313334
314667
315020
315508
317580
324856
326660
329543
329555
332673
338249
338394
338760
341816
346073
347877
350855
357337
357448
358309
358848
363355
364273
364818
368271
368379
368416
368427
369237
370318
370404
373682
374485
379027
379098
380008
387628
387677
390692
390731
391243
393544
396723
397702
399629
400107
401936
402621
405164
405167
405984
406183
409562
409995
418720
422954
423579
423637
430596
434113
434116
437921
2002 HQ13
2002 MS7
2002 OX25
2002 OT35
2002 PP70
2002 PZ75
2002 PM112
2002 PE138
2002 PR139
2002 PK141
2002 PN159
2002 PM188
2002 QN47
2002 QA112
2002 RO2
2002 RM44
2002 RM57
2002 RX99
2002 RG124
2002 RY136
2002 RU208
2002 RR264
2002 SE63
2002 TY367
2002 TC124
2002 TF205
2002 TV212
2002 UA2
2002 UR12
2002 UX13
2002 VN11
2002 VY45
2002 VB85
2002 VA129
2002 VD130
2002 WR11
2002 WV31
2002 XA25
2002 XA53
2002 XJ121
2003 SX232
2004 RN19
2005 VC118
2006 AN43
2006 JR58
2006 SR122
2006 TW105
2006 VO112
2007 OE11
2007 RR31
2007 RL242
2008 BQ23
2008 RA89
2008 SY105
2009 OJ15
2009 TM1
2010 MF96
2010 TJ54
2011 UH400
2011 WW151
2012 UB169
2013 SU16
2014 XB4