id
130
176
290
434
617
1170
1355
1360
1367
1509
1566
1727
1796
1864
1920
2000
2001
2023
2261
2491
2544
2577
2643
2745
2793
2797
2860
3036
3122
3150
3200
3325
3416
3728
3888
3940
4489
4511
4533
4558
4713
4742
4868
4899
5251
5392
5477
5577
5637
5641
5648
5725
5732
5788
5815
5849
5957
6009
6087
6148
6170
6355
6394
6478
6522
6524
6533
6569
6585
6602
6911
7247
7267
7331
7663
8046
9075
9564
9583
10107
10315
10386
10694
10795
10862
11058
11277
11405
11437
11597
11836
12060
12112
12134
13060
13617
13754
13936
14069
14348
14923
15009
15226
15235
15315
15337
15457
15652
15778
15786
15790
15822
15960
16421
16503
16529
16583
16585
16659
16704
16865
16978
17254
17259
17283
17435
17503
17628
17824
18083
18732
18890
18899
19164
19186
19538
19590
19730
19761
19907
19982
20037
20113
20139
20187
20446
20525
20691
20729
20742
20842
20949
21260
21333
21498
21540
21552
21788
22185
22429
23150
23160
23480
23615
23715
24127
24403
24531
24794
24827
24883
24980
25057
25076
25320
25399
25536
25572
25705
25983
25991
26027
26086
26142
26151
26167
26329
26565
26649
26814
26916
27055
27135
27396
27568
27851
27947
28489
28884
28966
29068
29428
29526
29595
29909
30541
30913
30941
30942
30956
30958
30963
30995
31068
31096
31098
31252
31421
31529
31667
31672
31796
31818
31831
31932
31968
32036
32171
32338
32558
32583
32679
32800
32925
33167
33356
33724
33794
33800
33843
33935
33969
34052
34097
34708
34748
34755
34781
34817
34848
34883
35063
35368
35369
35496
35976
36063
36163
36204
36299
36321
37001
37228
37277
37280
37357
37367
37471
37561
37568
37586
37588
37623
37628
37650
37651
37717
37769
37772
37923
38031
38061
38097
38276
38374
38434
39256
39665
39732
39810
39891
39954
39962
40170
40231
40468
40741
41189
41191
41321
41383
41406
41503
41685
41951
42091
42457
42568
42596
42775
42786
42843
42847
42928
43342
43354
43356
43419
43421
43546
43547
43664
43807
43857
44047
44115
44257
44262
44473
44700
45045
45108
45152
45219
45251
45256
45584
45677
45954
46160
46244
46257
46275
46734
46879
47320
47545
47648
47869
47945
47966
47996
48065
48235
48392
48576
48689
48717
49298
49513
49571
49636
49664
49665
49670
49673
49674
49678
49693
50185
50519
50687
50867
51034
51051
51061
51116
51198
51356
51371
51385
51418
51434
51554
51716
51773
51866
52307
52310
52314
52317
52332
52338
52345
52421
52547
52627
52673
52749
52751
53049
53054
53426
53427
53432
54323
54423
54448
54754
54956
55566
55567
55589
55720
55790
55792
56111
56162
56321
56615
56950
57115
57356
57359
57516
57529
57554
57622
57750
57833
57834
58098
58155
58411
58550
58897
58923
58929
59245
59490
59826
60300
60511
60624
60767
60815
61550
61687
62106
62108
62133
62380
62475
62481
62584
62760
63101
63334
63420
63450
63704
64100
64577
64588
64836
64932
64961
65086
65100
65119
65141
65235
65288
65290
65489
65621
65693
65814
65883
65999
66063
66064
66116
66150
66176
66270
66364
66481
66925
66946
67537
68145
68295
68300
68519
68548
68569
68632
68707
68711
68724
68902
68903
68919
69072
69108
69114
69142
69228
69291
69311
69349
69390
69440
69466
69675
69885
69933
69935
69973
70008
70053
70084
70104
70208
70475
70610
70720
71073
71688
71698
71935
72036
72360
72457
72551
72749
72788
72795
72828
72850
72989
73444
73795
74091
74158
74331
74365
74444
74458
74491
74493
74539
74590
74788
74810
74820
74823
75017
75285
75453
75649
76140
76312
76546
76643
76693
76698
76707
76715
76791
76800
76832
76857
76864
76866
77368
77376
77461
77522
77524
77645
77743
77865
77971
77974
78023
78075
78757
78758
78794
78819
79445
79485
79487
79499
79866
79871
80019
80108
80109
80111
80238
80612
80843
81298
81386
81557
81566
81582
81636
81666
81826
81984
82017
82037
82045
82064
82069
82084
82086
82144
82424
82632
82758
82786
82971
83547
83643
83662
83682
83731
83870
83874
83887
83990
84057
84070
84275
84404
84646
84722
84737
84787
84833
84901
85030
85047
85183
85343
85481
85876
86017
86028
86058
86177
86193
86269
86331
86454
86559
86585
86885
87035
87139
87343
87647
87715
87907
88071
88111
88124
88142
88201
88256
88424
88554
89261
89277
89283
89355
89372
89383
89454
89624
89713
89952
89992
90023
90041
90085
90119
90306
90394
90451
90542
90558
90570
90871
91036
91041
91099
91199
91522
91875
92089
92255
92336
92541
92899
92901
92907
93041
93103
93247
93288
93314
93356
93406
93450
93668
93673
93766
93904
93942
94046
94058
94257
94265
94333
94362
94408
95087
95148
95152
95461
95560
95621
95652
95707
95711
95741
95768
95773
95892
95988
96237
96327
96573
96767
97183
97319
97335
97515
97516
97750
97756
97759
97834
98039
98099
98121
98289
98332
98600
98733
98839
98901
98935
98958
98963
99023
99059
99108
99146
99152
99195
99202
99204
99219
99244
99263
99286
99365
99475
100040
100045
100202
100509
100681
100908
100932
100979
101061
101346
101487
101727
101741
101745
101797
101805
101811
101813
101871
101911
102646
102901
102912
102997
103091
103196
103226
103243
103297
103501
103523
103732
104195
104367
104446
104617
104643
104771
104784
104893
104894
104977
104997
105071
105074
105174
105243
105326
105377
105398
105445
105553
105628
105630
105650
105674
105994
106020
106064
106092
106177
106196
106206
106304
106458
106588
106720
106800
107072
107132
107178
107208
107261
107378
107568
107629
107642
108382
108464
108477
108516
108654
108966
109132
109195
109424
109504
109549
110065
110306
110357
110380
110577
111010
111106
111191
111243
111246
111347
111679
111687
111694
111745
111801
111820
111824
111831
111835
111891
111895
112060
112065
112236
112440
112497
112541
112668
112818
112982
113577
113632
113656
113751
113917
113931
114136
114187
114238
114334
114390
114395
114469
114720
114725
115074
115201
115297
115430
115441
115475
115476
115488
115593
115605
116169
116200
116254
116672
116820
117057
117181
117191
117340
117353
117404
117508
117541
117544
117570
117692
117694
117752
117790
118094
118156
118227
118380
118381
118382
118409
118711
119026
119148
119238
119609
119645
119667
119884
119905
119955
119963
120009
120118
120145
120166
120198
120223
120338
120355
120366
120544
121037
121081
121226
121227
121230
121460
121547
121806
121812
121946
122200
122263
122319
122557
122733
122965
123478
123531
123687
123728
123850
123853
123871
123896
123914
123938
123952
123954
123984
124013
124082
124088
124112
124122
124396
124572
124605
124812
124834
124881
126112
126149
126316
127338
127375
127376
127379
127502
127520
127530
127539
127557
127829
127921
127996
128060
128138
128542
128616
128842
128902
129261
129296
129666
129770
129845
129888
129895
130008
130133
130135
130169
130216
130335
130350
130359
130393
130709
130733
130771
130871
130913
130947
131172
131182
131415
131429
131439
131441
131445
131465
131466
131486
131501
131559
131583
132714
133035
133040
133051
133054
133109
133121
133382
133531
133791
133868
134123
134197
134250
134254
134440
134627
134729
134751
134834
134837
134897
134922
134974
135061
135096
135414
135417
136139
136342
136534
136704
136773
136842
136953
137037
137062
137230
137500
138034
138131
138143
138197
138259
138276
138329
138357
138385
138408
138410
138452
138605
138694
138720
138847
138879
139092
139344
139345
140766
141068
141243
141426
141431
141444
141490
141531
141534
141585
141606
142030
142508
142722
142844
142896
143024
143223
143468
143534
143541
143607
143639
143655
143662
143822
144161
144529
144584
144707
144915
144919
145138
145446
145464
145784
145832
145904
145911
145933
146114
146244
146269
146289
146343
146455
146876
146935
146965
147312
147437
147554
147826
147858
148019
148138
148209
148356
148399
148423
148738
149677
149883
150028
150240
150245
150469
150482
150521
150524
150544
150610
150667
150955
151127
151291
151346
151475
151493
151785
151802
152070
152974
153077
153293
153294
153393
153462
153681
153782
154205
154260
154408
154646
154649
154656
154660
154871
154887
155209
155431
155583
155635
155661
155768
155958
156351
156404
156420
156482
156652
156674
156703
156878
156990
157099
157401
157979
158071
158103
158129
158146
158428
158581
158591
158832
158835
159465
159473
159476
159693
160085
160087
160172
160255
160404
160471
160851
161022
161301
161479
161545
161648
161775
161888
162196
162421
162463
162785
162819
162844
162876
162923
163251
163579
164203
164293
164392
164577
164718
165085
165209
165212
165266
165383
165394
165478
165494
165590
165689
165721
166004
166564
166813
166887
166910
166996
167069
167685
167693
168340
168465
168476
168572
168586
168786
168956
169207
169267
169812
169876
170037
170160
170161
170855
170896
171096
171300
171658
171704
171853
172007
172634
172809
173169
173388
173549
173695
173874
173958
174041
174052
174177
174536
174599
174603
174648
175444
175530
175574
176046
176083
176102
176108
176228
177041
177063
177414
178092
178457
178634
178658
178694
178739
178792
178825
178892
178923
178957
178985
179179
179879
179950
180100
180145
180166
180172
180183
180185
180563
180595
180825
181056
181157
181279
181356
182260
182263
182323
182487
182627
182695
182775
183370
183450
183663
183675
183792
183971
184070
184142
184267
184312
185040
185445
185692
185875
185969
185973
186153
186281
186378
186388
186390
186620
186636
186958
187022
187025
187163
187746
188026
188079
188178
188182
188185
188334
188387
188558
189017
189075
189089
189141
189176
189215
189256
189571
189572
189756
189761
189766
189804
189931
189969
190882
191064
191098
191153
191190
191232
191716
191964
192262
192389
192580
192592
193013
193048
193108
193217
193222
193227
193403
193404
193455
193788
193843
193882
193948
194005
194196
194311
194515
194821
195087
195231
195233
195282
195451
195456
195532
195684
195906
196128
196166
196792
196874
196901
196929
196935
196962
197332
197389
197493
197514
197593
197638
197710
197943
198673
198694
198866
198977
199536
199640
199858
199870
200034
200159
200304
200421
200484
200588
200606
200762
200765
200796
200977
201116
201152
201183
201403
201910
201938
202346
202702
203236
203263
203679
203835
204478
204601
204626
205311
205441
206116
206196
206212
206222
206297
206853
206900
206916
207260
207611
207642
208111
208203
208297
208507
208588
208641
208661
208754
208850
209022
209201
209256
209272
209366
209417
209464
209497
209503
209519
209599
209757
209758
209779
209847
210150
210251
210405
210410
210539
210551
210622
210628
210789
211195
211196
211241
211279
211384
211390
211507
211626
211710
212783
212792
212887
213099
213167
213649
213675
213677
213792
214004
214231
214805
215123
215132
215144
215188
215222
215318
215410
215469
215537
216062
216289
216299
216328
216442
216543
216572
216665
216694
216695
216707
216722
216881
217127
217166
217209
217213
217233
217281
217486
217647
217788
217851
218070
218073
218144
218251
218271
218306
218342
218540
218543
218947
219088
219192
219481
219551
219708
219884
219891
219950
219980
220018
220219
220305
220321
220377
220426
220675
220717
220895
221052
221527
222157
222389
222395
222415
222526
222527
222909
223024
223145
223178
223241
223265
223274
223291
223405
223788
223796
223933
224003
224323
224658
224768
224785
225059
225113
225297
225373
225482
225496
225623
225743
225940
226451
227697
227762
227902
228000
228018
228516
228858
228997
229956
230035
230070
230317
230732
230795
230987
231261
231403
231414
231707
231779
231817
231834
232255
232368
232490
232585
232738
232878
233050
233073
233104
233332
234148
234166
234216
234368
234405
234412
234587
234632
234670
234868
234992
234993
234997
235044
235103
235136
235419
235452
235493
235526
235544
235556
235578
235826
235973
236002
236034
236068
236138
236442
236692
236699
236758
237008
237120
237343
237384
237433
237453
237480
237483
237542
237764
237835
237844
237865
238071
238124
238139
238196
238225
238284
238408
238440
238752
238782
239102
239294
239832
239904
239907
240043
240089
240125
240145
240226
240292
240296
240313
240366
240676
240770
241098
241369
241619
241752
241825
241915
242086
242129
242130
242245
242271
242500
242562
242589
242592
242600
242630
242668
242901
242934
243060
243130
243193
243419
243489
243529
243552
243738
243843
243846
244055
244144
244220
244539
244695
244710
244732
244856
244968
245059
245079
245236
245237
245249
245502
246092
246100
246106
246203
246522
246552
246599
246742
246803
246877
246933
247056
247134
247153
247168
247178
247179
247422
247616
247710
247719
247748
247778
247952
247959
248287
248584
248629
248634
249005
249123
249175
249232
249239
249348
249675
249687
249755
249815
249824
249886
250062
250086
250099
250275
250484
250486
250500
250507
250520
250529
250584
250941
251461
251627
251766
251774
251936
251953
251970
252004
252050
252069
252089
252117
252161
252754
252882
252893
253597
253836
254004
254011
254075
254103
254245
254284
254463
255795
256114
256128
256205
256396
257206
257298
257612
257706
257737
258017
258033
258278
258803
258973
259546
259805
259868
259911
259915
259974
259985
259999
260014
260017
260028
260166
261213
261240
261649
261879
262392
262616
262918
263086
263463
263640
264153
264202
264394
264460
264484
264486
264630
265005
265212
265440
265873
265882
266455
266475
266836
267103
267150
267393
267473
267539
267589
267730
267844
267866
267871
267878
267935
268037
268316
268741
269017
269101
269132
269216
269218
269630
269875
269878
270016
270149
270199
270302
270350
270644
270995
271042
271054
271068
271069
271361
271495
271654
271663
272019
272094
272327
272685
272733
272832
272939
273094
273199
273595
274099
274737
274844
275042
275078
275626
275655
275663
275701
275742
275769
275842
275975
275976
276035
276140
276191
276291
276379
276380
276425
276646
276985
277008
277392
277447
277452
277515
277816
277834
277948
278165
278411
278433
278502
278532
278919
278956
279232
279538
279567
279880
279895
280272
280293
280440
280650
281046
281076
281206
281363
281370
281737
281814
281827
281829
282076
282083
282148
282161
282360
282449
282477
282478
282530
282570
282578
282846
283037
283047
283155
283192
283196
283296
283329
283470
283501
283705
283742
283896
284021
284033
284062
284073
284150
284813
285002
285252
285618
285839
285857
285943
286273
286275
286328
286424
286545
286608
286623
286755
286807
286830
286893
287122
287307
287479
287745
288054
288177
288194
288201
288342
288344
288379
288414
288435
288479
288557
288769
288898
289233
289846
289865
289982
290002
290011
290725
291542
291810
293096
293125
293411
293441
293858
294067
294163
294169
294877
295153
295509
295777
295883
295934
296874
296926
296971
297203
297215
297585
297622
297837
297913
298056
298360
298801
299146
299147
299178
299187
299537
300276
300277
300368
301005
301855
301884
301923
302098
302231
302273
302366
302647
302764
302917
302950
303359
303533
303604
303606
303625
304100
304393
304430
304967
305079
305220
305640
305760
305889
306052
306063
306278
306614
306708
306757
306778
306787
307100
307197
307505
307538
307592
307689
307989
308004
308084
308135
308250
308304
308314
308464
308767
309146
309222
309529
309612
310034
310218
310240
310432
310464
310486
310533
310628
310672
311000
311018
311127
311201
311354
311541
311643
311676
312070
312411
312631
312653
312782
312802
312840
312887
313037
313072
313291
313306
313335
313336
313370
313374
313548
313855
313964
313973
314069
314093
314154
314175
314180
314319
314363
314431
314432
314619
314631
314841
315051
315116
315127
315156
315494
315655
316111
316711
316868
316900
316923
316924
316983
317287
317322
317345
317394
317462
317508
317672
317685
318060
318081
318096
318258
318395
318403
318496
318950
319013
319579
319991
320141
320704
320767
320894
321072
321412
321764
321843
322266
322377
322568
322762
322763
322776
322807
322825
322843
322862
322875
323068
323154
323182
323319
323373
323414
323424
323432
323450
323704
324028
324058
324061
324202
324206
324812
324820
324844
324851
325055
325204
325327
325392
325405
325452
325522
325693
325993
326136
326381
326506
326605
326650
326765
326894
326925
326948
326955
326959
327153
327402
327861
328003
328030
328053
328235
328299
328471
328524
328731
328887
328929
329368
329502
329540
329544
329555
329556
329651
329796
329875
330063
330102
330452
330525
330815
330827
330828
331111
331364
331425
331511
331551
331587
331597
331616
331623
331665
331680
331759
331863
332129
332143
332246
332517
332719
333205
333263
333269
333332
333407
333430
333454
333455
333529
333712
333806
333969
334059
334062
334073
334083
334097
334298
334548
334605
334611
334630
334631
334703
334858
334999
335032
335323
335551
335656
335657
335918
336030
336671
336790
336901
337072
337093
337240
337364
337440
337488
337533
337641
337679
337894
338042
338284
338289
338345
338405
338407
338408
338453
338916
338942
338995
339014
339062
339124
339140
339164
339334
339410
339584
339702
339707
339781
339785
339868
340322
340349
340466
340521
340537
341308
341367
341690
341870
341955
342055
342215
342581
343163
343306
343727
343728
343776
343787
344116
344255
344329
344381
344426
344845
345130
345285
345528
345907
346147
346240
346247
346257
346579
346778
346885
347131
347261
347319
347337
347505
347542
347578
347593
347688
347881
347914
348028
348074
348407
348584
348613
348788
349157
349485
349492
349929
350057
350235
350588
350687
350963
350998
351003
351004
351064
351216
351219
351243
351304
351327
351331
351395
351468
351654
351675
351742
351821
351822
351911
351972
352084
352107
352226
352373
352621
352639
352947
352948
353084
353215
353221
353229
353324
353367
353368
353373
353590
353950
353991
354027
354031
354144
354235
354262
354279
354340
354358
354373
354385
354517
354628
354650
355126
355269
355603
355750
355915
356101
356260
356261
356267
356274
356344
356345
356352
356368
356823
357034
357129
357150
357172
357174
357327
357337
357348
357372
357616
357617
357624
358038
358046
358097
358104
358172
358248
358444
358472
358607
358777
359239
359243
359334
359415
360089
360148
360242
360251
360254
360281
360416
360496
360514
360522
360537
360547
360781
360802
361095
361195
361228
361257
361310
361313
361474
361529
361672
361921
362047
362116
362634
362721
362728
362748
362796
362838
363164
363192
363218
363243
363244
363323
363400
363544
363557
363591
363815
364110
364125
364243
364294
364955
365031
365309
365414
365415
365417
365431
365451
365469
365877
365898
365937
366011
366459
366465
366466
366470
366577
366606
367077
367141
367194
367298
367411
367417
367505
367509
367675
368070
368142
368328
368978
368993
369257
369539
369550
369684
369690
369820
370206
370315
370376
370437
370648
370847
370871
370975
371246
371724
371749
371818
372076
372098
372133
372480
372562
372882
373103
373165
373232
373242
373506
373529
373618
373767
374027
374077
374216
374236
374244
374247
374352
374400
374780
374838
374979
375042
375047
375256
375662
375666
375688
375705
376052
376375
376376
376752
376981
377045
377114
377134
377194
377254
377275
377276
377290
377322
377611
377667
377710
377718
377727
377743
377923
378063
378070
378118
378163
378536
378971
379143
379144
379187
379243
379514
379670
379890
380143
380144
380155
380307
380421
380494
380527
380540
380622
380979
381049
381147
381676
381823
381835
381988
382077
382134
382153
382164
382185
382388
382495
382641
382753
382857
382872
382959
383031
383252
383339
383518
383709
384265
384446
384604
384606
384638
385387
385633
385658
385709
385732
385791
386654
386783
386855
386969
386971
387519
387529
387661
387668
387682
387858
387861
387999
388508
388618
388627
389066
389246
389296
389501
389656
389889
389982
390369
390570
390573
390609
390695
391227
391268
391351
391484
391764
391871
392004
392022
392104
392120
392164
392173
392214
392222
392374
392517
392729
392754
392951
392957
393157
393554
393658
393692
393698
393840
394043
394112
394133
394471
394553
394719
394781
394782
394850
394938
394975
395109
395288
395292
395294
395296
395691
395693
395709
395928
396261
396447
396795
396815
396891
396892
396905
397112
397130
397189
397195
397245
397497
397514
397520
397570
397718
397757
397780
397827
398027
398311
398312
398554
398637
398742
399245
399319
399451
399504
399603
399631
399666
399916
400190
400383
400401
400876
401214
401316
401320
401354
401740
401857
402474
403035
403091
403104
403505
403771
404006
404033
404115
404151
404903
405133
405201
405474
405493
405521
405583
405874
405884
405891
405895
405954
405978
405996
406602
406611
406643
406650
406687
406739
407060
407137
407388
407645
407648
407837
407910
407936
407949
408015
408088
408149
408167
408178
408344
408379
408419
408551
408617
408986
409019
409796
409850
409853
410385
410395
410476
410493
410507
410510
410527
410534
410605
410670
410709
410824
410842
411037
411087
411169
411329
411811
411918
411990
412009
412023
412024
412129
412142
412176
412186
412233
412287
412460
413030
413085
413196
413294
413314
413434
413457
413859
413876
413936
414025
414210
414273
414568
414571
414689
415156
415178
415327
415599
415623
415759
415795
415999
416069
416071
416074
416228
416275
416383
416386
416532
416539
416673
416729
416831
416842
416851
416969
417073
417233
417371
417427
417451
417495
417515
417620
417668
417792
417851
418105
418338
418368
418400
418777
418845
418986
419373
419463
419481
419833
419850
420212
420236
420277
420282
420313
420601
420639
420801
420802
420930
421232
421606
422102
422335
422498
422552
422656
422659
422683
422707
422826
422912
422974
423186
423286
423351
423801
423861
424350
424605
424660
424840
424962
425100
425370
425409
425526
425674
425833
426042
426144
426167
426202
426552
427059
427265
427297
427507
427515
427517
427526
427531
427602
427698
427700
427720
427723
427749
427795
427818
428148
428180
428306
428575
428706
428974
429257
429265
429304
429393
429512
429572
429586
429677
429733
429749
429760
429761
429977
430011
430095
430220
430362
430454
430510
430531
430545
430560
430633
430679
430723
430777
430815
430882
430899
430978
431189
431362
431372
431387
431388
431391
431405
431536
431540
431546
431644
431826
431878
431898
431959
431963
432041
432340
432428
432430
432492
432531
432771
432943
432944
433308
433315
433316
433339
433960
434176
434363
434404
434538
434633
435044
435134
435333
435340
435501
435648
435686
435725
435818
435823
436241
436561
436570
436753
436763
437335
437339
437356
437371
437393
437425
437427
437557
437569
437791
437861
437966
438021
438025
438092
438101
438126
438297
438431
438434
438802
438953
438959
439059
439202
439530
439743
439746
439807
1993 UD
1998 WA2
1999 CV7
1999 RV215
1999 TH50
1999 YJ5
1999 YJ8
2000 CZ123
2000 PN8
2000 QM7
2000 QU7
2000 SB1
2000 SK9
2000 SJ11
2000 SM232
2000 SM232
2000 SC241
2000 SW309
2000 SH347
2000 WK159
2000 XZ44
2001 AW19
2001 DQ6
2001 HT24
2001 MM8
2001 QN33
2001 QD107
2001 QL153
2001 QK171
2001 QL189
2001 QB207
2001 QF298
2001 SK112
2001 SZ119
2001 SN264
2001 TS2
2001 TW175
2001 TQ259
2001 UH1
2001 UR165
2001 VU12
2001 VW50
2001 WX4
2001 XT102
2001 YS3
2001 YU102
2001 YF131
2002 AL14
2002 CG129
2002 CL140
2002 EN7
2002 GW3
2002 GT26
2002 GC102
2002 GV155
2002 GH190
2002 GH191
2002 JE14
2002 JL68
2002 JT150
2002 LC46
2002 LK63
2002 NW11
2002 NE56
2002 NF77
2002 NO79
2002 PD1
2002 PJ130
2002 PF189
2002 PV191
2002 QZ6
2002 QT80
2002 QE108
2002 QY121
2002 RU137
2002 RZ137
2002 RK239
2002 RL286
2002 RD294
2002 SF71
2002 TS59
2002 TL80
2002 TZ99
2002 TX386
2002 TN141
2002 TY160
2002 TX196
2002 TG246
2002 TC303
2002 TU326
2002 UF4
2002 UN11
2002 UG16
2002 VJ15
2002 VD98
2002 VN145
2002 WY4
2002 WD31
2002 WX31
2002 XA38
2002 XY69
2002 YR12
2003 AO
2003 AT55
2003 AV80
2003 DY9
2003 FV3
2003 FZ116
2003 FJ127
2003 GU21
2003 GX24
2003 HU23
2003 HW36
2003 MK4
2003 RJ2
2003 SF42
2003 SE407
2003 UA
2003 UP11
2003 UA14
2003 UM191
2003 UL203
2003 UV280
2003 UT341
2003 WW6
2003 WG7
2003 WE88
2003 WJ98
2003 XB15
2003 YE13
2003 YA15
2003 YK157
2004 BF
2004 BZ18
2004 BB27
2004 BM68
2004 BT68
2004 BS71
2004 CR6
2004 CU37
2004 CT110
2004 DS21
2004 EO16
2004 ER23
2004 EB72
2004 FL5
2004 FW28
2004 GD14
2004 HA79
2004 JM
2004 JY11
2004 KH17
2004 KZ18
2004 LB1
2004 OJ14
2004 OP15
2004 PX27
2004 QR5
2004 QB14
2004 QK20
2004 RJ9
2004 RD103
2004 RV109
2004 RP112
2004 RG114
2004 RT186
2004 RS251
2004 RF252
2004 RH252
2004 RS329
2004 RM335
2004 ST2
2004 SX4
2004 SH9
2004 SA21
2004 SC28
2004 SU30
2004 TW8
2004 TB10
2004 TD50
2004 TM132
2004 TY143
2004 TP177
2004 TZ215
2004 UZ9
2004 VD69
2004 VJ74
2004 XP40
2004 XN62
2004 XF144
2004 YA
2005 AU28
2005 AE58
2005 CP38
2005 CR62
2005 EZ69
2005 ER133
2005 EN169
2005 ED225
2005 GN15
2005 GP22
2005 GY81
2005 GT110
2005 GU111
2005 GY128
2005 GD131
2005 GF180
2005 HE
2005 HJ2
2005 HD4
2005 JM22
2005 JA45
2005 JF45
2005 JQ45
2005 JW45
2005 JC109
2005 JC162
2005 KE13
2005 LC54
2005 MN13
2005 PN6
2005 QF3
2005 QZ4
2005 QB16
2005 QK76
2005 QA161
2005 QV167
2005 RP43
2005 SH26
2005 SR137
2005 SF211
2005 SH268
2005 SM285
2005 TS146
2005 TR176
2005 TF187
2005 TG189
2005 UV2
2005 UF6
2005 UL7
2005 UB23
2005 UE90
2005 UL157
2005 UL164
2005 UC480
2005 UV259
2005 UD332
2005 VE
2005 VU49
2005 VG118
2005 WO3
2005 WH4
2005 WP54
2005 WM83
2005 WA85
2005 WX104
2005 WZ143
2005 WO180
2005 WV203
2005 XX4
2005 XF6
2005 XZ79
2005 XN80
2005 YW3
2005 YW14
2005 YC23
2005 YA29
2005 YV34
2005 YQ96
2005 YA124
2005 YJ141
2005 YO142
2005 YS154
2005 YR204
2005 YS271
2006 AQ3
2006 AG20
2006 AY22
2006 AC28
2006 AH50
2006 AE72
2006 BL1
2006 BS61
2006 BC79
2006 BT127
2006 BH164
2006 DQ6
2006 DD29
2006 DW32
2006 DY41
2006 DN154
2006 DH176
2006 EX49
2006 FW2
2006 FK50
2006 GW37
2006 HA6
2006 HS57
2006 HT89
2006 JV20
2006 KY37
2006 KT52
2006 KM56
2006 KF100
2006 MC15
2006 PL6
2006 PD19
2006 QY89
2006 QE142
2006 RF2
2006 RG7
2006 RO10
2006 RU41
2006 RM59
2006 RQ89
2006 SA80
2006 SY398
2006 SO140
2006 SH408
2006 SO408
2006 SD151
2006 SR209
2006 ST220
2006 SW247
2006 SW346
2006 TO1
2006 TR56
2006 TF69
2006 TG106
2006 UA17
2006 UX34
2006 UE51
2006 UP70
2006 UC108
2006 UQ217
2006 UT334
2006 VN13
2006 VK36
2006 VX96
2006 WL4
2006 WE19
2006 WP29
2006 WO45
2006 WK50
2006 WJ130
2006 WM130
2006 WZ134
2006 WG156
2006 XL23
2006 XU71
2006 YP42
2007 AC
2007 AN10
2007 AX19
2007 BH
2007 BL55
2007 CN
2007 CM11
2007 DG18
2007 DJ47
2007 DM49
2007 DN61
2007 DT99
2007 DK104
2007 EN11
2007 EY52
2007 ED82
2007 EG111
2007 EP131
2007 EC191
2007 EE217
2007 FH1
2007 GU3
2007 GU48
2007 HJ
2007 HZ6
2007 HY15
2007 HB41
2007 JL4
2007 KH7
2007 LE5
2007 OX
2007 RZ16
2007 RL148
2007 RY178
2007 RN227
2007 RO259
2007 RN276
2007 RA312
2007 TP37
2007 TY417
2007 TZ417
2007 TN202
2007 TK213
2007 TT222
2007 TC246
2007 TW294
2007 UJ
2007 UV47
2007 UN50
2007 UC130
2007 UM139
2007 VN10
2007 VD12
2007 VJ56
2007 VB57
2007 VM102
2007 VX125
2007 VU165
2007 VK245
2007 VQ260
2007 VX267
2007 VY272
2007 XW9
2007 XJ24
2007 XV50
2007 XR56
2007 YH41
2007 YG55
2007 YR58
2008 AW28
2008 AR33
2008 AM73
2008 AD79
2008 AG89
2008 AP91
2008 AE112
2008 AC113
2008 AM117
2008 BF2
2008 BG24
2008 BC49
2008 CH
2008 CQ6
2008 CN54
2008 CA72
2008 CD75
2008 CE99
2008 CZ118
2008 CX140
2008 CX189
2008 DK61
2008 EH28
2008 EU50
2008 EK83
2008 EZ85
2008 ED89
2008 EN90
2008 ES91
2008 ED126
2008 EW148
2008 EY152
2008 EE164
2008 FD10
2008 FV27
2008 FG28
2008 FN52
2008 FQ76
2008 FE97
2008 FJ112
2008 FU135
2008 FQ137
2008 GF
2008 GL
2008 GV15
2008 GR26
2008 GM70
2008 GK112
2008 GJ145
2008 JM3
2008 JG5
2008 JM20
2008 JX34
2008 KB6
2008 KC13
2008 KU34
2008 PT1
2008 QY23
2008 QW32
2008 QN40
2008 QR42
2008 RS73
2008 RF80
2008 RU81
2008 SM137
2008 SV150
2008 SS164
2008 SR175
2008 SX207
2008 SR217
2008 SV243
2008 SB270
2008 SW299
2008 TM10
2008 TX18
2008 TW25
2008 TC50
2008 TW60
2008 TE130
2008 UN4
2008 UV29
2008 UH62
2008 UP86
2008 UR90
2008 UE230
2008 UE262
2008 VP14
2008 WB33
2008 WJ61
2008 WQ91
2008 WH97
2008 WJ131
2008 WL134
2008 XG3
2008 XE11
2008 YL2
2008 YG37
2008 YA50
2008 YQ64
2008 YT68
2008 YV98
2008 YO154
2009 AO37
2009 BB5
2009 BG11
2009 BF13
2009 BK95
2009 BJ151
2009 BW176
2009 BC186
2009 CD
2009 CK
2009 CX47
2009 DJ17
2009 DN122
2009 EG3
2009 ED9
2009 FJ14
2009 FO46
2009 FE72
2009 FB73
2009 GH3
2009 HS13
2009 HZ21
2009 HX37
2009 HA45
2009 HK52
2009 HL62
2009 HV64
2009 HV73
2009 HQ82
2009 HS84
2009 HY100
2009 KV3
2009 KE37
2009 PT7
2009 QB
2009 QV19
2009 QE20
2009 QG34
2009 RD4
2009 RY21
2009 RD34
2009 RQ65
2009 RJ71
2009 SD13
2009 SJ22
2009 SM35
2009 SM61
2009 SQ139
2009 SG239
2009 SZ243
2009 SA265
2009 SK278
2009 SP291
2009 SR321
2009 SC358
2009 TP4
2009 TY23
2009 TT31
2009 TY45
2009 UT
2009 UW1
2009 UN66
2009 UJ90
2009 UV101
2009 UB131
2009 VQ1
2009 VH2
2009 VV25
2009 VG31
2009 VB41
2009 VP51
2009 VZ69
2009 VF91
2009 WG105
2009 WX124
2009 WD146
2009 WB186
2009 XO3
2009 XD8
2009 YT6
2009 YX13
2009 YF19
2010 AC40
2010 AZ66
2010 AG78
2010 AJ79
2010 AD84
2010 BT4
2010 BB16
2010 BR66
2010 CP4
2010 CJ20
2010 CW31
2010 CB57
2010 CC82
2010 CB97
2010 CY108
2010 CB173
2010 CW225
2010 CF248
2010 DU12
2010 ED31
2010 EX35
2010 EK72
2010 ED86
2010 EL109
2010 EL129
2010 EM137
2010 EF138
2010 EU138
2010 EL139
2010 EA140
2010 FJ10
2010 FN72
2010 FB91
2010 FO101
2010 GF30
2010 GW33
2010 GO42
2010 GD54
2010 GY129
2010 GP156
2010 GV156
2010 HG79
2010 HP84
2010 HS107
2010 HZ108
2010 JD48
2010 JA83
2010 JK86
2010 JR93
2010 JZ113
2010 JX171
2010 KM22
2010 LL34
2010 LG53
2010 LZ56
2010 LK61
2010 MP1
2010 MU18
2010 NH1
2010 NZ15
2010 NH26
2010 OA10
2010 OC33
2010 OG33
2010 OL100
2010 OL126
2010 PQ10
2010 PS21
2010 PV27
2010 PG49
2010 PV58
2010 PX70
2010 RH3
2010 RC8
2010 RB37
2010 RU96
2010 RP100
2010 SE14
2010 TF
2010 TY53
2010 TD55
2010 TN71
2010 TC81
2010 TM83
2010 TZ99
2010 TP166
2010 UE6
2010 UL7
2010 VF1
2010 VS12
2010 VR14
2010 VX18
2010 VM38
2010 VX38
2010 VM48
2010 VV71
2010 VZ71
2010 VP98
2010 VM127
2010 VD130
2010 VL133
2010 VW164
2010 WL
2010 WB37
2010 WS51
2010 XX58
2010 XC66
2010 XD69
2011 AL75
2011 AM79
2011 BC7
2011 BZ44
2011 BE45
2011 BT60
2011 BP62
2011 BN120
2011 CR62
2011 CE88
2011 CW107
2011 DX50
2011 EB17
2011 EW45
2011 ED51
2011 EA79
2011 FD1
2011 FT3
2011 FR6
2011 FA12
2011 FQ24
2011 FL28
2011 FF41
2011 FZ55
2011 FU145
2011 FN147
2011 FX152
2011 GP9
2011 GV23
2011 GC58
2011 GQ64
2011 GL65
2011 GQ65
2011 GX65
2011 GC68
2011 HZ7
2011 HH8
2011 HJ8
2011 HS21
2011 HS39
2011 HP41
2011 HL43
2011 HO60
2011 HO61
2011 HP72
2011 HH84
2011 JL8
2011 JE10
2011 JH24
2011 JC29
2011 KG4
2011 KJ19
2011 KQ19
2011 KG20
2011 LE15
2011 MP
2011 OA10
2011 OA18
2011 PY1
2011 PV3
2011 PH11
2011 PE14
2011 QH21
2011 QU34
2011 QC38
2011 QM38
2011 QA41
2011 QB50
2011 QH79
2011 QS79
2011 QD90
2011 RE5
2011 SD10
2011 SE23
2011 SX45
2011 SQ55
2011 ST106
2011 SM114
2011 SQ118
2011 SA121
2011 SF173
2011 SM205
2011 ST222
2011 TL5
2011 UV62
2011 UM89
2011 UY125
2011 UN401
2011 US411
2011 UE412
2011 UW168
2011 UG176
2011 UQ185
2011 UY193
2011 UW234
2011 UL246
2011 UR252
2011 UB320
2011 UJ322
2011 UR334
2011 WV2
2011 WS30
2011 WE32
2011 WL46
2011 WX50
2011 WK61
2011 WT74
2011 WC90
2011 WB112
2011 WS114
2011 WX128
2011 YQ4
2011 YQ13
2011 YD47
2011 YC53
2011 YD70
2011 YV71
2012 AS7
2012 AT10
2012 AE14
2012 AJ16
2012 AE22
2012 BE13
2012 BE14
2012 BR16
2012 BT65
2012 BF71
2012 BJ89
2012 BO95
2012 BG131
2012 BK134
2012 BF142
2012 CC44
2012 CV44
2012 CA54
2012 DT
2012 DD8
2012 DO31
2012 DE36
2012 DB49
2012 DN49
2012 DY72
2012 DN75
2012 DX88
2012 DR89
2012 DU97
2012 EC2
2012 EY9
2012 ED10
2012 EG10
2012 EU14
2012 EF15
2012 FD
2012 FT13
2012 FN15
2012 FE25
2012 FV30
2012 FG32
2012 FB34
2012 FZ35
2012 FA45
2012 FM52
2012 FJ58
2012 FL62
2012 FK67
2012 FD71
2012 FM83
2012 GX1
2012 GZ11
2012 GR12
2012 GH16
2012 GD26
2012 GJ27
2012 GQ27
2012 GD40
2012 HS9
2012 HX13
2012 HM14
2012 HH16
2012 HA31
2012 HJ48
2012 HD63
2012 HM66
2012 HC72
2012 HE83
2012 JJ
2012 JY5
2012 JK11
2012 JT18
2012 JV19
2012 JR41
2012 JU66
2012 KF1
2012 KC4
2012 KM5
2012 KF9
2012 KJ12
2012 KZ15
2012 KA45
2012 KY49
2012 LK3
2012 LB13
2012 LX16
2012 LZ17
2012 MR7
2012 OG6
2012 PW
2012 PG1
2012 PH6
2012 PG18
2012 PQ23
2012 PA26
2012 PB33
2012 QF7
2012 QT17
2012 QA18
2012 QT18
2012 QF19
2012 QK29
2012 QM36
2012 QL44
2012 QR50
2012 RA2
2012 RD2
2012 RD21
2012 RM43
2012 SY5
2012 SY14
2012 SC31
2012 SW49
2012 SS51
2012 SO56
2012 SA58
2012 SK63
2012 TZ12
2012 TM35
2012 TM53
2012 TC91
2012 TB130
2012 TU145
2012 TE210
2012 TM219
2012 TC234
2012 TJ246
2012 TP274
2012 UG34
2012 UT61
2012 UQ68
2012 UF125
2012 UA135
2012 UH136
2012 UY144
2012 UQ167
2012 UC174
2012 VF2
2012 VV4
2012 VE32
2012 VL38
2012 VG42
2012 VF68
2012 VP84
2012 VP97
2012 VM106
2012 WL3
2012 WP3
2012 WS10
2012 WN17
2012 WV35
2012 XG53
2012 XD55
2012 XE56
2012 XL67
2012 XZ83
2012 XP114
2012 XB128
2012 XF144
2012 XS145
2012 YP6
2013 AM3
2013 AP3
2013 AQ3
2013 AK9
2013 AC17
2013 AH20
2013 AR27
2013 AZ37
2013 AY50
2013 AQ64
2013 AY72
2013 AJ94
2013 AL112
2013 AP121
2013 AK126
2013 BE1
2013 BZ1
2013 BB19
2013 BP27
2013 BT45
2013 BU45
2013 BA61
2013 BP76
2013 CH13
2013 CY35
2013 CR40
2013 CS40
2013 CV56
2013 CO74
2013 CN75
2013 CG77
2013 CT101
2013 CB125
2013 CS128
2013 CU128
2013 CX129
2013 CC134
2013 CH134
2013 CR191
2013 CB197
2013 DJ15
2013 EO
2013 EU4
2013 EK11
2013 EP17
2013 ES30
2013 EO33
2013 EK41
2013 EV84
2013 EA90
2013 EJ107
2013 ES117
2013 EP119
2013 ER122
2013 FZ
2013 FD4
2013 FW12
2013 FS14
2013 FZ15
2013 FZ18
2013 FQ22
2013 GB
2013 GH3
2013 GP3
2013 GR7
2013 GL17
2013 GY17
2013 GC23
2013 GK37
2013 GZ48
2013 GA64
2013 GT68
2013 GU68
2013 GA75
2013 GZ78
2013 GY79
2013 GM80
2013 GD90
2013 GH98
2013 GZ99
2013 GH100
2013 GF112
2013 HC
2013 HF
2013 HN
2013 HF2
2013 HH6
2013 HA10
2013 HB11
2013 HY14
2013 HX18
2013 HS42
2013 HR99
2013 JV1
2013 JM4
2013 JA7
2013 JP7
2013 JU10
2013 JG18
2013 JM20
2013 JF25
2013 JH47
2013 JL61
2013 JQ63
2013 KF3
2013 LA26
2013 LT28
2013 LU31
2013 MV4
2013 NE8
2013 NR11
2013 NU12
2013 NM20
2013 NR20
2013 PQ6
2013 PQ20
2013 PB28
2013 PP43
2013 PV52
2013 PT64
2013 PN73
2013 QJ1
2013 QM11
2013 QA16
2013 QC31
2013 QH33
2013 QU44
2013 QY52
2013 QV69
2013 QH70
2013 RQ4
2013 RH16
2013 RM29
2013 RT32
2013 RQ34
2013 RZ41
2013 RP68
2013 RJ74
2013 RU91
2013 SE20
2013 SQ20
2013 SL24
2013 SC86
2013 TB
2013 TN5
2013 TF6
2013 TV12
2013 TR24
2013 TU30
2013 TD79
2013 TP95
2013 TC136
2013 TS138
2013 UD
2013 UL1
2013 UC4
2013 UD5
2013 UF9
2013 VK
2013 VB2
2013 VC12
2013 VM14
2013 WB
2013 WE
2013 WU
2013 WZ
2013 WG2
2013 WY26
2013 WP63
2013 WQ64
2013 WQ80
2013 WA87
2013 WT103
2013 XQ2
2013 XF5
2013 XZ8
2013 XX9
2013 XH10
2013 XL17
2013 XQ19
2013 XD21
2013 XM23
2013 YQ9
2013 YW9
2013 YA11
2013 YH13
2013 YY19
2013 YL33
2013 YY37
2013 YB38
2013 YC47
2013 YE48
2013 YN54
2013 YC63
2013 YG63
2013 YS69
2013 YW70
2013 YB73
2013 YE97
2013 YP102
2013 YV125
2013 YS129
2013 YF149
2014 AG10
2014 AU41
2014 AR46
2014 BH10
2014 BM21
2014 BJ29
2014 BA38
2014 BB39
2014 BY57
2014 BN60
2014 CW13
2014 CZ15
2014 DE4
2014 DD43
2014 DQ46
2014 DT46
2014 DT66
2014 DZ68
2014 DN79
2014 DM80
2014 DU112
2014 EA
2014 EE
2014 EU33
2014 EO48
2014 EE51
2014 ES51
2014 FY6
2014 FK7
2014 FN7
2014 FS7
2014 FM14
2014 FU37
2014 FJ39
2014 FC44
2014 GO1
2014 GQ1
2014 GM17
2014 GN32
2014 GF34
2014 GT35
2014 GR44
2014 GS44
2014 GQ46
2014 GA49
2014 HY
2014 HB1
2014 HN1
2014 HH2
2014 HR2
2014 HT2
2014 HX4
2014 HF7
2014 HH29
2014 HM33
2014 HW44
2014 HD68
2014 HO109
2014 HK131
2014 HS144
2014 HZ156
2014 HH177
2014 HX177
2014 HO180
2014 JQ25
2014 JO27
2014 JA55
2014 JH56
2014 JJ62
2014 JK63
2014 JS76
2014 KC
2014 KB3
2014 KG21
2014 KN21
2014 KM34
2014 KC42
2014 KC43
2014 KQ44
2014 KP45
2014 KK58
2014 KO59
2014 KF76
2014 KP84
2014 KG85
2014 KT86
2014 KM95
2014 LY20
2014 LW25
2014 LV26
2014 LJ27
2014 MK4
2014 MZ5
2014 MM36
2014 MV38
2014 MA41
2014 MN63
2014 NL9
2014 NA19
2014 NV20
2014 NH38
2014 NC53
2014 NO60
2014 NX62
2014 NC64
2014 OM2
2014 OG3
2014 OX15
2014 OV94
2014 OO99
2014 OW99
2014 OE366
2014 OW132
2014 OT230
2014 OY337
2014 OK344
2014 PT16
2014 PM25
2014 PF39
2014 PV59
2014 PF68
2014 QK
2014 QP28
2014 QT362
2014 QC380
2014 QR390
2014 QY390
2014 QN141
2014 QL148
2014 QL234
2014 QV252
2014 QW288
2014 QD328
2014 QU335
2014 RH
2014 RY11
2014 RD13
2014 RZ17
2014 RF18
2014 RU30
2014 SF
2014 SA142
2014 SB144
2014 SD144
2014 SV147
2014 SF217
2014 SG217
2014 SM224
2014 SG303
2014 SX303
2014 SR304
2014 SY320
2014 TB34
2014 TU34
2014 TX35
2014 TR38
2014 TY46
2014 TL49
2014 TE68
2014 TX73
2014 TA74
2014 UU3
2014 UY33
2014 UB35
2014 UY114
2014 UT115
2014 UJ116
2014 UD134
2014 UU159
2014 UF160
2014 UV175
2014 UV182
2014 UO191
2014 UU191
2014 UM199
2014 UH210
2014 VO
2014 VS
2014 VA1
2014 VC1
2014 VG1
2014 VY1
2014 VA2
2014 VB2
2014 VB10
2014 VE10
2014 VT24
2014 VB26
2014 VU32
2014 WH
2014 WC3
2014 WD6
2014 WO7
2014 WM68
2014 WY69
2014 WZ361
2014 WN364
2014 WY364
2014 WK365
2014 WQ365
2014 WF369
2014 WX369
2014 WE117
2014 WV381
2014 WF382
2014 WZ391
2014 WP393
2014 WB428
2014 WK428
2014 WT428
2014 WW200
2014 WK205
2014 WZ467
2014 WP478
2014 WD481
2014 WO481
2014 WN487
2014 WW496
2014 WW505
2014 WH302
2014 WJ355
2014 XP3
2014 XM6
2014 XA8
2014 XF8
2014 XO19
2014 XE40
2014 YB1
2014 YC10
2014 YH15
2014 YO21
2014 YF31
2014 YU43
2014 YN44
2015 AO1
2015 AS12
2015 AP45
2015 AF241
2015 BM2
2015 BR4
2015 BR6
2015 BW27
2015 BN29
2015 BH68
2015 BW92
2015 BA93
2015 BF130
2015 BR399
2015 BZ147
2015 BC432
2015 BU463
2015 BK204
2015 BT486
2015 BO513
2015 BR515
2015 BC275
2015 BA295
2015 BV297
2015 BW297
2015 BX297
2015 BZ301
2015 BE305
2015 BP356
2015 CH20
2015 CN25
2015 CM39
2015 CW51
2015 DQ
2015 DC99
2015 DP111
2015 DC138
2015 DA171
2015 DT218
2015 DG219
2015 EP6
2015 ER8
2015 EH58
2015 FP20
2015 FR33
2015 FB37
2015 FA51
2015 FV82
2015 FF100
2015 FD103
2015 FY115
2015 FE120
2015 FA150
2015 FZ164
2015 FO175
2015 FQ285
2015 FF304
2015 FC313
2015 FT332
2015 FC334
2015 FJ342
2015 GD14
2015 GQ22
2015 GK25
2015 GW26
2015 GO31
2015 HV
2015 HW
2015 HD83
2015 HS154
2015 HH171
2015 HY182
2015 KC
2015 KU
2015 KF25
2015 KL36
2015 KZ108
2015 KN122
2015 KM132
2015 KP157
2015 LE2
2015 LU8
2015 LU24
2015 LF39
2015 MB9
2015 MO16
2015 MJ52
2015 MU52
2015 MH54
1995 GJ
1995 SP60
1996 BC6
1998 RU14
1998 UB28
1999 DB8
1999 TR4
1999 WM5
2000 DS109
2000 PN
2000 SY9
2000 SH240
2000 TV10
2000 WW19
2001 FA230
2001 FP231
2001 ON50
2001 OP108
2001 QR33
2001 QM107
2001 QZ331
2001 SD242
2001 UU
2001 VT76
2001 WA4
2001 XB69
2001 XE92
2001 XJ219
2001 XC225
2002 CQ6
2002 CV152
2002 CL197
2002 EW163
2002 FE1
2002 GS9
2002 GM98
2002 GP183
2002 JC109
2002 QC26
2002 QK68
2002 QB121
2002 QH137
2002 RY125
2002 RD247
2002 RE273
2002 RB293
2002 TK59
2002 TR66
2002 UP11
2002 UB51
2002 XN4
2002 XP45
2002 YR5
2003 BG10
2003 GT24
2003 HJ57
2003 HT58
2003 SC127
2003 SD402
2003 SQ415
2003 TA40
2003 US24
2003 UP101
2003 UJ362
2003 UY378
2003 UZ292
2003 WO26
2003 YH36
2003 YE118
2003 YX118
2004 BU16
2004 BT97
2004 EC39
2004 FM8
2004 GV7
2004 GZ88
2004 HA2
2004 LA21
2004 PW6
2004 PA80
2004 QA17
2004 RY42
2004 RB85
2004 RW111
2004 RC129
2004 RT238
2004 RV307
2004 RG352
2004 SW
2004 TJ33
2004 TD233
2004 TH308
2004 TX345
2004 VM16
2004 VJ75
2004 XE65
2005 AK19
2005 EO14
2005 EY233
2005 EC241
2005 FB
2005 GT19
2005 GY39
2005 GX73
2005 GL119
2005 JY11
2005 JZ63
2005 JP147
2005 NZ85
2005 PY27
2005 QH47
2005 QS86
2005 RV2
2005 SU39
2005 SG68
2005 SH69
2005 SJ80
2005 SL116
2005 SW151
2005 SR226
2005 SP242
2005 ST270
2005 TV42
2005 TC120
2005 UX4
2005 UJ34
2005 UU64
2005 UR83
2005 US380
2005 UY125
2005 UH400
2005 UB185
2005 UK195
2005 UY248
2005 UC255
2005 UB281
2005 UY295
2005 UA313
2005 VR16
2005 VL17
2005 VP24
2005 VZ37
2005 VG80
2005 VF101
2005 WV41
2005 WZ50
2005 WH98
2005 WY203
2005 WW206
2005 XE3
2005 XQ19
2005 XL57
2005 XH116
2005 YM9
2005 YZ19
2005 YH75
2005 YZ88
2005 YR105
2005 YK130
2006 AO16
2006 AO104
2006 BK
2006 BQ25
2006 BP37
2006 BU180
2006 BJ225
2006 BN245
2006 CM2
2006 CP47
2006 DT38
2006 DP102
2006 DC106
2006 DT193
2006 EQ32
2006 FH9
2006 FN35
2006 FU39
2006 HV67
2006 HM86
2006 HT90
2006 KN53
2006 KV105
2006 PU
2006 QR91
2006 QC181
2006 RX82
2006 SM40
2006 SL371
2006 ST397
2006 SA408
2006 SV152
2006 SO176
2006 SA179
2006 SC185
2006 SW202
2006 SR318
2006 TE31
2006 TY41
2006 TF83
2006 UC92
2006 UE100
2006 UP222
2006 VX9
2006 VL14
2006 VD74
2006 VG133
2006 WZ1
2006 WX5
2006 WC98
2006 WD203
2006 XS45
2006 YN13
2006 YN45
2006 YD49
2006 YK53
2007 BA28
2007 EG12
2007 EY17
2007 EC73
2007 EM86
2007 EJ161
2007 EG192
2007 EJ222
2007 GL22
2007 GQ54
2007 HV31
2007 HK68
2007 LM20
2007 MU1
2007 PU10
2007 PV17
2007 PG30
2007 RM223
2007 RH260
2007 RN314
2007 TX14
2007 TL44
2007 TB66
2007 TK73
2007 TR94
2007 TY105
2007 TP400
2007 TR430
2007 TH442
2007 TE238
2007 UF56
2007 UO95
2007 VR8
2007 VF30
2007 VC41
2007 VW71
2007 VA91
2007 VC121
2007 VH170
2007 VA184
2007 VB234
2007 VD324
2007 XY3
2007 YQ26
2007 YF30
2007 YP62
2008 AR26
2008 AL71
2008 CE10
2008 CC35
2008 CW41
2008 CF47
2008 CT74
2008 CP126
2008 CQ168
2008 CK181
2008 DE37
2008 EY48
2008 ER92
2008 EO121
2008 EJ162
2008 FM7
2008 FH48
2008 FF87
2008 FQ110
2008 GA3
2008 GG13
2008 GO27
2008 GA47
2008 GO75
2008 GP127
2008 GG138
2008 GR143
2008 HT9
2008 HZ28
2008 HQ47
2008 JE33
2008 KQ11
2008 KR41
2008 LU5
2008 RH85
2008 RE144
2008 SX37
2008 SV40
2008 SJ95
2008 SH111
2008 SE113
2008 SQ118
2008 SK134
2008 SW174
2008 SH176
2008 SY210
2008 SK237
2008 SV252
2008 TW
2008 TR35
2008 TG63
2008 TJ125
2008 TM167
2008 UY14
2008 UJ21
2008 UV45
2008 UV56
2008 UD58
2008 UQ96
2008 UX220
2008 US340
2008 VB
2008 VE29
2008 WQ16
2008 WZ74
2008 WT96
2008 WF124
2008 WM124
2008 WF139
2008 XP6
2008 XT52
2008 YA102
2008 YP103
2008 YT113
2008 YJ115
2008 YP154
2009 AW20
2009 AP41
2009 AA46
2009 BH20
2009 BD34
2009 BO37
2009 CV43
2009 DH3
2009 DZ12
2009 DJ50
2009 DR115
2009 DX125
2009 FQ33
2009 FZ42
2009 HN7
2009 HN15
2009 HS22
2009 HY22
2009 HH57
2009 HL73
2009 HJ98
2009 JY18
2009 JE19
2009 KB
2009 KX4
2009 KQ21
2009 LR5
2009 NX
2009 OQ
2009 OT6
2009 OL10
2009 OX14
2009 OO20
2009 QN34
2009 QU63
2009 RW4
2009 RE20
2009 SK41
2009 SC47
2009 SE135
2009 SD220
2009 SO229
2009 SO268
2009 SW320
2009 SN340
2009 UQ9
2009 UY16
2009 UN22
2009 UR62
2009 UH80
2009 UH106
2009 VV6
2009 VH7
2009 VT39
2009 VM76
2009 WD26
2009 WF150
2009 WN170
2009 YA9
2010 AT6
2010 AA17
2010 AP83
2010 AF84
2010 AT84
2010 AW88
2010 AN98
2010 AQ104
2010 AO106
2010 AL111
2010 AG131
2010 AR132
2010 AJ133
2010 AM133
2010 AL139
2010 BD10
2010 BG13
2010 BW15
2010 BB17
2010 BX26
2010 BS29
2010 BL33
2010 BK36
2010 BM42
2010 BU42
2010 BC44
2010 BO53
2010 BF57
2010 BB77
2010 BX83
2010 BJ94
2010 BA98
2010 BJ105
2010 BK110
2010 BL113
2010 BJ118
2010 BG120
2010 BB124
2010 BX124
2010 BA125
2010 BS129
2010 CT6
2010 CL11
2010 CN16
2010 CO16
2010 CT41
2010 CE45
2010 CF46
2010 CS46
2010 CE47
2010 CG49
2010 CC122
2010 CR130
2010 CZ189
2010 CA190
2010 CL192
2010 CR195
2010 CF202
2010 CM206
2010 CF210
2010 CV212
2010 CP213
2010 CK218
2010 CL229
2010 CU230
2010 CE235
2010 CL238
2010 CK239
2010 DL1
2010 DV22
2010 DU31
2010 DO43
2010 DK46
2010 DY55
2010 DX56
2010 DS58
2010 DY70
2010 EC3
2010 EX3
2010 EW9
2010 EN10
2010 EX18
2010 EP19
2010 ET19
2010 EU19
2010 EC27
2010 EY44
2010 ET50
2010 EL62
2010 EW68
2010 EB76
2010 EN107
2010 EH114
2010 EE119
2010 EL149
2010 EP151
2010 EH152
2010 EK152
2010 EM160
2010 ER160
2010 FN31
2010 FD35
2010 FL39
2010 FY42
2010 FN46
2010 FZ46
2010 FB61
2010 FL62
2010 FA63
2010 FA69
2010 FH70
2010 FE71
2010 FW72
2010 FO76
2010 FF81
2010 FS86
2010 FR103
2010 FU120
2010 GP7
2010 GM20
2010 GM40
2010 GX42
2010 GM45
2010 GR45
2010 GD48
2010 GN49
2010 GO50
2010 GF51
2010 GA56
2010 GD56
2010 GQ61
2010 GG63
2010 GC68
2010 GO68
2010 GX68
2010 GW70
2010 GN72
2010 GP73
2010 GZ76
2010 GE152
2010 GL152
2010 GJ154
2010 GD167
2010 GA171
2010 HT
2010 HB10
2010 HV16
2010 HF18
2010 HR19
2010 HU20
2010 HY29
2010 HZ33
2010 HN35
2010 HV45
2010 HL48
2010 HT51
2010 HM55
2010 HW62
2010 HY65
2010 HB67
2010 HY72
2010 HB79
2010 HZ85
2010 HU87
2010 HK97
2010 HZ97
2010 JP6
2010 JJ16
2010 JT26
2010 JS27
2010 JJ37
2010 JN50
2010 JP61
2010 JK88
2010 JT90
2010 JB94
2010 JZ94
2010 JL101
2010 JX102
2010 JD130
2010 JM146
2010 JZ146
2010 JM152
2010 KJ1
2010 KB7
2010 KM11
2010 KR13
2010 KP16
2010 KN22
2010 KN26
2010 KX34
2010 KR43
2010 KE44
2010 KJ45
2010 KO46
2010 KW46
2010 KW54
2010 KR57
2010 KE58
2010 KN61
2010 KR70
2010 KS73
2010 KR80
2010 KO82
2010 KW83
2010 KG92
2010 KA101
2010 KT104
2010 KT107
2010 KF120
2010 LO12
2010 LJ16
2010 LG21
2010 LG26
2010 LC27
2010 LA30
2010 LB30
2010 LY46
2010 LO49
2010 LJ50
2010 LT50
2010 LP54
2010 LH60
2010 LO62
2010 LG66
2010 LY74
2010 LN76
2010 LJ92
2010 LP92
2010 LW94
2010 LY94
2010 LR95
2010 LG102
2010 LJ124
2010 LM124
2010 LB131
2010 MW13
2010 MB15
2010 ME15
2010 MJ26
2010 MJ35
2010 MM35
2010 MH37
2010 MB40
2010 ML41
2010 MQ41
2010 MG52
2010 MU61
2010 MD64
2010 ME64
2010 MD72
2010 MN89
2010 MN99
2010 MV100
2010 MP110
2010 NM8
2010 NB11
2010 NF14
2010 ND16
2010 NF19
2010 NU24
2010 NY24
2010 NZ27
2010 NQ28
2010 NS32
2010 NQ44
2010 NW47
2010 ND54
2010 ND55
2010 NF67
2010 NM87
2010 NJ88
2010 NU99
2010 NU100
2010 OM4
2010 OM6
2010 OE7
2010 OG7
2010 OV9
2010 OF13
2010 OR17
2010 OO22
2010 OB26
2010 OM37
2010 OQ40
2010 OW40
2010 OY66
2010 OJ70
2010 OB72
2010 OY72
2010 OU82
2010 OZ85
2010 OW90
2010 OJ103
2010 OS109
2010 OA113
2010 OC115
2010 OQ117
2010 PX3
2010 PK11
2010 PX13
2010 PL18
2010 PS18
2010 PT25
2010 PR32
2010 PS32
2010 PD44
2010 PX44
2010 PL52
2010 PZ54
2010 QW1
2010 RT128
2010 RR175
2010 SA15
2010 SX16
2010 SE21
2010 SW26
2010 SY34
2010 TB49
2010 TA102
2010 TF174
2010 UA8
2010 UD32
2010 UR49
2010 UB92
2010 VV6
2010 VX11
2010 VE34
2010 VR66
2010 VF68
2010 VF82
2010 VE135
2010 VA163
2010 VU185
2010 VR189
2010 VG197
2010 WB68
2010 XD21
2010 XY51
2010 XC69
2010 XS69
2011 AD37
2011 AV77
2011 BP11
2011 BL18
2011 BM18
2011 BS24
2011 BM63
2011 BY108
2011 CD58
2011 CD89
2011 CT94
2011 DD7
2011 DE48
2011 EF61
2011 EG65
2011 FH87
2011 FB153
2011 FM157
2011 GE15
2011 GS37
2011 GD63
2011 GU64
2011 GM65
2011 GT65
2011 GD71
2011 GK72
2011 HM
2011 HB1
2011 HF2
2011 HE4
2011 HE5
2011 HS6
2011 HY7
2011 HN39
2011 HA53
2011 HC53
2011 HZ56
2011 HU71
2011 HA79
2011 HV80
2011 JH
2011 JP13
2011 JC32
2011 KF
2011 KN
2011 KP13
2011 KQ14
2011 KQ17
2011 KS22
2011 KA32
2011 KK45
2011 LJ8
2011 LF17
2011 MZ1
2011 OD
2011 OL27
2011 QQ2
2011 QH5
2011 QH28
2011 QJ51
2011 QM67
2011 QR71
2011 QW92
2011 SY2
2011 SG22
2011 SK26
2011 SH63
2011 SA69
2011 SS95
2011 ST105
2011 SW114
2011 SH123
2011 SU167
2011 SY220
2011 SV262
2011 TM8
2011 UB8
2011 UB21
2011 UN52
2011 US62
2011 UU73
2011 UJ94
2011 UO133
2011 UD402
2011 UN408
2011 UE158
2011 UY168
2011 UV175
2011 UY176
2011 US183
2011 UP192
2011 UT231
2011 UO259
2011 UF263
2011 UY272
2011 VR8
2011 WN4
2011 WZ12
2011 WG46
2011 WZ46
2011 WM68
2011 WN68
2011 WX69
2011 XC3
2011 YD1
2011 YO3
2011 YO75
2012 AO17
2012 BC11
2012 BR13
2012 BM28
2012 BB79
2012 BK97
2012 BS97
2012 BZ97
2012 BW121
2012 BE131
2012 BM136
2012 CE18
2012 CT43
2012 CZ43
2012 DO3
2012 DX3
2012 DN4
2012 DB74
2012 DA95
2012 EG3
2012 EM9
2012 EX9
2012 EK10
2012 EL10
2012 FN1
2012 FB17
2012 FG23
2012 FN43
2012 FW62
2012 FO63
2012 FL74
2012 GR
2012 GY
2012 GH5
2012 GK11
2012 GP27
2012 GT29
2012 HS
2012 HY
2012 HV2
2012 HR13
2012 HY13
2012 HL20
2012 HS20
2012 HO32
2012 HE58
2012 HV68
2012 HR73
2012 JO
2012 JV5
2012 JO11
2012 JX16
2012 JN43
2012 JT58
2012 KD2
2012 KG4
2012 KK4
2012 KQ4
2012 KU4
2012 KA6
2012 KU6
2012 KG9
2012 KC20
2012 LC
2012 LG1
2012 LZ11
2012 LZ12
2012 LG14
2012 QE10
2012 QZ14
2012 RB8
2012 RB16
2012 RA39
2012 SR32
2012 ST52
2012 TJ13
2012 TK15
2012 TZ20
2012 TD68
2012 TM69
2012 TW77
2012 TN78
2012 TL93
2012 TW93
2012 TX95
2012 TB100
2012 TO182
2012 TL198
2012 TX222
2012 TG233
2012 TR256
2012 TZ299
2012 TU308
2012 TF322
2012 UN20
2012 UY23
2012 UN28
2012 UN61
2012 UO61
2012 UW63
2012 UP68
2012 UF75
2012 UP85
2012 UE92
2012 UW101
2012 UO110
2012 UC125
2012 UG127
2012 UA138
2012 UQ145
2012 UT145
2012 UG154
2012 UD174
2012 VQ1
2012 VD2
2012 VX6
2012 VA10
2012 VQ25
2012 VX25
2012 VL26
2012 VB33
2012 VU36
2012 VV36
2012 VO51
2012 VM64
2012 VU81
2012 WA33
2012 WV34
2012 XY43
2012 XU58
2012 XJ92
2012 XV117
2012 XZ134
2012 YB2
2012 YH3
2012 YY7
2013 AR
2013 AG4
2013 AB42
2013 AA63
2013 AV75
2013 AO105
2013 AS120
2013 AK125
2013 AK134
2013 AP140
2013 AS140
2013 AS141
2013 AU142
2013 AC145
2013 AK163
2013 AB171
2013 AD179
2013 BD16
2013 BK17
2013 BX23
2013 BK26
2013 BH45
2013 BL73
2013 CW55
2013 CM70
2013 CT73
2013 CC82
2013 CQ82
2013 CU87
2013 CV87
2013 CR88
2013 CU122
2013 CH126
2013 CM126
2013 CQ127
2013 CY128
2013 CX135
2013 CC147
2013 CD181
2013 CF182
2013 CW203
2013 DX11
2013 EM1
2013 EW3
2013 EK10
2013 EF11
2013 EP20
2013 EJ28
2013 EF34
2013 EF89
2013 EK120
2013 FM5
2013 FY16
2013 FO20
2013 GJ8
2013 GQ11
2013 GL12
2013 GN14
2013 GG23
2013 GN27
2013 GX40
2013 GZ40
2013 GM47
2013 GK66
2013 GV67
2013 GD69
2013 GY70
2013 GB78
2013 GN79
2013 GH96
2013 GN96
2013 GL98
2013 GP122
2013 GR128
2013 GT131
2013 GV133
2013 HL
2013 HG7
2013 HM7
2013 HY10
2013 HN14
2013 HY15
2013 HY19
2013 HB69
2013 HS70
2013 HQ71
2013 HA101
2013 HC101
2013 HU103
2013 HR121
2013 HJ123
2013 HR127
2013 HW135
2013 HH138
2013 HE144
2013 JA
2013 JL
2013 JM5
2013 JX5
2013 JB6
2013 JA9
2013 JN14
2013 JZ21
2013 JO22
2013 JB27
2013 JM28
2013 JN28
2013 JG34
2013 JK34
2013 JX43
2013 JK54
2013 KO1
2013 KZ7
2013 LG3
2013 LU14
2013 MB
2013 MW
2013 MN3
2013 MV6
2013 NX11
2013 NV14
2013 OG2
2013 OH2
2013 OL2
2013 OC4
2013 PL12
2013 PZ27
2013 PP39
2013 PX39
2013 PB68
2013 QR6
2013 QM46
2013 QV52
2013 QW69
2013 RE30
2013 RW33
2013 RC40
2013 RR49
2013 RS72
2013 ST15
2013 SS16
2013 SZ19
2013 SB25
2013 SM26
2013 SV47
2013 SJ74
2013 SO78
2013 TN25
2013 TS27
2013 TB29
2013 TL30
2013 TX35
2013 TJ37
2013 TN74
2013 TW79
2013 TW93
2013 TC115
2013 TN132
2013 TF134
2013 TC141
2013 TJ142
2013 UA2
2013 US2
2013 UN3
2013 UJ4
2013 UO10
2013 UR10
2013 UV14
2013 VW1
2013 VG5
2013 VM9
2013 VO10
2013 VF12
2013 WT13
2013 WN14
2013 WN24
2013 WY24
2013 WT38
2013 WM44
2013 WX51
2013 WO67
2013 WT72
2013 XT
2013 XJ4
2013 XR12
2013 XT12
2013 XU15
2013 YD4
2013 YD34
2013 YO37
2013 YU39
2013 YJ44
2013 YZ53
2013 YS63
2013 YH67
2013 YB77
2013 YE110
2013 YC123
2014 AQ16
2014 AX28
2014 AJ29
2014 AX32
2014 AS33
2014 AS45
2014 AD52
2014 BC3
2014 BN3
2014 BB9
2014 BC23
2014 BR25
2014 BH60
2014 BN63
2014 CN4
2014 CA14
2014 CA16
2014 DP8
2014 DG19
2014 DZ21
2014 DB22
2014 DL32
2014 DJ38
2014 DZ76
2014 DK86
2014 DF88
2014 DG112
2014 DL115
2014 DQ117
2014 DT120
2014 ER
2014 EL5
2014 EQ11
2014 ES23
2014 FN14
2014 FO20
2014 FO33
2014 FR33
2014 FZ33
2014 FO37
2014 FD38
2014 FE38
2014 FG38
2014 FY41
2014 FR43
2014 FQ47
2014 FX61
2014 FZ68
2014 GK17
2014 GY34
2014 GV52
2014 GX52
2014 GY52
2014 HB3
2014 HJ3
2014 HU4
2014 HU105
2014 HQ109
2014 HR123
2014 HL124
2014 HP124
2014 HG129
2014 HU132
2014 HK177
2014 HL177
2014 HD178
2014 HU191
2014 HW191
2014 JB1
2014 JW5
2014 JC6
2014 JC9
2014 JD25
2014 JE25
2014 JB31
2014 JZ38
2014 JE54
2014 JJ54
2014 JM54
2014 JM55
2014 JU55
2014 JZ55
2014 KF2
2014 KS3
2014 KH4
2014 KV38
2014 KB40
2014 KD40
2014 KT44
2014 KV44
2014 KG45
2014 KM45
2014 KO45
2014 KY45
2014 KR62
2014 KV83
2014 KW84
2014 KZ90
2014 LE
2014 LS9
2014 LU25
2014 LV25
2014 LX25
2014 LP26
2014 MV
2014 ML1
2014 MR2
2014 MM8
2014 MJ18
2014 MR18
2014 MJ23
2014 MC27
2014 ME27
2014 MY30
2014 MO40
2014 MG42
2014 MG67
2014 ND39
2014 NO44
2014 OH4
2014 OB5
2014 OX8
2014 OG361
2014 OA112
2014 OH166
2014 OY173
2014 OO193
2014 OG205
2014 OM307
2014 PF38
2014 PO43
2014 PW57
2014 PN59
2014 QC10
2014 QC21
2014 QU33
2014 QV33
2014 QZ362
2014 QB363
2014 QC363
2014 QH363
2014 QC364
2014 QP364
2014 QV364
2014 QB365
2014 QN151
2014 QO431
2014 QB434
2014 QG266
2014 QD271
2014 QJ295
2014 QQ322
2014 RG17
2014 RX17
2014 RB18
2014 RD18
2014 SW103
2014 SC144
2014 SX151
2014 SC207
2014 SJ260
2014 SC261
2014 SD261
2014 SP261
2014 SK262
2014 SQ342
2014 TD
2014 TE10
2014 TY16
2014 TZ16
2014 TA33
2014 TF33
2014 TT33
2014 TF49
2014 TV57
2014 TX75
2014 UP56
2014 UM57
2014 UQ116
2014 US116
2014 UJ186
2014 UR191
2014 US191
2014 UJ193
2014 VD1
2014 VO1
2014 VO7
2014 VG22
2014 WO5
2014 WH42
2014 WG44
2014 WE54
2014 WE57
2014 WZ176
2014 WL206
2014 WZ362
2014 WO363
2014 WX363
2014 WB365
2014 WG368
2014 WE137
2014 WA169
2014 WZ176
2014 WY180
2014 WK195
2014 WL195
2014 WP200
2014 WL206
2014 WW216
2014 WX498
2014 WL277
2014 XG7
2014 XS7
2014 YJ30
2015 AB1
2015 AF31
2015 AU35
2015 AD42
2015 AT43
2015 AD49
2015 AF230
2015 AH263
2015 BW4
2015 BO27
2015 BM28
2015 BP85
2015 BQ92
2015 BS97
2015 BD412
2015 BM159
2015 BJ178
2015 BJ194
2015 BJ455
2015 BP197
2015 BL464
2015 BN206
2015 BZ225
2015 BW233
2015 BL510
2015 BT513
2015 BT514
2015 BW514
2015 BE259
2015 BE275
2015 BA305
2015 BX308
2015 BT326
2015 BB328
2015 CU12
2015 CZ22
2015 CD34
2015 DE3
2015 DH29
2015 DX115
2015 DP152
2015 DF155
2015 DK215
2015 EW6
2015 EH7
2015 ET64
2015 FO35
2015 FD37
2015 FK41
2015 FH117
2015 FO117
2015 FG118
2015 FD120
2015 FA152
2015 FK154
2015 FA330
2015 GN
2015 GE6
2015 GF13
2015 GM13
2015 GO13
2015 GK14
2015 GG16
2015 GY26
2015 GS33
2015 GW39
2015 HD
2015 HU
2015 HS3
2015 HY9
2015 HU11
2015 HX18
2015 HE43
2015 HR67
2015 HL74
2015 HA78
2015 HM78
2015 HR82
2015 HT85
2015 HT90
2015 HT116
2015 HP160
2015 HP176
2015 HV176
2015 JM
2015 JO
2015 JJ1
2015 KB
2015 KQ
2015 KH121
2015 KJ154
2015 KO154
2015 KX154
2015 KY154
2015 KY155
2015 KT156
2015 KM158
2015 LY1
2015 LE14
2015 LN24
2015 ME3
2015 MA24
2015 MA44
2015 MR53
2015 MO85
2015 ML89
2015 MF117
2015 MZ120
2015 NS2
2015 OK
2015 OW6
2015 OP8
2015 OM22
2015 OW44
2015 OC77
2015 OW78
2015 PK51
