id
719
2059
64959
90662
110885
118052
121424
128436
135464
138739
147990
154242
154923
155483
158597
160228
162959
163594
163689
165654
165656
169237
171977
173713
173917
174503
175672
176367
176567
178008
178699
179306
179492
181308
182166
185096
185227
185944
186932
187829
195806
197292
201217
203856
206171
208366
208983
209009
210543
210913
213381
213756
214458
214867
215570
216069
217626
218923
220365
221897
221935
222914
223450
223877
226505
226587
228670
229276
230772
234066
234207
235201
235431
235455
236890
237987
238344
239730
239913
242082
242327
242953
243025
245066
246872
247266
247997
248070
248567
249608
249646
250513
250524
250934
250945
251944
251963
252165
254206
254271
254329
254832
255258
257364
257430
257820
257931
261488
261505
261624
261734
265044
265959
266929
267160
267232
267237
267273
268133
268716
270616
271114
271376
271907
271941
275533
275770
275822
276619
277020
277850
279216
279869
280416
280670
280745
282208
282497
282792
283565
284895
285321
285355
285603
285619
285673
285683
285698
285746
285755
286084
287923
288688
289197
290019
290146
290999
292334
293558
294798
295099
295115
295693
296736
297046
297228
297400
297456
297492
297744
297838
297918
297928
298725
299276
299337
301750
302075
302174
302508
303212
303238
303678
303774
303794
303832
303898
305529
306884
307224
308378
308629
310347
310541
310550
311967
313163
313422
313647
313918
314458
317553
318132
318161
318276
319262
319322
321025
322633
322754
322764
322776
323033
323606
324627
326054
326104
326617
326744
326891
327565
327601
328453
329533
329542
329866
330456
330508
330517
330777
331740
332199
332413
332433
333272
333344
334090
334109
334112
334127
334218
334526
334643
334645
335628
335662
335940
337068
337384
337400
337412
337637
337967
338357
338397
338474
340575
340576
340584
340626
340696
343832
344130
344230
344262
344274
345552
345638
345647
346265
347709
348513
348535
348808
348848
348926
349024
350627
351469
353714
355207
356529
356971
357212
357337
358367
358848
360216
360431
360855
361002
361480
361511
362752
363023
363025
363416
363420
363432
363445
364269
364548
366310
366558
366563
366699
367655
368297
368361
369819
370676
371811
373378
373741
373763
373832
376774
376831
377035
377100
377119
377275
377898
378379
378469
378566
379107
379870
380199
380943
381202
381269
381273
381663
382514
382721
384751
385854
385864
385959
386249
386846
387857
388827
390626
390820
390853
390856
391268
393680
394034
394774
396731
396732
397348
397702
397799
398117
398221
399450
399540
400430
400466
400674
400676
400698
400729
400744
400873
401458
402009
402065
403417
403509
404918
405218
405329
405367
405532
405730
407002
409054
409155
410630
410637
411036
411101
411155
413327
413434
413462
414345
416101
416545
416550
418437
418442
418456
418612
420826
422906
423107
423179
424203
424238
426606
427247
427693
427703
427804
428359
428375
428452
428505
430704
430859
431188
431279
431306
431327
432441
435945
436359
436365
436695
436709
437303
438182
1999 XV110
2000 AK126
2000 SW26
2000 TF50
2000 UR67
2001 OG62
2001 UY212
2001 VL67
2001 XH2
2001 XZ41
2002 EG10
2002 PW
2002 QK151
2003 AA42
2003 TH8
2003 VC3
2004 RV7
2004 RQ112
2004 RU165
2004 RG248
2004 TC112
2004 TC112
2004 TX287
2004 XY169
2005 MG44
2005 QM142
2005 QR159
2005 RQ29
2005 SR21
2005 TS43
2005 TL76
2005 UD349
2005 WQ2
2005 WN91
2005 YK47
2006 BK194
2006 DO197
2006 EB48
2006 FJ50
2006 FT50
2006 HO30
2006 HV44
2006 QL20
2006 QL97
2006 QX168
2006 RK5
2006 SN128
2006 TD77
2006 XG24
2007 DP46
2007 JP35
2007 TQ427
2007 TF188
2007 TQ214
2007 UJ7
2007 VQ102
2007 VK331
2008 CS118
2008 EV57
2008 EA159
2008 MY4
2008 QT28
2008 UZ99
2008 UB239
2008 UB255
2009 JN8
2009 NB
2009 PX8
2009 QN45
2009 RL63
2009 SG332
2009 SE150
2009 SG332
2009 SS336
2009 TG39
2009 VM2
2009 VU73
2009 WB186
2010 AZ58
2010 GS36
2010 KE121
2010 LX31
2010 NF20
2010 ON90
2010 PG69
2010 RE65
2010 UG8
2010 VN11
2010 XF56
2011 BD53
2011 CW47
2011 DV45
2011 GQ66
2011 OP15
2011 QZ37
2011 SW28
2012 BJ132
2012 JZ26
2012 MZ5
2012 NH
2012 QR14
2012 QL21
2012 RE3
2012 SX10
2012 TE77
2013 OW4
2013 PC16
2013 QU69
2013 RH16
2013 VF17
2013 VC21
2013 YL34
2013 YE64
2014 AC1
2014 BC43
2014 DR17
2014 JZ42
2014 LA26
2014 OL197
2014 PV59
2014 QE2
2014 QD403
2014 QL421
2014 SS
2014 UH62
2015 BK495
2015 DD30
2015 KK144
2015 MG59
1998 RR64
2000 BB1
2001 SJ258
2001 XE92
2001 YM18
2002 RJ202
2002 SJ65
2002 TC228
2003 UE248
2005 QS158
2006 KU89
2006 WG30
2007 TZ360
2007 TV207
2007 VL208
2008 TO25
2008 WQ3
2009 BR118
2009 QX11
2009 QE65
2009 SO227
2009 WR76
2010 AG95
2010 AN99
2010 AW116
2010 AV120
2010 AE131
2010 BZ10
2010 BB58
2010 BK111
2010 CN84
2010 CZ84
2010 CL200
2010 CV211
2010 FA41
2010 FE107
2010 GY79
2010 GD165
2010 HA27
2010 HA34
2010 HH63
2010 HO75
2010 HB89
2010 HJ90
2010 JL19
2010 JD22
2010 JJ53
2010 JV104
2010 KS44
2010 KF85
2010 LM25
2010 ML54
2010 MJ98
2010 OS6
2010 OC37
2010 PY14
2010 WU73
2011 SQ15
2011 UG271
2011 UO321
2012 FK18
2012 JX23
2012 LS11
2013 EL76
2013 HK148
2013 TL85
2014 LX24
2014 OC281
2014 QD408
2014 SH251
2014 YH13
2015 AV12
2015 AW38
2015 AL255
2015 BC53
2015 BQ225
2015 KA23
2015 KZ42
2015 ME3
2015 OK22
2015 PO47
