id
17676
17702
17918
19337
20462
20554
20606
21753
22495
23821
24938
24948
24959
25083
25152
25307
25543
26224
26293
26322
26327
26350
26641
26940
26946
26995
27994
28106
28258
28469
28640
28696
28762
28906
29478
29503
29609
29828
30369
30382
30526
30527
31150
31225
31599
31645
31651
31680
32227
32327
32591
32607
33373
33483
33498
33607
33687
34362
34492
34493
35386
35406
35800
36628
36967
37110
37759
37760
37805
37831
38265
38300
38377
38419
38494
39358
39807
39816
39871
40490
40532
40901
40931
40986
41220
42280
42978
43187
43291
43957
43982
44011
44035
44737
44837
44945
45318
45327
45391
45458
45555
45752
46072
46266
46722
46947
47137
47446
47792
47803
47818
47836
47906
48012
48180
48798
48803
48886
49201
49392
49410
49860
50444
50549
50647
50652
50663
50738
51182
51226
51248
51294
51540
51767
51775
51914
51931
52024
52551
52585
52619
52620
52650
52652
53149
53209
53228
53277
53905
54063
54117
54768
54787
54999
55176
55224
55613
55866
55898
56110
56490
56634
57134
57147
57273
57402
57612
57908
58521
58592
58604
58754
58878
58901
59104
59852
59873
60093
60292
60533
60689
60841
61150
61297
61985
62391
62416
62462
62689
63082
63147
63397
63475
63925
64142
64593
64978
65073
65128
65339
65875
66222
66412
66532
66932
67057
67244
68396
68720
68805
68883
68932
68993
69530
69534
70503
70644
70793
70965
71028
71154
71261
71545
72522
72550
72713
72921
73055
73409
73867
73883
73944
73960
74250
74521
74826
74894
75013
75443
75890
76030
76368
76817
77023
77669
78234
78249
78476
78739
78751
78769
79403
79463
79471
80346
80559
80615
80972
81390
81409
81593
82365
82629
82942
83240
83270
83979
84089
84183
84726
85445
85446
85496
85547
85553
85788
86216
86608
86989
88380
88676
88733
88901
89109
89152
89866
90033
90941
90973
91612
91683
91790
91902
92287
92313
92673
92806
93483
93757
93908
93949
93966
94039
94040
94170
94266
94427
94778
94971
94993
95076
95535
95732
95764
97445
98016
98390
99240
99786
99803
100506
100601
100613
100627
100690
102074
102216
104825
104908
105039
105163
105561
105817
105881
106005
106022
106133
106747
107024
108397
108538
108548
108569
108698
108754
108814
109379
109751
110304
110720
111603
111636
111915
113062
113542
113631
113683
113706
114011
114183
114400
114678
114687
114708
115534
116116
116137
118307
119279
119323
120207
120340
120685
120704
120714
120743
121206
121780
122047
122909
123164
125635
126308
126369
126906
127059
127231
127357
127496
128089
128196
128256
128332
128345
128754
128868
129571
129605
129647
129964
131056
131197
131210
131212
131434
131895
132694
132752
132980
133004
133495
133514
133788
133834
133904
133910
134222
134708
134838
134914
135004
135169
136070
136382
136797
136819
136834
137790
138513
138564
138735
138840
139215
139257
139330
139508
139709
139876
140274
140315
141310
141373
142163
143342
143343
143667
145191
145202
145604
145959
146474
147292
147510
147518
149392
149533
150153
150165
150676
150699
150951
152122
152123
152524
152646
153546
154182
154714
154867
156161
156719
159168
160244
160400
160585
160667
160788
161326
161489
163121
163430
163541
164129
164377
165453
165508
166063
166589
166685
166714
167100
167315
167469
169397
170808
172269
172285
173000
173956
174442
174476
174770
175264
176029
176036
176250
176658
176975
176993
177004
177014
177288
177756
177922
177962
178616
180132
181525
181938
182243
182407
182420
182704
182777
182786
183231
183420
184346
184604
184653
185038
185143
186907
186952
187378
187402
187871
189426
189986
190316
190573
191198
191219
191343
191914
192122
192423
192435
192460
192823
193848
195642
195818
195862
195912
195963
196009
196016
196937
197080
197398
197460
198362
198692
200126
201166
201177
202004
202011
202914
203685
203724
203727
203753
203832
204047
204919
206779
207384
207810
209829
210852
211111
213032
214620
215267
216503
217022
217193
217642
217916
218497
218886
218989
219072
219178
220278
220499
220555
220850
221740
221795
222204
222315
223586
223603
223950
225395
225643
226667
226798
227295
227314
227542
228915
229071
229115
229210
229262
229930
230558
231000
232400
232619
233043
233227
233538
233809
234895
235710
235832
236582
237246
238538
239057
239168
239228
239960
240433
241584
241587
241666
241968
242163
242687
242702
243136
246132
246615
246846
247723
247826
247940
248483
248887
249457
249481
249593
250017
250737
250771
251215
251284
251414
251424
251430
252425
253096
253203
253413
253894
254878
254973
256197
256313
256988
257326
257527
258624
258732
259036
262905
263739
263830
264278
264890
265887
266543
266608
268013
269228
269637
269769
270234
270640
271182
271921
272821
273078
274578
274651
275767
276014
276342
276776
278458
278521
278978
279008
279387
281093
281329
281463
281990
282306
282339
283326
284298
285211
285226
285233
285234
285236
286067
286168
287054
287182
287281
287405
288300
289563
291670
292393
292438
294186
294757
295102
295327
295488
295839
295874
296654
297098
297376
298273
299144
300124
300907
302285
303490
303791
304165
304213
304234
305417
305548
306132
306845
306866
308128
308934
309663
310437
311880
311894
312903
314609
315004
315806
316162
316233
316709
317520
317796
319474
320026
320685
321059
321550
322171
322194
322411
322502
323558
324281
324883
325601
325698
326088
326758
328854
328865
329060
329125
329463
329512
329717
330484
330748
330784
330937
331642
331868
332562
332572
332595
332621
333060
334568
334826
335605
336285
338368
338641
343500
345697
345884
347912
349450
352487
353384
353493
354246
355044
357732
358135
358832
359432
359433
361231
361611
362481
363020
364252
364385
365774
366155
367412
368332
368592
368676
368684
369140
369478
370554
371384
372040
374328
374335
374422
375058
375395
375452
375761
376722
376982
377446
379826
379830
380009
381325
382862
384886
385905
387304
388896
389480
389842
390527
391396
392556
392583
392836
393549
396392
397979
398427
400084
400885
404506
404722
405467
408513
409309
411306
412575
412961
412985
413673
415876
418580
419929
421419
423826
425986
426006
426883
427400
427945
429436
430384
431455
434770
436813
437079
438602
438834
439344
439408
1997 CU20
1997 CV29
1997 SE6
2001 PX3
2002 NZ78
2002 TT97
2004 PO96
2005 UT140
2006 CP35
2006 TR119
2006 WK201
2006 XP70
2007 JB41
2007 TX409
2007 TV161
2007 TZ252
2008 AB109
2008 BQ26
2008 BK42
2008 SK268
2008 UN233
2009 HY97
2009 ST155
2010 AT27
2010 DQ43
2010 UX78
2010 UJ97
2010 VK158
2011 HD10
2011 HU73
2011 QU78
2011 QZ84
2011 TU7
2012 TY44
2013 AH133
2013 CT11
2013 CD52
2013 CG210
2013 EV3
2013 EM20
2013 GN50
2013 GK89
2013 QS16
2013 YV40
2013 YD75
2014 EE29
2014 PE63
2014 QS413
2014 RP45
2014 UY196
2014 WM206
2015 OS33