id
29869
31571
42199
47109
47529
49541
49595
49617
51090
51113
51146
51235
51281
51632
51853
53105
53280
53401
54496
54497
54822
55029
56168
56176
56729
56740
56902
57390
57788
57840
59384
59576
59709
59798
59902
59909
60257
61744
61749
61782
62198
62627
62744
63015
63029
63149
63599
63733
64146
64300
64304
64430
64445
64604
64802
64925
66207
66476
66738
66815
67298
67408
67415
67438
67608
67692
68391
70443
70484
70623
70628
70796
70860
71021
71067
71185
71768
72208
73112
73390
73424
74430
74456
74467
74520
75120
75232
75282
75324
75335
75352
76873
77105
77279
77680
77702
77751
77779
77791
77809
77823
77824
78980
79955
80016
80021
80042
80057
80090
80092
80099
81582
82261
82744
82754
82958
82967
83062
83111
83177
83212
83230
83237
83276
83304
83325
83368
83379
83402
83467
83468
83503
83527
83528
83534
83565
83692
83739
83849
84071
84563
84663
86055
86140
86182
86192
86238
86249
86272
86285
86321
86371
86658
87833
87971
88153
88168
88189
88219
88250
88720
89653
89871
90363
91266
91307
91364
91498
91516
91555
91570
91651
91658
91697
92013
92057
92058
92063
92070
92127
92132
92143
92599
93730
93754
93863
93981
93982
94127
94139
94194
94199
94202
94261
94267
94285
94362
94538
94699
94714
94855
95069
95491
95600
95612
95642
95700
96608
96844
96871
96915
96927
96995
97021
97158
97188
97271
97334
97401
97935
98018
98711
98924
98951
99050
99194
99547
99775
101558
102280
102410
102419
102715
102722
102824
102890
102949
103221
106166
106284
106597
107023
107379
107390
107463
107942
108009
108012
108464
108779
109231
109270
110391
110595
110598
110860
110954
110998
111470
111709
112058
112610
112845
113252
113684
113835
115124
115255
115515
115614
117256
117500
117677
117823
119032
119650
119748
120161
121184
121307
121484
121489
121539
121643
121727
122776
123943
125499
125988
126129
126481
127041
127074
127154
127160
127164
127186
127340
127353
127428
127840
128029
128162
128981
129106
129117
129119
129296
129772
129970
129974
130106
130146
131075
131172
131182
131473
132341
134062
134159
134604
136442
137131
137148
137157
139010
139517
139681
139781
139934
140398
140783
140823
140839
142337
142884
144250
144366
144439
144552
144577
144640
145353
145894
146528
146670
146718
146766
146952
147844
148112
148118
148131
148415
148803
149005
149014
149132
149146
149874
150040
150246
150257
151073
151407
151800
151812
152410
152509
152862
153266
153697
153722
154188
154883
154899
155509
155553
155581
155816
156612
156620
157419
157672
157725
157929
158774
159191
159352
159906
162244
163116
163223
163928
163976
164101
164977
165087
167311
167339
167644
168277
169267
169571
170509
170854
171233
171417
172821
172943
175078
175307
175566
175955
176352
176563
177832
178017
178549
178798
180905
182337
182550
182568
182950
182997
184966
185324
185540
185763
185785
186225
187695
187820
187958
188529
188730
189149
189483
191102
191125
191840
192038
192583
192682
192716
192739
192745
192899
193677
193721
193830
195226
196348
196677
196739
196770
199300
200231
200881
201387
201491
201693
202133
202228
202408
202602
202804
203004
204061
204157
204451
204937
206548
206718
206765
206791
207191
207361
208053
209373
210267
210317
210536
210937
211621
212528
212639
216130
216352
216940
218069
218106
218423
218526
218543
218790
218938
219232
219855
220378
220743
220792
221149
222134
222167
222874
222945
222947
223252
223744
224249
224281
224791
226055
226086
226911
226930
226935
227548
227607
227796
227989
228167
229214
229495
229626
229824
229971
230534
230897
230945
231312
232190
232912
233735
234059
234723
235090
235262
235314
236609
236641
236797
237143
237166
237343
237426
237546
238144
238168
239714
239837
240560
240820
241224
241243
241851
242242
244042
245007
248223
248486
249239
249754
250065
251332
251754
251907
251959
252795
252814
254197
254368
254620
254680
254967
255402
256268
256292
256428
256489
256915
257043
257114
257179
257391
257743
258468
258734
260792
261350
261431
261595
262360
262633
263030
263506
263770
264102
264745
265860
266467
266485
267073
268507
268611
269081
269600
270483
270532
271721
272030
272065
272994
274219
274618
274885
275416
275573
276114
277671
277727
277964
278637
278768
278788
278809
278863
279546
280227
281477
281517
282395
283083
283355
284708
286599
286620
287139
287928
288032
288533
288606
290072
290187
290501
290530
290887
291480
292535
292834
292928
294608
295179
295247
295393
295664
295769
296656
296992
297002
299347
301267
301445
304454
305461
307088
307124
307775
307867
308614
309657
309924
310426
311160
311440
311442
312878
313331
313361
313945
314137
315646
318246
318421
319781
320022
320045
320136
320268
320299
320661
320781
321127
321259
321379
321451
322037
322143
322600
324654
326326
327294
328549
328572
329006
331935
335896
336213
336296
336444
336560
336728
338931
341668
343450
343727
343963
344008
345630
346368
346532
348639
348655
354751
355173
355533
356193
357002
357836
358686
358863
359541
359720
359937
360006
361027
361082
361919
362372
362526
365375
365696
365981
367277
367803
369476
370638
372223
372562
373072
373444
374599
374803
376272
377475
377915
378529
378775
378882
379834
379840
380059
381278
382027
386203
386417
388899
389217
389256
390402
391084
391556
392696
393037
394224
397776
398742
399075
400221
401119
403671
404761
405191
407158
413005
413151
414238
414539
414608
417036
417325
419333
419796
420182
420277
421895
424788
424951
425082
426202
427137
428009
428275
430839
431926
431941
433039
433235
435936
437779
438904
1999 OH4
1999 ON4
1999 RW214
2000 FS53
2000 OB51
2000 PC30
2001 OK108
2004 RH252
2004 TF97
2006 BC253
2006 BR263
2006 DK176
2007 EG64
2007 TS112
2007 UG111
2007 VT103
2008 TE80
2009 BH166
2009 SW287
2010 DS11
2010 GO172
2010 RS111
2010 WL23
2011 BJ67
2011 KG
2011 QD90
2011 SF156
2011 SP245
2012 AL16
2012 BW52
2012 GS17
2012 XR29
2013 AE96
2013 GH37
2013 GB134
2013 HL67
2013 KU8
2013 RT81
2013 SH47
2013 XW10
2013 YK121
2014 JH56
2014 QP256
2014 UF68
2014 UB150
2014 WA68
2015 BC357
2015 FG162
2015 HC4
2015 KL55
2015 MZ24