id
99047
107132
107141
107402
107412
107431
107502
107636
107640
107642
116740
119023
119026
119962
120197
120279
123759
123837
123862
123896
123938
123954
123958
124076
124078
124080
124088
124121
124141
127447
127478
127500
127502
127530
128327
128346
128388
131384
131413
131420
131439
131456
131465
131471
131486
131583
133046
133049
135528
136117
141054
141055
141064
141096
141297
141338
141376
141417
141488
141744
142781
143639
143737
144411
144929
146695
146831
151185
153875
153954
154644
155851
158833
158835
160141
160143
160851
162824
162876
162893
163690
164220
165639
166695
167695
168047
169067
170887
170891
172421
172824
173677
176222
177652
178997
178998
179128
179224
179256
179276
179414
180793
180795
182314
182515
182539
182731
182789
182839
184285
185048
186235
186281
187022
187025
188077
188079
188575
189950
193579
197521
197575
200510
200519
201938
203186
203187
203194
204264
205375
205381
205387
205396
205402
205433
206124
206212
206222
206854
207386
207392
208279
208281
208285
208291
208297
208306
208757
208874
208904
209459
209481
209492
210197
210789
210793
210798
210799
210802
211266
211278
211316
211341
211390
211907
212695
213255
213266
213277
213677
213716
214502
214504
216528
216562
216633
216639
217027
217040
217074
217237
217384
217387
217620
217829
217839
217842
217851
217856
217862
217867
217880
217922
217935
218461
218547
218549
218550
219535
219539
219542
219551
219583
219633
219708
219775
220883
221516
221788
221812
221816
222426
222482
222496
222506
222510
222512
222526
222527
222528
222546
222547
222552
222594
222595
225805
225813
225814
225824
225833
225884
225900
225937
226041
226385
226991
227036
227054
228047
228516
228520
228549
228552
228557
228579
228586
229666
230269
232132
232167
232870
237906
240342
242720
247362
247569
248049
249805
249815
249820
250180
251341
251539
252166
252171
252216
252965
252966
253009
253060
253192
255441
257974
258019
258032
258039
258079
259118
259253
261695
263086
263114
263845
264488
264490
264496
264981
267259
267286
267321
270092
270140
270156
270180
270184
270199
270241
270245
271045
271054
271913
274091
275722
275838
275875
275934
275979
276448
277834
277940
279111
279873
279895
279959
279978
280013
280016
280018
280048
281368
282148
282153
282161
282207
282216
282222
282227
282360
282560
282570
282578
283042
283169
283181
283583
283593
283784
284377
285870
286347
286433
287190
287523
287755
288433
288579
288898
289123
293907
296408
298362
301581
302231
302287
303563
306767
306975
307942
308083
308107
309208
309744
311358
313123
313124
313128
313136
313145
313146
313150
313840
313863
314363
314432
315183
315185
316983
317095
317377
317426
317462
317478
318119
319073
321196
322516
322752
322753
322761
322772
322778
323069
323084
323427
325405
325799
326676
327444
328052
328472
328891
328929
329776
330083
330827
331118
331145
331589
331933
333263
333310
333334
334083
334097
334184
334226
334327
335024
335035
335918
336047
336999
337357
337365
337383
337425
337548
337558
337559
337611
337686
337780
337834
337841
338449
338456
339150
339179
339237
339262
339265
339362
339381
340466
341832
343165
343776
343787
344212
344255
344924
344993
346888
346897
347195
347196
347238
347692
347698
347707
347718
347730
347756
347881
348281
349492
349928
350076
350081
350582
350591
350593
350616
350631
350633
350716
350729
350753
350776
351345
351348
351835
352477
352491
352542
352564
352638
353207
353214
353219
354021
354031
354056
354058
354134
354628
355022
355126
355608
355731
356256
357081
357121
357615
357644
360362
360797
360802
361229
363192
363238
366247
368101
370971
373657
375668
376375
376557
380206
380538
382491
382494
383217
383650
383706
384269
385256
385262
386103
386860
388588
388664
389579
389580
389836
390573
390585
390592
391671
392816
392883
393447
396261
396627
396636
396642
396892
396893
397589
397598
397667
397701
398114
398311
398315
398687
399380
399423
399425
399430
399438
399534
401304
405043
408105
408922
410534
412509
413109
413124
413128
413481
413876
415958
416001
416712
422721
422809
428901
432943
434315
435246
438867
439537
2001 BC65
2001 DR8
2001 DY8
2001 DX109
2001 FE90
2001 HT24
2001 OV13
2001 PZ16
2001 QN107
2001 QY226
2001 QB281
2001 RT46
2001 SG41
2001 SK112
2001 SU169
2001 SS228
2001 SK264
2001 TH103
2001 TM103
2001 TA140
2001 TQ209
2001 TQ259
2001 UE2
2001 UK91
2001 UY156
2001 UR165
2001 UZ181
2001 VU12
2001 VX84
2001 VH125
2001 WO4
2001 WB15
2001 XZ2
2001 XV14
2001 XA104
2001 XJ104
2001 XU141
2001 YW1
2001 YY2
2001 YU3
2001 YV3
2001 YW3
2001 YV158
2002 RN289
2003 EL47
2004 SQ18
2006 GL31
2006 KW86
2006 SQ214
2006 VW21
2007 RP132
2007 RL148
2007 RE313
2007 TZ6
2007 TP379
2007 VP83
2007 WQ59
2007 YN
2007 YN31
2008 CC50
2008 CU76
2008 CT78
2008 DZ67
2008 ER9
2008 EC23
2008 FV27
2008 FG28
2008 UP361
2009 BL9
2009 CL7
2009 CD39
2009 CM50
2009 DE127
2009 JK1
2009 KN4
2009 QR28
2009 SY103
2009 ST160
2009 SC352
2009 TY23
2009 VV25
2009 VY104
2009 WU66
2009 WE105
2010 RU18
2010 RR109
2010 UP56
2010 VX18
2010 WD70
2011 AM27
2011 BB51
2011 CA15
2011 CG35
2011 CJ71
2011 FO17
2011 FS152
2011 HB36
2011 HA81
2011 KW18
2011 LA14
2012 BW93
2012 BG121
2012 DL61
2012 DY72
2012 DO79
2012 DU79
2012 HU6
2012 HE8
2012 HY33
2012 JE
2012 PW2
2012 PZ18
2012 RE20
2012 ST9
2012 SY10
2012 SD22
2012 SU30
2012 TZ22
2012 TV30
2012 UU120
2012 UA135
2012 UG136
2012 UR137
2012 UF158
2012 UK169
2012 VV45
2012 XX6
2012 YQ6
2012 YS7
2013 AT
2013 AX31
2013 CA
2013 CH1
2013 EA5
2013 GX19
2013 NK15
2013 PT20
2013 SR75
2013 TS28
2013 VB2
2014 AT16
2014 BF47
2014 CE14
2014 FO7
2014 HQ46
2014 JB
2014 KR45
2014 KC85
2014 KU99
2014 MD64
2014 ME69
2014 QE33
2014 QR168
2014 XC32
2015 BA109
2015 CP10