id
109581
113667
145528
157060
159990
162969
165696
167625
188546
190213
194225
199700
202771
203261
206310
218537
221737
225642
234441
234514
234984
239693
242151
243402
249311
253515
257986
268232
270211
276386
280023
284553
293178
293346
303925
316986
316987
317030
322283
329363
329575
332000
345549
346798
356370
357906
365934
366201
374024
380024
396000
408827
410668
414050
414371
416569
424955
433542
2001 KD55
2001 SD225
2001 XE104
2008 ER19
2008 JO20
2008 UT162
2008 XK39
2010 RA118
2012 DG
2012 DO9
2013 AO97
2013 ET87
2013 TY118
2014 NV41