id
388
423
514
653
661
701
798
1199
1210
1339
1411
1464
1481
1532
1533
1649
1723
1737
1758
1780
1787
1844
1849
1852
1903
1910
1957
2091
2115
2136
2206
2321
2416
2443
2522
2523
2531
2562
2613
2619
2684
2686
2706
2787
2928
3026
3028
3088
3196
3214
3310
3318
3357
3750
3774
3896
3937
4041
4074
4075
4093
4115
4130
4163
4207
4455
4473
4505
4529
4537
4542
4557
4679
4745
4999
5039
5042
5170
5213
5347
5457
5497
5624
5936
5944
6019
6254
6309
6464
6477
6733
6866
6910
6994
7155
7308
7494
7903
8052
8173
8175
8184
8661
8675
8741
8836
8871
8901
8902
8908
8911
8951
8981
9092
9227
9228
9377
9454
9510
9709
10069
10095
10116
10505
10734
10808
10818
10885
10924
10945
11002
11177
11181
11226
11455
11514
11647
11732
11893
11943
11970
12154
12158
12432
12440
12672
12716
12766
12817
12846
12902
12918
13307
13378
13772
13925
14205
14282
14666
14667
14672
14692
14726
14788
15037
15174
15340
15451
15512
15670
15738
16149
16262
16267
16295
16457
16494
16608
16613
16614
16782
16933
17011
17067
17135
17239
17244
17433
17539
17608
17612
17618
17619
17676
17684
17788
18245
18365
18550
18556
18704
18731
18831
18952
18990
19026
19052
19070
19252
19283
19671
19709
19736
19810
19824
19896
20407
20412
20462
20515
20646
20669
20674
20727
20748
21041
21062
21131
21160
21368
21557
21581
21818
21888
21903
21926
21950
21984
22007
22039
22040
22248
22695
22698
22704
22731
22737
22738
23199
23380
23917
23948
24133
24226
24231
24263
24299
25302
25307
25534
25583
25745
25920
25929
25997
26071
26215
26370
26515
26576
26610
26613
26700
26894
26988
27124
27165
27175
27196
27362
27406
27469
27483
27572
27656
27667
27669
27990
28024
28300
28333
28348
28435
28473
28703
28762
28880
28950
29532
29536
29548
29853
29869
29895
30307
30503
30899
30912
31000
31062
31081
31241
31280
31289
31303
31304
31324
31325
31331
31542
31616
31656
31717
31757
32194
32273
32289
32335
32362
32417
32457
32488
32600
32901
32947
32995
33003
33241
33256
33285
33301
33604
33620
33691
34102
34247
34257
34264
34360
34461
34520
34528
34578
34609
34626
34672
34711
34825
35002
35026
35036
35037
35068
35155
35334
35345
36047
36076
36116
36136
36138
36166
36198
36242
36254
36739
36776
37011
37180
37209
37313
37414
37426
37494
38241
38258
38439
38453
38514
38623
38625
38809
39267
39272
39371
39431
39484
39499
39644
39675
39768
39779
39782
40128
40165
40497
40769
40801
40918
40930
40932
40933
40940
40957
41031
41113
41196
41215
41294
41332
41460
41953
42138
42212
42215
42220
42308
42453
42514
43093
43145
43163
43183
43459
43490
43519
43520
43522
43545
43934
44426
44451
44456
44476
44510
44520
45075
45099
45366
45455
45494
45517
45557
45569
45608
45635
45665
45686
45696
45766
46012
46242
46292
46323
46330
46722
46723
46729
47041
47088
47605
47646
47682
47717
47758
47760
47773
47792
47800
47842
47914
48343
48499
48803
48805
49435
49438
49464
49541
49545
49603
49617
49628
50639
50685
50864
50914
50930
50936
51026
51113
51127
51141
51146
51193
51200
51218
51227
51280
51796
51810
51850
51853
51896
51999
52120
52127
52311
52475
52712
53127
53334
53340
53355
53392
53394
53401
54496
54497
54498
54540
54549
54550
54557
54570
54579
54580
54606
54658
54871
55029
55115
55135
55305
55405
55407
55431
55442
55510
55526
55824
55920
55923
55944
56400
56841
56872
56877
56898
56902
56903
56927
56931
56988
57005
57212
57443
57552
57636
57700
57789
58018
58052
58380
58503
58545
58678
58798
58827
58837
58838
58849
58904
59678
59793
59819
59887
59909
59933
59954
59955
59980
60017
60022
60103
60236
60412
60512
60646
61548
61677
61744
61961
61970
62070
62196
62275
62314
62345
62368
62384
62405
62413
62442
62456
62494
62508
62510
62524
62607
62687
62781
62870
62884
63005
63010
63029
63066
63084
63132
63227
63274
63280
63377
63587
63600
63670
63867
63932
64043
64052
64073
64271
64398
64703
64769
64957
64996
65017
65060
65154
65159
65196
65199
65203
65571
65804
65929
66653
66848
66964
67017
67099
67121
67136
68159
68190
68211
68254
68270
68292
68382
69087
69854
69872
69905
69943
70848
71046
71050
71100
71115
71273
71280
71324
71356
71376
71461
71465
71476
71477
71478
71481
71519
71522
71562
71563
71567
71605
71624
71668
72614
72676
72695
72701
72717
72730
72742
72743
72748
72752
72761
72812
72835
72861
72866
72867
73362
73449
73464
73469
73519
73573
73578
73623
73633
73649
73938
74404
74430
74520
75925
76005
76040
76041
76064
76077
76084
76165
76221
76296
76297
76356
76368
76377
76416
76421
76526
76605
76608
76676
76711
76758
77572
77749
77755
77766
77779
77803
77810
77862
77896
78249
78316
78357
78404
78673
78718
78731
78756
79264
79909
79999
80021
80029
80042
80055
80057
80082
80084
80090
80773
81221
81811
81888
82932
82936
82967
83064
83132
83135
83139
83212
83224
83229
83268
83325
83347
83476
83487
83502
83503
83534
83596
83610
83620
83635
83636
83689
83700
83736
83753
83768
83778
83792
83796
83824
83830
83847
83849
83875
84663
84716
84981
85013
85202
85409
85732
86074
86110
86191
87336
87575
87576
87730
88005
88040
88063
88112
88113
88122
88141
88149
88799
89293
89389
89453
89503
89531
89714
89737
89753
89843
90024
90153
90181
90241
90262
90376
90576
91571
91620
91702
91712
91752
91795
91801
91810
91816
91835
91867
91959
91973
91980
92013
92015
92057
92058
92091
92132
92143
92148
93585
93631
93764
93781
93832
93866
94071
94126
94127
94157
94158
94175
94196
94202
94267
95208
95301
95311
95326
95555
95556
95566
95612
95622
95650
95678
95681
96236
97124
97131
97176
97334
97355
97440
97459
97460
97510
97570
97643
97669
98874
98921
99000
99017
99050
99235
99243
99247
99844
99854
99855
99871
100098
100515
100551
102836
102872
103266
103797
103942
103979
104141
104144
104166
104198
104244
104369
104413
104423
104588
104804
104842
104948
105326
105360
105508
105655
105831
105870
105988
106100
106105
106114
106163
106180
106298
106312
106358
106369
106389
106428
106740
106774
106954
108258
108563
108773
108965
108969
108989
109291
109335
109375
109483
109570
109586
109688
109716
109892
110036
110152
110305
110365
110718
110872
110883
111230
111287
111327
111399
111401
111471
111475
111476
111573
111574
111582
111608
111615
111635
111667
111760
111949
112630
112699
112708
112720
112725
112749
112769
112812
112863
113101
113131
113226
113448
113542
113547
113562
113706
113720
113773
113904
113950
113962
114182
114242
114256
114291
114518
114579
114586
114602
114615
114629
114650
114731
114823
114898
115043
115177
115472
115533
115665
115685
115865
115909
115927
115965
115982
116041
116365
116406
116452
116569
116663
116692
116882
117008
117034
117207
117269
117458
117639
117677
117760
118055
118421
118451
118833
118906
118951
119754
119786
119789
119833
119839
119893
119913
119928
120071
120089
120098
120099
120517
120904
121397
121489
121579
121676
121847
123675
123732
123766
123819
123850
123889
123903
123921
123949
123968
123975
124012
124043
124051
126405
126550
126566
126572
126742
126774
126800
126820
126840
126864
126876
126920
126936
126938
127033
127035
127078
127134
127190
127195
127338
127350
127372
127589
127950
127952
128119
128172
128221
128238
128247
128271
128274
128284
128928
128951
128956
128991
129046
129136
129141
129200
129228
129308
129408
129716
130208
130222
130278
130303
131311
131337
132713
132821
132893
132902
132906
132989
132996
133570
133651
133679
133707
133708
133740
133743
133816
133835
134154
134175
134187
134209
134305
134411
135032
135111
135120
135141
135218
135246
135263
135279
135299
135522
136884
137977
138620
138649
138779
138860
138878
139857
139919
139932
140013
140027
140185
140196
140197
140312
140320
140423
140429
140516
140550
140566
140569
140570
140599
140644
140649
140775
140813
140823
140851
140902
140924
140959
141118
141133
141151
141178
141288
141362
141400
141478
142092
143113
143250
143313
143443
143449
143454
143511
143538
143568
143581
143664
144158
144250
144363
144440
144486
144583
144690
144738
144788
144800
144812
144831
144868
145501
145708
145729
146189
146795
146817
146828
146943
147393
147689
147766
147922
148131
149005
149021
149040
149046
149050
149071
149076
149086
149096
149171
149780
149884
149941
150307
150312
150335
150581
150596
150599
151284
151313
151377
151387
151389
151421
151443
152002
152073
152088
152237
152480
152817
153215
153266
154210
154212
154217
154240
154255
154899
154950
155530
155537
155553
155558
155562
156676
157051
157064
157205
157396
157413
157635
157671
157695
157700
157713
157746
157748
158068
158131
158545
158579
159077
159119
159352
159355
159812
159913
160211
160249
161136
161436
161444
161491
161705
161740
161776
161872
161884
162444
162982
163007
163458
163478
163481
163652
164127
164149
164366
164371
164386
165087
165102
165107
165810
165820
166594
166744
166823
166828
166868
166876
167511
167513
167515
167530
167593
167604
167907
167999
168030
168035
168261
168409
168649
168794
168799
169141
169169
169211
169245
169271
169276
169280
169402
170040
170072
170080
170097
170102
170158
170510
170708
170730
170766
170779
170807
170808
170952
171233
171250
171256
171925
171935
171950
171963
171974
172023
172280
172801
172950
172962
173096
173136
173834
173923
173931
173945
173971
174494
174519
175337
175374
175553
175613
176000
176397
176421
176439
176448
176473
176543
176947
176995
177065
177081
177085
177096
177100
177131
177845
177854
177855
177881
177884
177917
178142
178169
178237
178720
178772
179184
179355
179358
179376
179395
179400
179438
179445
179514
180112
180118
180137
180156
180720
180741
181036
181079
181124
181125
181187
181215
181218
181475
181578
181729
182185
182421
182803
182824
182827
182828
182837
182950
183403
183504
183921
183946
184209
184496
184563
184590
184616
184624
184662
184692
184720
184731
184739
184746
184796
184856
184861
184925
184966
185181
185320
185325
185409
185462
185534
185781
186246
186335
186339
186347
186360
187073
187254
187297
187309
187356
187357
187359
187360
187374
187389
187633
187820
188125
188149
188313
188500
188529
188535
188654
188666
188668
188756
188800
188812
188938
189076
189335
189363
189496
189931
189942
189943
189946
189962
190201
190212
190236
190259
190306
190492
190694
190700
191371
191394
191434
191438
191440
191460
191473
191866
192062
192118
192133
192149
192153
192155
192574
192986
193001
193002
193116
193140
193714
195690
195704
195705
195776
195835
195837
195846
195872
195903
195924
196109
196634
196638
196797
196950
196968
196970
196993
197066
197096
197109
197125
197212
197230
197243
197266
197280
197301
197315
198489
198634
198639
198642
198651
198660
198727
198772
198783
198798
198817
198832
198850
199073
199322
199359
199455
199487
199493
199610
199649
199692
199769
199778
200013
201227
201282
201297
201312
201413
201620
201750
201779
201794
201830
201849
201880
202302
202327
202345
202346
202352
202362
202373
202394
202626
202652
202653
202836
202938
203275
203309
203799
204155
204157
204215
204558
204568
204573
204614
204618
204620
204871
204899
204971
205003
205526
205565
205590
206008
206707
206761
206764
206793
206808
206809
206858
206867
207336
207590
207593
207631
207870
208409
208433
208449
208914
209354
209386
209402
209407
209408
210095
210159
210160
210317
210368
210434
210474
210905
211077
211441
211478
211816
211878
211882
212567
212593
212602
212613
212882
212919
212922
212963
212965
213369
213397
213414
213632
214052
214085
214642
214670
214708
214730
214751
214763
214775
214777
214783
214799
214814
214821
214824
215032
215355
215563
215579
216238
216241
216269
216282
216384
216395
216405
216466
216518
216637
216812
216825
216836
216867
216940
217133
217135
217507
217518
217720
217811
218066
218081
218502
218506
218508
218512
218533
218685
218782
218795
219054
219107
219225
219232
219479
219889
219948
219972
220415
220437
220450
220667
220676
220695
220737
220745
220766
220778
220782
220816
221337
221427
221481
221770
221918
223349
223411
223442
223756
223816
223839
223841
223903
223905
223932
223948
223956
224456
224547
224591
224601
224655
224676
224687
224696
224735
224924
224973
225056
225065
225400
225439
226071
226182
226810
226942
226955
226959
226964
226965
226999
227536
227618
227635
227642
227673
227687
227707
227735
227753
227754
227970
227973
227977
227994
228216
228248
228301
228682
228900
228947
228988
229215
229224
229268
229584
229836
229899
229997
230443
230462
230472
230741
230969
230991
230998
231003
231015
231016
231018
231026
231354
231377
231392
231583
231663
231686
232296
232324
232337
232587
232656
232718
232958
233012
233030
233033
233055
233486
233616
233622
233637
233639
233739
233995
234056
234058
234527
234777
234851
235435
235445
235486
235509
235513
235528
235559
235856
235915
235931
235973
235977
236009
236036
236069
236080
236567
236797
236873
236898
236955
237219
237286
237311
237324
237643
237698
238356
238357
238420
238695
238749
238755
238759
238767
238771
239314
239365
239388
239408
239421
239493
239513
239645
239679
239707
239837
239917
240218
240242
240248
240268
240737
240753
241045
241224
241233
241241
241274
241295
241321
241332
241340
241353
241442
241480
241481
241499
241512
241524
241572
241714
241738
241851
241857
241868
242217
242241
242328
242362
242378
242400
242484
242671
242677
242681
242687
242825
242830
242952
243102
243228
243489
243497
243616
243697
244922
244972
244996
245002
245021
245315
245369
245457
245935
245940
246088
246090
246186
246209
246268
246329
246397
246405
246424
246431
246515
246524
246531
246673
246700
246731
246792
246806
246816
247045
247439
247620
247707
247726
247727
248205
248218
248224
248513
248681
248809
248877
248881
248971
248973
249000
249010
249101
249113
249128
249148
249495
249517
249518
249531
249555
249776
250011
250014
250029
250032
250278
250769
250772
250788
250803
250850
250851
251316
251450
251467
251469
251501
251503
251527
251907
252118
252139
252682
252775
252783
252795
252801
252812
252814
252850
252865
252894
253358
253378
254102
254197
254210
254224
254326
254368
255058
255087
255103
255178
255223
255230
255262
255265
255291
255344
255347
255451
256317
256411
256458
256473
256478
256489
256538
256810
256981
256983
257033
257044
257073
257122
257129
257133
257138
257391
257410
257501
257678
257685
257938
257945
257959
258593
258729
258732
258778
258787
259337
260044
260152
260177
260778
260845
260899
260974
260990
261337
261380
261385
261425
261429
261430
261436
261477
261480
261511
261520
261552
261567
261582
261595
261599
261609
261633
261699
261721
261746
261748
261764
262382
262636
262661
262801
262928
262973
263006
263009
263044
263205
263319
263342
263354
263376
263397
263719
263735
263761
263774
264263
264291
264299
264789
265064
265078
265095
265096
265429
265747
265842
265898
265902
265956
265957
265965
265976
265980
265996
266017
266454
266839
266866
266886
266904
266911
266972
267521
267570
267784
267793
267848
268200
268536
268557
268558
268624
268635
268666
268686
268719
269257
269265
269279
269305
269324
269589
269610
269661
269873
269897
270427
270483
270668
270810
271165
271266
271336
271356
271979
271990
272000
272008
272020
272877
273018
273107
273116
273122
273130
273157
273181
273268
274077
274314
274332
274462
274476
274521
274574
274580
274608
274632
274638
274648
274697
274700
274701
274736
274739
274808
274979
275259
275468
275477
275636
276081
276348
276656
276669
277055
277065
277095
277111
277119
277827
277839
277889
277929
278470
278574
278610
278658
278673
278822
278982
279017
279044
279064
279068
279079
279278
279381
279392
279438
279618
279862
280213
280445
280627
280663
280689
280718
281277
281288
281654
281720
281766
281852
281906
281922
282003
282045
282598
282960
282970
283013
283151
283306
283477
283500
283799
283893
283917
284080
284083
284085
284267
284338
284403
284406
284617
284781
284853
284857
284863
284867
284992
285035
285072
285195
285472
286036
286089
286216
286346
286401
286428
286446
286469
286599
286676
286696
286731
286787
286788
287024
287178
287428
287522
287611
287681
287875
287887
288050
288265
288401
288724
288798
288824
288903
288967
288978
289016
289019
289050
289240
289517
289600
289627
289830
290187
290202
290204
290310
290344
290415
290427
290465
290530
290588
290672
290777
290827
290830
290874
290903
290920
290933
290949
291091
291149
291162
291313
292039
292055
292175
292189
292291
292338
292370
292478
292501
292509
292592
292605
292616
292663
292695
292737
292741
292825
292961
292965
293143
293159
293206
293379
293463
293466
293467
293537
293986
294022
294069
294192
294261
294399
294429
294477
294510
294515
294697
294709
294730
294837
294962
294986
295118
295261
295316
295334
295393
295893
295920
296218
296238
296256
296269
296347
296512
296547
296552
296615
296636
296656
296932
296981
297062
297068
297261
297277
297641
297650
297659
297726
298289
298294
298309
298707
298735
298742
298746
298760
298765
299247
299734
299743
299755
299768
299850
299871
299885
299895
299900
299933
299939
299953
299956
300019
300030
300058
300113
300126
300142
300642
300850
300860
300881
300910
300921
301168
301213
301297
301329
301407
301416
301432
301479
301484
301511
301523
301541
301547
301861
302324
302872
303721
303757
303790
303867
304371
304388
304408
304474
304515
304546
304572
304578
304582
304592
304607
304626
304628
304638
304650
304652
304669
304670
304671
304702
304711
304728
305300
305309
305318
305332
305342
305360
305411
305438
305499
305715
305834
305871
305972
305978
306396
306908
307082
307124
307555
308351
308462
308500
308504
308507
308557
308581
308589
308602
309016
309102
309120
309141
309611
309688
309711
310094
310102
310124
310305
310617
310652
310654
311383
311421
311449
311451
311537
311890
311918
311930
311938
311960
311986
312342
312402
312427
312428
312442
312450
312452
312951
312952
313293
313331
313339
313349
313943
313945
314466
314521
315025
315037
315050
315054
315057
315061
315093
315104
315111
315644
315667
315752
315853
315854
315856
315869
315880
315881
315882
315891
315900
316139
316251
316444
316479
316496
316518
316523
316802
316816
316821
316975
317247
317395
317954
318301
318303
318622
318638
318907
318990
319085
319089
319091
319113
319169
319173
319220
319267
319968
320043
320135
320156
320169
320190
321003
321255
321297
321379
321459
321488
321587
321607
321695
321700
322052
322076
322155
322159
322172
322216
322222
322250
322336
322442
322456
322582
323208
323575
323582
323591
323603
323621
324130
324134
324138
324149
324165
324175
324198
324225
324233
324287
324694
324733
324751
324782
324789
324800
324827
325481
325507
325521
325542
325544
325547
325548
325573
325634
325697
325702
325743
325899
326047
326138
326157
326326
326763
326819
327068
327077
327089
327481
327500
327561
327571
327610
327992
328018
328035
328040
328363
328371
328695
328738
329080
329084
329095
329190
329207
329258
329289
329517
329668
329860
330161
330178
330482
330914
330943
330973
331058
331215
331249
331268
331294
331305
331443
331445
331697
331717
331812
331831
331836
331853
331862
331980
332251
332590
332615
332638
332736
332800
332809
332931
332933
332958
332971
332986
332988
333167
333251
333385
333705
333769
333799
333818
333832
334460
334609
334615
334720
335195
335217
335228
335648
335650
335870
335896
335909
336372
336458
336526
336688
336698
336739
336922
336928
337693
337695
338312
338861
338867
338935
338980
339445
339461
339509
339517
339564
340614
341173
341219
341283
341332
341337
341344
341381
341417
341426
341470
341534
341576
341598
341606
341618
341625
341668
341672
341675
341719
341722
341748
341749
341759
341808
341813
342970
342983
343014
343040
343041
343045
343088
343535
343603
343619
343991
344008
344315
345071
345612
345630
346008
346027
346035
346082
346088
346187
346491
346714
346795
346845
347069
347210
347303
347309
347431
348830
348852
348854
349012
349027
349378
349419
349450
349472
349474
349650
349806
349879
349880
349887
349895
349945
350150
350222
350261
350327
350357
350968
350981
351458
351465
351486
351487
351875
351890
351933
351947
351954
351957
351969
352007
352066
352414
352434
352454
352484
352496
352507
352519
352538
352567
352610
352616
352625
353111
353150
353519
353623
353653
353778
353903
354668
354715
354752
355125
355167
355168
355656
355687
356182
356194
356393
356398
356407
356673
356676
356723
356741
356846
356865
356921
357531
357727
357757
357773
357787
357808
357814
357830
357866
357870
357881
357895
357897
358343
358392
358397
358400
358728
358863
358866
358894
359431
359449
359471
359512
359559
359573
360159
360188
360213
360652
360663
360917
360928
360932
360942
360992
361004
361024
361030
361440
361459
361904
361916
361918
361943
361976
362372
362526
362554
362844
362868
362872
362878
362924
362939
363058
363285
363498
363662
363688
363729
364004
364029
364033
364053
364062
364063
364085
364478
364506
364519
364529
364546
364886
365348
365352
365629
365677
365680
365714
365759
365775
365786
365951
365963
365969
366009
366013
366020
366022
366030
366053
366055
366065
366091
366092
366101
366148
366181
366231
366248
366940
366988
366989
366999
367012
367176
367240
367596
367639
367652
367672
367804
367807
367818
367836
367838
367840
367857
367863
368045
368055
368081
368095
368202
368296
368302
368304
368325
368349
368472
368491
368640
369006
369126
369215
369403
369410
369415
369441
369507
369546
369636
369648
369655
369791
369842
369858
369861
369896
369897
370066
370222
370230
370248
370543
370573
370849
371266
371286
371324
371349
372033
372053
372063
372066
372077
372092
372157
372163
372168
372173
372200
372257
372676
372753
372762
372940
372994
372999
373082
373133
373268
373383
373715
373717
373791
373970
374211
374621
374637
374657
375332
375382
375394
375397
375406
375478
375485
375543
375567
376266
376267
376347
376353
376360
376530
376679
377092
377490
377512
377530
377956
378386
378390
378801
378827
378927
378953
378991
379010
379030
379050
379072
379341
379418
379467
379469
379756
379829
379834
379953
379991
380671
380676
380688
380705
380952
381218
381641
381704
381894
381921
381997
382130
382220
382247
382261
382289
382293
382295
382305
382310
382364
382683
382999
383001
383342
383346
383719
383726
383728
383750
384003
384031
384117
384194
384210
384224
384235
384242
384518
384599
384824
384938
384992
384995
385016
385064
385115
385504
385893
386119
386134
386202
386209
386218
386223
386234
386405
386534
386560
386850
386942
386943
387168
387251
387343
387355
387365
387482
387493
387496
387616
387710
388290
388352
388375
388384
388387
388699
388706
388739
388740
388744
388745
388772
389202
389223
389263
389720
389781
389809
390045
390075
390134
390392
390402
390421
390439
390470
391301
391304
391328
391330
391342
391356
391360
391367
391693
391729
391769
392057
392539
392621
392630
392686
392688
392952
393003
393012
393038
393043
393057
393101
393120
393129
393166
393194
393231
393250
393266
393291
393473
393558
393562
393563
393809
393812
393869
394002
394217
394245
394282
394287
394304
394313
394318
394328
394329
394332
394337
394662
394666
394685
394700
394705
395095
395267
395411
395490
395520
395546
395555
395610
395620
395635
395685
395883
395983
396021
396031
396056
396057
396083
396091
396114
396171
396180
396190
396331
396388
396976
397074
397106
397276
397310
397385
397676
397681
397726
397782
398073
398299
398301
398434
398482
398548
398562
398565
398598
398626
398749
398828
398836
398842
398847
398937
398949
398966
398989
398994
399028
399053
399075
399261
399442
399825
399915
400221
400450
400453
400477
400679
401232
401270
401276
401283
401456
401478
401662
401693
401755
401759
402372
402414
402418
402767
402811
403400
403405
403701
403738
403925
403959
403991
404025
404032
404043
404049
404293
404496
404506
404516
404518
404561
404765
404790
404879
404880
405740
405743
405748
405749
405764
405770
405771
405782
405786
405790
405802
405837
406250
406254
406261
406265
406781
406982
406984
407030
407046
407077
407078
407158
407178
407196
407589
407835
407852
407951
407964
407972
407975
407992
407994
407998
408050
408055
408056
408063
408069
408089
408416
408506
408514
408562
408606
408608
408684
408783
409088
409094
409302
409655
409679
409682
409723
409770
410144
410839
410842
410847
410875
410883
410892
410898
410906
410943
410975
410992
411042
411340
411485
411487
411497
411530
411594
411742
411808
411845
411938
411940
411957
412310
412350
412369
412371
412413
412541
412639
412640
412655
412771
412841
412944
413005
413313
413765
413769
414004
414581
414608
414616
414627
414638
414651
414716
414931
414943
414966
415000
415188
415209
415210
415235
415241
415388
415391
415394
415408
415424
415425
415437
415445
415450
415568
415801
416111
416172
416357
416736
417283
417303
417349
417406
417411
417420
418472
418491
418659
418673
418699
418729
418788
418804
418873
418895
419089
419317
419320
419368
419382
420035
420094
420098
420114
420122
420137
420178
420235
420275
420277
420537
420718
420920
421009
421045
421074
421145
421201
421288
421300
421322
421360
421421
421445
421514
421537
421561
421622
421684
421779
421892
422071
422169
422191
422201
422452
422556
422622
423137
423310
423346
423775
423822
423895
424246
424302
424705
424718
424740
424837
424868
424901
424923
425000
425263
425268
425326
425339
425398
425407
425438
425480
425973
425999
426009
426304
426313
426777
426799
426835
426839
426855
426870
426884
426898
426901
426978
427063
427142
427194
427231
427298
427339
427341
427839
428404
428426
428437
428451
428858
428914
428939
428943
428958
428972
429019
429030
429242
429268
429273
429280
429290
429688
429866
429872
429908
429954
429964
430090
430239
430264
430271
430282
430306
430349
430386
430414
431233
431442
431515
431592
431606
431626
431632
432049
432056
432063
432066
432119
432157
432196
432525
432574
433076
433081
433151
433190
433214
433221
433255
433430
433569
433580
433589
433594
433664
433716
433731
433833
433857
433891
433897
433931
434417
434886
434887
434893
434901
435296
435304
435313
435368
435836
435899
435910
435911
435922
435936
435944
435971
435972
435994
436000
436004
436348
436991
437012
437021
437054
437100
437112
437145
437189
437215
437229
437262
437444
437512
437620
437688
437781
437790
437909
438258
438366
438400
438438
438622
438629
439121
439162
439174
439358
439373
439377
439557
439600
439667
439669
439671
439685
439793
1996 VU28
2001 FP197
2001 OU36
2001 TJ253
2002 CA316
2002 DE15
2002 JB151
2002 QN103
2002 QW141
2002 QX143
2002 TU382
2002 TG387
2003 BZ73
2003 SE383
2003 SN339
2003 UC382
2003 UX396
2003 UJ405
2003 UW325
2003 UE353
2004 AB7
2004 CD30
2004 CZ30
2004 DG63
2004 RK125
2004 RR172
2004 TQ155
2004 TV225
2004 XB165
2005 EX29
2005 GQ101
2005 JC58
2005 MG29
2005 NJ33
2005 QZ101
2005 QK123
2005 RQ46
2005 RM47
2005 SC85
2005 SU230
2005 SE273
2005 SE290
2005 TJ127
2005 TN187
2005 TW193
2005 UP360
2005 UH408
2005 UG411
2005 UD154
2005 UA169
2005 UM289
2005 UY351
2005 VD66
2005 XB21
2005 XB59
2005 YH44
2005 YU83
2005 YA111
2005 YN159
2005 YS202
2005 YY207
2006 AE13
2006 AX18
2006 AK40
2006 AP91
2006 BC65
2006 BN230
2006 DH76
2006 DT86
2006 DX108
2006 DD131
2006 EN9
2006 EH26
2006 EE38
2006 GT28
2006 HU74
2006 HK154
2006 JE11
2006 KH18
2006 KX36
2006 KD73
2006 KT74
2006 KN88
2006 RK46
2006 RQ64
2006 RQ103
2006 SU6
2006 SW80
2006 SA98
2006 SJ106
2006 SH383
2006 SA385
2006 SE407
2006 SR209
2006 SH267
2006 SR310
2006 TM105
2006 TH120
2006 TX126
2006 UV36
2006 UU117
2006 UX117
2006 UJ136
2006 UD167
2006 UT332
2006 WV46
2006 WT87
2006 WB153
2006 WS200
2006 XX36
2007 AM29
2007 BF54
2007 BD63
2007 CA10
2007 CL31
2007 CR43
2007 DX4
2007 DQ45
2007 DU71
2007 EE6
2007 EY80
2007 EF175
2007 GB43
2007 JE1
2007 RG160
2007 RD293
2007 TV1
2007 UF20
2007 UX21
2007 UM54
2007 UG111
2007 VL66
2007 VT103
2007 VQ147
2007 YM36
2008 AL56
2008 AT83
2008 AB103
2008 AS117
2008 AZ127
2008 AJ128
2008 BJ22
2008 DO29
2008 DZ82
2008 EG62
2008 EL97
2008 EC118
2008 EY162
2008 FP2
2008 FY18
2008 FJ24
2008 FJ130
2008 GS50
2008 GL66
2008 GX127
2008 GN130
2008 GZ137
2008 HL21
2008 HE53
2008 HQ53
2008 RD7
2008 RU12
2008 ST101
2008 SK125
2008 SB128
2008 SM136
2008 SQ136
2008 ST180
2008 SB188
2008 SF225
2008 SO283
2008 TE11
2008 TX16
2008 TF62
2008 TK64
2008 TJ79
2008 TG104
2008 UX34
2008 UM74
2008 UZ112
2008 UY113
2008 UJ120
2008 UX121
2008 UZ154
2008 UE168
2008 UY177
2008 UG211
2008 UK215
2008 UR233
2008 UW278
2008 UZ292
2008 UK311
2008 UC322
2008 VH48
2008 VO54
2008 WQ79
2008 WV82
2008 YU79
2008 YJ160
2009 AV25
2009 BL12
2009 BO21
2009 BG45
2009 BM90
2009 BK164
2009 BH166
2009 CK35
2009 CH36
2009 DD102
2009 DG105
2009 FU8
2009 FW72
2009 RK40
2009 SL85
2009 SF289
2009 SG324
2009 TR30
2009 TB31
2009 UG15
2009 UP24
2009 UF78
2009 UJ122
2009 UL154
2009 VJ4
2009 VY38
2009 VV101
2009 WR19
2009 WD164
2009 WO181
2009 WL188
2009 WN212
2009 WZ215
2009 WV263
2009 YY9
2010 AE5
2010 AC90
2010 AR90
2010 AV99
2010 BB5
2010 BX44
2010 BA77
2010 BX95
2010 CL29
2010 CW34
2010 CE113
2010 CJ157
2010 CN221
2010 EZ20
2010 JM176
2010 JW177
2010 JE178
2010 JH178
2010 KC114
2010 NX43
2010 NO84
2010 NA104
2010 OJ9
2010 OU34
2010 PW80
2010 RT147
2010 SS10
2010 TR21
2010 TF28
2010 TS32
2010 TA68
2010 TV79
2010 TV87
2010 TO115
2010 TH146
2010 UL3
2010 UN19
2010 UU78
2010 UL107
2010 VB12
2010 VJ40
2010 VT47
2010 VZ77
2010 VW106
2010 VK158
2010 VB170
2010 VU180
2010 VD183
2010 VU219
2010 WW20
2010 WL23
2010 WN52
2010 XW55
2010 XK85
2011 AO27
2011 AM41
2011 AA60
2011 BN29
2011 BN53
2011 BJ67
2011 BB68
2011 BH86
2011 BW87
2011 BM89
2011 BT91
2011 BX105
2011 BN108
2011 CC16
2011 CO21
2011 CL25
2011 EN85
2011 FL1
2011 FL42
2011 FT48
2011 FN100
2011 FJ106
2011 FM141
2011 GC41
2011 GZ55
2011 GB57
2011 HM20
2011 HD39
2011 HO45
2011 HC64
2011 HK91
2011 QF20
2011 QD60
2011 QE63
2011 RD16
2011 SK100
2011 SJ145
2011 SU202
2011 SN233
2011 SV258
2011 SY264
2011 SA272
2011 UA139
2011 UX298
2011 UX359
2011 UB374
2011 UA139
2011 UW401
2011 UW147
2011 UP202
2011 UO233
2011 UE269
2011 UX298
2011 UD317
2011 UQ349
2011 UX359
2011 WQ65
2011 WE79
2011 WQ83
2011 WG104
2011 WF134
2011 YM9
2011 YD53
2012 AY4
2012 BL26
2012 BD32
2012 BA58
2012 BY59
2012 BV63
2012 BM64
2012 BX69
2012 BW95
2012 BH130
2012 BJ139
2012 CS8
2012 CX8
2012 CP39
2012 CR40
2012 CE45
2012 DL3
2012 DO5
2012 DM16
2012 DV18
2012 DA21
2012 DJ52
2012 DU52
2012 DP67
2012 DJ71
2012 EY
2012 EM2
2012 EQ5
2012 FU8
2012 FC44
2012 FG48
2012 FK49
2012 FC51
2012 FK59
2012 FU61
2012 FU81
2012 GX6
2012 GW9
2012 GY25
2012 GL31
2012 HQ29
2012 HY43
2012 HK49
2012 HW57
2012 JL19
2012 JK57
2012 KU16
2012 QM48
2012 SS40
2012 TL73
2012 TC89
2012 TN97
2012 TA115
2012 TW117
2012 TN172
2012 TV184
2012 TM186
2012 TF187
2012 TX192
2012 TE218
2012 TO254
2012 TE289
2012 UM14
2012 UO37
2012 VE24
2012 VQ62
2012 VR79
2012 VU108
2012 WW
2012 WQ9
2012 WZ27
2012 XN
2012 XV123
2012 XK147
2012 XU147
2013 AP11
2013 AW69
2013 AF97
2013 AE99
2013 AZ128
2013 AR135
2013 AU150
2013 AN159
2013 AZ160
2013 AK168
2013 AZ170
2013 AJ173
2013 BY13
2013 BO14
2013 BU20
2013 BQ21
2013 BW29
2013 BE39
2013 CZ1
2013 CV12
2013 CF45
2013 CH46
2013 CD63
2013 CZ74
2013 CP76
2013 CQ109
2013 CW115
2013 CX117
2013 CS124
2013 CV127
2013 CH149
2013 CG188
2013 CM205
2013 EG1
2013 EN4
2013 EX15
2013 EM22
2013 EE86
2013 EB99
2013 EC128
2013 FA20
2013 GP27
2013 GK45
2013 GL60
2013 GV76
2013 GQ100
2013 GH108
2013 GT116
2013 GJ117
2013 GW132
2013 GO133
2013 HQ6
2013 HY9
2013 HE17
2013 HV28
2013 HQ57
2013 HY70
2013 HM95
2013 HB118
2013 HN118
2013 JC7
2013 JF13
2013 JW18
2013 JS49
2013 KU8
2013 ME2
2013 MN10
2013 OV5
2013 PH5
2013 PC22
2013 PW30
2013 PG36
2013 PN46
2013 QE5
2013 QW42
2013 QK55
2013 QN60
2013 QY88
2013 QZ88
2013 RR6
2013 RO13
2013 RK34
2013 RO57
2013 RZ58
2013 RG60
2013 RM67
2013 RH76
2013 SZ31
2013 SZ35
2013 SK46
2013 SA58
2013 SG71
2013 TZ25
2013 TO108
2013 TS128
2013 TP144
2013 WQ6
2013 WA43
2013 WM89
2013 YR25
2013 YJ47
2013 YS51
2013 YU53
2013 YE56
2013 YE95
2014 AW45
2014 AZ47
2014 BC11
2014 BL22
2014 BL47
2014 CG23
2014 DE14
2014 DG30
2014 DU35
2014 DF38
2014 DP42
2014 DG49
2014 DA77
2014 DN85
2014 DE107
2014 DJ121
2014 DJ129
2014 DW138
2014 EQ6
2014 EX29
2014 EE40
2014 FK4
2014 FZ19
2014 FY36
2014 FT64
2014 GG11
2014 GH29
2014 GX35
2014 HR9
2014 HZ11
2014 HS47
2014 HR139
2014 HJ167
2014 JW4
2014 JR32
2014 JS48
2014 KA18
2014 KD42
2014 KR65
2014 KF93
2014 LX10
2014 LX17
2014 LT22
2014 MR15
2014 MF17
2014 MM34
2014 MN59
2014 MV59
2014 NH17
2014 NN20
2014 NG45
2014 OU4
2014 OG6
2014 OG42
2014 OZ51
2014 OF107
2014 OL108
2014 OL386
2014 OS136
2014 OT141
2014 OO165
2014 OQ184
2014 OX209
2014 OT221
2014 OB230
2014 OF245
2014 OT268
2014 OF284
2014 OP306
2014 OE310
2014 OO339
2014 OS353
2014 PG7
2014 PN16
2014 PU16
2014 PU53
2014 QN35
2014 QV96
2014 QA116
2014 QB376
2014 QD402
2014 QS405
2014 QM175
2014 QP256
2014 QB269
2014 QS342
2014 QZ356
2014 RJ1
2014 RR3
2014 RF18
2014 SZ90
2014 SU145
2014 SP165
2014 SD215
2014 SU277
2014 SB278
2014 SP292
2014 SD307
2014 SJ311
2014 SU334
2014 TW2
2014 TK47
2014 TP51
2014 UB
2014 UZ3
2014 UV4
2014 UA10
2014 UN17
2014 UU25
2014 UT31
2014 UF48
2014 UK48
2014 UL62
2014 UF84
2014 UB106
2014 UA107
2014 UH156
2014 UB158
2014 UN184
2014 UL216
2014 VM9
2014 VE11
2014 WF24
2014 WQ52
2014 WH71
2014 WD83
2014 WJ90
2014 WG232
2014 WZ279
2014 WA103
2014 WH122
2014 WS398
2014 WQ399
2014 WA141
2014 WV428
2014 WD197
2014 WK463
2014 WQ212
2014 WN475
2014 WS254
2014 WO334
2014 WT335
2014 YH3
2014 YQ23
2014 YW25
2014 YN36
2015 AG25
2015 AB27
2015 AR42
2015 AD155
2015 AU165
2015 AD196
2015 AW225
2015 AY253
2015 AV264
2015 AB277
2015 AK279
2015 BA5
2015 BG13
2015 BA16
2015 BG61
2015 BD65
2015 BV75
2015 BM122
2015 BL126
2015 BK135
2015 BR396
2015 BA153
2015 BL425
2015 BT434
2015 BL185
2015 BZ456
2015 BJ219
2015 BX230
2015 BK243
2015 BR247
2015 BD253
2015 BE255
2015 BV258
2015 BT303
2015 BK307
2015 BH313
2015 CN14
2015 CS23
2015 CR35
2015 CO42
2015 CV48
2015 DG17
2015 DA64
2015 DD84
2015 DN84
2015 DM105
2015 DE109
2015 DK112
2015 DJ118
2015 DR146
2015 DC147
2015 DT159
2015 DD168
2015 DH193
2015 EZ9
2015 FJ3
2015 FM31
2015 FT39
2015 FM43
2015 FD94
2015 FY115
2015 FE149
2015 FE156
2015 FD169
2015 FJ175
2015 FD215
2015 FH293
2015 FY295
2015 FZ295
2015 FP296
2015 FZ296
2015 FD299
2015 FK301
2015 FB320
2015 FX342
2015 GB23
2015 GG24
2015 GJ26
2015 GQ38
2015 GS48
2015 HE4
2015 HD5
2015 HT14
2015 HE40
2015 HS59
2015 HF154
2015 HB156
2015 HK163
2015 HW165
2015 JQ6
2015 KL11
2015 KM64
2015 KT94
2015 KF98
2015 MF1
2015 MK6
2015 MF9
2015 MK27
2015 MF38
2015 MH45
2015 MX48
2015 MJ57
2015 MW71
2015 MG114
2015 ND11
2015 OF13
2015 OW34
2015 OH69
1995 SF39
1996 TU36
1997 UR5
1999 RY9
1999 TH46
1999 TG264
2000 BA51
2000 CD127
2000 OL2
2001 CZ49
2001 FH180
2001 FL201
2001 FA202
2001 FH202
2001 FM205
2001 FS221
2001 TX207
2001 TH232
2001 TN232
2001 TS262
2001 VC126
2002 GF187
2002 RY257
2002 RR260
2002 RY287
2003 SK326
2003 US384
2003 YV109
2004 CX31
2004 EC21
2004 RU24
2004 RE348
2004 TA4
2004 TZ176
2004 TO214
2004 XA94
2005 EF161
2005 SK81
2005 SD177
2005 TN115
2005 UQ14
2005 UG120
2005 UG392
2005 UL133
2005 UQ147
2005 UN149
2005 UR183
2005 UJ192
2005 UN207
2005 UZ519
2005 UW521
2005 US263
2005 UJ529
2005 VZ12
2005 VZ23
2005 VR39
2005 VT67
2005 WA135
2005 WL161
2005 YJ5
2005 YT7
2005 YQ123
2005 YM141
2005 YS239
2005 YA280
2005 YY291
2006 AA26
2006 AU55
2006 BF86
2006 BA230
2006 BV233
2006 BJ249
2006 CZ46
2006 DM5
2006 DH133
2006 DU135
2006 DO145
2006 DU177
2006 ER45
2006 GP18
2006 HL97
2006 HY149
2006 JK41
2006 JC60
2006 JM70
2006 KO58
2006 PD15
2006 RL13
2006 RX106
2006 RM108
2006 RM111
2006 RD112
2006 RX112
2006 RB115
2006 RD118
2006 SX31
2006 SP271
2006 SK327
2006 SX332
2006 SW349
2006 TA103
2006 UR32
2006 UP34
2006 UX160
2006 UY166
2006 UW172
2006 UU194
2006 UN197
2006 VX18
2006 VB36
2006 WP5
2006 WC34
2006 WN118
2006 XD73
2006 YV31
2007 BE41
2007 CM8
2007 DC35
2007 DW81
2007 DU108
2007 DA114
2007 EX83
2007 FD47
2007 GY71
2007 HA44
2007 RV72
2007 RO194
2007 RB260
2007 TL120
2007 TP439
2007 TN204
2007 TA296
2007 UR61
2007 UU97
2007 VA73
2007 VE73
2007 VM138
2007 VV200
2007 VU236
2007 VN248
2007 YG5
2007 YO71
2008 AU52
2008 AJ84
2008 AP116
2008 BF19
2008 CK98
2008 CC173
2008 DK27
2008 DD45
2008 DV72
2008 DX72
2008 ER17
2008 ED143
2008 EO167
2008 FM30
2008 FC81
2008 FM107
2008 FE110
2008 GT28
2008 GL129
2008 HF69
2008 KJ16
2008 RG32
2008 RP105
2008 SH175
2008 SY188
2008 ST213
2008 TZ40
2008 TB59
2008 TL80
2008 TK169
2008 US12
2008 UG49
2008 UJ70
2008 UM134
2008 UH190
2008 UL213
2008 UM234
2008 UX273
2008 UC279
2008 UQ293
2008 UL349
2008 VK40
2008 WM19
2008 WE61
2008 WM65
2008 WP100
2008 YO36
2008 YU57
2008 YB74
2008 YP81
2008 YO88
2008 YW93
2008 YB144
2008 YM169
2009 AA11
2009 AN26
2009 AK34
2009 BH50
2009 BR145
2009 BE154
2009 DW66
2009 DV84
2009 DV88
2009 DZ117
2009 DK140
2009 EG25
2009 FF2
2009 FB14
2009 HH24
2009 HX27
2009 HX98
2009 JD8
2009 KR33
2009 RT5
2009 SF29
2009 SW81
2009 SO85
2009 SG91
2009 SR142
2009 SM199
2009 SE316
2009 TM22
2009 UA150
2009 VC20
2009 VZ22
2009 VB49
2009 VV86
2009 VG90
2009 WR62
2009 WR131
2009 WT191
2009 XK10
2010 AG97
2010 BN119
2010 CA89
2010 CV104
2010 CH116
2010 CA137
2010 CR202
2010 CX205
2010 DK10
2010 DJ15
2010 DL17
2010 DU62
2010 EX47
2010 ED167
2010 FH10
2010 FQ63
2010 FL73
2010 FY105
2010 GN
2010 GQ11
2010 GT20
2010 GO21
2010 GH64
2010 GY68
2010 GV169
2010 HB7
2010 HW57
2010 HY85
2010 HL109
2010 JP6
2010 JD11
2010 JX31
2010 JZ50
2010 JE79
2010 JN91
2010 JT91
2010 JB97
2010 JD103
2010 JH104
2010 JP108
2010 JX138
2010 KB7
2010 KD27
2010 KU31
2010 KC34
2010 KV70
2010 KN78
2010 KW83
2010 KU87
2010 KW89
2010 KK94
2010 KC108
2010 KL110
2010 KZ116
2010 LM9
2010 LU13
2010 LN29
2010 LT74
2010 LN86
2010 LK91
2010 LW115
2010 LP126
2010 LG130
2010 MS12
2010 ME17
2010 MG27
2010 MR30
2010 ME43
2010 MG72
2010 MW72
2010 MS80
2010 MB89
2010 NP9
2010 NM22
2010 NL32
2010 NR51
2010 NF106
2010 OU6
2010 OM12
2010 OP16
2010 OZ16
2010 OL18
2010 OL21
2010 OR36
2010 OV55
2010 OG65
2010 OZ82
2010 OR83
2010 PJ12
2010 PJ36
2010 PA42
2010 PF44
2010 PW47
2010 PS51
2010 RH13
2010 SP4
2010 TK36
2010 TN163
2010 TP187
2010 UV57
2010 UC59
2010 VT25
2010 VK31
2010 VL43
2010 VY55
2010 VG106
2010 VG111
2010 VS124
2010 VW161
2010 VH172
2010 VC208
2010 VE217
2010 WE21
2011 AH41
2011 AD50
2011 BT14
2011 BW36
2011 BR42
2011 BO67
2011 BW70
2011 BF99
2011 BJ103
2011 BV107
2011 BK110
2011 BS125
2011 BD154
2011 BL158
2011 CU
2011 CK7
2011 CO13
2011 CB52
2011 CG52
2011 CO56
2011 CG64
2011 CX65
2011 CZ78
2011 CB97
2011 CG110
2011 CT110
2011 DE45
2011 EJ16
2011 ED19
2011 ES33
2011 EQ47
2011 FH38
2011 FR55
2011 FC63
2011 FR74
2011 GS1
2011 GE77
2011 GO79
2011 HW13
2011 HE35
2011 OV5
2011 OP11
2011 QT20
2011 QH85
2011 RR15
2011 SO38
2011 SH48
2011 SC82
2011 SL149
2011 SL181
2011 SL227
2011 SC270
2011 UE14
2011 UL15
2011 UE66
2011 UL100
2011 UL126
2011 UH176
2011 UY195
2011 UZ309
2011 UC338
2011 VL22
2011 WP7
2011 WQ26
2011 WS37
2011 WE41
2011 WH78
2011 WV79
2011 YV11
2011 YJ58
2012 AH2
2012 AW4
2012 BQ20
2012 BU30
2012 BT32
2012 BW63
2012 BZ78
2012 BR82
2012 BB84
2012 CS5
2012 CX15
2012 CE48
2012 FL17
2012 GT19
2012 HZ32
2012 JR36
2012 PY3
2012 PF41
2012 QB9
2012 QB20
2012 TJ41
2012 TU47
2012 TP76
2012 TG121
2012 TA155
2012 TD198
2012 TK253
2012 TA293
2012 UY65
2012 UE151
2012 VF12
2012 VU12
2012 VN67
2012 VP70
2012 VB85
2012 WO34
2012 XH18
2012 XC77
2012 XU109
2012 XU145
2012 XK148
2013 AU40
2013 AC143
2013 AL147
2013 AK148
2013 AJ151
2013 AE155
2013 AJ157
2013 AS157
2013 AZ158
2013 AS159
2013 AK161
2013 AS161
2013 AZ165
2013 AU168
2013 AW170
2013 AT171
2013 AM174
2013 AX176
2013 AT178
2013 AK181
2013 AT181
2013 AW181
2013 BR32
2013 BM37
2013 CW31
2013 CU48
2013 CQ55
2013 CU74
2013 CY132
2013 CC133
2013 CV137
2013 CE160
2013 CC164
2013 DJ8
2013 EZ18
2013 EX28
2013 EK84
2013 EK95
2013 ED96
2013 FE22
2013 GQ11
2013 GM15
2013 GZ44
2013 GK91
2013 HF39
2013 HX54
2013 HZ54
2013 HF64
2013 HG72
2013 HK73
2013 HD83
2013 HN102
2013 HR104
2013 HL113
2013 HO114
2013 HV115
2013 HF117
2013 HD118
2013 HK125
2013 HV127
2013 HO128
2013 HN130
2013 HA133
2013 HA135
2013 HP142
2013 HX144
2013 HV147
2013 JE7
2013 JW49
2013 PZ5
2013 PY18
2013 QH37
2013 QC49
2013 RN33
2013 SV21
2013 SX26
2013 TW25
2013 TS88
2013 TM90
2013 WE23
2013 WZ28
2013 WU29
2013 XE1
2013 YF84
2013 YL121
2014 AF8
2014 AK18
2014 AQ26
2014 BH5
2014 BR19
2014 CD2
2014 DK5
2014 DQ9
2014 DS42
2014 DK59
2014 DE98
2014 DD106
2014 DB128
2014 DX128
2014 DN136
2014 ED2
2014 EZ2
2014 EY9
2014 EZ42
2014 FR4
2014 GC15
2014 GA41
2014 HS5
2014 HR7
2014 HK27
2014 HV39
2014 HZ64
2014 HY80
2014 HK86
2014 HX106
2014 HC109
2014 HE116
2014 HS159
2014 HG179
2014 JC48
2014 KE7
2014 KN25
2014 KZ34
2014 KD54
2014 KZ72
2014 KF97
2014 ME35
2014 MP65
2014 NU28
2014 OF27
2014 OG31
2014 OX31
2014 OZ34
2014 OQ35
2014 OK38
2014 OA46
2014 OC88
2014 OS361
2014 OL112
2014 ON117
2014 OG132
2014 OD135
2014 OK145
2014 OQ162
2014 ON165
2014 OQ199
2014 OV199
2014 OJ218
2014 OP224
2014 OL238
2014 OQ244
2014 OM269
2014 OQ269
2014 OQ281
2014 OK305
2014 OA311
2014 OQ333
2014 OV344
2014 OP346
2014 OS356
2014 QE50
2014 QL93
2014 QW105
2014 QL115
2014 QC117
2014 QU387
2014 QE233
2014 QE265
2014 QF294
2014 SR129
2014 SE130
2014 SL188
2014 SE191
2014 SQ256
2014 TO29
2014 TU47
2014 TN51
2014 TT54
2014 US12
2014 UH16
2014 UM43
2014 UA77
2014 VW15
2014 VS23
2014 WB1
2014 WN30
2014 WT48
2014 WR49
2014 WK221
2014 WR101
2014 WN382
2014 WA134
2014 WZ136
2014 WW184
2014 WZ475
2014 WK221
2014 WU225
2014 WG232
2014 WO241
2014 WR267
2014 WD282
2014 WY306
2014 YP23
2014 YB38
2015 AJ10
2015 AK39
2015 AJ42
2015 AB98
2015 AQ98
2015 AA107
2015 AS151
2015 AX174
2015 AL180
2015 AF196
2015 AU223
2015 AP248
2015 AP258
2015 AC261
2015 BD10
2015 BK15
2015 BC16
2015 BP37
2015 BJ56
2015 BA62
2015 BU63
2015 BU76
2015 BG79
2015 BL80
2015 BB82
2015 BZ97
2015 BO104
2015 BQ122
2015 BY122
2015 BO127
2015 BY139
2015 BN141
2015 BN405
2015 BA148
2015 BO148
2015 BS421
2015 BT166
2015 BR170
2015 BL171
2015 BZ173
2015 BQ442
2015 BO449
2015 BB450
2015 BS191
2015 BE465
2015 BZ471
2015 BL473
2015 BB216
2015 BE221
2015 BT224
2015 BD233
2015 BF238
2015 BX238
2015 BO240
2015 BR243
2015 BU503
2015 BB256
2015 BS257
2015 BW257
2015 BN260
2015 BK278
2015 BC286
2015 BM352
2015 CS1
2015 CU15
2015 CR23
2015 CP36
2015 CO44
2015 DW35
2015 DC51
2015 DG53
2015 DZ101
2015 DQ112
2015 DC156
2015 DF182
2015 DL185
2015 DM196
2015 DT202
2015 EN1
2015 EC54
2015 FA13
2015 FD38
2015 FD72
2015 FJ158
2015 FS215
2015 FN247
2015 FE295
2015 FN301
2015 FN318
2015 FV321
2015 FL328
2015 FQ330
2015 GF21
2015 GH35
2015 HK4
2015 HU28
2015 HN72
2015 HV76
2015 HH88
2015 HY93
2015 HD116
2015 HL122
2015 HH124
2015 KV24
2015 KS105
2015 KT125
2015 KU144
2015 KE153
2015 MP30
2015 MO81
2015 MF82
2015 OO18
2015 OV68
2015 PV28
2015 PV38
2015 PF43
2015 PC45
2015 PR49
