id
19010
19280
19650
19784
20101
22095
25303
25828
27361
28775
28873
29891
30953
31753
32369
32393
33305
36253
39052
44515
45677
46723
47943
50796
51254
51306
51844
51871
55808
58908
59882
60000
62308
62917
64900
65153
70003
71516
73489
78247
78442
78650
78736
79341
81914
82782
83116
84464
89885
90845
99866
100229
108597
114747
115690
117458
119010
121849
132868
133569
134868
135543
138828
143618
149040
150007
164371
165807
172888
175631
177931
184560
185377
185637
186448
196217
198638
198775
200034
202357
204976
210170
210463
214439
214992
215984
216030
216268
224666
224755
229639
229654
231561
234807
235372
235493
238795
241442
242671
244463
250736
254991
255101
256962
258550
259330
261044
261519
264008
264190
264846
265471
267526
267611
268212
269565
271257
276388
279515
284936
285741
290259
290462
291337
296336
299324
299366
303813
303836
303862
303883
308504
309685
310102
317662
318638
319356
320526
321186
322458
326628
329021
351516
359471
365401
367952
367960
368349
378928
382355
386953
387616
389278
391044
392543
393116
393473
395422
396434
402462
407631
411159
411493
411540
415588
418638
420131
433833
433854
434960
2002 XL118
2005 SA240
2005 UW239
2005 UW239
2008 UC180
2008 UC180
2011 BO117
2011 JE20
2013 TE104