id
111665
119909
126550
128059
129241
132680
132786
132788
132829
133614
133768
134187
136015
141377
141461
146839
146847
146885
147783
149152
149852
151414
151422
151443
151445
151829
152085
152115
155290
156616
156675
157455
157775
158811
159702
160243
161515
163623
166863
167988
176586
176592
179448
179481
179491
179495
179497
179517
179552
179572
179574
181205
181265
182935
182940
182954
183575
185480
186363
186964
187168
187312
187356
187374
187633
188771
188961
189202
189365
191203
191226
191902
195678
195833
195863
195916
196084
196122
196164
196171
196969
197097
197212
197225
197226
197230
197248
197249
197400
197429
197513
198652
198728
198766
199440
201283
201403
201861
202354
202394
202626
204243
206270
207383
208914
212302
212616
212692
214425
215388
216288
216400
216572
216838
217597
218501
218515
220766
220907
221337
223012
224629
225225
226094
226497
226561
228158
228728
228731
228933
228991
230450
230483
231055
231500
233613
233780
233893
233953
234742
234889
234955
235376
235428
235570
235856
235892
235912
236006
236649
236810
237003
238392
238829
239645
240310
242017
243320
244282
244438
244539
244900
244960
246238
246514
247405
247423
247464
247920
247961
248229
248364
248485
249273
249310
249397
249512
250031
250566
250892
250902
251306
251503
251514
251533
252705
252803
252834
253007
253082
254284
254294
254326
254352
254401
254403
254515
255067
255132
255287
255327
255467
257117
258562
258715
258802
258806
260504
261021
261073
261094
261367
261429
261504
261617
261741
262584
263479
264843
264845
266511
267525
267536
267575
267614
267627
267658
268221
268712
269120
269560
270615
270682
270707
270775
270805
270844
270874
270896
270977
271140
271381
272086
273223
273245
274036
274480
274663
275330
276176
276209
276700
276706
276708
276834
277131
277811
277918
278076
278420
278580
278621
278939
278954
279033
279042
279099
279381
279392
280159
280886
281288
281367
282012
282326
282492
283233
283257
283841
284991
286567
286609
286724
287178
287329
289399
289874
289948
290017
290243
290309
290660
290768
290915
293015
293071
293227
293406
293448
293886
294936
295053
295097
295184
295434
295525
295697
296831
297807
299321
300866
300934
302352
302430
302464
303902
303942
304688
305393
306136
306143
306298
307125
307141
307187
307381
308433
308499
308546
308547
309102
309666
309668
309673
309711
310276
310705
310757
311366
311530
311914
312913
313470
314558
314560
315044
316589
317448
317524
319155
319457
320153
322493
322582
324327
324853
325760
326581
326595
326874
326906
327107
327614
328459
328464
329140
329153
329160
329483
329875
330228
330236
331054
331297
331671
331693
331721
332014
332242
332603
332934
332956
332981
332988
333253
333785
334411
335244
336850
341808
343148
347774
349455
350054
350819
351596
351611
352560
352616
352618
353172
353175
353341
353624
354135
354170
354797
355234
355565
355610
355660
355724
356398
356847
357237
357920
358859
358873
359449
360017
360386
362477
364052
365946
366055
366525
366548
367818
367864
368109
368363
368554
369226
369441
369449
369671
369860
369906
370248
370896
371324
371802
372170
372318
372730
373033
373983
374215
375550
376587
379057
380068
382310
383813
384754
385120
387337
388012
388290
388806
390392
391761
392405
392642
393049
393124
393218
393266
393571
393975
396031
396065
396116
396701
397708
397779
398883
398994
399444
399949
399984
401270
401478
401694
401697
402424
403942
404614
405910
411566
412879
413173
413805
413865
414378
415555
416212
416538
416714
418552
418702
418839
418873
419391
420156
420211
420605
425370
427352
427359
429063
430309
433409
433857
434647
438634
2002 CO259
2002 GG183
2002 JB151
2002 QJ131
2002 QW141
2002 RY251
2002 RU288
2002 TG73
2002 TF378
2002 TU382
2002 TX193
2002 TU315
2003 SE254
2003 SE254
2004 ST50
2005 EZ247
2005 UX523
2005 XN14
2006 KC48
2008 GP10
2008 OL24
2008 RB31
2008 SJ271
2008 TL97
2008 UE210
2008 UE143
2008 UA207
2008 UE210
2008 UK215
2008 UJ221
2008 UR256
2008 WZ8
2008 WA106
2010 EZ20
2010 MJ93
2010 OW54
2010 RC155
2010 UN75
2010 VE175
2010 VA215
2010 WJ74
2011 BA118
2011 CD28
2011 CM107
2011 FV155
2011 UX298
2011 UR146
2011 UX298
2011 WN83
2012 JK45
2012 KT9
2013 AA46
2013 AK118
2013 AU123
2013 BF21
2013 BU25
2013 BK62
2013 BK67
2013 CF15
2013 CT25
2013 CY71
2013 CE73
2013 CK163
2013 CG188
2013 CO188
2013 CA216
2013 DO2
2013 DP10
2013 EJ31
2013 EZ104
2013 FR5
2013 GQ100
2013 HO10
2013 JB49
2013 JF51
2013 NZ6
2013 PE56
2013 QB4
2013 TZ10
2013 TE114
2013 WE48
2013 YE95
2014 DJ131
2014 EF50
2014 GT37
2014 LX10
2014 MM23
2014 WF168
2014 WT107
2014 WX198
2015 BR276
2015 CF39
2015 DM186
2015 KL6
2015 KO15
2015 KD69
2015 MX67