id
2198
3806
4128
4168
5000
5451
5756
5789
5864
6474
6568
6666
6691
6692
7207
7280
7301
7786
7844
7848
7901
7934
7970
8099
8291
8952
8997
9017
9047
9108
9268
9269
9304
9458
9500
9589
9750
9774
9852
9973
9994
9997
10248
10249
10328
10339
10425
10549
10567
10600
10800
10801
10893
10942
11012
11033
11074
11102
11138
11141
11187
11264
11324
11359
11422
11453
11523
11525
11603
11605
11646
11680
11905
11934
11936
12028
12059
12062
12074
12201
12231
12233
12480
12489
12533
12571
12664
12695
12703
12777
12804
12810
12839
12909
12977
13016
13047
13048
13079
13134
13216
13218
13261
13268
13300
13303
13340
13392
13516
13517
13544
13601
13612
13656
13693
13702
13760
13767
13773
13816
13825
13868
13879
13926
13939
13954
13976
14028
14030
14089
14124
14156
14212
14219
14305
14306
14358
14378
14397
14436
14437
14467
14470
14532
14533
14571
14580
14586
14674
14680
14682
14737
14748
14852
14857
14865
14880
14898
14899
14910
14911
14933
14960
14968
15011
15026
15083
15177
15197
15244
15248
15490
15592
15595
15625
15627
15668
15708
15714
15739
15835
15905
15926
15947
15950
16005
16011
16082
16098
16141
16241
16309
16327
16328
16340
16362
16431
16460
16469
16587
16672
16678
16749
16754
16756
16854
16881
16888
16992
17025
17036
17066
17070
17089
17098
17192
17217
17302
17387
17448
17513
17516
17517
17643
17647
17648
17650
17660
17661
17750
17753
17792
17885
17917
17944
17945
17999
18025
18044
18072
18090
18136
18144
18147
18168
18190
18225
18258
18291
18300
18332
18333
18334
18335
18397
18400
18401
18432
18433
18522
18523
18539
18548
18600
18610
18629
18635
18672
18685
18702
18707
18786
18808
18834
18858
18861
18914
18978
19019
19126
19135
19151
19175
19177
19178
19180
19210
19211
19245
19267
19305
19319
19320
19332
19336
19338
19422
19439
19461
19505
19553
19596
19734
19779
19832
19920
19967
19986
20009
20017
20045
20085
20190
20191
20201
20254
20261
20283
20297
20343
20375
20478
20501
20506
20532
20550
20552
20605
20683
20700
20703
20766
20772
20780
20791
20815
20971
21044
21120
21135
21193
21241
21326
21330
21351
21548
21562
21627
21645
21648
21662
21678
21762
21779
21810
21880
21894
21915
21931
21938
21958
21973
21995
22032
22079
22091
22117
22125
22141
22172
22250
22264
22270
22277
22286
22303
22304
22306
22359
22364
22418
22490
22512
22604
22641
22752
22787
22952
22985
23017
23116
23124
23229
23235
23248
23261
23263
23500
23523
23561
23675
23677
23679
23774
23797
23836
23845
23850
23884
23885
23888
23892
23950
23966
23982
23984
24012
24035
24043
24072
24123
24278
24345
24399
24401
24430
24432
24500
24589
24645
24685
24697
24700
24716
24725
24729
24738
24741
24777
24805
24848
24855
24936
24940
24969
24999
25018
25027
25059
25060
25063
25069
25072
25125
25174
25186
25201
25216
25249
25409
25414
25466
25471
25472
25474
25488
25523
25527
25538
25568
25571
25573
25588
25609
25654
25716
25724
25742
25760
25770
25786
25830
25970
26002
26047
26122
26154
26159
26270
26275
26335
26339
26374
26415
26469
26470
26473
26552
26556
26564
26567
26612
26626
26679
26680
26747
26757
26808
26868
26959
26961
26966
26996
27073
27119
27130
27183
27193
27230
27233
27281
27285
27325
27339
27420
27431
27466
27482
27492
27534
27549
27586
27594
27614
27616
27654
27749
27783
27798
27815
27822
27895
27976
27977
27981
27983
28013
28055
28124
28208
28248
28266
28308
28344
28407
28425
28458
28472
28556
28599
28603
28662
28704
28731
28785
28793
28798
28806
28838
28840
28969
29016
29028
29039
29160
29161
29305
29342
29347
29349
29376
29378
29379
29392
29484
29503
29506
29648
29649
29701
29705
29782
29784
29786
29868
29889
29907
30009
30100
30135
30231
30239
30261
30266
30361
30368
30369
30381
30382
30476
30565
30578
30650
30654
30658
30789
30808
30923
30970
31047
31129
31152
31168
31246
31461
31497
31524
31570
31590
31625
31648
31655
31679
31779
31833
31834
31867
31870
31871
31876
31891
31947
32009
32099
32133
32204
32285
32363
32620
32640
32650
32783
32784
32818
32848
32891
33092
33101
33102
33130
33131
33152
33169
33174
33185
33186
33215
33274
33363
33488
33500
33507
33515
33542
33548
33553
33563
33565
33635
33652
33654
33692
33693
33752
33789
33899
33924
33984
33993
34000
34018
34019
34045
34078
34092
34223
34226
34347
34372
34422
34472
34577
34640
34656
34664
34811
34847
34892
34977
34996
35104
35141
35159
35188
35309
35320
35421
35441
35451
35472
35474
35487
35493
35494
35502
35535
35543
35561
35563
35574
35595
35596
35690
35810
35845
35854
35876
35881
35911
35928
35939
35947
35980
35990
36002
36028
36122
36218
36346
36416
36719
36720
36722
36725
36745
36774
36777
36859
36927
37021
37072
37077
37161
37171
37206
37249
37263
37267
37271
37276
37295
37296
37318
37332
37342
37368
37373
37377
37433
37576
37589
37837
37885
37897
37900
37905
37907
37910
37914
37920
37926
37935
37944
37948
37963
37967
37970
37996
38016
38203
38208
38229
38339
38448
38629
38634
38785
38878
38926
39023
39046
39112
39202
39224
39283
39307
39485
39659
39680
39723
39726
39745
39819
39858
39871
39978
39986
39989
40061
40064
40299
40302
40389
40396
40420
40480
40645
40649
40721
40731
40736
40739
40747
40854
40908
40970
41110
41193
41280
41285
41288
41299
41333
41357
41385
41435
41447
41451
41465
41466
41472
41477
41516
41644
41842
41941
41989
42144
42192
42235
42252
42267
42302
42467
42494
42502
42509
42537
42574
42702
42706
42720
42888
42890
42905
43042
43053
43133
43144
43147
43185
43294
43304
43314
43318
43322
43347
43356
43367
43406
43416
43491
43539
43571
43604
43750
43756
43761
43764
43916
43919
43923
43925
43957
44199
44204
44223
44226
44240
44246
44264
44273
44275
44289
44307
44311
44480
44533
44554
44687
44740
44820
44837
44839
45034
45035
45065
45078
45122
45132
45135
45154
45192
45193
45194
45212
45213
45240
45250
45258
45271
45320
45365
45396
45402
45444
45446
45451
45540
45553
45562
45571
45736
45770
45871
45914
45975
45981
46008
46127
46158
46189
46205
46239
46261
46315
46367
46372
46439
46456
46542
46576
46862
46867
46905
46909
46928
46937
46943
46949
46951
46962
46972
47017
47358
47373
47396
47424
47439
47445
47458
47464
47538
47549
47582
47612
47670
47762
47871
47881
47935
47951
48081
48140
48182
48183
48188
48326
48335
48408
48427
48428
48487
48488
48530
48595
48686
48816
48982
49093
49096
49204
49256
49269
49299
49326
49333
49347
49368
49386
49393
49395
49400
49413
49418
49419
49427
49446
49456
49488
49550
49575
49728
49928
50117
50127
50140
50171
50183
50198
50203
50211
50231
50240
50258
50275
50276
50291
50304
50313
50395
50418
50511
50519
50573
50598
50690
50719
50736
50742
50773
50803
50816
50841
50895
50932
50964
50991
51034
51093
51145
51183
51206
51225
51245
51321
51373
51414
51539
51656
51749
51883
51939
52077
52192
52196
52198
52207
52217
52280
52297
52391
52401
52402
52607
52611
52612
52618
52970
53031
53070
53091
53099
53109
53114
53125
53132
53152
53157
53158
53160
53161
53162
53181
53191
53207
53216
53239
53240
53256
53264
53270
53274
53289
53302
53404
53549
53588
53610
53776
53844
53857
53879
53993
54047
54049
54091
54127
54128
54137
54207
54229
54303
54321
54344
54360
54394
54406
54437
54716
54730
54758
54759
54846
54929
54933
55013
55016
55018
55056
55061
55066
55086
55147
55213
55317
55378
55473
55596
55619
55624
55649
55734
56076
56079
56096
56119
56152
56161
56173
56185
56189
56205
56209
56212
56217
56218
56219
56224
56254
56258
56280
56356
56565
56572
56613
56631
56662
56685
56693
56697
56722
56740
56778
56785
56814
57053
57086
57128
57129
57275
57314
57343
57349
57538
57539
57541
57600
57604
57605
57612
57656
57673
57743
57771
57807
57820
57831
57863
57938
58003
58068
58097
58181
58373
58765
58770
59457
59463
59487
59517
59524
59531
59535
59551
59565
59570
59599
59628
59706
59709
59714
59716
59747
59755
59859
60197
60490
60532
60556
60748
60817
61074
61075
61141
61156
61319
61350
61456
61667
61733
61894
61922
61985
62115
62116
62267
62343
62392
62404
62541
62596
62728
62743
62827
62836
62855
63119
63450
63573
63597
63614
63682
64109
64153
64220
64284
64304
64354
64411
64483
64518
64522
64677
64785
64839
65428
65639
65659
65722
65786
65833
65846
65854
66186
66409
66416
66448
66449
66450
66451
66483
66488
66547
66554
66626
66684
66842
66844
66888
66917
67010
67023
67514
67855
67920
67992
68036
68185
68264
68462
68545
68623
68818
69017
69143
69245
69249
69257
69423
69506
69536
69855
70278
70380
70536
70538
70602
70623
70638
70639
70735
70756
70768
70787
70794
70829
70964
70982
71066
71089
71095
71117
71155
71219
71234
71305
71371
71372
71427
71429
71451
71454
72018
72032
72066
72164
72251
72303
72338
72355
72362
72435
72473
72674
72818
72862
72876
72907
73773
74094
74098
74123
74253
74286
74985
75231
75304
75366
75370
75384
75387
75447
75519
75773
75808
75852
75934
76261
76293
76314
76320
76333
76635
76659
76923
76991
77001
77010
77069
77139
77338
77339
77470
77484
77509
77651
78099
78451
78458
78946
79052
79087
79844
79846
79866
79883
79966
79977
81013
81030
81096
81143
81144
81252
81484
81559
81700
81787
81903
82339
82471
82507
83664
83859
84072
84745
84897
84901
84949
85267
85552
85589
85889
85927
85942
85951
86426
86965
87063
87090
87249
87257
87302
87319
87340
87345
87402
87411
87610
87649
87665
87721
87724
87821
87834
87910
88083
88271
88298
88382
88446
88796
89363
89383
89495
89705
89764
90023
90697
90703
91013
91055
91112
91113
91137
91139
91141
91293
91448
91494
91535
91672
92564
92955
92958
92963
92967
92973
92990
93004
93032
93253
93262
93321
93399
93660
93748
93984
93990
94023
94024
94028
94151
94226
95203
96453
96488
96785
96793
96864
96873
96954
97031
97182
97256
97364
97409
97427
98395
98589
98699
98907
98961
99121
99155
99165
99252
99661
99949
100278
100674
101453
101515
101529
101570
101577
101607
101716
101762
101769
101781
101796
101824
102928
103082
103171
103189
103237
103243
103255
104784
106810
108163
108203
108871
108978
109323
110404
110519
110559
110864
110944
111064
111223
111467
111559
113929
114229
114569
114600
115045
116563
118816
118857
119649
119829
121066
122319
122842
122914
123072
123074
123265
123479
123584
123618
124811
127667
128151
130144
130168
130859
134489
138817
142806
143598
146045
146058
150576
151780
155500
160844
162881
171485
190634
193234
193478
2010 AT138
2010 MC107
2010 NC38
2010 NW39
2010 NO108