id
33009
35244
37143
40684
41019
41150
41336
45654
48284
50513
56795
57761
58390
58395
58401
58599
60226
61035
62674
62697
64162
64371
64766
65085
65230
65314
65365
65459
65801
65868
66889
68516
69174
71525
71678
72402
72781
72934
73353
73428
75204
75831
76120
76159
76712
78434
78966
79215
79335
79970
79974
79993
82399
82726
82896
82926
83073
83095
83383
83542
83770
84724
84771
85375
88807
88902
88915
89086
89108
89134
89210
89248
89401
89759
89779
89795
90418
90842
90892
90903
91436
91588
91640
91992
92008
92204
93652
93669
93690
94142
95342
95393
95508
97042
97320
97323
97533
97542
98496
99019
99131
99863
99904
100081
100326
100350
100512
100538
100543
100655
100713
100724
101076
101340
101543
101563
101700
102799
103463
103529
103652
103866
103867
103877
103912
103923
104035
104181
104261
104460
104638
104660
104665
104735
104828
104951
105659
105675
105726
105905
106066
106098
106103
106126
106164
106205
106307
106426
106817
107076
109804
110125
110215
110222
110398
110707
110810
110893
110896
110950
110997
111014
111043
111150
111162
111166
111185
111225
111321
111362
111363
111375
111379
111383
111437
111474
111490
111506
111546
111575
111577
111605
111814
111938
112520
112526
112778
112781
112857
113219
113280
113318
113349
113363
113378
113443
113504
113534
113694
114000
115059
115100
115249
115291
115311
115356
115373
115586
115727
115748
115850
115980
116267
116290
116368
116503
116515
116541
116603
116635
116756
116879
117076
117128
117281
117379
117596
117697
117833
117950
118005
118837
118926
119361
119500
119633
119721
119753
119790
119807
119816
119838
119861
119879
119919
120136
120155
120331
120339
120538
120567
120570
120608
120680
120712
120906
120988
121360
121377
121378
121474
121534
121569
121571
121576
121582
121604
121623
121636
121647
121757
121871
122939
123118
123706
123817
123873
123926
124060
124975
125975
126525
126587
126592
126596
126639
126644
126662
126668
126686
126734
126799
126922
126995
127048
127058
127086
127149
127189
127208
127239
127270
127291
127295
127306
127309
127365
127380
128038
128091
128153
128177
128184
128234
128246
128333
128440
128466
128612
128622
128721
128941
128966
128977
128990
129018
129019
129057
129068
129087
129089
129102
129168
129219
129275
129278
129330
129489
129498
129529
129900
130115
130228
130229
130230
130269
130286
130296
130368
131220
131443
132631
132718
132724
132792
132811
132820
132822
132903
133213
133321
133326
133386
133394
133395
133397
133404
133448
133477
133505
133548
133691
133724
133745
133806
133812
133817
133822
133944
133966
134108
134124
134168
134170
134174
134177
134191
134192
134194
134203
134211
134225
134271
134824
134879
134948
135071
135196
135321
135919
136170
136198
136291
136343
136364
136377
136637
136657
136674
136685
136688
136707
136746
137113
137159
137168
137341
138209
138518
138732
138749
138825
138866
139712
139794
139800
139820
139836
139858
139917
139920
139981
140000
140014
140075
140125
140127
140131
140155
140186
140201
140225
140239
140456
140464
140540
140557
140581
140594
140632
140704
140732
140734
140744
140758
140787
140833
141016
141017
141021
141028
141035
141036
141148
141198
141212
141214
141226
141228
141229
141254
141274
141275
141321
141331
141474
141511
141914
142017
142804
143122
143251
143319
143399
143419
143428
143525
143556
143616
143626
143724
144020
144082
144127
144175
144391
144402
144429
144456
144510
144620
144625
144728
144732
144742
144752
144758
144796
144809
144827
144848
144853
144912
144913
144914
145254
145282
145367
145409
145418
145445
145468
145608
145687
145743
145764
145780
146182
146536
146537
146585
146617
146679
146701
146730
146746
146789
146798
146835
146865
146895
146896
146897
146899
146902
146905
146916
146917
146933
146947
146949
147371
147407
147421
147651
147770
147775
147855
147910
148403
148432
148882
148906
148944
148964
149013
149014
149062
149065
149073
149089
149110
149113
149116
149131
149140
149154
149482
149512
149669
149753
149783
149919
149961
149966
149975
149989
150002
150019
150027
150278
150315
150322
150333
150573
150757
151166
151167
151244
151247
151263
151299
151300
151326
151330
151331
151335
151345
151365
151370
151388
151418
151430
151451
151473
151503
151752
151870
152054
152081
152089
152116
152260
152320
152329
152370
152411
152475
152493
152501
152516
152518
152527
152570
152599
152791
152818
152842
152846
153196
153218
153236
154031
154044
154054
154074
154106
154117
154120
154140
154768
154812
154822
154864
154878
154895
154905
154914
154922
154931
154949
154982
155221
155251
155257
155288
155289
155299
155308
155313
155320
155394
155528
155531
155533
155565
155598
155842
156502
156519
156554
156557
156574
156583
156586
156590
156597
156598
156617
157033
157148
157198
157261
157263
157276
157314
157344
157356
157364
157395
157402
157416
157443
157454
157457
157609
157630
157643
157660
157663
157683
157698
157721
157738
157745
157751
157757
157951
158407
158528
158540
158564
158788
158802
158933
159021
159027
159043
159044
159123
159145
159258
159307
159313
159315
159316
159317
159324
159358
159391
159671
159697
159700
159705
159818
159820
159910
159915
159965
159972
159982
160000
160217
160305
160380
160466
160467
160470
160485
160613
160980
160994
161111
161145
161503
161610
161628
161699
161766
161800
161870
161895
161948
162020
162159
162381
162394
162428
162932
162966
163370
163387
163397
163439
163518
163595
163640
164025
164179
164190
164325
164343
164369
164378
164484
164783
164788
165023
165080
165091
165100
165106
165671
165685
165699
165712
165744
165790
165814
165833
165888
165960
166497
166510
166552
166555
166568
166605
166608
166620
166659
166676
166737
166743
166755
166789
166800
166839
166869
166888
166890
166911
167378
167546
167566
167570
167574
167588
167614
167630
167634
167639
167653
167663
167667
167791
167820
167864
167930
167967
167992
168001
168020
168038
168267
168392
168542
168669
169104
169164
169193
169205
169235
169290
169301
169310
169330
169334
169340
169346
169349
169371
169433
169747
169830
169882
169990
170008
170018
170077
170079
170081
170107
170111
170116
170136
170168
170454
170513
170598
170663
170697
170698
170717
170728
170751
170765
170800
170802
170824
170826
170864
170865
170871
171069
171079
171118
171134
171139
171146
171176
171194
171214
171220
171237
171375
171381
171383
171389
171639
171876
171889
171905
171915
171937
171957
172010
172024
172035
172040
172320
172334
172375
172400
172406
172744
172765
172921
172922
172937
172947
172959
173004
173049
173140
173477
173726
173727
173755
173759
173763
173774
173777
173786
173787
173872
173885
173894
173908
173918
173928
173946
173998
173999
174000
174013
174014
174030
174046
174062
174547
174555
174944
175052
175067
175069
175081
175087
175090
175102
175106
175254
175323
175329
175333
175349
175362
175418
175419
175521
175562
175566
175605
175608
175624
175628
175634
176015
176050
176182
176352
176381
176398
176429
176430
176438
176488
176490
176501
176510
176513
176527
176529
176570
176930
177008
177013
177084
177103
177107
177116
177117
177122
177123
177317
177339
177613
177639
177797
177807
177863
177880
177913
177923
177926
177935
178063
178082
178094
178099
178103
178168
178171
178196
178211
178214
178220
178223
178245
178259
178332
178351
178371
178485
178680
178708
178718
178771
179000
179111
179204
179293
179304
179346
179353
179368
179370
179406
179419
179427
179454
179461
179486
179496
179523
179526
179535
179537
179549
179553
179561
180071
180075
180076
180092
180093
180094
180109
180127
180146
180159
180175
180639
180689
180753
180754
181007
181054
181061
181065
181068
181071
181074
181093
181095
181127
181148
181158
181168
181183
181194
181209
181233
181249
181270
181441
181498
181526
181554
181593
181622
181657
181709
181717
181927
182167
182199
182224
182497
182598
182743
182753
182767
182787
182820
182846
182856
182859
182872
182874
182887
182900
182902
182911
183126
183330
183523
183527
183541
183551
183553
183967
184178
184191
184192
184194
184202
184235
184261
184370
184371
184592
184645
184725
184730
184734
184742
184772
184787
184789
184806
184862
184876
184886
184891
184901
184905
184926
184928
184950
184959
184969
185121
185135
185172
185218
185399
185427
185502
185540
185550
185569
185654
185681
185757
185762
185784
185793
185810
185816
185917
185930
186280
186285
186294
186312
186320
186336
186337
187214
187279
187300
187340
187355
187370
187387
187443
187451
187457
187618
187625
187627
187636
187644
187721
187826
187834
188129
188133
188134
188150
188530
188729
188755
188760
188824
188833
188940
189070
189341
189797
189914
189925
189951
189968
190100
190107
190126
190199
190215
190256
190307
190341
190478
190718
191342
191365
191377
191448
191477
191510
191516
191517
191570
191840
191845
191885
192057
192066
192073
192078
192083
192091
192092
192121
192216
192421
192455
192581
192614
192975
193040
193041
193049
193076
193085
193117
193145
193163
193712
193761
193887
193999
195484
195488
195524
195600
195673
195696
195706
195708
195762
195763
195793
195820
195865
195941
195954
195955
195966
195971
196011
196020
196052
196057
196107
196156
196585
196650
196652
196662
196677
196687
196744
196752
196755
196775
196778
196783
196794
196832
196835
196852
196855
196882
196886
196905
196910
196934
197004
197016
197043
197049
197062
197080
197087
197088
197090
197099
197104
197111
197115
197117
197126
197142
197161
197192
197205
197213
197221
197223
197257
197260
197262
197264
197302
197305
197331
197336
197363
197413
197423
197448
197455
197472
197490
197492
197512
197516
197605
198117
198482
198506
198510
198527
198570
198604
198632
198636
198645
198656
198657
198658
198671
198678
198692
198703
198704
198707
198721
198730
198733
198736
198757
198828
199081
199084
199247
199248
199280
199302
199326
199405
199425
199441
199452
199465
199534
199538
199569
199588
199698
199707
199744
199774
199785
199786
199939
200047
200297
200340
201173
201174
201198
201200
201202
201210
201219
201224
201240
201260
201263
201265
201277
201308
201340
201362
201383
201411
201495
201645
201654
201655
201671
201700
201716
201772
201783
201790
201815
201831
201848
201872
201898
201913
201926
202239
202281
202307
202321
202328
202360
202372
202405
202496
202547
202559
202572
202596
202617
202623
202676
202766
202805
202921
203042
203049
203060
203277
203294
203782
203796
203804
203840
203850
203853
203859
204015
204033
204047
204139
204153
204156
204165
204167
204174
204181
204200
204204
204207
204229
204237
204241
204247
204249
204250
204270
204527
204536
204538
204561
204564
204569
204588
204593
204599
204795
204805
204878
204895
205025
205050
205205
205208
205442
205450
205500
205510
205523
205527
205530
205531
205548
205557
205559
205578
205598
205631
205656
206010
206182
206188
206191
206243
206268
206547
206611
206711
206714
206769
206779
206780
206786
206791
206803
206804
206828
206830
206831
206837
206893
206895
207188
207231
207247
207315
207345
207375
207432
207587
207594
207606
207619
207625
207635
207719
207730
207762
207789
207790
207841
207860
207927
207952
207960
207997
208147
208190
208325
208334
208343
208354
208378
208379
208380
208402
208403
208405
208407
208429
208431
208437
208442
208451
208471
208480
208485
208511
208517
208952
208958
208971
209346
209362
209372
209378
209384
209385
209392
209426
209432
209436
209458
209498
209690
209885
209903
210094
210116
210117
210128
210130
210139
210146
210157
210168
210172
210181
210186
210307
210380
210402
210403
210423
210425
210580
210728
210864
210870
210875
210880
210888
210919
210923
210936
210946
210963
210968
211009
211018
211427
211454
211799
211802
211835
211840
211842
211858
211889
212301
212320
212325
212329
212601
212623
212634
212642
212647
212664
212671
212674
212869
212921
212952
213035
213196
213346
213378
213387
213426
213743
213753
213779
214037
214056
214067
214082
214090
214377
214405
214428
214433
214495
214580
214615
214631
214703
214715
214749
214759
214782
214804
214822
214828
214829
214834
214852
214854
214861
214990
214994
214995
215000
215007
215019
215079
215213
215354
215357
215360
215538
215575
215577
215593
215711
215714
215722
215726
215734
215745
215749
215971
216026
216174
216192
216252
216263
216266
216272
216327
216336
216351
216373
216380
216390
216397
216403
216431
216510
216603
216755
216759
216768
216805
216842
216859
216872
216880
216885
216900
216966
216993
217128
217248
217283
217332
217362
217469
217470
217509
217574
217582
217617
217641
217699
217712
217715
217721
217810
218054
218055
218068
218192
218273
218414
218422
218484
218495
218511
218781
218796
218801
218805
218893
218901
218911
218967
218978
218989
219004
219005
219122
219176
219209
219297
219463
219825
219870
219894
219903
219934
219951
219953
220387
220394
220397
220434
220442
220653
220659
220682
220686
220727
220749
220790
220803
220829
220845
220861
220874
220875
220884
221386
221391
221396
221400
221413
221415
221416
221423
221452
221457
221462
221471
221492
221497
221500
221501
221706
221709
221726
221741
221769
221775
221992
222105
222132
222173
222192
222195
222399
222723
222865
222873
222898
222923
223312
223370
223388
223409
223435
223443
223712
223732
223736
223789
223798
223800
223824
223832
223850
223863
223864
223908
223911
223918
223924
223961
223964
223970
223989
224641
224693
224704
224712
224748
224925
224960
224977
225010
225028
225029
225047
225082
225083
225085
225202
225306
225369
225963
226016
226044
226068
226090
226431
226448
226471
226476
226509
226510
226523
226553
226562
226778
226863
226881
226956
226972
226984
226987
227000
227008
227018
227037
227047
227053
227521
227587
227591
227605
227636
227648
227651
227666
227674
227686
227704
227708
227709
227714
227719
227745
227747
227952
227967
227978
227985
228169
228288
228403
228411
228668
228703
228914
228920
228924
228938
228975
228978
229260
229274
229286
229293
229345
229607
229640
229644
229702
229740
229746
229791
229802
229810
229855
229861
229868
229870
229951
230009
230022
230127
230380
230421
230424
230425
230429
230431
230439
230446
230457
230468
230661
230663
230675
230679
230695
230736
230739
230748
230753
230766
230779
230793
230940
230959
230992
230993
230999
231009
231022
231036
231037
231303
231348
231355
231395
231538
231539
231540
231576
231671
231679
231691
231806
231811
231812
231940
231994
232003
232018
232190
232246
232247
232249
232271
232273
232304
232321
232322
232343
232353
232358
232535
232569
232647
232678
232700
232710
232719
232880
232989
232994
233001
233006
233010
233020
233021
233026
233057
233065
233428
233439
233464
233541
233597
233627
233628
233691
233732
233743
233767
233768
233805
233843
233848
233879
233890
233942
233979
233981
234140
234441
234457
234462
234474
234502
234716
234803
234832
234839
234848
234879
234882
234888
234893
234899
234903
234906
234908
234931
234937
234946
234954
234969
235212
235269
235319
235396
235442
235460
235508
235516
235520
235534
235535
235541
235878
235893
235894
235917
235927
235938
235964
235976
235998
236001
236003
236005
236018
236027
236028
236039
236040
236043
236045
236047
236064
236070
236076
236082
236403
236628
236664
236758
236803
236843
236844
236855
236889
236910
236969
237231
237296
237330
237378
237423
237649
237666
237668
237715
237750
237948
237957
237962
237983
238021
238042
238045
238144
238200
238322
238330
238332
238335
238367
238375
238380
238384
238387
238391
238394
238397
238414
238416
238431
238667
238674
238686
238705
238708
238716
238728
238734
238751
238766
238773
238781
238785
238794
238802
238816
239241
239245
239255
239359
239368
239370
239404
239442
239455
239459
239468
239469
239492
239543
239581
239680
239683
239738
239746
239993
240003
240017
240057
240196
240224
240243
240265
240295
240466
240471
240489
240490
240504
240518
240714
240777
241026
241033
241035
241041
241152
241169
241202
241216
241271
241307
241354
241501
241507
241514
241558
241585
241813
241816
241820
241821
241830
241861
241863
241877
241908
242012
242022
242044
242077
242119
242340
242345
242347
242392
242395
242403
242412
242587
242594
242618
242633
242634
242659
242702
242704
242706
242749
242775
242803
242812
242837
242845
242943
242945
242967
242978
242981
243005
243008
243077
243122
243126
243132
243133
243150
243166
243183
243209
243229
243341
243362
243376
243385
243475
243502
243514
243536
243540
243553
243565
243715
243960
243989
244021
244059
244061
244073
244137
244140
244168
244251
244260
244375
244544
244608
244668
244955
244997
245010
245018
245030
245058
245235
245269
245313
245422
245429
245431
245442
245446
245461
245464
245467
245524
245553
245567
245577
245581
245638
245826
245848
245879
245882
245920
245936
245939
245976
245986
245989
245994
246002
246012
246015
246020
246025
246031
246037
246053
246087
246191
246197
246278
246286
246345
246434
246443
246444
246461
246503
246622
246624
246708
246721
246724
246725
246749
246794
246846
246881
246894
246902
246928
247003
247182
247392
247533
247633
247670
247922
247965
248019
248055
248100
248102
248129
248184
248210
248257
248317
248348
248360
248371
248403
248409
248429
248464
248480
248487
248500
248520
248549
248570
248666
248672
248693
248734
248735
248742
248810
248894
248909
248949
248960
248961
248988
249063
249098
249112
249137
249146
249155
249160
249196
249201
249226
249270
249272
249298
249309
249313
249327
249328
249331
249332
249334
249368
249392
249445
249459
249467
249534
249540
249628
249640
249641
249757
249794
250003
250004
250007
250033
250051
250055
250095
250268
250270
250527
250542
250695
250696
250719
250721
250732
250735
250752
250767
250791
250804
250835
250838
250840
250844
250874
250875
250883
250920
250922
250933
251215
251299
251344
251432
251459
251463
251464
251476
251506
251519
251522
251624
251684
251831
251854
251904
251910
251926
252100
252110
252155
252183
252611
252732
252735
252777
252844
253341
253386
254135
254140
254154
254178
254185
254190
254192
254201
254218
254239
254256
254258
254260
254262
254274
254276
254281
254289
254307
254309
254312
254320
254322
254348
254409
254551
254560
254859
254871
254935
254942
254960
254964
255018
255036
255048
255077
255081
255082
255095
255096
255105
255107
255116
255123
255161
255169
255202
255205
255207
255215
255219
255235
255253
255261
255303
255305
255316
255322
255323
255346
255360
255362
255371
255404
255408
255416
255425
255444
255503
255508
255513
256139
256345
256390
256433
256462
256475
256477
256497
256528
256539
256544
256546
256558
256888
256927
256933
256988
257019
257028
257041
257067
257078
257100
257109
257169
257181
257377
257417
257431
257718
257747
257761
257770
257867
257969
258010
258194
258430
258472
258492
258512
258589
258591
258599
258612
258618
258619
258650
258727
258731
258785
258797
258872
259220
259310
259348
259395
259475
259481
259583
259591
259592
260090
260097
260129
260144
260151
260167
260172
260176
260180
260183
260191
260199
260201
260205
260207
260210
260213
260215
260223
260246
260249
260255
260264
260288
260296
260303
260313
260324
260329
260341
260345
260352
260369
260377
260380
260412
260414
260416
260426
260439
260444
260491
260844
260872
260961
260975
261046
261087
261159
261199
261331
261371
261419
261454
261455
261516
261522
261549
261551
261564
261586
261607
261629
261652
261683
261691
261712
261719
261737
261749
261755
261757
261759
261778
261797
261823
261827
261832
261837
261889
262361
262529
262530
262575
262582
262718
262744
262760
262803
262881
262884
262933
262947
262964
262965
262967
262998
263015
263027
263041
263042
263063
263065
263073
263211
263229
263317
263391
263486
263571
263585
263638
263650
263681
263725
263727
263728
263737
263738
263779
263995
264001
264079
264129
264160
264161
264167
264183
264185
264349
264363
264777
264786
264800
264863
264872
264873
264875
265035
265052
265066
265081
265123
265152
265371
265435
265443
265470
265837
265844
265851
265890
265910
265926
265928
265971
265982
266001
266011
266015
266016
266024
266036
266038
266629
266641
266653
266654
266664
266768
266811
266812
266814
266830
266884
266885
266892
266923
266947
267059
267075
267159
267388
267513
267518
267529
267531
267535
267541
267568
267620
267649
267659
267768
267785
267808
267815
267816
267826
267827
267836
267839
267888
268150
268180
268191
268196
268214
268216
268225
268238
268575
268613
268633
268638
268644
268651
268654
268662
268674
268675
268678
268681
268708
268711
268717
268726
268733
268799
269051
269125
269240
269243
269250
269259
269276
269291
269301
269313
269315
269353
269360
269362
269410
269504
269568
269608
269612
269633
269645
269829
269860
270021
270602
270608
270623
270647
270650
270652
270677
270693
270705
270718
270726
270778
270791
270795
270807
270812
270818
270866
270869
270881
270897
270914
270935
271135
271139
271142
271147
271162
271169
271179
271196
271200
271224
271228
271247
271250
271261
271268
271270
271273
271282
271286
271294
271296
271312
271341
271342
271372
271910
271928
271945
271967
271980
271981
271994
272006
272052
272064
272087
272091
272093
272097
272108
272585
272689
272868
272958
273002
273021
273024
273032
273051
273064
273099
273112
273140
273150
273160
273167
273207
273221
273226
273231
273249
273258
273894
273941
273986
273994
274018
274033
274034
274040
274045
274051
274115
274144
274260
274299
274341
274373
274414
274478
274565
274578
274616
274617
274628
274707
274723
274743
274765
274767
274857
274955
275105
275142
275167
275253
275285
275447
275453
275484
275596
275631
275808
275833
275895
276207
276223
276226
276246
276262
276272
276277
276304
276310
276328
276340
276352
276399
276415
276523
276542
276554
276599
276637
276642
276652
276653
276668
276701
276707
277015
277027
277028
277044
277045
277048
277082
277099
277102
277138
277394
277437
277464
277469
277764
277809
277856
277873
277885
277893
277894
277915
278136
278400
278403
278408
278422
278431
278443
278445
278475
278534
278762
278780
278930
278949
279065
279080
279081
279088
279103
279118
279227
279233
279323
279338
279377
279379
279384
279397
279415
279484
279503
279544
279615
279623
279693
279759
279898
279938
280150
280209
280224
280266
280337
280412
280428
280643
280690
280715
280732
280734
280749
280976
281073
281081
281092
281307
281314
281328
281339
281342
281343
281349
281364
281487
281510
281520
281554
281557
281574
281603
281615
281645
281675
281726
281747
281752
281835
281839
281847
281849
281857
281861
281908
281917
281933
281985
282032
282162
282334
282449
282586
282610
282626
282644
282652
282671
282806
282808
282814
282988
283011
283023
283046
283143
283164
283199
283215
283219
283265
283293
283432
283541
283544
283581
283589
283802
283883
283900
283902
284067
284088
284094
284099
284318
284344
284396
284412
284414
284579
284599
284600
284610
284829
284869
284876
284880
284881
284904
284996
284999
285026
285071
285398
285420
285425
285442
285693
285742
285817
286009
286135
286194
286213
286250
286291
286351
286375
286384
286412
286455
286457
286459
286468
286485
286493
286510
286512
286517
286528
286537
286666
286683
286720
286728
286759
286841
286855
286885
287107
287249
287271
287277
287421
287483
287493
287567
287682
287713
287720
287723
287754
287845
287859
287861
287957
288256
288276
288349
288408
288434
288447
288493
288560
288584
288684
288760
288782
288793
288803
288820
288839
288842
288847
288865
288888
288921
288960
289038
289091
289108
289289
289296
289491
289532
289590
289592
289612
289784
289791
289802
289913
289938
289944
289946
289960
289991
290011
290039
290045
290050
290052
290135
290209
290270
290282
290307
290359
290366
290413
290450
290489
290511
290522
290559
290604
290631
290637
290730
290753
290780
290798
290805
290807
291111
291130
291212
291231
291240
291338
291667
291668
291890
291968
292059
292150
292155
292162
292164
292234
292272
292349
292443
292449
292508
292563
292571
292612
292666
292726
292765
292826
292906
292924
292988
293036
293087
293219
293226
293266
293276
293280
293329
293446
293573
293592
293607
293841
294148
294150
294237
294343
294346
294360
294388
294451
294520
294523
294554
294588
294620
294661
294845
294944
295005
295183
295192
295306
295351
295410
295428
295440
295459
295542
295623
295789
295903
295933
295945
295986
296038
296105
296134
296159
296165
296198
296230
296284
296293
296299
296361
296362
296416
296517
296539
296718
296721
296724
296796
296804
296842
296864
296922
296958
297009
297043
297074
297431
297557
297613
297627
297653
297759
297767
297798
297902
297910
298308
298695
298714
298749
298758
299220
299241
299242
299251
299257
299260
299277
299291
299295
299303
299335
299729
299749
299814
299817
299826
299863
299868
299894
299904
299928
299948
299968
300015
300027
300028
300059
300065
300078
300080
300183
300190
300218
300230
300404
300600
300856
300933
300945
300949
300963
300982
300984
300987
301377
301402
301424
301534
301537
301543
301567
301575
301769
301794
301834
302014
302035
302040
302077
302252
302295
302303
302328
302428
302467
302474
302817
303225
303665
303685
303727
303739
303783
303823
303824
303856
303871
303934
304343
304391
304418
304429
304465
304532
304562
304595
304617
304676
304694
304718
304724
305219
305302
305341
305346
305379
305398
305400
305406
305416
305423
305429
305451
305476
305913
305933
305996
306126
306151
306152
306229
306348
306388
306411
306634
306854
306899
307184
307249
307572
307638
308045
308345
308368
308430
308455
308468
308476
308491
308503
308517
308521
308537
308543
308573
308971
309064
309107
309117
309123
309124
309149
309173
309628
309664
309665
309667
309947
310043
310054
310074
310075
310137
310141
310225
310234
310309
310336
310337
310352
310360
310420
310424
310632
310643
310681
310687
311120
311134
311140
311181
311361
311402
311403
311412
311416
311445
311462
311463
311465
311466
311506
311511
311517
311527
311553
311812
311886
311891
311907
311984
312247
312368
312400
312419
312445
312601
312656
312673
312690
312731
312735
312768
312819
312824
312833
312843
312847
312902
312946
313057
313121
313287
313302
313907
313956
313991
314002
314009
314373
314435
314464
314467
314494
314501
314511
314513
314527
314549
314571
314576
314578
314580
314592
314608
314611
315004
315019
315064
315095
315124
315132
315141
315151
315179
315672
315712
315806
316107
316138
316154
316229
316245
316272
316460
316592
316602
316778
316789
316987
317032
317061
317098
317108
317110
317112
317162
317163
317265
317313
317357
317370
317433
317484
317486
317547
317752
317874
317949
317983
317991
318143
318172
318186
318192
318214
318226
318235
318253
318270
318278
318282
318298
318334
318599
318787
319060
319069
319070
319110
319135
319161
319196
319197
319199
319213
319222
319254
319268
319283
319294
319295
319324
319333
319339
319348
319357
319367
319464
319895
319952
320004
320055
320057
320062
320082
320091
320118
320125
320145
320180
320197
320223
320225
320234
320248
320296
320379
320406
320635
320917
320981
321015
321040
321050
321099
321167
321168
321202
321207
321253
321261
321306
321376
321420
321466
321475
321483
321484
321489
321502
321540
321566
321577
321595
321645
321655
321699
321708
321723
321739
321756
321765
321908
321913
321983
321990
322056
322057
322093
322145
322160
322174
322199
322201
322221
322261
322298
322311
322341
322351
322369
322466
322471
322543
322557
322632
322642
322695
322962
323213
323287
323342
323533
323537
323612
323616
323617
323623
323640
324101
324137
324148
324150
324151
324159
324169
324184
324192
324196
324199
324216
324241
324275
324279
324290
324699
324731
324784
324798
324830
324845
325360
325370
325444
325469
325478
325509
325510
325556
325565
325571
325582
325585
325588
325593
325603
325628
325650
325665
325685
325696
325718
325725
325732
325745
325748
325764
325991
326004
326052
326062
326065
326073
326086
326094
326161
326173
326237
326271
326328
326490
326568
326569
326615
326619
326750
326751
326752
326759
326786
326794
326825
327069
327078
327079
327083
327084
327085
327095
327098
327119
327553
327568
327570
327576
327578
327596
327619
327994
328014
328026
328378
328401
328402
328452
328538
328543
328567
328582
328652
328657
328661
328683
328724
328729
328748
328795
328797
328806
328807
328810
328851
328861
328864
328928
329016
329028
329086
329094
329189
329423
329468
329479
329490
329515
329534
329561
329628
329651
329678
329684
329687
329694
329701
329723
329871
330158
330206
330221
330226
330460
330496
330510
330730
330750
330762
330773
330791
330794
330797
330802
330818
330823
330977
330979
330995
331000
331031
331052
331093
331106
331108
331170
331220
331234
331269
331298
331314
331325
331329
331449
331468
331648
331658
331662
331710
331818
331826
331873
332073
332091
332184
332221
332228
332247
332425
332559
332573
332598
332651
332652
332668
332676
332760
332781
332808
332815
332822
332830
332840
332901
332977
332997
333007
333201
333216
333227
333264
333268
333327
333399
333496
333501
333573
333689
333748
333751
333877
333949
334107
334154
334164
334196
334211
334229
334249
334393
334582
334603
334923
334933
334948
334953
334991
335194
335203
335204
335214
335222
335225
335231
335232
335851
335859
335861
335867
335885
335886
335906
335920
335939
336009
336013
336015
336021
336366
336383
336457
336461
336504
336524
336535
336537
336546
336551
336552
336681
336697
336747
336807
336923
336930
336950
336982
337422
337496
337502
337511
337547
337597
337606
337645
337652
337710
337789
337808
337818
337908
338105
338301
338319
338322
338401
338890
338903
338905
338915
338918
338933
338938
338940
338972
338985
339024
339031
339481
339489
339553
339556
339567
339577
340270
340572
340592
340595
340596
340598
340599
340623
340629
340636
340652
340694
340703
340704
340710
340717
340744
340753
340755
340761
340784
340821
341181
341270
341333
341347
341367
341375
341401
341431
341442
341467
341512
341566
341567
341605
341609
341620
341663
341721
341734
341736
341762
341763
341789
341796
341818
341836
342357
342864
342879
342887
342921
342923
342924
342958
343001
343011
343025
343054
343057
343066
343073
343086
343117
343131
343133
343136
343143
343145
343337
343351
343399
343410
343467
343485
343507
343512
343530
343532
343552
343588
343605
343625
343655
343673
343834
343905
343956
343989
343998
344308
344351
344376
344383
344409
344575
344591
344593
344599
344852
344854
344855
344858
344949
345079
345121
345534
345548
345570
345609
345651
345653
345660
345670
345692
345708
345950
345993
346038
346041
346087
346101
346132
346156
346171
346684
346736
346821
346863
346956
347003
347079
347103
347115
347138
347217
347297
347331
347334
347372
347432
347785
347829
347836
347876
348415
348434
348601
348630
348719
348788
348835
348933
348937
349043
349336
349374
349397
349411
349421
349435
349481
350097
350110
350119
350121
350152
350232
350296
350342
350701
350721
350726
350787
350808
350840
350958
351213
351442
351459
351483
351535
351555
351923
351940
351991
352022
352047
352053
352096
352111
352112
352327
352425
352431
352459
352473
352481
352501
352523
352606
352608
352611
352614
352784
353152
353318
353340
353404
353454
353475
353571
353594
353599
353603
353659
353734
353830
353898
353936
354111
354119
354151
354181
354190
354207
354497
354529
354709
354720
354721
354734
354736
354742
354758
354768
354776
354817
355129
355187
355204
355210
355222
355238
355244
355564
355570
355571
355577
355609
355637
355647
355659
355699
355718
355739
356192
356356
356363
356367
356389
356737
356775
356814
356894
356919
356922
356940
356968
357151
357195
357222
357514
357533
357546
357756
357758
357766
357824
357840
357848
357849
357883
357888
357918
357928
357942
358370
358375
358394
358406
358408
358700
358759
358794
358822
358897
358921
358941
358945
359342
359475
359500
359520
359581
359583
359590
359729
359741
359832
359909
359942
359972
360038
360040
360430
360650
360684
360929
360950
360951
360965
360989
361043
361044
361063
361066
361080
361432
361485
361507
361527
361756
361908
361910
361961
362267
362309
362380
362385
362390
362544
362545
362546
362548
362553
362571
362578
362582
362586
362589
362595
362609
362759
362825
362842
362863
362906
362934
362963
362970
363377
363448
363465
363631
363657
363683
363687
363696
363711
363715
363725
363847
364498
364528
364551
364866
364933
365022
365041
365257
365261
365314
365330
365333
365339
365359
365377
365385
365468
365548
365626
365664
365716
365743
365752
365790
365954
365974
366017
366054
366057
366110
366111
366122
366185
366250
366297
366308
366494
366504
366619
366629
366638
366717
367006
367287
367408
367411
367416
367602
367626
367627
367642
367664
367815
367817
367824
367835
367905
367962
367975
367984
368036
368056
368062
368380
368388
368408
368411
368521
368524
368557
368638
368639
368809
369123
369146
369157
369189
369201
369322
369411
369422
369442
369533
369621
369630
369640
369754
369840
369865
369876
369909
369927
370013
370015
370185
370227
370337
370348
370355
370360
370423
370424
370433
370521
370610
370836
370868
370875
370902
371313
371314
371334
371829
372018
372079
372148
372205
372206
372212
372226
372255
372256
372279
372585
372646
372706
372740
372769
372781
373027
373051
373066
373086
373103
373104
373283
373291
373420
373518
373529
373629
373646
373672
373690
373705
373732
373738
373779
373957
373977
373981
373989
374208
374625
374643
374652
374670
375075
375076
375120
375121
375403
375470
375483
375513
375515
375538
375558
375564
375579
375580
375593
375623
375624
375628
375646
376011
376233
376240
376260
376275
376296
376302
376331
376348
376519
376522
376624
376647
376688
376709
377072
377096
377226
377251
377483
377936
377954
378423
378435
378453
378457
378483
378495
378509
378518
378918
378941
379104
379433
379438
379546
379747
379777
379780
379792
379830
379952
379961
380228
380252
380371
380399
380669
380701
381232
381235
381237
381259
381262
381286
381325
381330
381599
381600
381624
381625
381630
381646
381651
381655
381910
381941
381957
381970
381992
382001
382219
382540
383339
383388
383653
383662
383664
383676
383680
383705
383747
383775
383799
383815
383916
384178
384196
384215
384534
384591
384745
384843
384912
384917
384984
385257
385300
385427
385665
385856
385899
385931
385950
386189
386201
386204
386214
386228
386238
386240
386243
386250
386489
386490
386512
386541
386545
386909
386949
386951
386954
386957
387099
387164
387201
387212
387418
387451
387473
387600
387807
388023
388027
388261
388283
388335
388345
388560
388675
388704
388766
388773
388802
388812
388847
389133
389170
389218
389282
389451
389455
389457
389537
389645
389686
389724
389736
389756
389785
389801
389814
389817
389875
389933
390007
390036
390101
390149
390266
390276
390279
390299
390327
390356
390390
390773
391042
391046
391381
391664
391750
391756
392135
392178
392283
392403
392524
392618
392624
392667
392671
392973
393018
393051
393093
393110
393117
393141
393162
393169
393179
393183
393213
393259
393292
393652
393949
393998
394009
394391
394683
394706
394718
394779
395080
395233
395244
395359
395393
395485
395495
395541
395578
395690
395926
395949
396019
396046
396097
396099
396100
396120
396167
396173
396175
396218
396219
396235
396719
396897
396978
397015
397042
397092
397460
397635
397738
397748
397762
398050
398088
398096
398193
398207
398307
398308
398615
398629
398810
398929
399011
399144
399162
399231
399555
399559
399590
399705
399848
399877
399890
399899
399902
399926
399988
400190
400210
400359
400496
400705
400742
400746
400853
400866
400948
400978
401091
401159
401160
401212
401214
401241
401263
401265
401266
401277
401287
401436
401569
401586
401597
401618
401645
401659
401685
401740
401741
401769
401848
401874
402154
402177
402427
402514
402556
402832
403438
403454
403474
403631
403704
403734
403920
403958
403986
404021
404054
404091
404492
404554
404555
404563
404674
404745
404801
404864
404985
405245
405324
405359
405437
405449
405519
405737
405778
405845
405889
405909
406256
406318
406788
406993
407024
407058
407083
407121
407198
407210
407228
407501
407508
407573
407593
407616
407650
407991
408059
408064
408083
408427
408574
408601
408622
408678
408707
408727
409131
409350
409661
409672
409676
409680
409708
409712
409737
409884
410681
410871
410903
411044
411128
411146
411449
411476
411509
411592
411894
411920
411994
412472
412560
412633
412657
412684
412953
413167
413261
413352
413444
413461
413759
413783
413786
414018
414291
414386
414529
414621
414630
414662
414675
414724
414736
414996
415003
415006
415173
415190
415215
415232
415400
415403
415404
415430
415452
415483
415497
415591
415624
416080
416086
416168
416421
416460
416477
416574
416687
416817
416829
417348
417412
417427
417527
417739
417855
417869
417905
418335
418449
418525
418526
418527
418679
418756
418812
418819
418829
418837
418844
418885
418897
419175
419245
419324
419379
419457
419500
419547
419941
419967
420121
420157
420165
420223
420244
420252
420255
420257
420261
420364
420558
420601
420660
420689
420703
420721
420733
420931
420940
420947
421048
421063
421132
421178
421191
421215
421234
421276
421406
421449
421572
421652
421817
421868
421872
421889
421915
422170
422220
422293
423318
423344
423408
423816
423843
424228
424288
424716
424785
424931
424990
425234
425329
425361
425420
425466
425494
425919
426020
426038
426143
426176
426230
426243
426250
426271
426333
426380
426515
426587
426788
426796
426833
426878
426908
426939
426940
427013
427032
427077
427244
427393
427657
427814
427850
428361
428369
428406
428418
428909
429008
429052
429244
429248
429348
429359
429376
429383
429693
429842
429868
429870
429956
430231
430254
430340
430370
430374
430377
430396
430846
430853
431158
431212
431259
431282
431299
432086
432126
432218
432430
432433
432531
432563
432575
432915
432982
433025
433026
433080
433108
433144
433172
433178
433266
433494
433508
433568
433603
433678
433700
433805
433852
433877
433884
433919
433969
434075
434323
434413
434482
434826
434868
434902
434913
435046
435242
435332
435334
435386
435939
436005
436285
436345
436378
436606
436706
436741
437157
437160
437222
437272
437451
437617
437677
438078
438086
438255
438383
438624
438663
438687
438958
438960
438966
439004
439115
439198
439323
439336
439370
439426
439546
439799
1999 EG8
1999 TH72
1999 VQ116
2001 SQ322
2001 WO33
2002 AB26
2002 GZ82
2002 GC102
2002 NN76
2002 NY78
2002 OQ29
2002 PJ5
2002 PL194
2002 QE50
2002 QB52
2002 QP98
2002 QO100
2002 QE151
2002 RO6
2002 RY234
2002 RP238
2002 RP252
2002 RC263
2002 RK269
2002 TB82
2002 TQ115
2002 TX129
2002 TK313
2002 UH1
2002 US43
2002 VZ134
2002 XN121
2003 AV94
2003 BX73
2003 EH18
2003 SX141
2003 UR231
2003 WB3
2003 WM16
2004 CE75
2004 CH75
2004 HS78
2004 RD237
2004 SV46
2004 TN45
2004 TT65
2004 TW181
2004 TW181
2004 VF3
2004 VB52
2004 VC77
2004 XJ91
2005 AL32
2005 AJ81
2005 CQ59
2005 LX16
2005 SV151
2005 SH237
2005 SQ271
2005 SM285
2005 US58
2005 UL446
2005 UM477
2005 UP487
2005 UC259
2005 UT321
2005 UU331
2005 UL346
2005 VZ32
2005 VU70
2005 VJ101
2005 VK111
2005 WL48
2005 WQ207
2005 XA25
2005 XS32
2005 XA84
2005 YK68
2005 YA122
2006 AN5
2006 AV22
2006 AE104
2006 BA6
2006 BM30
2006 BS34
2006 DN104
2006 GD51
2006 HE36
2006 HS96
2006 KM29
2006 PR6
2006 QR95
2006 RR12
2006 RN22
2006 RM35
2006 RD75
2006 RV94
2006 SG17
2006 SP59
2006 SE320
2006 TE29
2006 TU68
2006 TP119
2006 UE193
2006 UX345
2006 WD49
2006 WG59
2006 WG83
2006 XA13
2007 AH
2007 AS9
2007 BE57
2007 EG89
2007 HM78
2007 HU88
2007 RN163
2007 RN246
2007 RR262
2007 TW394
2007 TU413
2007 TG439
2007 TV215
2007 TV286
2007 TS354
2007 VG5
2007 VA95
2007 VD251
2007 VW318
2007 VV332
2007 VU333
2008 AG2
2008 AJ3
2008 CL90
2008 CM187
2008 DU20
2008 DY30
2008 DF52
2008 DP54
2008 EN5
2008 EV50
2008 EY79
2008 EZ116
2008 EY152
2008 EU164
2008 FM26
2008 FL66
2008 GS8
2008 GV96
2008 HM15
2008 HQ68
2008 JV22
2008 KD24
2008 LN11
2008 QD12
2008 RK111
2008 RT146
2008 SD162
2008 SE174
2008 TJ40
2008 TV180
2008 UN78
2008 UY362
2008 UO121
2008 UU174
2008 UW248
2008 UD301
2008 UP338
2008 VD69
2008 WE4
2008 WV29
2008 WC46
2008 WP98
2008 WA114
2008 XP3
2008 XG14
2008 YY45
2008 YY47
2008 YX52
2009 BS44
2009 BC48
2009 BJ148
2009 BE189
2009 HC15
2009 KF37
2009 OD10
2009 OC17
2009 PZ19
2009 QX27
2009 QC41
2009 RU2
2009 SQ6
2009 SA168
2009 SJ118
2009 SE139
2009 SQ139
2009 SS162
2009 SA168
2009 SQ247
2009 SS272
2009 SR342
2009 SX352
2009 SJ353
2009 SH354
2009 TJ7
2009 TX46
2009 UK17
2009 UE88
2009 UB91
2009 UO137
2009 VH30
2009 VT38
2009 WK212
2009 WH263
2009 XO3
2009 XL23
2009 YZ19
2010 AQ22
2010 AM33
2010 AN39
2010 AS52
2010 AF63
2010 AS73
2010 AM95
2010 BL1
2010 BQ25
2010 BB42
2010 BN72
2010 BG87
2010 CK148
2010 CP206
2010 ED1
2010 EC9
2010 EE91
2010 EY105
2010 EG106
2010 ER123
2010 EP124
2010 FU12
2010 FJ121
2010 GY32
2010 GE95
2010 GR171
2010 HQ54
2010 HA70
2010 HD76
2010 JP102
2010 JO124
2010 KH17
2010 LT5
2010 LL30
2010 MY44
2010 NK70
2010 OR
2010 OS
2010 OK10
2010 OZ11
2010 OJ20
2010 OP37
2010 OY43
2010 OG68
2010 OQ84
2010 OH85
2010 OF112
2010 PZ4
2010 QA7
2010 RZ25
2010 RB150
2010 RB184
2010 SE13
2010 SC22
2010 TP81
2010 TE166
2010 TM170
2010 TL176
2010 TT178
2010 UE11
2010 UY69
2010 UH72
2010 UL73
2010 UE88
2010 UL90
2010 UW92
2010 UM93
2010 VU41
2010 VD83
2010 VV117
2010 VF173
2010 VW187
2010 VR196
2010 VY202
2010 WK9
2010 WT12
2010 WH15
2010 WC64
2010 WR74
2010 XB51
2010 XT67
2011 AU38
2011 BT34
2011 BC50
2011 BE83
2011 BM149
2011 BN153
2011 CF25
2011 CJ68
2011 CW117
2011 DN30
2011 DQ49
2011 DK50
2011 EH48
2011 EF71
2011 FK
2011 FL8
2011 FR43
2011 FR97
2011 FX146
2011 GP75
2011 HW12
2011 HS21
2011 HD38
2011 HZ58
2011 HA65
2011 KM3
2011 KP48
2011 LG14
2011 LA17
2011 QU34
2011 QA65
2011 QY67
2011 QE98
2011 ST25
2011 SL37
2011 SN38
2011 SN89
2011 SP91
2011 SD110
2011 SS174
2011 TP14
2011 UC39
2011 UA281
2011 US305
2011 UR368
2011 UA110
2011 UL127
2011 US405
2011 UM406
2011 UG243
2011 UA281
2011 US305
2011 UJ321
2011 UK331
2011 UK343
2011 UK349
2011 WD27
2011 WA67
2011 WN88
2011 WT88
2011 WE130
2011 WN146
2011 YC7
2011 YA16
2011 YL25
2011 YD44
2012 AT7
2012 AL21
2012 BP73
2012 BE79
2012 BT91
2012 BV104
2012 BB126
2012 CU18
2012 CS25
2012 CL50
2012 CL52
2012 DE
2012 DS26
2012 DA31
2012 DL33
2012 DL45
2012 DA48
2012 DU54
2012 DS55
2012 DM60
2012 DR61
2012 DO62
2012 DU77
2012 DL79
2012 DR89
2012 FB22
2012 FC25
2012 FX41
2012 FQ57
2012 GM15
2012 GF33
2012 HB9
2012 HE13
2012 HF17
2012 HG32
2012 HK37
2012 HW48
2012 HR63
2012 JE2
2012 JX10
2012 JJ16
2012 LH12
2012 LY13
2012 LX16
2012 MV6
2012 PO39
2012 RB14
2012 RH39
2012 TM54
2012 TR85
2012 TH100
2012 TS286
2012 TW306
2012 TC307
2012 UT
2012 UB56
2012 UC61
2012 UF161
2012 UZ167
2012 VD9
2012 VY29
2012 VS42
2012 VT51
2012 VE76
2012 VB99
2012 VF105
2012 VU107
2012 WC10
2012 WE10
2012 XP6
2012 XU8
2012 XU22
2012 XD40
2012 XZ51
2012 XE144
2012 XD154
2013 AF12
2013 AL12
2013 AZ53
2013 AN73
2013 AC87
2013 AV100
2013 AN102
2013 AZ117
2013 AC121
2013 BU28
2013 CN9
2013 CZ9
2013 CS31
2013 CZ86
2013 CM104
2013 CW116
2013 CD156
2013 CK179
2013 CS190
2013 CW193
2013 DY1
2013 DQ6
2013 DN7
2013 EB65
2013 EL69
2013 EB93
2013 EJ114
2013 EU118
2013 EL119
2013 ET119
2013 FU6
2013 FJ12
2013 FF26
2013 GO13
2013 GZ17
2013 GV23
2013 GB28
2013 GC28
2013 GL50
2013 GB60
2013 GG64
2013 GB89
2013 GT103
2013 GQ115
2013 GH136
2013 HP13
2013 HH21
2013 JU5
2013 JB9
2013 JA23
2013 JZ34
2013 JJ37
2013 JY52
2013 KE16
2013 KC17
2013 LM1
2013 LT1
2013 OT1
2013 OE10
2013 PS12
2013 PK72
2013 QP36
2013 QB65
2013 QQ70
2013 RD1
2013 RX41
2013 RH68
2013 RC88
2013 SK50
2013 SE56
2013 SQ56
2013 SS64
2013 SV72
2013 TO
2013 TZ33
2013 TW41
2013 TT74
2013 TJ101
2013 TN111
2013 TV134
2013 TO143
2013 TX144
2013 UV6
2013 UN14
2013 VW2
2013 WZ2
2013 WE19
2013 WG26
2013 WV35
2013 WZ45
2013 WC47
2013 WK56
2013 WH59
2013 WS77
2013 WC108
2013 YH3
2013 YY14
2013 YO24
2013 YJ32
2013 YL39
2013 YN54
2013 YF78
2013 YL90
2013 YQ123
2014 AN28
2014 AL42
2014 BL37
2014 BZ50
2014 CF
2014 CS11
2014 CT11
2014 CC20
2014 DR5
2014 DS9
2014 DB14
2014 DZ18
2014 DP28
2014 DK30
2014 DG35
2014 DW39
2014 DB105
2014 DA121
2014 DN126
2014 EY21
2014 FP19
2014 FT23
2014 FQ55
2014 FV64
2014 FR65
2014 FW67
2014 GO16
2014 HK1
2014 HG2
2014 HN22
2014 HH100
2014 HL164
2014 HM168
2014 HK179
2014 HA195
2014 JE17
2014 JO27
2014 JU39
2014 JD52
2014 JL73
2014 KV2
2014 KM3
2014 KE24
2014 KP66
2014 KL91
2014 KX94
2014 KK95
2014 LH15
2014 LC22
2014 MJ3
2014 MZ14
2014 MX40
2014 NG17
2014 OK2
2014 OC43
2014 OA73
2014 OX97
2014 OP106
2014 OP106
2014 OF383
2014 ON129
2014 OB131
2014 OF391
2014 OZ167
2014 OR198
2014 OM227
2014 OG233
2014 OY258
2014 PL44
2014 PO48
2014 QV31
2014 QD54
2014 QH97
2014 QW365
2014 QQ115
2014 QR376
2014 QH384
2014 QE168
2014 QY241
2014 QV283
2014 QE298
2014 QZ309
2014 QG310
2014 RL20
2014 RW21
2014 RP36
2014 RE62
2014 SY133
2014 SO135
2014 SA167
2014 SM212
2014 SO219
2014 SF227
2014 SH289
2014 SO299
2014 SP317
2014 SD335
2014 SY339
2014 TM8
2014 TB9
2014 TY41
2014 TF44
2014 TO55
2014 TH65
2014 TN80
2014 UL25
2014 US28
2014 UC66
2014 US122
2014 UX169
2014 UN203
2014 UF215
2014 VO3
2014 VP11
2014 VE15
2014 VF17
2014 WV2
2014 WJ20
2014 WU43
2014 WW172
2014 WF116
2014 WC382
2014 WL127
2014 WS399
2014 WF429
2014 WM454
2014 WE464
2014 WH468
2014 WQ468
2014 WL214
2014 WA215
2014 WN479
2014 WL480
2014 WD493
2014 WT501
2014 WU342
2014 XY28
2014 XD38
2014 YM4
2014 YF12
2014 YG13
2014 YP19
2014 YF22
2014 YN24
2015 AO12
2015 AR12
2015 AJ49
2015 AS203
2015 AW238
2015 AJ241
2015 AP263
2015 AJ276
2015 AO278
2015 BK39
2015 BY56
2015 BR60
2015 BQ74
2015 BK81
2015 BU82
2015 BR238
2015 BO100
2015 BF114
2015 BU143
2015 BN150
2015 BR156
2015 BN203
2015 BG253
2015 BG260
2015 BF292
2015 BR292
2015 CK17
2015 CH20
2015 CX59
2015 CL60
2015 DU97
2015 DS108
2015 DX137
2015 DK151
2015 DZ175
2015 DF210
2015 EY11
2015 EJ13
2015 EJ62
2015 EK64
2015 FS23
2015 FX41
2015 FP47
2015 FU76
2015 FT102
2015 FU136
2015 FU141
2015 FR160
2015 FW174
2015 FM213
2015 FG214
2015 FS325
2015 FH329
2015 FV337
2015 FS340
2015 FQ343
2015 GA44
2015 HP4
2015 HR5
2015 HX6
2015 HB51
2015 HA174
2015 KQ5
2015 KP6
2015 KB7
2015 KL22
2015 KK24
2015 KD47
2015 KL78
2015 KB91
2015 KJ116
2015 KW117
2015 KO147
2015 LC1
2015 LT2
2015 LF3
2015 LK11
2015 LV22
2015 LM34
2015 LO38
2015 MM13
2015 MP13
2015 MN31
2015 MV44
2015 ML57
2015 MY58
2015 ME59
2015 MB93
2015 MC100
2015 NG12
2015 NV14
1960 SO
2001 TN108
2001 UE211
2001 WF30
2001 WJ69
2001 XA124
2001 YJ8
2002 RW159
2002 TN92
2002 TN150
2002 VX2
2003 SW89
2004 PV63
2004 PH65
2004 RV17
2004 RD108
2004 RQ108
2004 TM43
2004 TD154
2004 UH11
2004 VN41
2004 XF146
2005 BV9
2005 CE32
2005 EW54
2005 EA61
2005 JU63
2005 QF110
2005 UD51
2005 VE13
2005 XO76
2005 XC117
2005 YZ145
2005 YP167
2006 AM57
2006 BU36
2006 EV29
2006 QY21
2006 SL78
2006 TH6
2006 UG48
2006 UF76
2006 US281
2006 VE52
2007 CD79
2007 EG71
2007 EW221
2007 HR69
2007 QL16
2007 TF139
2007 TM430
2007 TB185
2007 TL447
2007 TB229
2007 TC236
2007 UX2
2007 VE5
2007 VQ35
2007 VO54
2007 VK174
2007 VU252
2007 VJ321
2007 WD16
2007 WM42
2007 XK55
2008 CG95
2008 CW107
2008 HQ37
2008 JL30
2008 OB12
2008 SK150
2008 SD154
2008 SH185
2008 UT72
2008 UZ90
2008 UC119
2008 UG215
2008 UN321
2008 UX354
2008 VK5
2008 VQ28
2008 WB139
2008 XX53
2008 YQ12
2008 YB32
2009 BE72
2009 BB87
2009 BV109
2009 CG3
2009 CK39
2009 DE2
2009 DB67
2009 LL
2009 QE22
2009 QH36
2009 QP52
2009 SW121
2009 SY161
2009 SX162
2009 TQ4
2009 UF112
2009 VO28
2009 WJ64
2010 AT8
2010 AK12
2010 AV85
2010 AW116
2010 BZ19
2010 BM72
2010 CT6
2010 CX24
2010 CT67
2010 CH190
2010 DP27
2010 DE85
2010 DO90
2010 FT6
2010 FV41
2010 FL43
2010 FY45
2010 GW53
2010 HE6
2010 HV34
2010 HO76
2010 HG83
2010 HU102
2010 JM5
2010 JG9
2010 JX20
2010 JL63
2010 JF106
2010 KG5
2010 KP29
2010 KX41
2010 KW69
2010 KB127
2010 LT13
2010 LF42
2010 LX68
2010 LS95
2010 LQ96
2010 LG102
2010 LX103
2010 LV116
2010 MT10
2010 MR19
2010 MR38
2010 MD50
2010 MW61
2010 MW71
2010 MA89
2010 MT103
2010 MD106
2010 NO23
2010 NE65
2010 NC117
2010 OA36
2010 OX56
2010 OT75
2010 OX81
2010 OF120
2010 RB31
2010 RJ70
2010 RE155
2010 TU17
2010 UU23
2010 UV62
2010 VY113
2010 VV170
2010 VV191
2010 VA197
2010 VJ211
2010 WX6
2010 WX22
2010 WF33
2010 WO52
2010 WU67
2011 AJ39
2011 AM63
2011 BY39
2011 EV17
2011 EZ17
2011 FX21
2011 HC72
2011 KU26
2011 UX144
2011 UY168
2011 UP349
2011 WC42
2011 YT9
2012 BY
2012 DL84
2012 EF8
2012 FS3
2012 FQ75
2012 GZ31
2012 QM15
2012 TB12
2012 TS39
2012 TC107
2012 TN293
2012 UG84
2012 UO134
2012 VK27
2012 VR34
2012 VS78
2012 VA98
2012 XS42
2012 XN54
2012 XJ120
2013 AL50
2013 AP65
2013 AJ78
2013 BX23
2013 BF48
2013 CN126
2013 CX140
2013 CM192
2013 EN124
2013 FR14
2013 FZ22
2013 GJ131
2013 KY3
2013 KR14
2013 NR16
2013 RU1
2013 RF27
2013 RS71
2013 SO76
2013 TT82
2013 XC13
2013 XT15
2013 YF33
2013 YV120
2014 DH77
2014 DT140
2014 FK5
2014 JP1
2014 LO
2014 LP14
2014 LL21
2014 NQ50
2014 NN55
2014 OS374
2014 OB170
2014 OW181
2014 OM211
2014 PH
2014 QL29
2014 QZ151
2014 QZ277
2014 QT340
2014 QP356
2014 RJ10
2014 SA253
2014 WA78
2014 WS380
2014 WW172
2014 WB183
2014 WY230
2014 WM500
2014 WE286
2014 WF358
2015 BK41
2015 BJ83
2015 BR238
2015 BT239
2015 BG250
2015 BR307
2015 CW36
2015 CS46
2015 DA107
2015 DO113
2015 DS114
2015 DK120
2015 DA141
2015 DM150
2015 DO202
2015 EC43
2015 EX61
2015 FT115
2015 FP121
2015 FU135
2015 FX158
2015 FR297
2015 GM32
2015 GJ48
2015 HD19
2015 HM35
2015 HW71
2015 HS170
2015 KG12
2015 KR24
2015 LG19
2015 LD24
2015 MP27
2015 MJ30
2015 MH52
2015 MQ59
2015 MC110
2015 MT116
2015 OB1
2015 OO7
2015 OP23
2015 OP40
2015 OW63
2015 PQ8
2015 PA35
2015 PL38
2015 PB54
