id
207
1618
1797
1804
2092
3334
3380
3966
3979
4491
5457
5545
6210
7562
9763
9776
10574
10915
11227
11648
11737
11775
11967
12962
14147
15904
16014
16193
16289
16305
16626
17082
17116
17844
18699
18979
19371
19873
19975
20541
21929
22410
22485
23028
24002
25173
25194
25197
25630
26426
26728
27232
27527
27956
27985
28168
28260
28284
28853
30389
31067
31125
31238
32863
33183
34478
34589
34597
35211
35271
36523
36884
38350
38358
39035
39779
39865
40765
41790
41937
42514
43529
43545
44777
44834
45580
46167
47234
47756
48499
48691
49195
50142
50374
50648
50832
50978
53175
53564
54150
55253
55279
55304
55447
57423
58831
59391
59607
61827
61867
62096
62532
62812
63132
63711
64209
64376
64671
64995
65295
65568
65801
66742
67357
67463
68464
68491
68678
70681
70706
70928
72510
74286
76435
76584
77272
77534
78397
78567
78781
79626
80139
80315
80510
81157
81545
82564
82720
83126
83381
83532
84265
87652
88618
88890
89086
89189
89823
89965
90569
93150
93760
95053
95164
95334
95376
95417
95502
98143
98388
98785
99415
99562
100107
100409
101864
102359
103508
103866
103872
104031
104226
104602
106214
106421
106554
106558
106650
107120
107982
109120
110473
110855
111364
111478
111521
111522
111936
112492
113021
113514
113519
114054
117451
117454
117485
117761
119470
119888
119924
120470
120675
120678
123975
125232
125344
125759
125767
126015
126040
126607
127149
128271
129087
133812
134155
134182
135270
135459
136391
138390
139254
140225
140380
141012
141014
141028
141219
141459
141584
143419
144456
144604
145418
145729
146757
146783
146798
147371
147925
148811
148919
149029
149535
149573
150020
151300
151634
152380
152403
153880
154044
154190
154811
155059
155321
155443
156525
157104
157228
159638
162381
162885
163059
164025
164078
170022
170445
171083
172691
172716
172908
173786
174996
175028
175239
175341
175586
176470
177866
178178
178588
179146
179230
179809
180421
181130
181144
181648
181720
182444
182469
184014
184270
184592
184856
184935
185293
187189
187837
188127
188882
188970
190247
190973
191054
191076
191440
192114
193370
194480
195426
195437
195491
195848
195964
196882
196886
198227
198381
198433
198561
198648
198656
198852
199102
199405
199638
199692
199828
200297
202310
202545
202643
203693
203986
204075
204276
204501
204518
206062
206579
206656
206686
206759
207197
207618
209913
210886
211079
211325
211754
212098
212786
212915
212938
213453
213622
214321
215762
216020
216188
216334
220323
221130
221171
221253
221770
221914
223276
223295
223762
224641
224828
225075
225403
225951
226637
226942
227327
227424
227509
228084
228206
229220
229228
229358
229593
229629
229801
231004
231199
231280
231327
231354
231657
232356
233336
233412
233830
233834
234006
235187
235287
235581
235977
236428
236613
236643
237258
238412
238636
239171
239331
239542
239710
241187
242593
242637
242997
243043
243640
243707
245049
246348
246358
246420
246556
246746
249205
249689
250667
254817
254891
255221
255952
256168
256297
256303
256556
257076
258195
259856
260238
260320
260997
261266
261382
261447
261800
262442
263000
263433
263466
263560
264762
265808
265829
266378
266857
267108
267805
268577
268617
269089
270235
270454
272404
272532
272629
272719
272945
272953
273040
273213
273672
273755
274166
274370
275379
277553
277788
277818
277969
278755
279634
281497
283018
283307
285506
286577
287037
287368
288441
288582
288967
289071
290117
290273
290286
290410
292510
292825
292847
292944
292965
293079
293317
293548
294022
294401
294616
294847
296095
296151
296789
298071
299104
299143
299400
300557
300735
300780
301310
301954
302935
303818
305198
305263
305331
305360
305912
306196
309037
309075
309177
309578
309688
309779
310124
311800
311878
312402
312417
312600
312756
312904
314131
315031
316359
316362
316682
317204
318728
318864
318971
319434
319910
320116
320403
320799
321354
322561
323525
323816
324019
324052
325221
325281
325646
326011
327431
327904
328261
329014
329230
329714
330465
332274
332479
333020
333063
333811
336377
336473
338054
338153
338969
339224
339474
339737
340531
341069
341279
341322
341417
341918
342511
342540
342541
342762
343964
344422
344835
345895
346831
347045
347061
347107
350415
351315
351838
352269
352318
352470
352672
352932
353019
353090
353653
355027
355076
355157
356145
356615
356664
356690
358204
358358
358787
360149
360976
361220
361338
361824
362008
362519
362845
363000
364080
364276
364851
364937
365766
366055
369848
370947
371188
371212
371230
372474
372650
372699
372798
372960
372996
373034
373075
373249
375968
376532
377874
377887
378511
379943
381738
383188
383280
384919
386493
386808
388322
389758
390037
390184
391203
391589
393284
394366
394662
394704
395115
395989
397557
397985
398838
399127
400463
400699
401622
403893
404244
405677
407634
407975
408067
409496
411445
411731
411821
412224
412884
413472
413585
413978
414260
415207
415247
417809
420069
421268
421640
421693
422155
422166
424504
425405
429452
432456
432872
433401
433638
433686
433811
433837
435442
435443
436814
437015
437611
437644
438589
439535
1999 HV11
2000 YB2
2001 KF76
2003 QX90
2003 YS179
2004 HG79
2005 EZ165
2005 GQ72
2005 GX186
2005 UP154
2005 UZ193
2006 AV38
2006 UL170
2006 UL170
2006 UD197
2008 AA98
2008 FT17
2008 FC32
2008 TW114
2008 TM135
2008 UJ168
2008 VH48
2008 WR53
2008 XU38
2009 ES24
2009 VA11
2009 WL234
2010 CE113
2010 CG149
2010 UH105
2010 VN44
2010 XM45
2011 BJ9
2011 BL45
2011 FK24
2011 UK315
2011 WN96
2011 WD143
2012 JT2
2012 LA
2012 TR225
2012 TS272
2012 VZ67
2012 XV39
2013 AJ95
2013 CQ51
2013 EA72
2013 ED99
2013 EX117
2013 FB16
2013 GW55
2013 GW118
2013 RK49
2013 SJ57
2013 YG125
2014 DU7
2014 DZ53
2014 EM26
2014 HP13
2014 HA52
2014 KL33
2014 NT26
2014 OG22
2014 OT36
2014 OC67
2014 OO117
2014 OY239
2014 OP356
2014 QZ377
2014 QR357
2014 TM59
2014 UK41
2014 WU47
2014 WS445
2015 BZ86
2015 BC101
2015 BO119
2015 CW8
2015 CQ30
2015 CS54
2015 DB100
2015 FE251
2015 MW20
2003 SD125
2003 SB242
2004 DG64
2005 BX29
2005 UL403
2005 UP219
2005 VO56
2005 XN113
2006 DL99
2006 JH60
2006 JM70
2006 RH106
2006 UR168
2007 CJ66
2007 DA24
2007 DF79
2007 EC66
2007 EQ147
2007 RB238
2007 VZ242
2008 TE125
2008 UP165
2008 UP217
2008 WY35
2008 WO103
2008 YK91
2010 EN157
2010 HH102
2010 KN96
2010 LV54
2010 NU11
2010 NE27
2010 OB114
2010 OZ121
2010 WH23
2011 CR40
2011 UO86
2011 UX285
2012 BW107
2012 DW56
2012 TZ74
2012 TM181
2012 TF281
2012 VB13
2013 HP66
2013 HR86
2013 HR103
2013 HT104
2013 HC109
2013 HA123
2013 YT106
2014 HU77
2014 JS67
2014 OP10
2014 OR31
2014 OE39
2014 OS393
2014 PS27
2014 SH126
2015 AV38
2015 AV71
2015 AN148
2015 BK147
2015 BE425
2015 BJ172
2015 BK497
2015 BQ327
2015 DK67
2015 DP67
2015 EB9
2015 FD144
2015 FB168
2015 GO35
2015 PD38
2015 PD39
