id
272
334
2930
4294
4541
6397
7771
8955
9030
9271
9473
10074
10919
10937
12169
12178
12755
15244
15602
17040
17062
22205
23016
24739
25456
27478
29507
29617
30124
30197
30407
30638
31375
31798
33254
33547
34980
35870
36691
37058
37177
39127
39240
40416
41032
42101
42964
44132
44547
45570
46483
46601
47296
50010
51005
51578
52097
53192
53572
55358
55360
57952
57960
60126
60364
61037
61656
62031
64056
64905
64942
65967
70894
72927
73226
73433
73573
74685
75859
76084
79555
80196
82726
83363
83576
88623
90122
93134
93346
93504
93556
93833
95308
95328
96504
96884
97987
98005
99385
103656
108244
109384
109570
109816
110535
110829
111770
111881
111917
112479
113562
114898
115386
116279
116482
116887
117596
119361
119849
120051
120168
122759
126942
127700
127915
129148
133691
133781
134019
134050
134083
136025
144165
144609
148779
150034
151102
151237
151413
151892
152036
152186
153425
154116
156539
157097
157244
157261
157730
158546
159952
160431
162425
163155
163886
166606
167295
167330
167367
167841
168030
169443
169901
169958
170513
170674
170775
173774
178073
178161
179314
180395
181448
183034
183490
184731
185429
185485
185678
186347
187591
187613
187713
187927
189221
189350
189778
190199
190589
191859
192001
192057
198175
198943
199761
200046
200116
200621
201229
201283
201635
202414
202898
203028
203324
203740
204507
204868
206592
207371
211487
211782
211808
211842
213742
214618
214670
214696
214934
215755
215864
215876
216321
218011
218782
219737
219825
221703
221948
224550
224606
225291
225924
225995
226003
227331
227438
228103
228107
228162
229388
229806
231556
231572
231918
233841
233993
235259
235663
236432
236542
236660
237244
238277
241262
243061
244771
244993
245988
246063
246218
246423
248897
250549
251231
251418
251450
251451
253374
254572
254708
256801
256985
257032
257077
257135
258150
260959
261138
261152
261406
261527
261642
262292
262314
262790
262960
263729
263761
263800
266076
266343
266443
268891
269473
271141
272692
272885
272970
272978
273194
274511
274773
274875
276043
276709
276733
277560
277696
277860
278172
278839
278893
279315
279736
280081
281910
283066
283079
284148
286289
287735
287914
288409
288978
290054
290162
290362
290499
290701
291082
291085
291779
291792
292737
293232
293261
293379
294641
295322
296206
296398
297671
299213
299367
300663
301283
301386
303976
304015
304421
304988
305155
305351
305462
305770
307896
308494
309352
309790
309960
309978
310353
311345
311758
312023
312563
314293
314382
315246
316252
316606
318865
319004
320000
320064
320173
320649
320873
320926
322078
322159
322457
323950
324003
324095
324651
324670
325164
325272
325963
326002
327774
328794
328886
329246
330020
330403
332347
332737
333250
335241
336397
336477
338087
339974
343405
345684
346013
352005
352959
353484
354312
355389
356673
357320
358817
358994
359922
361207
362192
362496
362835
364368
364832
365546
367012
367230
367944
367990
368053
368718
369293
369811
371081
371588
371874
372487
372992
373004
374529
374553
374948
375563
375896
375936
376279
376408
376480
377766
379309
379387
379716
380916
380992
381891
384457
384863
384897
385447
386649
386827
387235
388730
389016
389154
391575
391656
391878
391978
392821
392995
393149
393227
396024
397120
397305
397639
398368
398763
398887
398966
399302
401044
401245
401249
402300
402336
403346
403563
404295
404747
406119
408610
409705
409767
411791
412374
414861
417315
419938
421053
422602
423494
423738
425056
425150
425199
427092
427160
428030
428274
428819
428893
428907
430947
431236
432261
432980
434684
435663
435706
436305
437646
438557
438593
1999 OJ4
2000 PD30
2001 QW322
2005 SQ292
2005 WT29
2006 BT48
2006 JU69
2006 SK265
2006 UA21
2006 UD129
2007 DD15
2007 GJ1
2007 TV2
2007 VR170
2008 AL55
2008 CY65
2008 CD204
2008 SO84
2008 TL160
2008 YH103
2009 BQ187
2009 DF52
2009 FK20
2009 QG
2010 LX91
2010 MU88
2010 RY28
2010 TZ147
2010 UK57
2011 AA68
2011 CG83
2011 UP286
2011 UQ349
2011 WF87
2012 BO64
2012 CD23
2012 FK68
2012 KU20
2012 SJ16
2012 TG51
2012 TV276
2012 VT50
2012 XD48
2013 AC68
2013 AJ84
2013 CA9
2013 CL79
2013 CQ180
2013 ED120
2013 EP138
2013 GL6
2013 GW8
2013 TR34
2013 TJ57
2013 YP143
2014 AG49
2014 DW93
2014 DU137
2014 GD29
2014 HW7
2014 HF153
2014 HL176
2014 JE8
2014 NY30
2014 OL33
2014 OM100
2014 OQ133
2014 OT346
2014 PN33
2014 QJ431
2014 RH10
2014 UW89
2014 WS160
2014 WL118
2014 WS128
2015 AD18
2015 AQ87
2015 AB195
2015 BG72
2015 BD88
2015 BV470
2015 BH493
2015 BY508
2015 CQ29
2015 DB34
2015 DX92
2015 KS129
2015 MB104
2001 FU218
2003 FO29
2005 NY119
2005 QT122
2005 UV434
2005 VP54
2006 CO52
2006 EM66
2006 KC21
2007 BZ82
2007 HP4
2007 UB95
2007 VY276
2008 AS13
2008 FS74
2008 FL110
2008 SZ47
2008 TW78
2008 VY53
2008 YT81
2009 KU33
2009 SZ10
2009 SV149
2010 CF91
2010 EU74
2010 FW31
2010 KK122
2010 NG73
2010 NZ106
2011 BF29
2011 BL66
2011 CF43
2011 FQ65
2011 FZ88
2011 SK139
2011 WM11
2011 WE23
2012 FN19
2012 TO202
2012 UU125
2013 CD72
2013 CD95
2013 EF26
2013 EM109
2013 GT23
2013 HQ136
2013 TV141
2014 BT15
2014 HV31
2014 HK86
2014 HL86
2014 HX175
2014 ON14
2014 OB138
2014 QG395
2014 QJ231
2014 SG300
2014 VK9
2015 AT37
2015 BW57
2015 BU80
2015 BT118
2015 BU150
2015 BG154
2015 BN414
2015 BR182
2015 BX231
2015 BM259
2015 BV335
2015 EZ8
2015 FB114
2015 GV35