id
290
1170
1367
2000
2261
2544
2643
2860
3888
4533
4899
5251
5392
6170
6478
6522
6524
6585
7267
7663
9564
9583
10107
10315
11597
11836
12060
14923
15226
15315
15778
15790
16503
16529
16659
16704
16978
17435
19186
19538
19761
19982
20139
20187
20446
20691
24827
25991
26167
26329
26814
27851
29068
29909
30963
31667
31672
32036
32171
34755
35063
35368
35369
35976
37277
37586
37717
38097
39810
39962
40468
42843
43421
44700
45045
45219
45251
45256
45954
47648
47996
48235
48576
49693
50185
51198
51716
51866
52310
52317
52332
52345
53049
53054
55567
55589
57554
59245
59490
60300
60767
62133
63420
63704
64100
64588
65235
66270
67537
68707
69311
69349
69466
69675
70084
70208
72036
72457
74158
74539
74810
74820
74823
75017
77971
80111
81298
85183
86454
86585
86885
87035
89454
90085
91099
93041
94408
95711
95773
95988
97834
98099
98121
98289
98600
99365
100045
100509
100908
100979
101487
101811
101871
103091
105674
106206
107208
107378
108516
108654
112440
112541
112982
113632
114469
116672
117057
117340
117544
117694
119238
120355
120366
121081
122200
122557
124396
124605
124812
128542
129770
130169
130216
130709
130733
131441
133531
134250
134627
134729
135096
137230
138408
139092
139344
141606
142030
143822
144915
145784
149677
150469
150482
152974
153393
154656
155635
156878
157099
159465
159473
159476
160087
161022
161301
162785
162819
164392
165394
165478
165494
166996
168956
171704
173549
174599
175444
176083
176102
178457
182263
183675
185973
187163
187746
189089
189176
190882
192592
193048
193788
193843
194005
194311
194515
200588
200606
200762
200765
205311
206916
208203
208641
208661
209519
209599
211195
211196
211626
215144
216722
217647
218144
218251
220219
223024
223145
223178
225297
225482
225496
225743
232255
234368
234405
234412
234992
235103
236442
236699
239832
240043
240292
241619
241752
242901
243843
244856
245237
246599
246742
246877
246933
247179
247748
247778
250086
250584
251970
252004
252117
253836
254463
257612
257737
258803
259805
259974
265212
267103
267539
267589
267935
269216
269878
271495
272327
275655
275742
275842
279538
281206
282083
282530
283155
283329
284150
285252
285618
286328
289233
294169
297837
298801
300277
301855
302366
303359
306614
307592
308135
309222
310464
310486
311127
311201
312653
314093
314154
314175
314180
316923
316924
317322
317394
318403
318496
322762
323373
323704
326381
326894
329502
329555
331759
333454
333455
333529
334073
334605
334611
334630
334631
335323
337641
337679
338995
339014
339781
339868
341955
347505
347593
348074
350687
351004
351243
351654
351675
353229
355915
358038
358046
358097
358104
360148
360281
360514
360522
361672
363218
367077
367509
369257
370437
372882
373232
373506
374247
374838
375256
375688
375705
376752
377114
378118
378163
379670
380155
381049
381147
381823
382641
383031
383518
384638
386654
387529
387858
388508
390609
390695
391484
393840
394850
396447
396815
397130
397195
397827
398637
399319
399916
405474
405874
405884
405891
410709
412233
413030
413314
415599
415795
416069
416386
417451
418105
420639
421232
423861
424605
425674
426144
426167
427059
427698
427700
433316
435501
437861
438025
438434
1999 YJ5
2000 QM7
2000 SK9
2001 MM8
2001 QL153
2001 SZ119
2001 TS2
2001 YF131
2002 NW11
2002 PJ130
2002 RU137
2002 TN141
2002 TU326
2002 UF4
2003 AV80
2003 DY9
2003 FZ116
2003 UL203
2003 XB15
2003 YA15
2004 BT68
2004 EB72
2004 JY11
2004 QB14
2004 TM132
2005 AU28
2005 AE58
2005 EZ69
2005 EN169
2005 ED225
2005 GY128
2005 JC109
2005 TF187
2005 UC480
2005 WP54
2005 WM83
2006 AY22
2006 BC79
2006 FK50
2006 GW37
2006 PL6
2006 PD19
2006 QE142
2006 SW346
2006 VN13
2006 YP42
2007 AN10
2007 AX19
2007 CN
2007 DM49
2007 DT99
2007 DK104
2007 ED82
2007 HZ6
2007 TC246
2007 VX125
2007 VQ260
2007 VX267
2008 AR33
2008 AM73
2008 AM117
2008 BG24
2008 CH
2008 CA72
2008 CX140
2008 ED89
2008 ES91
2008 GK112
2008 KU34
2008 RF80
2008 SS164
2009 AO37
2009 BW176
2009 BC186
2009 CX47
2009 FJ14
2009 GH3
2009 SM61
2009 SZ243
2009 SR321
2009 UB131
2009 VF91
2010 AC40
2010 AG78
2010 AJ79
2010 CW31
2010 CB57
2010 CB97
2010 CB173
2010 FN72
2010 JR93
2010 LG53
2010 VM48
2010 VV71
2010 VZ71
2010 WL
2011 DX50
2011 FU145
2011 FX152
2011 UV62
2011 UW234
2011 WE32
2011 WL46
2011 WX50
2011 WC90
2011 YD70
2012 AE22
2012 BE13
2012 BR16
2012 BF71
2012 BF142
2012 DN49
2012 FM52
2012 HM14
2012 HE83
2012 JY5
2012 KZ15
2012 OG6
2012 PA26
2012 TM53
2012 UQ167
2012 WN17
2013 AK9
2013 AY50
2013 BZ1
2013 CR40
2013 FQ22
2013 GA64
2013 GZ99
2013 HR99
2013 JG18
2013 QJ1
2013 TS138
2013 WE
2013 WQ64
2013 XQ2
2013 XF5
2014 BM21
2014 BB39
2014 EE51
2014 HM33
2014 JK63
2014 KQ44
2014 KM95
2014 LJ27
2014 NX62
2014 OG3
2014 OX15
2014 OK344
2014 SD144
2014 SG303
2014 UY33
2014 UV175
2014 VB10
2014 WZ361
2014 WE117
2014 XF8
2015 BR6
2015 DT218
2000 SY9
2000 SH240
2001 ON50
2001 QR33
2001 QM107
2002 RY125
2002 XN4
2003 UY378
2004 EC39
2004 RB85
2004 RV307
2004 TH308
2004 XE65
2005 RV2
2005 ST270
2005 UJ34
2005 XH116
2005 YR105
2006 AO16
2006 HT90
2006 KN53
2006 PU
2006 QR91
2006 SV152
2006 VL14
2006 WD203
2007 EJ222
2007 HV31
2008 CE10
2008 HT9
2008 SV40
2008 TM167
2008 UV45
2008 XT52
2008 YA102
2008 YP103
2009 DZ12
2009 DJ50
2009 FZ42
2009 HY22
2009 OL10
2009 VV6
2010 AG131
2010 BG13
2010 BB17
2010 BX26
2010 CL11
2010 CA190
2010 CF202
2010 DU31
2010 DY70
2010 EN10
2010 ET50
2010 EH114
2010 ER160
2010 FD35
2010 FW72
2010 GM45
2010 GG63
2010 GL152
2010 GD167
2010 GA171
2010 HM55
2010 JT90
2010 JM152
2010 LO62
2010 ND16
2010 NQ28
2010 OM4
2010 OE7
2010 OS109
2010 OA113
2010 SY34
2011 AV77
2011 CD89
2011 HN39
2011 KP13
2011 KS22
2011 QR71
2011 UO259
2011 VR8
2012 BZ97
2012 BM136
2012 HO32
2012 JV5
2012 JT58
2012 LG14
2012 ST52
2012 TB100
2012 TF322
2012 YB2
2013 AO105
2013 AS120
2013 GN27
2013 GY70
2013 GR128
2013 HY15
2013 JA9
2013 PZ27
2013 ST15
2013 WT72
2013 XU15
2013 YJ44
2013 YS63
2014 BR25
2014 CA16
2014 HU105
2014 JZ38
2014 MJ23
2014 ND39
2014 OB5
2014 TF33
2014 WE57
2014 WZ362
2014 WL195
2014 WX498
2015 BM159
2015 BN206
2015 BE275
2015 CD34
2015 FO35
2015 GE6
2015 HS3
2015 HR67
2015 OW6
2015 OC77
