id
3036
5957
6355
10386
10694
10795
13936
15457
15652
16583
18732
19590
20842
22185
26086
28966
31796
31818
32338
32558
33800
34848
37357
37628
37772
38276
41191
43546
46160
54423
54956
58550
62481
62760
63334
64961
68295
68903
69885
71688
71698
72828
77743
78758
79485
82017
83547
84404
86269
86331
88201
89624
91199
91875
94265
94333
97516
98958
99202
106720
106800
107568
111010
111891
113917
114187
115441
117191
117790
121812
123871
123914
130393
132714
134123
143607
144584
146244
146269
147858
153294
155583
156674
157401
164577
166887
174041
174052
186958
189075
195684
196128
200034
200304
201403
206297
207611
210410
220426
223933
231817
233050
235419
242630
243529
244539
247134
249123
249348
250062
250099
251953
252893
261240
266836
267866
272019
274737
277948
278411
278956
283296
290725
291810
294877
296926
311541
314619
324820
326605
330815
335656
336671
344426
346240
352107
353590
355750
358444
361474
362838
364955
373529
374244
385633
407137
407949
411037
416228
419373
420236
424350
425370
427818
428180
429257
431536
431644
435333
438092
439807
2005 UB23
2006 BS61
2006 HA6
2006 UT334
2007 EP131
2008 EK83
2008 KC13
2008 SB270
2008 UE262
2008 YV98
2010 FJ10
2010 HP84
2010 SE14
2011 BT60
2012 JR41
2012 QM36
2013 BA61
2013 ES30
2013 FZ15
2013 LU31
2013 TU30
2014 FC44
2014 QY390
2015 BK204
2015 EH58
2015 HS154
2015 MU52
2015 MH54
2002 QH137
2002 RE273
2004 RG352
2005 NZ85
2005 VG80
2005 WW206
2006 CM2
2006 SA179
2006 UE100
2007 PV17
2008 GA47
2008 UD58
2009 DR115
2009 UY16
2010 BL113
2010 CR195
2010 EC27
2010 HV16
2010 KE44
2010 KR70
2010 OR17
2010 RT128
2010 WB68
2012 RA39
2012 TJ13
2013 AD179
2013 HR121
2013 TW93
2014 WA169
2014 WL277
2015 GS33
2015 GW39