id
147554
151807
152467
154453
154529
154540
154573
154578
155234
156980
157203
157381
157445
159791
159918
160290
164039
164352
167115
167238
167263
167292
167321
167745
167829
168009
168156
170370
170394
170426
170590
171095
171097
171361
172562
172678
172954
174796
174806
174812
174905
175132
175177
175265
175266
177817
178260
180366
183971
184115
184873
186861
187725
188270
188287
188455
188466
188479
188897
188908
188915
189181
189328
190030
190272
191281
191296
191298
191311
191313
191656
191670
191699
191701
191762
192015
192134
192201
196320
196385
196402
196409
196426
196465
197869
197887
197955
198018
198094
198105
198126
198365
198477
199115
199195
199804
199908
199952
199961
199973
199977
201540
202162
202199
202290
202693
202722
202723
202838
202843
202848
202862
203935
203974
203987
203991
204000
204366
204409
204548
204708
204808
206419
206421
206428
206439
206480
206494
206530
206532
206610
207090
207125
207147
207150
207165
207201
207539
207650
207680
207904
209138
209147
209188
209207
209211
209225
209241
209248
209649
209688
209700
209707
209714
209734
209797
209811
209992
210239
210293
210325
210339
210361
210407
210412
211616
211669
211689
211698
211726
211746
212055
212070
212123
212144
212148
212157
212193
212215
212265
212741
212744
212754
212759
212785
212832
212843
212844
213868
213908
213950
213962
214204
214272
214294
214308
214334
214337
214382
214888
214942
214958
215662
215695
216425
217358
217396
217531
217557
217567
218328
218715
218921
220573
221057
221143
223247
223273
223608
223645
224211
224274
224471
224588
224846
224870
225024
226328
226335
226336
226343
226346
226370
226374
226705
227396
227428
227483
227484
227494
227851
227854
227862
227911
227919
228852
229582
229706
229714
229857
230630
230688
231441
231523
233142
233316
233418
233519
235097
235125
235137
235189
235227
235248
235266
235289
235312
235350
236415
236444
236481
236482
236520
236543
236860
238115
238133
238149
238171
238189
238192
238197
238207
238223
238240
238244
238255
238264
238319
239094
239105
239128
239131
239174
239185
239363
239364
239372
239686
240381
240411
240413
240416
240418
240435
240438
240444
240463
240900
240941
240961
240963
240987
240995
241006
241229
241320
242155
242166
242256
242308
242316
242319
242841
242889
243083
243198
243203
243206
243394
244792
244809
244815
244816
244822
244912
244919
245252
245296
245818
245823
245825
246110
246264
246562
247719
247749
247774
247849
247930
250654
251290
251590
253369
255836
256081
256218
256245
256249
256283
256354
256372
256555
256868
257172
257180
259198
259207
259214
259250
259264
259278
259281
259298
259299
259302
259332
259667
259820
260095
260576
260640
260750
260787
261172
261194
262116
262574
262592
262620
262678
262780
262796
262896
263163
263175
263464
264973
264977
264980
264983
264985
264988
264989
265009
265021
265573
265647
265735
266245
266288
266309
266330
266333
266376
266727
266925
267715
267718
267724
267732
267734
267743
267745
267749
267752
267758
268050
268083
268106
268419
268918
268932
268941
268944
268950
268955
268967
268977
268990
269008
269034
269095
269100
269241
269290
271015
271049
271051
271052
271064
271065
271067
271072
271073
271584
271631
271649
271702
271710
271718
271722
271815
271867
272468
272492
272546
272579
272601
272649
272667
272686
272788
273595
273626
273637
273668
273669
273683
273686
273687
273695
273755
273763
273768
273782
273795
273800
273810
273818
273846
273896
273919
273925
273965
274399
274622
274627
274774
274939
275095
275144
275233
275334
275395
276432
276436
276442
276460
276472
276852
276991
277334
277409
277513
278091
278237
278248
278259
278267
278278
278292
278293
278298
278303
278305
278327
278328
278352
278363
278599
278690
278711
278805
278862
278899
278924
279139
279303
279604
279633
279634
280272
280283
280286
280302
280610
280815
280844
281120
281407
281555
281918
281962
281987
282004
282014
282369
282376
282388
282419
282425
282732
282923
282991
283295
283776
283779
283781
283785
283787
283788
283789
283822
283826
283830
283836
283837
283839
283847
283864
284037
284042
284243
284244
284441
284445
284489
284495
284531
284737
284746
284837
284854
284858
287481
287508
287531
287555
287675
287733
287740
287775
287787
287791
287818
287820
287841
287862
287865
287873
287881
287884
287891
287903
287925
287944
287953
287955
287963
287989
287997
288010
288082
288092
288106
288108
288124
288138
288147
288163
288229
288247
288249
288273
289070
289324
289347
289516
289599
289708
289764
289773
290059
290225
290659
290996
291358
291527
291704
291770
291775
291785
291794
291801
291809
291846
292559
293201
293287
293310
293359
293459
293670
293683
293755
293792
293800
293846
293853
293860
293918
293920
293927
293928
293962
293978
293990
294053
294076
294126
294133
294167
294170
294198
294205
294206
294295
294478
294493
294605
295435
295442
295462
295484
295913
295940
295944
295962
296024
296227
296939
297154
298375
298387
298397
298398
298403
298404
298407
298410
298414
298419
298424
298426
298429
298436
298439
298441
298442
298444
298447
298450
298453
298454
298457
298468
298470
298477
298480
298481
298483
298485
298490
298493
298501
298505
298507
298511
298524
298525
298527
298529
298530
298534
298539
298540
298542
298545
298546
298549
298552
298554
298555
298559
298563
298594
298598
298621
299044
299050
299071
299100
299145
299163
299172
299180
299188
299210
299607
299614
299619
299630
299645
299653
300332
300344
300350
300352
300363
300371
300395
300407
300416
300419
300420
300427
300446
300451
300455
300456
300457
300459
300470
300473
300476
300478
300487
300493
300494
300497
300502
300542
300570
300577
300590
300607
300620
300621
300628
300639
300646
300651
300704
300708
300761
301096
301144
301174
301187
301194
301203
301217
301268
301309
301320
301345
301371
301411
301454
301615
301678
301735
301741
301780
301787
301817
301823
302903
302927
302930
302936
302939
302957
302962
302964
302967
302988
302996
302997
302999
303001
303002
303005
303009
303012
303015
303017
303019
303020
303021
303023
303032
303034
303036
303060
303074
303481
303509
303562
303578
303589
303644
303659
304090
304117
304120
304135
304145
304151
304275
304891
304906
304915
304936
304952
304953
304954
304958
304965
304982
304993
305001
305012
305026
305033
305058
305075
305089
305096
305107
305109
305111
305116
305123
305139
305146
305152
305160
305171
305172
305180
305191
305223
305292
305625
305633
305645
305675
305689
305694
305696
305726
305732
305802
305806
305962
306004
306022
306156
306165
306220
306282
306360
307511
307535
307539
307553
307558
307561
307562
307573
307577
307593
307647
307649
307668
307677
307686
307692
307706
307712
307719
307727
307731
307733
307758
307766
307767
307768
307770
307776
307785
307788
307806
307813
307825
307833
307835
307836
307845
307851
307855
307866
307903
307992
308210
308212
308217
308264
308280
308762
309138
309160
309180
309183
309256
309286
309290
309325
309341
309374
309378
309431
309437
309442
309449
309454
309463
309477
309478
309481
309488
309490
309507
309519
309525
309527
309530
309534
309543
309729
309818
309864
309887
309906
309918
309971
310002
310067
310083
310116
310171
310282
310966
310989
310995
311002
311006
311021
311025
311031
311047
311102
311656
312152
312175
312184
312213
312265
312279
312831
313666
313693
313720
313760
313784
313793
313803
313805
313806
313817
313827
313828
313843
314759
314833
315445
315458
315484
315499
317977
317978
317995
318109
318125
320266
320733
320862
320911
320987
321119
321194
321667
321788
321861
322106
322256
322444
322594
323130
323391
323454
323472
324537
324574
325230
325271
325622
326228
326695
326698
326704
326705
326709
326714
327263
327334
327366
327373
327868
327877
327923
328247
328297
328306
328333
328334
328522
328913
328931
328997
329049
329152
329587
329590
329596
329597
329598
329741
329777
329784
330360
330386
330400
330426
330962
330994
331129
331156
331188
331772
332107
332138
332328
332329
332344
332361
332721
332882
333016
333032
333044
333070
333076
333085
333101
333112
333252
333420
333481
333552
333594
333597
333639
333784
334696
334708
334713
334741
334760
334795
334814
334830
334881
334894
334921
334924
334925
335045
335061
335757
335763
335769
335778
335779
336136
336138
336154
336161
336169
336215
336335
336337
336374
336819
336858
336876
336900
336949
338455
338487
338490
338494
338497
338702
339077
339203
339209
339220
339326
340261
340946
340967
340968
340989
340999
341027
341030
341034
341049
341090
341103
342039
342079
342122
342148
342196
342223
342253
342255
342291
342330
342352
342475
342502
342595
342607
342638
342727
342744
342816
343613
343693
343739
343748
343788
343809
343843
343866
343908
344625
344628
344630
344632
344645
344663
344666
344674
344753
344956
344986
345003
345457
345837
345860
346395
346418
346507
346523
346569
346573
346611
346621
346739
346741
346771
346804
346815
346827
347026
347131
347156
347160
347265
347479
347948
348296
348307
348313
348325
348734
348762
348764
348771
348781
349128
349146
349148
349630
349684
349700
349708
349715
349732
349737
349759
349976
349977
350021
350074
350099
350436
351019
351022
351024
351029
351037
351044
351049
351050
351056
351060
351063
351075
351080
351082
351091
351093
351095
351099
351105
351106
351113
351114
351363
351365
351388
352166
352167
352187
352189
352191
352193
352195
352205
352207
352213
352232
352236
352257
352264
352278
352312
352367
352376
352740
352866
352879
352882
352896
352900
352935
352936
352984
353011
353014
353024
353037
353039
353041
353042
353044
353065
353084
353098
353248
353310
353327
353335
353414
353421
353490
353527
353537
353750
353883
354372
354382
354387
354397
354401
354402
354405
354410
354412
354413
354417
354420
354422
354423
354425
354431
354434
354629
354632
354641
355277
355292
355304
355307
355319
355325
355343
355350
355354
355358
355362
355372
355374
355376
355382
355383
355385
355386
355397
355400
355402
355405
355419
355442
355453
355477
356034
356036
356044
356056
356070
356078
356083
356091
356109
356154
356504
356506
356533
356563
356574
356596
356638
356743
356809
356969
357359
357363
357387
357388
357390
357392
357393
357394
357396
357397
357410
357413
357419
357422
357424
357631
357649
357667
358490
358493
358536
358538
358546
358559
358560
358565
358578
358585
358586
358590
358591
358597
358606
358608
358619
358622
358628
358631
358632
358646
359164
359179
359249
359250
359253
359267
359279
359619
359620
359664
359694
359833
359901
360004
360082
360105
360566
360575
360576
360595
360596
360597
360599
360600
360601
360602
360605
361594
361604
361619
361631
361648
361651
361659
361673
361680
361693
361705
361710
361716
361719
361729
361753
362124
362220
362246
362631
362663
362667
362689
362691
362737
362739
362757
362783
362803
362940
362974
363486
363518
363564
363565
363566
363573
363574
363591
363760
363779
364446
364573
364637
364700
364721
364773
365075
365234
365904
365906
365914
366322
366725
367186
368447
368506
368704
368709
368954
368971
369353
369542
369632
369776
369778
369910
370456
370458
370463
370468
370474
370967
370992
371030
371102
371618
371627
371628
371639
371642
371649
371661
371674
371677
371696
371702
371742
371752
372007
372383
372395
372401
372407
372409
372454
372492
372537
372601
372660
372668
372682
372989
373019
373314
373846
374314
374338
374374
374430
374434
374944
374960
374966
374989
374992
375035
375282
375725
375750
375755
375805
375866
375906
375925
375950
376175
376189
376318
376403
376440
377129
377133
377135
377397
377614
377643
377658
377676
377686
377687
377709
377712
377728
377733
377739
378206
378230
378237
378266
378267
378293
378301
378307
378336
378502
379209
379225
379301
379303
379331
379345
379527
379548
379585
379637
379668
379672
379678
379753
379801
379919
380427
380428
380562
380780
380797
381127
381131
381168
381803
381884
382014
382117
382192
382198
382757
382898
383256
383286
383528
383606
383619
383668
383892
383925
384372
384688
384722
385173
385449
385789
385805
386086
386334
386415
386707
386777
386917
387101
387421
387485
387751
387763
387767
387784
388177
388559
388602
388644
388658
389043
389436
389474
389494
389498
389517
389529
389730
389737
390080
390260
390428
390736
390745
390748
390757
390770
391131
391195
391198
391212
391223
391224
391497
391515
391518
391533
391534
391557
391561
391576
391577
391622
391965
392005
392303
392338
392382
392383
392390
392470
392683
392742
392939
393146
393201
393322
393579
393581
393583
393598
393733
393745
394132
394135
394136
394459
394465
394481
394488
394503
394508
394541
394558
394569
394575
394578
394882
394952
394977
395010
395016
395033
395211
395217
395437
395479
395487
395513
395587
395588
395652
395813
395843
395897
395904
396080
396320
396375
396460
396500
396501
396742
396752
396756
396760
396768
396776
397224
397238
397483
397495
397533
397546
397549
397553
397561
397562
397565
397573
397599
397602
397609
397945
397973
398001
398009
398179
398364
398368
398390
398517
398549
398760
398899
398980
399105
399240
399256
399602
399608
399610
399613
400308
400328
400329
400334
400340
400344
400346
400349
400361
400371
400623
400773
401006
401093
401114
401153
401156
401167
401397
401431
401482
401492
401528
401651
401994
402100
402110
402994
403003
403106
403376
403729
403861
403877
403895
404220
404228
404291
404331
404406
404407
404493
404609
404659
404694
404755
404822
404844
405190
405198
405199
405363
405951
406231
406518
406534
407467
407472
407476
407686
407750
407780
408199
408257
408331
408438
408449
409012
409015
409016
409021
409231
409900
409908
409953
409993
410047
410064
410102
410389
410412
411247
411302
411363
411369
411390
411465
411500
411553
411716
412605
412626
413203
413205
413206
413208
413903
413930
413947
415208
416227
416232
416234
416238
416240
416241
416243
416246
416254
416261
416265
416269
416272
416880
416973
417606
417632
417647
417657
417659
417674
417677
417678
417679
417681
417685
417694
417708
417709
417710
417716
417738
417743
417762
417768
417774
417796
417800
417803
417827
417840
418382
418387
418415
418433
419059
419666
419821
419823
419827
419863
419940
419943
419982
420013
420014
420016
420062
420093
420106
420556
420622
420933
421062
421164
421185
421252
421437
421535
422022
422497
422554
422965
422968
422970
422972
423505
423607
424022
424052
424057
424060
424063
424077
424080
424092
424094
424097
424105
424107
424114
424169
424173
424174
424626
424665
424699
425184
425695
425766
425783
425808
425842
425845
425849
425852
425858
425866
425908
426563
426582
426610
426758
426810
426885
426966
427073
427371
427570
427571
427575
427751
427933
428249
428262
428267
428269
428270
428279
428282
428284
428285
428290
428291
428300
428301
428303
428308
428332
429144
429145
429205
429206
429499
429511
429550
429562
429568
429580
429582
429587
429611
429622
429624
429676
429690
429713
429915
429917
430153
430213
430245
430249
430278
430283
430352
430617
430625
430635
430749
430937
430996
431015
431363
431364
431377
431378
431383
431401
432302
432368
432406
432683
432686
432751
432786
432809
432837
432841
432842
432867
432868
433031
433115
433161
433181
433218
433472
433534
433628
433846
434195
434200
434201
434215
434217
434221
434231
434362
434583
435124
435129
435138
435141
435143
435149
435152
435160
435163
435253
435544
435621
435623
435716
436503
436512
436532
436547
436571
436597
436603
436885
436933
436945
436948
437063
437117
437226
437254
437282
437380
437424
437486
437553
437575
437965
437970
437971
437972
437974
437975
437981
437982
437983
437990
437992
437993
437999
438003
438005
438008
438009
438306
438323
438495
438497
438503
438506
438536
438538
438540
438550
438554
438566
438567
438575
438578
438796
438797
438814
439075
439080
439117
439327
439445
439456
439461
439488
439591
439646
439736
439786
2003 AO22
2003 AA67
2003 BG3
2003 BA82
2003 BE83
2003 BC87
2003 BQ93
2003 CH
2003 CG11
2003 ED19
2003 FO
2003 FT81
2003 GO19
2003 GF53
2003 GP53
2003 HP25
2003 HX34
2003 JF13
2003 MZ2
2003 MT9
2003 NA9
2003 OV7
2003 OW11
2003 OZ14
2003 OJ17
2003 OO20
2003 OJ21
2003 OG30
2003 OK33
2003 PE12
2003 QR10
2003 QN19
2003 QV32
2003 QY35
2003 QN36
2003 QL37
2003 QR42
2003 QR47
2003 QM50
2003 QQ56
2003 QS72
2003 QW72
2003 QM104
2003 QP105
2003 RE15
2003 RK27
2003 RM27
2003 SL24
2003 SY31
2003 SE64
2003 SE70
2003 SO71
2003 SZ75
2003 SB80
2003 SX82
2003 SK84
2003 SF92
2003 SR92
2003 SR94
2003 SX108
2003 SX156
2003 ST186
2003 SA194
2003 SH224
2003 SV274
2003 SG281
2003 SX297
2003 SN302
2003 SB312
2003 SO313
2003 SJ315
2003 SW322
2003 SE327
2003 SR329
2003 SS332
2003 SY333
2003 SJ337
2003 SD340
2003 SK340
2003 SZ353
2003 SL362
2003 SV104
2003 SC107
2003 SX108
2003 SN371
2003 SO122
2003 SC124
2003 SH386
2003 SW387
2003 SP396
2003 SL399
2003 SB405
2003 SJ408
2003 SA150
2003 SX156
2003 SW418
2003 SZ419
2003 SC420
2003 SO429
2003 SJ170
2003 SO171
2003 ST186
2003 SW186
2003 SA194
2003 SU214
2003 SN221
2003 SH224
2003 SR237
2003 SA241
2003 SV274
2003 SW276
2003 SG281
2003 SW286
2003 SX297
2003 SN300
2003 SF302
2003 SN302
2003 SX305
2003 SB312
2003 SO313
2003 SJ315
2003 SW322
2003 SQ325
2003 SE327
2003 SC328
2003 SR329
2003 SS332
2003 SU334
2003 SJ337
2003 SD340
2003 SZ353
2003 SZ354
2003 SE356
2003 SJ358
2003 TN17
2003 TA26
2003 TG26
2003 TZ38
2003 TY44
2003 TP46
2003 TK54
2003 UK
2003 UG7
2003 UH10
2003 UV15
2003 US25
2003 UV41
2003 US43
2003 UW43
2003 UQ49
2003 UX59
2003 UR60
2003 UD79
2003 UQ117
2003 UE122
2003 UE125
2003 UN154
2003 UP178
2003 UB180
2003 UH211
2003 UF220
2003 UK268
2003 UJ278
2003 UG316
2003 UM329
2003 UC332
2003 UC338
2003 UL342
2003 UG362
2003 UB371
2003 UQ117
2003 UF379
2003 UE122
2003 UT383
2003 UU383
2003 UE125
2003 UJ385
2003 UF134
2003 UE403
2003 UN412
2003 UN154
2003 UQ159
2003 UX176
2003 UP178
2003 UB180
2003 UC191
2003 UH211
2003 UF220
2003 UE234
2003 UQ234
2003 UK268
2003 UD275
2003 US276
2003 UJ278
2003 UQ299
2003 UO303
2003 UF304
2003 UK305
2003 UJ315
2003 UN315
2003 UG316
2003 UN317
2003 UT322
2003 UX324
2003 UM329
2003 UC332
2003 UV337
2003 UC338
2003 UO341
2003 UL342
2003 UW344
2003 UP355
2003 UX355
2003 VJ4
2003 VM4
2003 VF11
2003 WA
2003 WD5
2003 WE5
2003 WW9
2003 WW13
2003 WF22
2003 WH23
2003 WH25
2003 WH28
2003 WB30
2003 WN31
2003 WE33
2003 WD35
2003 WT35
2003 WE46
2003 WJ46
2003 WG51
2003 WD54
2003 WT54
2003 WQ59
2003 WR59
2003 WV67
2003 WA70
2003 WA74
2003 WP77
2003 WW85
2003 WP97
2003 WK105
2003 WU108
2003 WP110
2003 WG114
2003 WJ116
2003 WQ134
2003 WA137
2003 WF140
2003 WH159
2003 WZ163
2003 WM167
2003 WT171
2003 WS173
2003 WL186
2003 XY
2003 XS2
2003 XW3
2003 XN10
2003 XT12
2003 XE24
2003 YV1
2003 YD5
2003 YJ11
2003 YG14
2003 YF22
2003 YM22
2003 YL24
2003 YD33
2003 YH33
2003 YQ63
2003 YG117
2003 YV130
2003 YB163
2004 BV3
2004 BA12
2004 BK77
2004 CB89
2004 DW11
2004 PS70
2004 RL338
2004 SU34
2004 XX71
2005 AE74
2005 BV39
2005 MS34
2005 SP153
2005 TU145
2005 TE182
2005 UQ108
2005 UR233
2005 UH522
2005 WG21
2005 YD170
2006 BY92
2006 DV151
2006 EY1
2006 FH41
2006 HS23
2006 KJ26
2006 KQ69
2006 KB105
2006 KL142
2006 UM288
2006 VN169
2006 WA72
2006 XG48
2006 XT50
2006 XG67
2006 YC4
2006 YO9
2006 YG28
2007 AC9
2007 AX10
2007 AR27
2007 BQ1
2007 BZ36
2007 BU67
2007 BR75
2007 BG80
2007 BM100
2007 CU57
2007 DZ19
2007 DX22
2007 DS24
2007 DG46
2007 DY73
2007 DR84
2007 DP94
2007 EK19
2007 EY91
2007 EK132
2007 FV20
2007 FO21
2007 FP36
2007 FR48
2007 HR59
2007 HQ95
2007 JL40
2007 MY10
2007 MW17
2007 ON4
2007 PT14
2007 PR43
2007 PR45
2007 QP11
2007 QP13
2007 QX13
2007 QJ14
2007 QV14
2007 RG4
2007 RU5
2007 RF9
2007 RV11
2007 RM25
2007 RN30
2007 RZ55
2007 RV64
2007 RQ66
2007 RH71
2007 RA83
2007 RC87
2007 RQ87
2007 RJ98
2007 RX118
2007 RR126
2007 RC132
2007 RY152
2007 RP155
2007 RS171
2007 RO174
2007 RK175
2007 RZ178
2007 RS187
2007 RV188
2007 RX189
2007 RK195
2007 RY205
2007 RQ207
2007 RW210
2007 RF212
2007 RC220
2007 RJ221
2007 RT221
2007 RZ223
2007 RA247
2007 RO248
2007 RX251
2007 RR259
2007 RS259
2007 RK272
2007 RR273
2007 RU274
2007 RB279
2007 RZ280
2007 RV291
2007 RN294
2007 RC295
2007 RF296
2007 RJ298
2007 RF315
2007 RR317
2007 RR320
2007 RK321
2007 RO324
2007 RG325
2007 SB3
2007 SD5
2007 SB11
2007 ST17
2007 TG5
2007 TV10
2007 TM16
2007 TD20
2007 TZ29
2007 TY32
2007 TP36
2007 TV48
2007 TV50
2007 TC56
2007 TL56
2007 TR58
2007 TQ63
2007 TN69
2007 TR72
2007 TX75
2007 TK76
2007 TT82
2007 TZ82
2007 TA85
2007 TG86
2007 TB88
2007 TC132
2007 TS138
2007 TX141
2007 TN149
2007 TP149
2007 TZ152
2007 TO170
2007 TV180
2007 TT200
2007 TS205
2007 TV210
2007 TH219
2007 TV221
2007 TD222
2007 TU226
2007 TB275
2007 TX277
2007 TD286
2007 TX332
2007 TO361
2007 TM106
2007 TB368
2007 TU368
2007 TN121
2007 TO124
2007 TL126
2007 TV126
2007 TY387
2007 TN388
2007 TC132
2007 TS138
2007 TT398
2007 TX141
2007 TM403
2007 TS404
2007 TN149
2007 TP149
2007 TH412
2007 TZ152
2007 TF423
2007 TC424
2007 TD425
2007 TC426
2007 TP427
2007 TO170
2007 TP430
2007 TN432
2007 TD176
2007 TW438
2007 TQ440
2007 TV180
2007 TK442
2007 TT443
2007 TC444
2007 TN444
2007 TY445
2007 TC189
2007 TQ450
2007 TH192
2007 TO193
2007 TE195
2007 TG196
2007 TD197
2007 TT200
2007 TB202
2007 TS205
2007 TW205
2007 TV210
2007 TH219
2007 TV221
2007 TD222
2007 TP226
2007 TU226
2007 TK227
2007 TJ229
2007 TV229
2007 TJ237
2007 TU241
2007 TS260
2007 TV261
2007 TA262
2007 TV262
2007 TQ271
2007 TX271
2007 TB275
2007 TX277
2007 TD286
2007 TO301
2007 TZ318
2007 TE324
2007 TE326
2007 TP326
2007 TP330
2007 TX332
2007 TM334
2007 TS342
2007 UY6
2007 UD9
2007 UB21
2007 UJ23
2007 UV33
2007 UP36
2007 UL40
2007 UM46
2007 UE58
2007 UR60
2007 UL62
2007 US67
2007 UU81
2007 UO83
2007 UD85
2007 UM88
2007 UL100
2007 UV113
2007 UJ119
2007 UO120
2007 UH123
2007 UC127
2007 UL128
2007 UA139
2007 UK139
2007 VS
2007 VE2
2007 VU8
2007 VK21
2007 VQ34
2007 VW38
2007 VZ42
2007 VZ47
2007 VD57
2007 VU58
2007 VZ59
2007 VL64
2007 VP65
2007 VM67
2007 VE85
2007 VN86
2007 VX89
2007 VW90
2007 VC93
2007 VX96
2007 VV98
2007 VH107
2007 VT108
2007 VY122
2007 VS139
2007 VL149
2007 VV153
2007 VJ158
2007 VD171
2007 VU179
2007 VM180
2007 VR188
2007 VR194
2007 VR199
2007 VH215
2007 VF220
2007 VO239
2007 VG240
2007 VK241
2007 VR252
2007 VL253
2007 VH268
2007 VV268
2007 VB277
2007 VL279
2007 VB295
2007 VY300
2007 VB325
2007 VN325
2007 WX10
2007 WB13
2007 WT24
2007 WE37
2007 WX37
2007 WO44
2007 WT49
2007 WU53
2007 WJ62
2007 XS16
2007 XB26
2007 XF26
2007 XM28
2007 XU45
2007 XO49
2007 XT52
2007 XF59
2007 YQ
2007 YB33
2007 YT47
2007 YX54
2008 AU51
2008 AW104
2008 AK108
2008 FY14
2008 HQ16
2008 HD56
2008 LV4
2008 NV3
2008 QX40
2008 RW34
2008 RN88
2008 ST142
2008 SC211
2008 UB206
2008 WQ126
2008 YB18
2008 YB21
2008 YD22
2008 YS105
2008 YN118
2008 YY169
2009 AK11
2009 BV3
2009 BW3
2009 BV13
2009 BY39
2009 BE42
2009 BL42
2009 BT60
2009 BN72
2009 BK90
2009 BF188
2009 BZ188
2009 CW15
2009 CJ50
2009 CK52
2009 DS
2009 DL28
2009 DT40
2009 DH43
2009 DB104
2009 DA119
2009 DO134
2009 EO9
2009 FH5
2009 FN27
2009 FO69
2009 HA50
2009 HU61
2009 JF2
2009 QA23
2009 RZ7
2009 SE101
2009 SG103
2009 SN203
2009 SM269
2009 SC271
2009 TQ18
2009 US11
2009 UN61
2009 UZ122
2009 UP133
2009 VO39
2009 WN156
2009 WA172
2010 AZ80
2010 AD84
2010 CQ79
2010 CW81
2010 CY155
2010 EF29
2010 EG32
2010 ES73
2010 FU19
2010 HV103
2010 JX45
2010 JR73
2010 KR128
2010 SS30
2010 UE56
2010 UZ63
2010 UR79
2010 VK45
2010 VH71
2010 VH83
2010 VG114
2010 XK2
2010 XO68
2011 AF5
2011 AN14
2011 AC48
2011 AW70
2011 AH71
2011 BS3
2011 BG7
2011 BX33
2011 BG52
2011 BR60
2011 BQ152
2011 CE18
2011 CE24
2011 CL36
2011 CB37
2011 CR47
2011 CZ47
2011 CO53
2011 CV54
2011 CZ62
2011 CH66
2011 CS85
2011 CA92
2011 DT13
2011 DF42
2011 DO51
2011 EH16
2011 EL22
2011 EJ23
2011 ET23
2011 EZ31
2011 EE62
2011 ED66
2011 EK66
2011 EY76
2011 EL81
2011 FR22
2011 FD53
2011 FT97
2011 FH102
2011 FU102
2011 FH129
2011 FM146
2011 FG150
2011 GD5
2011 GA46
2011 GK61
2011 GJ72
2011 HM11
2011 HR62
2011 HE85
2011 HG96
2011 KP1
2011 KR1
2011 MX1
2011 MT6
2011 MZ9
2011 OA4
2011 OC4
2011 OA5
2011 OL10
2011 OX27
2011 OD41
2011 PR1
2011 PQ7
2011 PF8
2011 PQ13
2011 QX1
2011 QM2
2011 QE5
2011 QM24
2011 QO36
2011 QS39
2011 QD40
2011 QM51
2011 QG55
2011 QL55
2011 QH59
2011 QL59
2011 QJ62
2011 QX78
2011 QC84
2011 QY88
2011 RW3
2011 RC13
2011 RK19
2011 SR45
2011 SH49
2011 SH50
2011 SD58
2011 SS59
2011 SK64
2011 SC73
2011 SU77
2011 SD81
2011 ST87
2011 SQ96
2011 SG99
2011 SP114
2011 SJ122
2011 SL128
2011 ST134
2011 SD155
2011 SG158
2011 SW158
2011 SD169
2011 SX173
2011 SB193
2011 SF209
2011 SR221
2011 SO229
2011 SU231
2011 SS244
2011 SL249
2011 SW272
2011 SF273
2011 UT6
2011 UQ11
2011 UB12
2011 UD18
2011 US20
2011 UZ26
2011 UC56
2011 UT59
2011 UU81
2011 UN83
2011 UF128
2011 UZ186
2011 UU273
2011 UU330
2011 UU334
2011 UE335
2011 UD101
2011 UG109
2011 UF128
2011 UK396
2011 UW396
2011 UA397
2011 UH397
2011 UZ398
2011 UK142
2011 UG405
2011 UU155
2011 UZ160
2011 UT166
2011 UB170
2011 UE180
2011 UT182
2011 UZ186
2011 UP187
2011 UV199
2011 UE204
2011 UY238
2011 UP252
2011 UM258
2011 UB260
2011 UF266
2011 UU273
2011 UO283
2011 UC289
2011 UJ293
2011 UX303
2011 UX315
2011 UU330
2011 UU334
2011 UE335
2011 UP345
2011 UL353
2011 VG3
2011 WE2
2011 WE16
2011 WR40
2011 WD59
2011 WK85
2011 WQ114
2011 WY115
2011 WY128
2011 YC78
2012 AU
2012 CU25
2012 GV33
2012 HC39
2012 JD12
2012 JE38
2012 KM10
2012 KD46
2012 PT6
2012 TJ60
2012 TM176
2012 TV211
2012 TN227
2012 UE56
2012 UJ66
2012 UC100
2012 UX140
2012 WW4
2012 XD1
2012 XQ11
2012 XC21
2012 XT69
2012 XH97
2012 XE124
2012 XH149
2012 XQ152
2013 AB23
2013 AV29
2013 AV41
2013 AO44
2013 AV56
2013 AW67
2013 AV80
2013 AC85
2013 AT97
2013 AG99
2013 AC103
2013 AA110
2013 AK128
2013 AQ136
2013 AB140
2013 AR154
2013 AP172
2013 AY178
2013 BN7
2013 BL28
2013 BA35
2013 BR35
2013 BD57
2013 BA68
2013 BJ71
2013 BA72
2013 CQ12
2013 CA15
2013 CK15
2013 CZ26
2013 CH31
2013 CU34
2013 CT38
2013 CP45
2013 CX51
2013 CU55
2013 CV57
2013 CL60
2013 CY60
2013 CF73
2013 CB84
2013 CV104
2013 CZ111
2013 CH116
2013 CG125
2013 CA136
2013 CO149
2013 CO169
2013 CB181
2013 CU185
2013 CF186
2013 CL195
2013 CB216
2013 DH2
2013 EC2
2013 ES13
2013 EK21
2013 EN24
2013 EA33
2013 ED33
2013 EO38
2013 EY65
2013 EW80
2013 EW83
2013 EH85
2013 EF93
2013 EV110
2013 EA114
2013 FV
2013 FR6
2013 GL57
2013 GG77
2013 GL90
2013 GW109
2013 HF20
2013 HP20
2013 HU94
2013 JH37
2013 JE39
2013 JQ58
2013 LP20
2013 QH7
2013 QD26
2013 QY73
2013 QE80
2013 RO82
2013 SK25
2013 SX27
2013 VQ10
2013 WW17
2013 WU84
2013 XO9
2013 YF23
2014 BW24
2014 BG38
2014 CH23
2014 DC83
2014 DF96
2014 DX103
2014 DK106
2014 DX124
2014 EH2
2014 EV45
2014 FU47
2014 FC49
2014 FZ53
2014 FT62
2014 FB64
2014 GP6
2014 GA33
2014 GN36
2014 GK53
2014 HG8
2014 HU25
2014 HJ123
2014 HE195
2014 JR1
2014 JA9
2014 JW18
2014 JD29
2014 JM48
2014 JK51
2014 JN58
2014 JE76
2014 KQ3
2014 KS7
2014 KT8
2014 KF12
2014 KU22
2014 KA31
2014 KC32
2014 KY69
2014 KZ71
2014 KP75
2014 KV77
2014 KK80
2014 KK93
2014 KK100
2014 MM2
2014 ME37
2014 MO45
2014 NF24
2014 NB30
2014 NU36
2014 NB55
2014 OR40
2014 OE41
2014 OD360
2014 QW265
2014 QY308
2014 SH31
2014 SE135
2014 TF53
2014 UO140
2014 WB5
2014 WP19
2014 WU54
2014 WR122
2014 WK399
2014 WV407
2014 WV164
2014 WR428
2014 WW490
2014 WE493
2014 WH240
2014 WX263
2014 WH293
2014 WG294
2014 YR31
2014 YT45
2015 AZ19
2015 AB172
2015 AU244
2015 AA273
2015 BR
2015 BS69
2015 BO89
2015 BR90
2015 BG364
2015 BK130
2015 BY394
2015 BX434
2015 BH248
2015 BW278
2015 DM78
2015 DC111
2015 DZ133
2015 DK143
2015 EH2
2015 EW13
2015 EE14
2015 FD3
2015 FR21
2015 FX24
2015 FY74
2015 FT152
2015 FF158
2015 FM275
2015 FL294
2015 FH315
2015 FF337
2015 FE339
2015 GF10
2015 GS18
2015 GF39
2015 GB40
2015 GW43
2015 HR8
2015 HL56
2015 HH94
2015 HX126
2015 HL173
2015 KG6
2015 KG37
2015 KQ82
2015 KW94
2015 KW132
2015 KC135
2015 LB1
2015 LF11
2015 LH12
2015 LP23
2015 LS35
2015 LX35
2015 LF38
2015 MP5
2015 MF57
2015 MN58
2015 MA68
2015 MY75
2015 MG77
2015 ME78
2015 MZ91
2015 MZ109
2015 MC116
2015 NB13
2015 NQ24
2015 OG1
2015 OP1
2015 OG13
2015 OB23
2015 OO23
2015 OO24
2015 OX24
2015 OX27
2015 OX38
2015 OK47
2015 OJ68