id
143658
177898
184963
187017
188348
209031
209920
210187
226602
235584
236114
236209
238804
242159
242178
245216
254010
254490
267714
269522
269525
269576
269611
271592
271598
272145
272297
275245
277251
277327
277984
280527
281103
283204
284010
289142
290747
298376
298393
298417
298420
298498
298867
299012
299444
299484
302910
302915
302929
302954
303455
306215
307703
307774
307781
311010
311072
316145
323775
326069
326077
326099
329924
330373
330528
331280
333537
334863
335366
335453
340184
344927
344938
344949
344959
345414
347969
348031
348289
350155
351036
351046
351077
351103
351703
351712
353665
353692
359858
367135
373115
384939
385091
387351
389717
390742
402561
402941
405943
408602
410374
415440
417556
417689
427952
431368
432921
435112
2003 CB22
2003 SS27
2003 SO79
2003 SC104
2003 SR121
2003 SR382
2003 SN383
2003 SZ386
2003 SW428
2003 SA181
2003 SH202
2003 SP236
2003 SU326
2003 TB29
2003 UK41
2003 UD97
2003 UN378
2003 UX414
2003 UK224
2003 UJ297
2003 UZ297
2003 UA326
2003 WX38
2004 VR3
2005 UZ262
2006 BF186
2006 QV69
2008 SW257
2009 VU28
2011 BN10
2011 BV62
2011 HQ66
2011 KC32
2011 PA15
2011 QE37
2011 RP4
2011 SG13
2011 SS57
2011 ST139
2011 SD151
2011 SQ164
2011 SL223
2011 SU223
2011 SJ254
2011 TA11
2011 UL1
2011 UX35
2011 UZ36
2011 UA41
2011 UF47
2011 UC51
2011 UA106
2011 UG112
2011 UF150
2011 UW222
2011 UY335
2011 WC31
2011 WA52
2011 WR100
2011 WP102
2011 WJ105
2011 WJ125
2012 BY63
2012 XC153
2013 BW43
2013 TX33