id
10979
11467
11600
11955
12204
12427
12678
13200
13595
13654
13661
13715
13738
14804
15456
15510
15658
17237
17242
17597
17713
17992
18201
18209
18261
18272
18661
18794
19114
19434
19809
19813
19891
19942
20051
20274
20352
20779
20853
20981
21057
21309
21455
21467
21481
21682
21729
21824
21886
21942
22137
22153
22220
22245
22421
22471
22477
22494
22505
22619
22620
22730
22878
22887
22892
22918
22933
22937
22993
23002
23249
23257
23346
23525
23526
23586
23663
23761
24026
24045
24052
24091
24137
24149
24151
24154
24296
24616
24708
24731
24769
24800
24836
24935
24945
25168
25368
25386
25456
25526
25577
25607
25608
25720
25903
25950
26021
26131
26196
26199
26311
26388
26426
26431
26468
26513
26664
26694
26742
26753
26773
26803
26865
26956
27088
27216
27332
27344
27376
27392
27445
27506
27622
27639
27642
27646
27677
27717
27862
28398
28409
28463
28543
28555
28598
28621
28625
28820
28953
29027
29059
29097
29106
29141
29195
29203
29239
29294
29391
29395
29447
29449
29472
29808
29825
29979
30080
30151
30164
30229
30255
30268
30280
30304
30312
30316
30334
30372
30407
30409
30582
30619
30646
30749
30762
30790
30931
31108
31125
31133
31161
31163
31171
31380
31470
31504
31511
31594
31642
31905
32102
32157
32262
32264
32428
32667
32722
32840
33062
33086
33113
33118
33268
33448
33482
33526
33536
33584
33595
33625
33806
33898
33994
34140
34143
34215
34219
34288
34365
34650
34716
34791
34802
34804
34876
34917
34976
35031
35071
35140
35235
35303
35306
35419
35501
35515
35521
35750
35775
35792
35804
35816
35922
35966
36008
36374
36384
36515
36533
36571
36597
36602
36631
36635
36657
36710
36860
36990
37031
37119
37279
37365
37389
37397
37462
37490
37541
37546
37648
37723
37743
37908
37928
38178
38210
38279
38316
38354
38377
38379
38436
38444
38449
38588
38644
38730
38755
38759
38852
38961
38978
38982
39006
39040
39114
39131
39134
39162
39196
39296
39402
39531
39573
39583
39658
39663
39749
39832
39852
39854
39861
39889
39947
39980
39983
39984
39990
40017
40042
40393
40436
40460
40463
40474
40502
40504
40505
40506
40527
40555
40594
40595
40599
40627
40631
40654
40695
40846
40911
40953
41037
41225
41428
41509
41596
41608
41692
41720
41821
41832
41880
41882
41896
41928
41944
41992
42001
42003
42017
42018
42113
42118
42143
42216
42249
42326
42353
42416
42463
42495
42505
42579
42591
42638
42645
42647
42656
42660
42689
42695
42697
42932
42961
43234
43300
43344
43402
43405
43433
43439
43445
43446
43475
43524
43669
43737
43816
43829
43834
43844
43868
43949
43968
43969
43990
44212
44236
44254
44274
44378
44433
44439
44460
44578
44703
44718
44746
44761
44763
44775
44786
44794
44800
44811
44823
44829
44854
44863
44964
45002
45033
45047
45113
45167
45186
45268
45305
45471
45754
45799
45816
45817
45820
45891
45902
45942
45952
45982
45998
46015
46041
46061
46073
46107
46122
46184
46197
46223
46356
46416
46428
46432
46489
46501
46524
46549
46574
46701
46895
46913
47025
47089
47094
47216
47310
47331
47342
47399
47407
47409
47459
47460
47484
47543
47573
47755
47961
47980
47984
47987
48082
48084
48087
48091
48094
48112
48113
48120
48138
48162
48170
48204
48217
48264
48298
48320
48350
48374
48388
48402
48483
48535
48557
48679
48708
48750
48760
48857
48961
49069
49070
49086
49111
49143
49189
49193
49201
49232
49281
49307
49360
49451
49511
49536
49761
49773
49896
49903
49931
49962
49972
49990
49992
50002
50059
50124
50138
50163
50167
50227
50309
50312
50315
50336
50343
50383
50400
50428
50450
50484
50491
50512
50515
50579
50595
50614
50626
50650
50670
50723
50760
50873
50956
51015
51080
51102
51121
51413
51518
51537
51552
51600
51621
51644
51653
51667
51674
51688
51701
51702
51743
51956
52010
52051
52094
52150
52178
52190
52251
52396
52407
52461
52512
52523
52573
52580
52584
52588
52608
52864
52981
52996
53040
53188
53214
53229
53332
53493
53521
53564
53580
53668
53674
53678
53692
53762
53810
53884
53891
53895
53908
53934
53964
53978
54023
54028
54055
54067
54169
54171
54199
54215
54255
54269
54347
54353
54373
54374
54378
54385
54399
54536
54794
54814
54970
55085
55165
55193
55195
55207
55237
55264
55266
55339
55343
55376
55433
55486
55550
55629
55646
55648
55689
55716
55750
55764
55818
55933
56048
56081
56094
56126
56177
56180
56210
56259
56509
56604
56704
56710
56721
56816
56840
56893
57069
57170
57181
57234
57258
57274
57319
57321
57354
57370
57373
57380
57401
57427
57436
57437
57442
57487
57563
57638
57775
57780
57806
57855
57913
57947
58040
58047
58061
58130
58138
58162
58182
58289
58298
58308
58365
58454
58482
58505
58510
58619
58636
58671
58682
58752
58799
58803
58810
58840
58891
59095
59144
59171
59256
59266
59273
59280
59283
59327
59393
59419
59438
59453
59485
59554
59559
59566
59577
59584
59593
59609
59614
59618
59675
59693
59696
59715
59725
59733
59751
59794
59818
59848
59874
59923
59960
60191
60194
60273
60283
60296
60301
60316
60319
60337
60472
60550
60555
60586
60600
60601
60623
60635
60687
60771
60803
60857
60879
60903
60964
61000
61019
61046
61057
61073
61135
61158
61203
61222
61277
61284
61356
61362
61371
61396
61400
61421
61434
61450
61464
61514
61522
61547
61579
61589
61628
61671
61680
61702
61757
61776
61784
61831
61887
61900
61910
61933
61946
61962
62052
62055
62246
62271
62304
62322
62338
62339
62355
62365
62366
62444
62462
62545
62567
62600
62663
62710
62788
62842
62873
62878
62980
63320
63338
63386
63397
63482
63505
63512
63524
63841
63846
63881
63937
63959
64136
64183
64289
64344
64397
64454
64458
64462
64474
64507
64514
64547
64555
64568
64643
64658
64666
64680
64695
64697
64724
64786
64797
64807
64830
64946
64978
65008
65046
65173
65289
65329
65332
65357
65371
65395
65404
65419
65437
65452
65462
65482
65487
65617
65747
65754
65772
65856
65892
65935
65952
65979
65986
65990
65995
66087
66231
66292
66315
66319
66362
66472
66497
66506
66517
66526
66535
66571
66642
66664
66711
66724
66726
66814
66849
66929
66932
66971
67008
67077
67091
67275
67307
67310
67328
67344
67369
67423
67449
67486
67521
67594
67698
67709
67753
67775
67807
67809
67810
67850
67886
67969
67993
68027
68123
68136
68238
68296
68351
68357
68408
68442
68499
68531
68564
68583
68587
68591
68602
68611
68648
68713
68720
68738
68742
68779
68786
68909
68970
69112
69186
69224
69227
69238
69362
69375
69416
69484
69540
69545
69562
69568
69596
69696
69704
69712
69727
69735
69743
69747
69893
69909
70251
70267
70292
70294
70336
70338
70409
70444
70448
70456
70461
70476
70502
70503
70514
70539
70544
70551
70568
70577
70612
70620
70636
70637
70642
70650
70662
70669
70713
70724
70753
70755
70775
70781
70782
70808
70822
70832
70834
70839
70841
70856
70862
70882
70892
70915
70918
70931
70955
70963
71020
71026
71034
71058
71078
71123
71138
71176
71177
71183
71221
71224
71247
71257
71287
71296
71344
71392
71394
71401
71648
71825
71829
71865
71903
71923
71956
71983
72057
72062
72108
72123
72141
72145
72175
72203
72229
72246
72281
72300
72301
72406
72459
72461
72578
72630
72712
72732
72751
72765
72834
72965
72977
73119
73179
73186
73199
73220
73222
73230
73262
73269
73340
73355
73404
73405
73410
73421
73522
73555
73590
73685
73726
73731
73837
73908
73914
73917
73927
74069
74078
74099
74101
74106
74113
74169
74180
74184
74198
74228
74240
74244
74270
74274
74283
74311
74332
74337
74341
74360
74386
74874
74942
74972
75001
75057
75074
75095
75159
75209
75220
75290
75332
75424
75425
75440
75504
75521
75562
75563
75590
75592
75603
75615
75616
75637
75638
75678
75706
75710
75726
75766
75799
75804
75824
75825
75828
75836
75906
75908
75909
75928
75943
75944
75960
75963
75964
75978
76000
76047
76076
76078
76100
76131
76147
76148
76175
76190
76226
76291
76311
76317
76387
76403
76404
76483
76495
76537
76558
76562
76919
76958
76992
77026
77037
77061
77087
77117
77171
77223
77246
77263
77283
77303
77313
77330
77345
77418
77445
77488
77490
77493
77526
77577
77635
78105
78134
78143
78193
78199
78208
78227
78235
78238
78254
78294
78320
78325
78336
78399
78457
78552
78561
78566
78591
78611
78612
78644
78652
78686
78716
78753
78789
78832
78938
78956
78988
79022
79046
79099
79195
79254
79260
79321
79418
79421
79428
79555
79599
79713
79731
79817
79828
79830
79875
79884
79891
79921
79942
79957
79963
80187
80556
80561
80578
80586
80647
80688
80805
80887
80911
80916
80954
80964
80985
81000
81018
81022
81031
81041
81061
81122
81129
81132
81146
81150
81158
81161
81174
81197
81207
81212
81223
81246
81254
81272
81285
81299
81311
81320
81329
81340
81371
81375
81416
81418
81435
81456
81466
81480
81494
81497
81505
81517
81526
81530
81553
81573
81584
81591
81592
81637
81651
81652
81676
81677
81732
81739
81742
81759
81762
81765
81773
81779
81801
81832
81841
81845
81851
81855
81859
81896
81942
81961
81964
81982
82013
82102
82126
82295
82362
82369
82382
82397
82413
82459
82460
82472
82481
82486
82505
82553
82599
82635
82783
82881
82885
82960
82962
83022
83048
83082
83123
83140
83186
83187
83251
83260
83521
83602
83618
83703
83734
83791
83799
83845
84138
84147
84149
84176
84214
84250
84251
84272
84286
84309
84327
84336
84354
84368
84390
84393
84408
84416
84425
84437
84473
84487
84526
84580
84615
84630
84664
84674
84677
84734
84750
84754
84767
84839
84864
84909
84923
84924
84982
85031
85044
85103
85115
85356
85395
85401
85496
85507
85523
85566
85568
85603
85618
85626
85630
85785
85786
85791
85812
85831
85842
85863
85866
85871
85884
85885
85893
85901
85906
85913
85918
85921
85976
85980
86018
86040
86050
86059
86614
86669
86867
86925
86966
87079
87113
87150
87201
87297
87317
87341
87374
87481
87486
87498
87503
87571
87572
87574
87579
87598
87621
87635
87705
87746
87750
87787
87791
87804
87860
87937
87942
87955
87982
88030
88144
88164
88166
88374
88448
88505
88509
88510
88525
88539
88540
88578
88581
88585
88625
88643
88662
88873
88896
88916
89021
89057
89103
89127
89166
89172
89213
89227
89253
89280
89332
89364
89376
89396
89413
89469
89474
89523
89536
89656
89772
89778
89981
90089
90099
90144
90203
90210
90280
90300
90309
90406
90425
90509
90520
90521
90528
90565
90621
90657
90670
90680
90709
90785
91046
91048
91075
91079
91087
91106
91138
91338
91350
91352
91362
91368
91384
91407
91453
91454
91468
91474
91486
91519
91557
91595
91670
91701
91725
91757
92009
92599
92678
92731
92749
92763
92863
92866
92874
92904
92905
92929
92941
92950
92991
93000
93021
93029
93060
93077
93120
93139
93152
93163
93165
93178
93214
93218
93220
93267
93289
93302
93303
93306
93323
93375
93377
93382
93423
93451
93466
93486
93490
93501
93509
93513
93540
93594
93610
93615
93623
93634
93665
93676
93708
93711
93765
93771
93793
93809
93898
93917
93921
93949
93959
93992
94117
94150
94163
94192
94223
94310
94480
94525
94558
94560
94680
94708
94726
94728
94910
94934
94980
94998
95059
95060
95062
95090
95105
95114
95123
95152
95175
95183
95200
95224
95236
95267
95496
95514
95609
95662
95787
95820
95846
95848
95876
95878
95894
95898
95923
95928
95950
95968
96121
96126
96210
96219
96280
96321
96340
96439
96486
96491
96495
96512
96526
96680
96691
96698
96750
96771
96789
96790
96796
96801
96805
96835
96838
96839
96863
96868
96895
96897
96908
96916
96918
96919
96922
96948
96956
96957
96975
96985
97008
97024
97025
97029
97048
97057
97066
97125
97129
97146
97148
97169
97192
97198
97218
97269
97306
97312
97944
98064
98193
98240
98252
98272
98277
98320
98355
98359
98386
98430
98438
98510
98515
98551
98564
98574
98593
98598
98626
98627
98635
98639
98749
98760
98773
98789
98793
98817
98819
98862
98877
98895
98896
98905
98911
98920
98922
98930
98959
98971
98994
99029
99030
99037
99040
99053
99055
99066
99074
99084
99094
99105
99116
99118
99135
99144
99160
99169
99173
99216
99217
99222
99332
99351
99407
99427
99442
99522
99523
99558
99633
99773
99782
99809
99818
99908
99910
99923
99984
100126
100380
100548
100627
100646
100703
100726
100859
101114
101146
101219
101273
101275
101293
101301
101313
101330
101443
101557
101640
101665
101680
101683
101689
101699
101703
101802
101829
101858
101970
102004
102058
102136
102210
102477
102542
102548
102624
102670
102708
102762
102899
102901
102903
102922
103109
103118
103134
103141
103155
103157
103209
103219
103235
103267
103290
103297
103311
103322
103328
103336
103406
103410
103430
103445
103448
103450
103453
103565
103671
103679
103682
103693
103708
103710
103712
103735
103821
103895
103998
104021
104139
104153
104218
104219
104254
104293
104299
104352
104394
104490
104585
104696
104743
104759
104772
104790
104792
104832
104856
104879
104926
104927
104940
104970
105052
105069
105100
105104
105149
105176
105190
105195
105198
105228
105248
105261
105280
105303
105353
105411
105422
105446
105487
105496
105526
105715
105771
105839
105937
105985
106074
106101
106152
106356
106383
106687
106789
106841
106851
106875
106939
107049
107110
107210
107273
107328
107340
107345
107356
107374
107375
107384
107443
107717
107733
107736
107757
107777
107782
107800
107832
107903
107908
107992
108007
108063
108082
108083
108133
108160
108165
108196
108227
108228
108241
108252
108254
108274
108281
108282
108338
108364
108394
108396
108430
108432
108441
108458
108467
108470
108493
108494
108498
108623
108644
108681
108709
108740
108776
108799
108813
108857
108874
108880
108899
108959
109079
109089
109110
109140
109202
109222
109236
109254
109284
109306
109317
109325
109328
109341
109410
109419
109420
109445
109454
109468
109482
109525
109550
109561
109565
109597
109622
109664
109736
109742
109765
109771
109855
109856
109887
109890
109896
109905
109936
109965
109985
109998
110010
110016
110051
110069
110122
110127
110156
110173
110182
110269
110280
110300
110330
110331
110361
110376
110379
110438
110447
110494
110508
110530
110537
110580
110604
110661
110694
110696
110709
110724
110728
110745
110746
110759
110767
110785
110792
110823
110825
110830
110870
110891
110900
110963
110991
110996
111044
111066
111084
111086
111102
111111
111133
111178
111208
111264
111274
111357
111358
111419
111450
111451
111518
111536
111620
111732
111759
112231
112320
112438
112554
112634
112649
112763
112827
112876
112940
112953
112967
113104
113106
113125
113127
113130
113165
113167
113174
113213
113264
113541
113593
113646
113676
113691
113750
113793
113874
113892
113982
114078
114082
114091
114140
114239
114253
114255
114361
114444
114449
114482
114504
114542
114555
114557
114648
114651
114755
114802
114831
114876
114902
114905
114958
114967
115013
115055
115073
115091
115214
115271
115326
115396
115431
115436
115456
115520
115531
115575
115599
115626
115637
115677
115688
115805
115828
115835
115836
115879
115901
116011
116016
116024
116112
116146
116178
116193
116263
116366
116371
116374
116387
116434
116435
116451
116453
116497
116525
116584
116702
116737
116897
116962
116963
116990
117013
117047
117051
117079
117192
117198
117214
117248
117253
117260
117282
117327
117331
117345
117361
117363
117370
117376
117407
117480
117559
117613
117663
117665
117699
117705
117741
117809
117840
117844
117892
117905
117978
118078
118171
118232
118339
118670
118692
118740
118754
118767
118771
118772
118786
118813
118814
118818
118819
118830
118861
118864
118869
119109
119312
119357
119424
119448
119453
119471
119485
119491
119505
119547
119558
119562
119568
119589
119634
119635
119664
119665
119724
119725
119778
119840
120068
120103
120139
120160
120285
120314
120317
120364
120427
120648
120803
120826
120857
120859
120912
120936
120976
121103
121155
121158
121159
121167
121205
121265
121293
121303
121344
121492
121614
121634
121675
121693
121807
122036
122251
122294
122302
122305
122356
122393
122423
122427
122437
122469
122489
122493
122500
122509
122561
122563
122584
122622
122638
122671
122719
122728
122792
122818
122854
122869
122909
122922
122925
122994
123012
123015
123019
123042
123050
123057
123081
123084
123154
123169
123197
123208
123245
123255
123302
123329
123336
123345
123382
123391
123462
123526
123546
123582
123587
123594
123620
123622
123641
123656
123665
123694
123696
123722
123733
123791
123807
123821
124385
124652
124681
124705
124854
124940
124967
125143
125245
125340
125370
125388
125396
125506
125512
125540
125542
125554
125570
125592
125596
125686
125779
126044
126064
126077
126087
126097
126108
126130
126137
126169
126180
126271
126389
126396
126397
126419
126478
126479
126554
126574
126606
126610
126683
126690
126695
126698
126904
126950
126969
126977
127003
127010
127069
127071
127081
127261
127284
127286
127335
127345
127348
127362
127369
127386
127609
127686
127717
127805
127893
127930
128070
128080
128130
128147
128148
128183
128422
128558
128763
128993
129033
129038
129166
129172
129357
129358
129465
129636
129659
129892
129896
129953
129958
129988
129995
130068
130080
130108
130151
130174
130196
130264
130918
130938
130985
131024
131056
131070
131094
131107
131114
131120
131150
131160
131161
131170
131184
131198
131256
131264
131268
131287
131303
131317
131323
131342
131362
131454
131476
131898
132373
132464
132514
132541
132545
132546
132547
132581
132582
132586
132617
132643
132650
132654
132686
132691
132703
132744
132761
132806
132910
132979
132985
132993
132995
133032
133091
133126
133534
133568
133580
133595
133599
133638
133640
133654
133702
133788
133843
134045
134096
134165
134224
134239
134245
134247
134288
134480
134508
134706
134758
134792
134802
134804
134914
134978
135012
135022
135084
135115
135367
135388
135465
135728
135735
135751
135769
135802
135845
135855
135880
135888
135930
135934
135954
135976
135990
135996
135997
136011
136039
136049
136054
136058
136065
136248
136299
136354
136470
136565
136765
136837
137017
137089
137094
137118
137127
137136
137141
137162
137655
137791
137843
137855
137896
137901
137988
137998
138023
138132
138161
138163
138165
138173
138192
138220
138241
138245
138246
138358
138381
138383
138386
138403
138418
138431
138451
138558
138595
138830
139152
139374
139378
139436
139437
139441
139455
139459
139476
139496
139500
139506
139540
139556
139558
139561
139563
139595
139600
139601
139616
139631
139643
139691
139696
139704
139728
139730
139750
139753
139783
139830
139876
139924
140017
140052
140167
140208
140266
140291
140307
140343
140386
140443
140470
140580
140638
140693
140848
140872
141089
141110
141147
141217
141349
141361
142405
142421
142438
142475
142521
142575
142580
142601
142607
142622
142651
142670
142684
142727
142729
142742
142765
142789
142810
142823
142830
142898
142923
143035
143050
143088
143090
143096
143103
143126
143178
143181
143192
143203
143208
143364
143405
143418
143435
143442
143563
143638
143974
143984
143985
143988
144110
144181
144193
144283
144434
144482
144525
144550
144570
144633
144643
144649
144727
144760
144762
144799
144816
144991
145007
145194
145217
145245
145439
145455
145551
145566
145571
145634
145635
145698
145852
146133
146410
146411
146425
146437
146438
146464
146465
146470
146471
146472
146597
146605
146694
146724
146727
146779
146859
146870
147263
147346
147359
147384
147386
147424
147631
147639
147640
147669
147965
148026
148082
148100
148104
148337
148352
148365
148373
148390
148393
148395
148549
148582
148631
148651
148717
148744
148790
148829
148921
148932
149045
149138
149142
149303
149431
149485
149674
149726
150048
150182
150253
150256
150370
150475
150502
150548
150782
150784
150802
150925
151006
151055
151061
151067
151109
151136
151149
151323
151327
151782
151823
151827
151828
151898
151958
152125
152197
152497
152510
152549
152589
152775
152779
152822
152832
153029
153050
153061
153085
153112
153126
153128
153173
153185
153440
153607
153621
153650
153768
153777
153778
153797
153809
153844
153851
153917
153947
153949
153998
154013
154082
154142
154203
154486
154522
154568
154581
154582
154736
154737
154804
154809
154857
155026
155088
155104
155189
155286
155420
155454
155502
155716
155829
155835
155857
156257
156269
156323
156325
156435
156468
156480
156531
156544
156587
156636
157053
157256
157405
157566
157599
157785
157879
157880
157899
157913
157934
157943
158028
158059
158096
158117
158380
158524
158736
159029
159390
159427
159428
159439
159611
159613
159631
159636
159676
159684
159796
160233
160451
160464
160468
160543
160568
160600
160655
160663
160694
160721
160784
160814
160858
160956
161057
161062
161338
161375
161388
161389
161394
161431
161452
161480
161508
161564
161684
161791
161860
161940
162075
162100
162106
162110
162118
162133
162338
162360
162362
162376
162379
162831
162837
162856
162868
162964
162970
163298
163302
163349
163353
163381
163434
163677
163687
163762
163913
163914
164018
164070
164072
164105
164160
164161
164185
164194
164299
164344
164427
164682
164698
164724
164735
164747
164760
164767
164769
164923
164960
164995
165451
165529
165560
165661
165686
165701
165711
165757
166399
166422
166423
166446
166448
166458
166462
166465
166473
166535
166543
166550
166563
166753
166763
167170
167227
167326
167407
167417
167491
167496
167499
167500
167520
167528
167578
167675
167994
168158
168244
168438
168449
168564
168606
168697
169074
169085
169117
169165
169729
169739
169761
169777
169788
169840
169873
169879
169896
169920
169925
169937
169963
170002
170141
170143
170149
170417
170595
170622
170735
170794
170874
171243
171254
171638
171952
172151
172178
172271
172286
172301
172377
172381
172382
172634
172650
173037
173115
173308
173673
173720
173826
173830
173860
173897
173906
174336
174354
174357
174424
174444
174474
174475
174823
174847
174884
175778
175967
175976
175985
175993
176198
176219
176244
176307
176385
176395
176441
176447
176531
176657
176927
176996
177005
177017
177308
177443
177483
177489
177946
178075
178276
178476
178497
178642
178732
178885
178899
178976
179127
179158
179166
179918
179944
179956
180044
180053
180648
181466
181650
181800
182009
182108
182143
182159
182452
182490
182836
183496
184075
184258
184387
184640
184740
184949
185608
185625
185642
185905
186067
186102
186204
186379
187777
187895
187980
188135
189017
189067
189213
189258
189429
189455
189488
189553
189802
189918
190404
190405
190434
190565
190624
191155
191156
191181
191326
191367
191565
191697
191713
191823
192413
192474
192494
192518
192606
192684
192722
192864
192873
192888
192932
193390
193475
193490
193511
193563
193590
193633
193699
193716
193729
193742
195348
195375
195377
195387
195510
195517
195520
195537
195570
195575
195579
195620
195624
195741
195885
196035
196195
196565
196593
196598
196607
196612
196626
196706
196900
197035
197134
197175
197289
197480
197545
198019
198342
198348
198435
198461
198485
198543
198831
199034
199049
199170
199196
199444
199673
199821
199986
200082
200129
200158
200248
200332
200460
200470
200471
200553
201186
201187
201233
201293
201295
201310
201514
201615
201631
201656
201748
201800
201821
202260
202781
203022
203237
203271
203645
203722
203745
203805
203811
203860
204014
204093
204124
204774
204919
205069
205168
205390
205466
206002
206085
206088
206177
206192
206227
206271
206529
206649
207207
207219
208005
208012
208136
208310
208764
208770
208921
208932
209217
209460
209904
210718
210767
211265
211355
211875
212273
213052
213111
213226
213336
213429
213690
213956
213992
214477
214493
214866
215211
215373
215541
216507
216567
216692
216706
216916
216989
217117
217118
217680
217730
217746
217791
217814
217866
218287
218420
218449
218523
218548
218759
218764
218793
219087
219201
219392
219446
219471
219595
219876
220358
220384
220734
220798
220877
220895
222217
222292
222294
222353
222355
222369
222607
222833
222875
222888
223327
223886
223913
223995
224284
224453
225366
225637
226039
226051
226054
226386
226923
226995
227442
227991
228196
228249
228656
228905
228950
229253
229316
229609
229847
230116
230247
230680
230697
230760
231698
231900
231943
232593
232685
233632
234498
234925
234980
235136
235279
235491
235551
235615
235755
236853
237505
237688
237947
237960
238577
238849
239223
239502
239580
239759
239811
239839
239918
240233
240238
240516
240665
240709
240730
240768
241000
241536
241604
241747
241787
242055
242276
242314
242428
242608
242651
242909
243251
243522
243626
243628
243855
243946
244454
244540
244607
244776
244783
244943
245028
245496
245926
246318
246476
246946
247115
247177
247581
247594
247642
247681
248064
248164
248554
248946
249206
249474
249553
249927
249942
250154
250514
250559
252257
252442
252469
252617
252628
253353
253897
254111
254300
254371
255413
255436
256137
257576
257713
257805
257852
257961
258154
258393
258530
260104
260212
260257
260298
260448
261479
263322
264210
264486
266437
266678
267338
268048
268115
268209
268698
269019
269379
269870
269911
269912
270010
270034
270973
273261
274042
274054
274369
275162
276420
276446
276634
276992
277043
279870
279982
280014
280034
280374
280409
282096
282142
282168
282776
282928
283196
283580
283664
285524
285621
286453
286589
287081
287111
287388
288498
288536
288859
289544
290586
290738
290799
292938
296980
297412
297459
297479
298556
299110
299239
299275
299763
300110
300122
300209
300858
300932
300948
302043
302178
302687
303641
303746
305488
306010
306739
306743
306774
307109
307282
307811
310465
310549
311472
311490
313272
314269
316790
318159
318262
320205
321427
321556
323143
323615
324077
324243
325606
326637
327063
328393
328465
331956
332409
332766
333326
333615
334035
334155
336553
337567
337846
337965
338247
338489
338494
338813
340605
340618
341487
342957
343903
344381
344783
345687
345709
349399
350010
351880
352074
352948
353216
355181
357499
357735
363031
363108
363658
364316
365404
365574
366485
368250
373510
373862
373966
373973
376033
376839
376846
377474
378714
379512
380366
385109
387006
390854
392183
393677
393707
394006
395228
396754
397797
398112
400711
400876
402212
405316
409358
416060
416185
416580
417370
419414
422187
422703
425009
429051
437427
438431
438968
2000 SW309
2001 QF6
2001 RK2
2002 TT161
2004 QR19
2004 RB2
2004 SB39
2004 XU51
2005 EF286
2005 OQ2
2005 PA4
2005 QH159
2005 UG80
2005 WV3
2005 WE178
2006 BW269
2006 QC22
2006 SS56
2006 VL121
2007 LP33
2007 VU298
2009 KY22
2009 TC6
2009 TN21
2009 UB17
2009 VV48
2010 CH128
2010 KF23
2010 XQ58
2011 GF73
2011 WF115
2012 AJ1
2012 JG47
2012 TW232
2013 AB132
2014 WL382
1998 WK42
2002 RV129
2004 GA77
2005 EH118
2005 JU92
2006 OY23
2006 XT24
2007 GL57
2007 JS13
2008 CU115
2009 FM4
2010 AY84
2010 AK94
2010 AF129
2010 BA66
2010 BH66
2010 BC73
2010 BQ81
2010 BO87
2010 BW125
2010 DJ86
2010 EY168
2010 FC32
2010 FA110
2010 GO50
2010 GA72
2010 HC4
2010 HU14
2010 HO64
2010 HQ73
2010 HK89
2010 JW7
2010 JW108
2010 KS11
2010 KB29
2010 KD35
2010 KG75
2010 KJ78
2010 KV122
2010 LP5
2010 LH16
2010 LF38
2010 LA40
2010 LX44
2010 LK50
2010 LT66
2010 LS79
2010 LW92
2010 LN96
2010 MT47
2010 MC55
2010 MV58
2010 NW12
2010 NK32
2010 NM62
2010 NJ68
2010 NM84
2010 NT89
2010 NJ97
2010 OM4
2010 OZ29
2010 OC43
2010 OO48
2010 OZ93
2010 OE95
2010 OR96
2010 OM100
2010 PN40
2010 PT70
2010 VB111
2011 LK4
2013 BH70
2013 GD22
2014 DY26
2014 UM62
2015 CL58