id
3839
4267
5326
5376
5716
5763
6202
6278
7151
7759
8672
8875
9253
9292
9489
10077
10911
10964
11484
12299
12413
12588
12634
12792
13408
13853
14293
14294
14304
14515
14772
16310
16849
17319
17327
18183
18592
19051
19127
19176
21979
22249
22812
23284
26005
26043
26269
26682
26686
27637
27640
29032
29683
29884
30046
30172
30295
30571
30654
30714
31588
32689
33924
36904
39374
39414
39653
40051
41831
42410
43624
43701
45842
46477
51515
52160
52203
53044
53957
55596
56093
56511
57799
57981
60355
61252
61756
64209
65222
65303
69188
69191
69309
70622
72677
73584
73586
75024
81505
83389
84291
85062
85064
89171
99946
117978
117979
117983
117988
122463
125799
126907
147627
151694
163162
171468
192271
239583
269618