id
480
3346
6052
10813
11789
12395
13720
17483
19010
20517
21224
22149
24472
25911
32124
32436
35664
38892
38902
41504
42806
44276
45602
46137
47464
49576
50384
51424
56918
61676
62074
62694
63443
68289
71534
73197
74510
76551
78188
81195
82332
82426
82837
82895
85041
86612
88073
89941
92938
93440
96314
96322
97412
101433
103113
103990
105180
105602
105742
105999
106546
107741
109339
109493
110201
110329
110469
111997
113366
113368
114753
116053
116868
119396
123579
126159
126352
127009
128327
128619
129164
131037
133053
134757
136117
138450
139511
139802
141142
141494
143653
144969
148551
149314
153616
155731
155736
155845
159500
162188
164213
168084
174440
177090
177331
181960
183998
185863
186217
188029
188576
188675
191097
193638
195325
197229
198568
199937
201335
205187
208083
209263
209376
210571
210803
211316
211857
216847
221676
222222
233176
233223
233267
234633
239316
240408
241860
242681
244901
245600
245801
246676
249172
251699
257946
259679
259956
261577
261670
262124
267296
268044
280552
282645
282964
283136
283142
283805
285546
287831
288284
288542
291574
294080
296250
297374
298371
298521
302856
306241
307818
315676
318850
323860
330001
330444
331842
334547
335931
336931
340295
342674
344140
344727
344915
346297
348402
349255
349728
352289
352920
355778
357095
357674
358657
362249
364265
368265
371342
371659
371706
372573
377343
385310
386563
387882
392402
394487
398018
403093
405202
407715
410015
410666
411399
411922
415961
416256
417650
420806
423864
426313
427375
427622
428803
429182
432339
432755
432965
433189
433321
433378
434368
435582
435630
438311
439017
439228
2001 UD10
2002 RM155
2002 VZ144
2005 EF177
2005 SF133
2005 TC187
2006 CS26
2006 KR40
2006 KA145
2006 SC79
2006 SY151
2006 UN109
2007 TW334
2007 VH4
2008 EM8
2008 GJ86
2008 RP137
2008 UQ238
2008 UW336
2008 UW336
2008 YE54
2009 HZ
2009 HD4
2009 JO11
2009 QA23
2009 RR20
2009 SN269
2009 TP41
2009 UA138
2009 WJ7
2010 EW35
2010 FG6
2010 GJ93
2010 NX43
2010 TG154
2010 VX57
2010 WH65
2011 DU21
2011 FV151
2011 QY3
2011 SK85
2011 SV168
2011 SE192
2011 UF118
2011 UQ198
2011 UY270
2012 EO2
2012 FD63
2012 GS1
2012 HO55
2012 TK5
2012 TU30
2012 TG129
2012 TK143
2012 UP61
2012 YD6
2013 CR15
2013 EV114
2013 FA11
2013 GE40
2013 GB129
2013 RK30
2013 TS114
2014 DN103
2014 DB125
2014 FK66
2014 GP29
2014 KA
2014 OP51
2014 PS8
2014 PH9
2014 UR24
2014 US108
2014 WP30
2014 WS305
2015 AG280
2015 FY339
2015 LP1
2015 MC121
2000 GY187
2001 US228
2002 PE198
2003 ST214
2003 UU275
2003 UP329
2004 TV329
2005 CQ33
2005 JR41
2005 UV320
2006 BX194
2006 SV207
2006 TZ97
2007 FY45
2007 JL20
2007 RD115
2007 UL60
2008 FU4
2008 HT26
2008 UN166
2008 UQ238
2008 WX129
2008 YT123
2009 DP122
2009 UF27
2009 UJ116
2010 CD207
2010 DF13
2010 KZ46
2010 KA118
2010 LT10
2010 NE16
2010 OR2
2010 RW113
2010 WP34
2011 FL63
2011 FQ69
2011 OP11
2011 QN96
2011 SX127
2011 UF36
2011 UX65
2011 WY26
2011 WL43
2011 WV123
2011 YZ43
2012 BT18
2012 EZ9
2012 GH
2012 TC21
2012 UL78
2012 VK46
2012 VT81
2012 XW114
2013 AS119
2013 EL15
2013 GV81
2013 GM125
2013 GY134
2013 HB55
2013 MF7
2013 QS45
2013 RJ16
2013 TH37
2013 WB36
2013 WJ64
2013 WS108
2014 BR14
2014 DB10
2014 DT21
2014 DO40
2014 DW42
2014 DW83
2014 DP84
2014 HS2
2014 HE185
2014 JZ5
2014 MZ29
2014 OQ23
2014 UE33
2014 UD117
2014 WP320
2014 WB484
2014 WS229
2015 AG81
2015 AZ279
2015 BP88
2015 BX125
2015 BX463
2015 BD311
2015 DC143
2015 DT180
2015 FU66
2015 FK83
2015 FX331
2015 KQ158
2015 MC92
