id
3025
3353
4209
4232
7187
9387
9431
13186
16256
17175
19284
24465
24479
25884
26106
27776
30877
31354
31849
31850
33288
33332
35087
38916
39199
39700
40141
40229
40978
45468
48527
49310
51112
53422
55913
58558
58877
61729
80100
81510
82067
87470
87934
88466
90005
90568
92036
92302
94213
94251
99391
99814
99892
100000
101866
106769
107373
107640
108261
111657
111682
111832
112740
112804
115226
115295
115979
118399
120217
120218
120782
121297
121335
121660
127500
129162
129215
129626
130916
131575
133058
133254
135186
136289
136810
136954
140953
141054
142734
149162
149309
149627
151188
151480
151881
153100
153627
157084
157182
158086
162193
162261
162866
164847
167444
167697
169740
171280
173134
173489
176257
178536
179466
182339
182511
186637
187031
187486
189423
195383
197258
197485
199734
208874
211341
213255
214291
217829
222506
222528
225002
230789
232689
233479
235714
237079
238136
239974
240738
242243
244826
247653
248018
250001
250216
251221
252267
252428
253192
253961
253976
254003
257243
258551
259056
261598
261876
263684
263757
270373
271777
271913
272049
282156
282174
282350
282941
283829
284230
285282
292288
295414
298385
298502
299092
305501
307630
307683
309207
315173
315927
319007
319554
320738
322976
323027
323425
324840
326676
328473
329507
329628
334976
335063
336016
338480
339096
339139
342715
344911
347534
350631
352633
357554
358849
358989
360324
360530
360798
361425
364250
365039
365823
366377
367403
368235
370211
370344
370383
373901
374306
376260
376385
379868
381554
382393
387028
388593
389350
392226
393676
393687
394111
397082
399043
399638
409027
409079
409299
409885
411983
412157
413083
413456
414749
418241
418302
421658
423492
424104
424210
426040
427424
427523
427595
427603
428032
428825
429132
431837
433329
433938
434020
434539
436749
437096
437328
437338
438682
438720
439626
2000 UD
2001 TV16
2001 TQ209
2001 UR19
2001 UP81
2002 EO34
2002 RW233
2003 BR11
2003 SE105
2003 SX339
2003 YR109
2004 JK56
2004 RB322
2004 TD
2004 TD141
2005 EL286
2005 GF59
2005 GQ107
2005 QC60
2005 SB184
2005 UO43
2005 UR518
2006 KD90
2006 SE121
2006 UE39
2006 UO183
2006 UY195
2006 UB269
2006 VJ93
2007 HF72
2007 LF33
2007 RP150
2007 TH13
2007 TB46
2007 TZ94
2008 DR22
2008 ER74
2008 EN99
2008 QC43
2008 SU11
2008 SX90
2008 VB28
2009 RD61
2009 SZ220
2009 TV21
2009 UY15
2009 WO263
2010 RP113
2010 VF113
2011 CF18
2011 ER43
2011 FL65
2011 FV69
2011 FT154
2011 GR71
2011 OZ18
2011 UP135
2011 XW2
2012 BQ90
2012 BG126
2012 GA29
2012 HC
2012 HP1
2012 HA25
2012 HD31
2012 HQ45
2012 QD
2012 TV30
2012 TH122
2012 TX139
2012 UL20
2012 UG157
2012 UA166
2012 XH131
2012 XC149
2013 AD129
2013 CO20
2013 CM59
2013 GP76
2013 GQ77
2013 KB17
2013 PA3
2013 QQ15
2013 SP
2013 WO87
2013 XD19
2014 BT38
2014 EF24
2014 HT6
2014 HM185
2014 JP55
2014 KN39
2014 QK205
2014 RR60
2014 SY160
2014 TL53
2014 TH56
2014 UN56
2014 UW157
2014 WN361
2014 WC429
2015 AE236
2015 DW130
2015 DF138
2015 FA95
2015 HN150
2000 SC79
2001 YN129
2002 GU32
2002 TU313
2003 SL116
2003 YL98
2005 JX63
2005 VL47
2006 SO272
2006 UM291
2007 DP1
2007 EL55
2007 UO58
2008 FF44
2008 SJ96
2008 UG43
2008 WO6
2009 TX4
2009 VC49
2010 GS30
2010 GH158
2010 GQ163
2010 GT170
2010 HE68
2010 KZ68
2010 KK92
2010 MU29
2010 MG66
2010 NQ11
2010 TF51
2010 TF84
2010 VO17
2011 EH31
2011 OR12
2011 SX188
2011 SK219
2011 UR105
2011 UZ151
2011 YD
2012 BL101
2012 BH134
2012 BB148
2012 CU26
2012 FG44
2012 GT
2012 QO13
2012 TM297
2012 UO
2012 UJ99
2012 US157
2012 VC1
2013 AP17
2013 CR79
2013 CU88
2013 GM2
2013 GL66
2013 GF80
2013 JP34
2013 QL11
2013 QD50
2013 TM131
2013 TP132
2013 VE
2013 WP77
2013 XX24
2014 AS20
2014 DG22
2014 GO41
2014 HY4
2014 JB25
2014 JV56
2014 KB4
2014 KW99
2014 LT14
2014 SD260
2014 SE262
2014 ST328
2014 UZ7
2014 UA113
2015 BF233
2015 CO47
2015 CE59
2015 DQ198
2015 EG20
2015 FG117
2015 GD6
2015 HM7