id
594
1104
1606
1695
1792
1956
2142
2361
2469
2489
2499
2592
2769
3008
3046
3049
3241
3264
3598
3599
3666
3696
3933
3947
3962
4014
4061
4151
4250
4337
4366
4420
4462
4545
4665
4725
4779
5057
5155
5176
5468
5704
5889
5919
5957
5959
5994
6033
6297
6393
6423
6532
6534
6670
6677
6720
6725
6730
6861
7181
7322
7585
7662
7694
7749
7755
7836
8090
8150
8188
8247
8284
8330
8674
8835
9203
9789
10043
10386
10864
11110
11394
11658
12112
12115
12882
13436
13812
14390
15078
15249
15877
15939
15951
16786
18083
19285
19501
19731
20097
23512
24030
24388
25312
25977
26579
26645
28938
29555
31801
31822
32259
33074
33830
34726
36156
36289
43202
44443
46564
49651
58879