id
1
39
139
187
205
264
410
444
446
521
563
898
1002
1242
1403
1642
1893
2215
2373
2507
2879
3211
4277
4509
4512
4585
4744
4872
5401
5563
5981
6325
6499
6678
6783
6906
6929
7564
7964
8295
8334
8443
8809
9208
9511
9545
9840
10281
10435
10839
11133
11322
11368
11508
11637
11834
11906
12275
12279
12708
12754
12809
13801
13915
14009
14700
15212
15523
15827
15840
17020
17132
17364
17833
17973
17979
18376
18379
18537
18552
18643
18667
18799
18829
18927
19016
19330
19740
19767
20047
20098
20119
20132
20396
21051
21530
21838
22093
22127
22159
22259
22397
23049
23092
23100
23471
23547
23805
24011
24258
24310
24433
24588
25086
25090
25188
25253
25524
26511
26586
26588
26697
26745
26799
26830
27127
27487
27592
27697
27857
28223
28743
29476
29558
29937
29974
30068
30228
30367
30474
31224
31681
32153
32385
32492
32592
32709
32972
33147
33260
33631
33663
33671
33707
33973
34315
34508
34605
34615
35573
35648
35652
35688
35777
35808
35840
35999
36001
36005
36245
36612
36675
36951
36989
37025
37132
37169
37383
37748
37895
37973
37975
38509
38595
38931
39181
39183
39237
39242
39331
40483
40683
40704
40841
41381
42000
42075
42093
42262
42352
42543
42676
42803
42989
43085
43149
43248
43850
43920
44201
44291
44308
44384
44523
45016
45139
45239
45340
45367
45744
45921
46179
46215
46259
46290
46443
47038
47054
47064
47485
47508
47510
47514
47531
47665
47838
47875
47876
48157
48210
48607
49434
49449
49466
49494
49902
50030
50129
50176
50190
50207
50266
50504
50654
50678
50793
50848
51083
51123
51162
51167
51189
51266
51269
51538
51551
51727
51770
52053
52415
52957
53189
53797
53996
54069
54203
54308
54452
54519
54554
54998
55021
55173
55269
55592
56005
56194
57232
57299
57630
57640
57922
57974
58144
58636
58688
58716
58718
59098
59594
59632
59650
59742
59765
59770
59974
60567
60631
60655
60883
61538
61543
61905
61918
61988
62477
62482
62484
62543
62631
62632
62686
62722
62824
62834
63061
63302
63428
63476
63613
64219
64305
64317
64410
64604
64611
64682
64796
64824
64831
65011
65041
65062
65069
65094
65162
65220
65617
65656
65764
65766
65802
65988
66093
66156
66445
66494
66559
66658
66779
66790
66872
66901
66993
67006
67015
67103
67124
67139
67145
67349
67636
67857
67956
68027
68105
68332
68531
68723
68852
68973
69303
69835
69864
69918
69937
69963
70751
70808
70889
70892
71055
71059
71132
71239
71281
71287
71404
72244
72274
72409
72460
73085
73928
74299
74370
74399
74429
75731
75796
75827
75967
76152
76178
76257
76272
76411
76417
76419
76476
76651
76743
76768
77157
77259
77334
77475
77503
77561
77584
77589
77638
77662
77781
77786
78131
78241
78497
78572
78591
78791
78793
79454
79860
79924
79926
79931
79943
79952
81134
81269
81297
81323
81520
81611
81687
82333
82493
82556
82594
82611
82652
82873
82910
83161
83194
83308
83324
83370
83375
83648
83703
83881
83958
84181
84219
84363
84534
84692
84779
84796
84916
85052
85523
86005
87163
87676
87782
87852
87899
88024
88025
88164
88300
89254
89496
89576
89706
89853
89926
90148
90249
90261
90290
90389
90437
90506
90673
90735
91413
91418
91429
91485
91585
91662
91789
91817
91877
93310
93800
93815
93876
93929
93961
93972
93993
94117
94864
95034
95291
95294
95564
96281
97170
97204
97210
97309
97325
97388
97422
97425
98675
98740
98802
98949
99080
99132
99225
99678
99809
99821
99971
100013
100315
100463
100606
100671
100726
100963
101188
101817
102204
102536
102936
103006
103106
103118
103124
103146
103172
103341
103466
103493
103747
103818
103981
104352
104375
104383
104390
104598
104705
104739
104777
104985
105110
105161
105185
105192
105215
105315
105682
105953
106188
107442
108277
108366
108425
108500
108514
108568
108623
108634
108694
108725
108729
108862
108958
109213
109576
109623
109636
109987
110094
110265
110280
110309
110586
110615
110630
110708
110724
110945
110973
111007
111041
111222
111320
111430
111532
111540
111630
111906
112299
112482
112562
112569
112691
112719
112884
113002
113194
113345
113476
113779
113892
114010
114140
114262
114367
114526
114571
114693
114876
114908
114930
114977
114979
115225
115307
115442
115751
115856
116131
116269
116389
116635
116742
116912
117067
117083
117211
117258
117303
117424
117468
117663
117728
117757
117826
118390
118744
118763
118765
118793
118877
118967
119686
119692
120142
120234
120322
120397
120424
120437
120575
120835
121158
121319
121520
121540
122335
122773
122805
123107
123171
123351
123359
123374
123384
123388
123413
123460
123492
123514
123594
123602
123632
123671
123679
123693
123751
123752
123753
123757
123879
124882
126698
126700
126753
126997
127049
127089
127126
127128
127207
127797
128024
128147
128458
128545
128762
128936
128946
129198
129269
129320
129528
130099
130100
130126
130172
131165
131178
131185
131196
131232
131268
131282
132674
132682
132706
132951
133028
133702
133719
134206
134243
134295
134878
134923
135585
135587
135913
135922
136072
136172
136310
136443
136522
136652
136850
137196
138235
138246
138383
138442
138461
138541
138641
139362
139403
139408
139413
139416
139460
139461
139514
139581
139642
139658
139753
139783
139944
139950
139961
140036
140152
140325
140389
140437
140487
140588
140674
140983
142257
142258
142768
142783
142828
142950
142976
143055
143067
143099
143217
143244
143503
144650
144705
144858
145007
145030
145053
145477
145523
145550
145551
145561
145618
146198
146384
146554
146613
146619
146632
146677
146682
146712
146742
146875
147341
147367
147424
147661
148317
148319
148735
148778
148866
148927
148957
149019
149317
149685
149749
149980
150180
150481
150487
150491
150528
150780
151029
151106
151131
151134
151135
151138
151228
151872
152028
152063
152264
152282
152461
152672
153046
153092
153666
153841
153846
153991
154501
154559
154731
154740
155343
155564
156394
156518
156994
157270
157575
157637
157811
157839
157882
158092
158111
158521
158973
158975
159252
159320
159386
159448
159655
159670
159674
159852
159888
159934
160193
160350
160480
160503
160547
161235
161364
161394
161448
161693
161840
162096
162108
162408
162412
162437
162909
163303
163350
163376
163456
163960
164055
164110
164757
164760
164770
164977
165600
166392
166406
166416
166465
166579
166598
167166
167410
167414
167499
167516
168200
168391
168438
168612
169080
169818
169819
170043
170627
170640
170658
170660
170681
170686
170702
171048
171124
171131
171501
172180
172181
172221
172247
172275
172324
172335
172380
172741
172794
173029
173041
173235
173455
173698
173720
173750
174237
174363
174459
175000
175017
175053
175093
175107
175204
175250
175492
175588
175960
175969
176197
176358
176904
176916
176923
176927
176992
177017
177346
177427
177565
177593
177808
177820
178105
178356
178670
179325
179739
180004
180030
180043
180056
180060
180714
180725
180750
181296
181368
181761
181781
182116
182385
182481
182538
182653
182678
182741
182802
182987
183435
183509
184127
184259
184508
185060
185116
185437
185594
186144
186179
186250
186256
186623
186630
186899
187651
187898
188045
188054
188070
188106
188130
188297
188315
188319
188486
188491
188507
188907
189253
189463
189469
190202
190299
190389
190682
190686
191047
192051
192112
192691
192776
192798
192864
192870
192881
192883
193575
193588
193695
193735
195120
195485
195502
195557
195571
196533
196549
196562
196582
196591
196598
196784
196788
196821
196914
197045
197906
198425
198556
198627
198655
198790
198813
199310
199751
200152
200247
200277
200282
200290
200299
201155
201165
201171
201261
201531
201541
201631
201688
201765
201799
201808
201896
202994
203013
203019
203692
203694
203706
203992
203998
204021
204096
204125
204184
205166
205177
205438
205459
205935
206014
206155
206382
206426
206550
206580
206635
207296
207322
208146
208160
208782
208892
209112
209329
209339
209835
209870
210840
211229
211312
211361
212004
212463
212578
213145
213146
213291
213336
213349
213355
213726
213981
213990
213999
214011
214040
214056
214063
214381
214655
214681
214762
214959
215259
215262
215320
215552
215770
215970
216246
216545
216899
216961
216991
216995
216998
217003
217120
217224
217299
217302
217410
217505
217592
217759
217770
217771
217781
218369
218809
218836
219019
219346
219348
219384
219394
219398
219403
219404
219406
219431
219828
220302
220354
220550
220560
220567
220619
221186
221314
221440
221617
221681
222290
222338
222362
222364
222372
222373
222763
223755
224322
224539
224631
225033
225078
225192
225393
225627
225629
225637
225888
226007
226065
226717
226736
226752
226795
226801
226826
226827
227013
227480
227492
227574
227594
228197
228365
228370
228377
228390
228402
228653
228660
229082
229123
229188
229251
229257
229573
229904
230086
230097
230103
230384
230392
230637
230902
230928
230975
231756
231914
232491
232658
233289
233371
233419
233468
233882
234119
234290
234350
234756
235119
235139
235154
235197
235862
236436
236663
236765
236782
237334
237452
237580
237960
238286
238619
239165
239303
239463
239665
239677
239858
239865
239958
239961
239963
240245
240270
240426
240447
240611
240639
240665
240681
241024
241206
241330
241345
241427
241653
241764
241807
242002
242020
242068
242103
242574
242899
242920
243134
243309
243401
243432
243530
243733
243945
243956
244105
244306
244388
244415
244421
244443
244450
245023
245293
245366
245393
245462
246198
246243
246544
246602
246627
247228
247236
247244
247337
247338
247467
247470
247704
247863
248012
248359
248730
248885
249105
249135
249200
249848
249879
249896
249919
249923
249930
249962
249966
249977
249999
250485
250664
251066
251598
251704
252026
252341
252392
252411
252449
252468
252486
252499
252507
252553
252600
252646
252656
252663
252679
252701
252782
253159
253319
254024
254066
254099
254754
254799
254987
255794
256203
256318
257110
257176
257435
257506
258087
258241
258260
258262
258307
258356
258434
258436
258456
258461
258507
258510
258540
258555
258576
258588
258596
258688
259320
259851
260059
260062
260089
260128
260839
261148
261396
261410
262113
262485
262740
262952
263169
263459
263686
264450
264694
264722
264734
264747
264768
265317
265331
265337
265774
266690
267434
267468
267472
268458
268485
268537
269002
269099
269297
269601
269997
270511
270547
270551
270570
270576
271197
271616
271890
271929
272642
272663
272805
272806
272835
272861
272957
273091
273920
273959
274245
274311
274356
274376
274491
274540
275121
275297
275500
275582
275933
276128
276152
276422
276513
277511
277600
277683
278059
278698
278852
278959
279301
279748
279859
279990
280120
280127
280194
280329
280333
280354
280365
280605
281171
281351
281508
281512
281904
281955
281974
282046
282123
282271
282287
282290
282393
282438
282562
282662
282699
282704
282731
282754
282930
283147
283175
283456
283663
283670
283717
283736
283884
284056
284287
284291
284295
285171
285386
285878
285884
286189
286513
286566
286661
287064
287168
287223
287341
288162
288279
289080
289117
289271
289350
289500
289781
290144
290311
290468
290689
290837
291244
291375
291703
291957
291988
292170
292502
292768
292812
292858
293128
294093
294298
295288
295540
296543
296843
296902
297054
298064
298141
298159
298195
298217
298246
298261
298266
298271
298275
298579
298698
299659
300791
300964
301343
301740
301743
301773
302113
302721
302739
302762
303598
303640
303645
304169
304177
304344
304345
304466
305154
305194
305277
306099
306794
307285
307389
307898
307906
307917
308317
308867
308879
309034
309609
309617
309987
310184
310205
310379
310552
310581
310861
311111
311724
311748
311787
311813
311837
311877
312251
312359
312959
313217
313239
313263
313517
313551
313553
313555
313860
314235
314261
314263
314305
314308
314892
314923
314947
315614
315701
315772
316584
316628
316882
316888
316897
317638
317679
318149
318208
318260
318361
318752
318840
319629
319696
319809
320370
321002
321346
322523
322736
323161
323181
323495
323519
323910
323920
323952
324017
324037
324042
324555
324730
325241
325245
325288
326437
326461
326722
326730
326733
327029
327361
327443
327855
327905
327943
327981
328331
329006
329385
329400
329402
329406
329786
330121
330412
330424
331041
331184
331494
331500
331926
332400
332750
332769
332875
332972
333149
333238
333435
333606
333783
334336
334470
334754
334823
334851
334869
335566
335587
335800
336168
336194
336874
336906
337009
338043
338068
338536
338537
338591
338615
338629
338631
338638
338760
338784
338786
338788
338811
338818
338860
338866
338868
339407
340435
340557
340561
341998
342698
342772
342787
342791
342814
343036
343112
343408
343913
343951
343971
344111
344465
344495
344665
344670
344722
344791
344798
345021
345023
345024
345025
345041
345046
345066
345471
345481
345524
345868
345881
345888
346572
346725
347047
347501
347821
347827
347848
347871
347893
348117
348119
348123
348126
348399
348715
349201
349262
349274
349388
349791
349832
350032
350362
350411
350438
350913
351189
351414
351433
351444
351558
351827
352326
352333
352385
352836
352905
353118
353473
353785
354033
354271
354294
354295
354309
354310
354313
354321
354437
354485
354651
354659
354678
355016
355055
355077
355113
355420
355497
355569
355585
356179
356465
356795
356958
357106
357310
357481
357733
358239
358275
358290
358696
358732
358754
358755
359480
359707
360050
360051
360277
360353
360357
360499
360627
360870
360948
361230
361282
361367
361837
362501
362605
362615
362832
363169
363227
363391
363618
363799
363840
364404
364666
364830
364880
364914
364963
365705
365982
366747
366754
366925
366983
367195
367385
367784
367898
368058
368118
368578
368607
368625
368627
368740
369072
369395
369427
369445
370062
370703
370715
370771
370803
370832
371302
371664
371753
371783
372023
372533
372565
372909
373141
373263
374103
374115
374123
374153
374166
374524
374983
375007
375292
375456
375605
375964
376004
376380
376445
376468
376470
376498
376761
376821
376952
377350
377416
377438
377451
377455
377470
377938
378320
378338
378705
378779
378919
379014
379396
379406
379419
379706
379864
379937
380102
380323
380902
380907
380947
381149
381533
381560
381597
381664
381877
382145
382774
382795
382972
382973
382989
382994
383272
383318
383336
383605
384070
384112
384714
384727
384812
385104
385149
385453
385454
385596
385598
385609
385837
387151
387209
387262
387297
387406
387446
387533
387647
387798
387936
387942
388237
388238
388580
388615
388659
389129
389513
390078
390753
390783
390942
391258
391568
391573
391935
392012
392018
392074
392606
392656
392831
392907
393060
393338
393382
393532
393610
393614
393780
393788
394160
394250
394538
394607
394634
395042
395062
395172
395503
395573
395636
395675
397265
397342
397393
398008
398041
398575
398790
399066
399070
399189
399436
399623
399778
400035
400414
400652
401142
401313
401314
401598
401773
402301
402308
403669
403963
404575
404604
404800
404950
404951
405070
405096
405098
405585
405620
405655
405962
406606
406676
407124
407318
407382
407556
407803
407836
408017
408241
408330
408424
409460
409463
409501
409549
409648
409969
410036
410056
410063
410563
410570
410693
411459
411477
411539
411735
412275
412315
412691
412844
412933
413018
413532
413552
413646
413669
413719
413951
414017
414570
415778
416014
416053
416633
417007
417108
417168
417214
417244
417246
417259
417813
417822
417833
417858
419002
419084
419090
419129
419171
419180
419231
419408
419832
419930
420085
420202
420362
420548
421306
421453
421590
421677
421957
422094
422128
422259
422548
422595
422675
422973
422979
423194
423209
423236
423564
423681
423705
423718
423807
424033
424196
424613
425136
425231
425261
425289
425447
425717
425723
425844
425863
425934
425965
425971
426357
426524
427086
427238
427337
427357
427997
428038
428082
428345
428701
428815
429170
429192
429240
429667
429721
430162
430229
430251
430671
430806
431125
431130
431135
431435
432007
432348
432512
432844
433045
433159
433253
433415
433950
434148
434211
434268
434381
435167
435669
435745
435892
435952
436231
436235
436310
436326
436834
437178
437211
437463
437684
437788
438014
438022
438351
438512
438600
438617
438944
438948
438950
439330
439349
439630
1994 SG11
1998 OS4
1998 QQ85
1998 YJ13
1999 XE49
2000 OA22
2000 QR210
2000 SF64
2000 SR272
2000 TP40
2000 UE40
2001 OR59
2001 QO85
2001 QL162
2001 SL225
2001 SZ254
2001 SB333
2001 TW259
2001 UP115
2001 UG131
2001 UJ230
2001 WT69
2001 XT224
2001 XR229
2001 YD10
2001 YE12
2002 CD116
2002 CU224
2002 GE127
2002 JN150
2002 MN6
2002 QM49
2002 QC108
2002 RF131
2002 SC35
2002 TD92
2002 TY234
2002 TY158
2002 TQ212
2002 TA228
2002 TY234
2002 TE304
2002 TA315
2002 TC343
2002 UF13
2002 UB17
2002 UG55
2002 VX137
2003 BX21
2003 CS20
2003 PY10
2003 RR24
2003 SL138
2003 SD419
2003 SE263
2003 UK48
2003 UE68
2003 UL102
2003 UR203
2003 VG10
2003 WU41
2003 WQ42
2003 XA24
2003 YG32
2003 YJ147
2003 YF160
2004 CY27
2004 CP87
2004 EF96
2004 ES96
2004 LK23
2004 QH2
2004 RB124
2004 RL164
2004 RT327
2004 SZ29
2004 TN275
2004 VW5
2004 XN115
2004 XG131
2005 GO49
2005 GV156
2005 JY47
2005 JJ131
2005 MC23
2005 MH48
2005 OH17
2005 OL20
2005 OY21
2005 OY30
2005 QE76
2005 QQ80
2005 QF151
2005 QN189
2005 RP46
2005 RR46
2005 RB47
2005 SV6
2005 SC111
2005 SN152
2005 SZ186
2005 SC222
2005 SL232
2005 SC264
2005 SM283
2005 SC285
2005 TM110
2005 TC118
2005 UW8
2005 UG84
2005 UP89
2005 UJ99
2005 UR393
2005 UU420
2005 UU431
2005 UK494
2005 UR498
2005 UB510
2005 UH520
2005 UW285
2005 UQ324
2005 VG91
2005 VE131
2005 WL162
2005 XQ32
2005 XQ51
2005 YM53
2005 YU82
2005 YC143
2005 YM178
2006 AQ11
2006 AF64
2006 BH49
2006 DP58
2006 DE195
2006 EJ73
2006 FF49
2006 HD6
2006 HT54
2006 KA45
2006 KB47
2006 KN80
2006 KR82
2006 KA120
2006 KC122
2006 KW137
2006 OF5
2006 QM24
2006 QC62
2006 QY118
2006 QT138
2006 RR6
2006 RQ22
2006 RV32
2006 RD36
2006 RL59
2006 SE3
2006 SK11
2006 SU25
2006 SA45
2006 SW65
2006 SR79
2006 SL110
2006 SP344
2006 SB389
2006 SC141
2006 TS100
2006 TQ111
2006 UU141
2006 UE173
2006 UG183
2006 UM203
2006 US136
2006 UU141
2006 UE173
2006 UG183
2006 UO234
2006 UE239
2006 UY261
2006 VL30
2006 VQ49
2006 VY58
2006 VY62
2006 VR81
2006 VB150
2006 WO
2006 WK161
2006 WU205
2006 XU22
2006 XO37
2006 XJ39
2006 XA64
2007 BL11
2007 BG12
2007 BR31
2007 DU34
2007 DF94
2007 DF116
2007 GZ18
2007 GU27
2007 HN
2007 JB28
2007 KE7
2007 LH26
2007 MD
2007 OT4
2007 QU8
2007 RA107
2007 RA147
2007 RT287
2007 RX290
2007 RW313
2007 TH4
2007 TU364
2007 TB399
2007 TA147
2007 TU198
2007 TU212
2007 TU217
2007 TT218
2007 TO242
2007 TM248
2007 TB326
2007 UB131
2007 UT140
2007 VB116
2007 VR159
2007 VC165
2007 VG188
2007 VW315
2007 VJ327
2007 XS7
2007 XC16
2007 YX3
2007 YN49
2007 YM61
2008 AM22
2008 AS72
2008 AD100
2008 AO120
2008 AS136
2008 BT31
2008 CQ55
2008 CB103
2008 CX138
2008 DT
2008 DS5
2008 DB22
2008 ER51
2008 FR22
2008 FW95
2008 FW136
2008 GY106
2008 GJ131
2008 GA144
2008 JM12
2008 JN23
2008 NU
2008 PX20
2008 RN108
2008 RH116
2008 SG101
2008 SD117
2008 SE126
2008 SZ156
2008 ST280
2008 TE40
2008 UM37
2008 UQ364
2008 UE146
2008 UH219
2008 UM239
2008 UU256
2008 UN347
2008 VO10
2008 VE16
2008 VW67
2008 WU50
2008 WU59
2008 WT99
2008 WW107
2008 YS41
2008 YO42
2008 YO50
2008 YV74
2008 YM101
2008 YF152
2008 YB165
2009 AH23
2009 AS45
2009 BD4
2009 BW4
2009 BH96
2009 BE106
2009 BC171
2009 CO16
2009 CH59
2009 DA
2009 DO49
2009 DE79
2009 ED18
2009 FR41
2009 HN6
2009 HT37
2009 HB82
2009 HT82
2009 HG83
2009 KF1
2009 OG23
2009 QP61
2009 RZ
2009 RW23
2009 RE72
2009 SM43
2009 SW75
2009 SN212
2009 SF252
2009 SE283
2009 SO288
2009 SM355
2009 TA15
2009 US35
2009 UM72
2009 UB89
2009 UW110
2009 VB36
2009 VD75
2009 VS115
2009 WD85
2009 WO260
2009 WA261
2009 YV11
2010 AR73
2010 BZ4
2010 CH6
2010 DJ23
2010 EB157
2010 GV106
2010 GX126
2010 HB21
2010 HQ46
2010 JJ49
2010 JQ153
2010 KD110
2010 KU123
2010 LH15
2010 LM77
2010 LR100
2010 MZ32
2010 MW56
2010 ME60
2010 NX11
2010 NK34
2010 OJ41
2010 OV106
2010 PM16
2010 PE74
2010 RK74
2010 TQ171
2010 TE186
2010 UL33
2010 UW48
2010 UZ55
2010 US74
2010 UW95
2010 VL1
2010 VO64
2010 VK69
2010 VY73
2010 VN121
2010 VX203
2010 WF29
2010 XX6
2010 XU11
2011 AV38
2011 BG26
2011 CC33
2011 CM112
2011 ES86
2011 FE130
2011 GP60
2011 HF25
2011 HZ83
2011 JL
2011 JB27
2011 JJ28
2011 LC
2011 LE5
2011 MZ7
2011 OD10
2011 PC2
2011 QS
2011 QJ29
2011 QG56
2011 SX8
2011 SZ65
2011 SW102
2011 SF123
2011 ST131
2011 SQ154
2011 SM209
2011 SY215
2011 ST249
2011 TO4
2011 UJ
2011 UG13
2011 UR41
2011 UG111
2011 UR166
2011 UY246
2011 UB267
2011 UH321
2011 UG111
2011 UK404
2011 UB147
2011 UR166
2011 UB183
2011 UY246
2011 UB267
2011 UG298
2011 UH321
2011 WB1
2011 WP17
2011 WD30
2011 WW30
2011 WL32
2011 WC57
2011 WB84
2011 WE84
2011 WK91
2011 WR132
2011 YP47
2011 YY73
2012 BL78
2012 BC89
2012 BE129
2012 CH1
2012 CQ1
2012 CA2
2012 CE2
2012 CU38
2012 DY25
2012 DH46
2012 DW74
2012 DK94
2012 FX42
2012 FZ60
2012 GT27
2012 HP41
2012 HP67
2012 KL35
2012 PR8
2012 PZ8
2012 PQ17
2012 QA1
2012 QA6
2012 QF28
2012 RF9
2012 SH
2012 TG34
2012 TL60
2012 TD136
2012 TT207
2012 TO240
2012 TG296
2012 TA300
2012 TY307
2012 UE40
2012 UH96
2012 UT121
2012 VZ38
2012 VH45
2012 XQ12
2012 XW62
2012 XU128
2012 YR2
2013 AU1
2013 AR7
2013 AN19
2013 AJ22
2013 AX77
2013 AE78
2013 AS90
2013 AA91
2013 AC95
2013 AT100
2013 AY124
2013 AL127
2013 AM127
2013 AH148
2013 AJ160
2013 BX25
2013 CD37
2013 CR55
2013 CO69
2013 CQ69
2013 CS75
2013 CO91
2013 CF108
2013 CG121
2013 CE124
2013 CZ137
2013 CG178
2013 CO184
2013 CD216
2013 EQ6
2013 EF18
2013 EZ106
2013 EC107
2013 EG128
2013 EM128
2013 FA6
2013 GT18
2013 GP83
2013 GL88
2013 GS99
2013 HC16
2013 HP28
2013 HR48
2013 HY132
2013 JG49
2013 JT50
2013 JS57
2013 KU1
2013 KS10
2013 KL14
2013 LR34
2013 OP3
2013 OX4
2013 PL57
2013 PE65
2013 QQ5
2013 QA54
2013 RP15
2013 RR20
2013 RE23
2013 RQ56
2013 RB94
2013 SB36
2013 SM38
2013 TJ43
2013 TR61
2013 TU74
2013 TX89
2013 TO130
2013 TB133
2013 VY3
2013 VC4
2013 WZ41
2013 WL68
2013 WF72
2013 WM80
2013 WA86
2013 WA106
2013 YM1
2013 YQ30
2013 YN31
2013 YR39
2013 YN79
2013 YR82
2013 YH114
2013 YF133
2014 AF41
2014 AY45
2014 BB19
2014 BZ31
2014 BM39
2014 BT60
2014 DX25
2014 DT47
2014 DM77
2014 DC111
2014 DO120
2014 EK8
2014 EO21
2014 EK45
2014 FN28
2014 FT44
2014 HL33
2014 HX171
2014 HQ183
2014 JN
2014 JG13
2014 JV43
2014 JD47
2014 JF47
2014 KE15
2014 KH53
2014 KL59
2014 KU82
2014 LN
2014 LE28
2014 MO35
2014 MO37
2014 MW42
2014 MQ53
2014 MA62
2014 NV35
2014 NX56
2014 NW58
2014 OD48
2014 OL102
2014 OG110
2014 OZ386
2014 OH389
2014 OT208
2014 OC286
2014 OD295
2014 OD340
2014 PU66
2014 QT387
2014 QK388
2014 QB167
2014 QN432
2014 QC258
2014 QV325
2014 QV344
2014 RX18
2014 RD58
2014 SD5
2014 ST133
2014 SW209
2014 SV297
2014 TG55
2014 TH68
2014 TP69
2014 UW11
2014 UO17
2014 UY53
2014 UM103
2014 UQ131
2014 UO154
2014 UF209
2014 VJ16
2014 WT41
2014 WM188
2014 WM193
2014 WW360
2014 WG381
2014 WL121
2014 WE429
2014 WC469
2014 WW476
2014 WJ479
2014 WG236
2014 WF503
2014 WA263
2014 WN271
2014 WN333
2014 WO350
2014 YU3
2014 YR20
2014 YG41
2015 AZ34
2015 AC263
2015 AF265
2015 BW35
2015 BT36
2015 BL62
2015 BV85
2015 BQ86
2015 BF104
2015 BN114
2015 BG447
2015 BE244
2015 BG246
2015 BV256
2015 BU302
2015 BJ305
2015 BD308
2015 CV12
2015 CK53
2015 DG22
2015 DZ45
2015 DE107
2015 DK110
2015 DO118
2015 DN134
2015 DL151
2015 DT153
2015 DY156
2015 DA162
2015 DY205
2015 DS207
2015 DF213
2015 DN215
2015 DQ217
2015 ES18
2015 FB3
2015 FD8
2015 FZ41
2015 FH66
2015 FH213
2015 FJ296
2015 FH299
2015 FH336
2015 GJ2
2015 GV25
2015 GO38
2015 HE108
2015 HT153
2015 KV19
2015 KD71
2015 KG94
2015 KO110
2015 LU2
2015 LP3
2015 LX21
2015 LS30
2015 LP32
2015 LD33
2015 LC35
2015 MW50
2015 MV67
2015 NP12
2015 OZ19
2015 OV26
2015 OW73
1994 TO8
1994 UJ10
2000 GA121
2000 QM109
2000 SL134
2000 WO63
2001 FW207
2001 FQ210
2001 FO230
2001 PV15
2001 SS93
2001 SU208
2001 UX226
2002 EA37
2002 EV145
2002 FX41
2002 LC26
2002 PF177
2002 PN186
2002 QW33
2002 QP79
2002 QY131
2002 RQ195
2002 RB292
2002 SN69
2002 TG371
2002 TD383
2002 TW384
2002 TG135
2002 TL312
2002 TF345
2002 TZ348
2002 UD72
2002 WB21
2003 SB399
2003 SE336
2003 SS336
2003 UC48
2003 UV170
2003 UA280
2004 BQ61
2004 DD8
2004 RJ55
2004 RL237
2004 RE269
2004 RM348
2004 XE188
2005 CM17
2005 EM175
2005 GN57
2005 HQ4
2005 JQ39
2005 NB28
2005 OT7
2005 QS58
2005 SY225
2005 UT150
2005 UE487
2005 UA523
2005 UJ334
2005 VB131
2005 WX22
2005 YP12
2005 YR81
2005 YD98
2005 YC147
2005 YF236
2005 YC291
2006 BJ37
2006 BW203
2006 BU206
2006 DH213
2006 DF216
2006 KP18
2006 KR43
2006 KB53
2006 KZ81
2006 PC10
2006 SG45
2006 SH58
2006 SK70
2006 SL110
2006 SO382
2006 SV385
2006 SS387
2006 SS225
2006 SP344
2006 TP75
2006 TD93
2006 TQ96
2006 TL111
2006 TM112
2006 TH115
2006 TC121
2006 UG81
2006 UT160
2006 UR186
2006 UM203
2006 UV283
2006 UB331
2006 VK3
2006 VP37
2006 VQ58
2006 VA67
2006 VX81
2006 VQ104
2006 WF134
2006 YN42
2007 BM21
2007 BY60
2007 BS95
2007 BY101
2007 CZ27
2007 DA64
2007 ED24
2007 EU53
2007 GV26
2007 GH74
2007 JJ9
2007 JJ15
2007 LJ1
2007 PK41
2007 QX17
2007 RQ257
2007 TY33
2007 TD252
2007 TC258
2007 TU315
2007 TM327
2007 TW335
2007 UG49
2007 UT57
2007 UW58
2007 UD84
2007 VT7
2007 VN45
2007 VJ191
2007 VH213
2007 VO233
2007 VO238
2007 VV245
2007 VK278
2007 WN56
2007 WK63
2007 WL63
2007 XE57
2007 YL56
2007 YF59
2007 YV69
2008 AD62
2008 AU71
2008 BQ49
2008 CW81
2008 CN133
2008 CK143
2008 ER37
2008 EK124
2008 EQ139
2008 EQ164
2008 GW2
2008 GW15
2008 GA86
2008 GY116
2008 HC9
2008 HJ15
2008 HR17
2008 QN6
2008 QE14
2008 RT101
2008 RL114
2008 SP41
2008 SN183
2008 SY255
2008 TE85
2008 TU171
2008 UK105
2008 UZ124
2008 UQ135
2008 UL241
2008 UT270
2008 UL296
2008 UB303
2008 VD15
2008 VA77
2008 VL77
2008 WK127
2008 YT119
2009 BT136
2009 DX107
2009 EK2
2009 ES12
2009 GA1
2009 HY6
2009 HC33
2009 HC60
2009 KJ34
2009 RO62
2009 ST186
2009 SL243
2009 SM262
2009 SQ291
2009 UY95
2009 UG97
2009 UR109
2009 VS10
2009 VE81
2009 VX89
2009 VB101
2009 WX3
2009 WF82
2009 WP119
2009 WM194
2009 WL218
2009 WJ256
2009 YJ
2010 AL50
2010 AM94
2010 AR96
2010 AK100
2010 BH82
2010 BM102
2010 BE108
2010 BG123
2010 CQ22
2010 CX130
2010 CJ196
2010 CJ203
2010 CB217
2010 CN235
2010 DB13
2010 DA17
2010 DY24
2010 DP85
2010 FH79
2010 FS108
2010 GN16
2010 GM84
2010 GS86
2010 GS87
2010 GB96
2010 GN98
2010 HH2
2010 JM26
2010 JN59
2010 JT59
2010 JY59
2010 JZ136
2010 KN12
2010 KO28
2010 KV52
2010 KL57
2010 KL72
2010 KH78
2010 KD94
2010 KH107
2010 LL2
2010 LM17
2010 LY26
2010 LE37
2010 LF37
2010 LS83
2010 LZ88
2010 LA92
2010 LG93
2010 MG11
2010 MV14
2010 MS16
2010 MD20
2010 MA36
2010 MA60
2010 MT64
2010 MJ79
2010 MA80
2010 MZ86
2010 MO103
2010 MH111
2010 NH87
2010 OR57
2010 OM64
2010 OC65
2010 OM66
2010 PM2
2010 PC38
2010 RX153
2010 TE1
2010 TD26
2010 TD62
2010 TP96
2010 TZ121
2010 TP161
2010 TH180
2010 UV13
2010 UJ52
2010 UX56
2010 US60
2010 UN97
2010 VQ33
2010 VT168
2010 VC179
2010 VQ191
2010 VJ193
2010 VQ205
2011 BW25
2011 BJ55
2011 CX23
2011 CW90
2011 CV115
2011 DH7
2011 DG16
2011 EB61
2011 FU6
2011 FD111
2011 GV1
2011 GD59
2011 HD13
2011 HV18
2011 KO20
2011 OF2
2011 PY
2011 RJ15
2011 SG65
2011 SM160
2011 SH204
2011 SO260
2011 UL84
2011 UX93
2011 UU385
2011 UJ140
2011 UL140
2011 UR163
2011 UX200
2011 UJ277
2011 UW278
2011 UZ301
2011 UV316
2011 WO7
2011 WR10
2011 WH29
2011 WV71
2011 WB89
2011 WT116
2011 YQ14
2011 YD20
2011 YQ58
2012 AN14
2012 BG65
2012 BT134
2012 BY149
2012 BM152
2012 CE35
2012 GH20
2012 HA16
2012 HE33
2012 HK56
2012 HV74
2012 HJ80
2012 HG82
2012 JQ18
2012 KR9
2012 KQ27
2012 KM39
2012 PA29
2012 RM16
2012 SX1
2012 TJ18
2012 TE36
2012 TT103
2012 TH150
2012 TX153
2012 TX156
2012 TL186
2012 TH217
2012 TL298
2012 UR3
2012 UV34
2012 UL85
2012 UO94
2012 UB130
2012 UX135
2012 XY56
2012 XK150
2012 XT150
2013 AU144
2013 AC155
2013 AW157
2013 AS164
2013 AW165
2013 AD166
2013 AE168
2013 BC25
2013 BL32
2013 BH42
2013 BU54
2013 BU71
2013 CY13
2013 CV126
2013 CN196
2013 CZ206
2013 EE14
2013 EM18
2013 FR22
2013 GV56
2013 GA117
2013 GL134
2013 HV
2013 HJ7
2013 HV55
2013 HU102
2013 JS18
2013 JG19
2013 JC27
2013 JL33
2013 LZ22
2013 NV4
2013 PF30
2013 PG33
2013 PS52
2013 RM16
2013 RN50
2013 TW44
2013 TT87
2013 TK91
2013 TS131
2013 TN133
2013 WQ30
2013 WW37
2013 XT8
2013 XB15
2013 XQ18
2013 YZ
2013 YE45
2013 YB53
2013 YJ62
2014 BT9
2014 BK47
2014 DX84
2014 EH10
2014 EN39
2014 FD5
2014 FZ5
2014 HD27
2014 HX31
2014 JH10
2014 KJ100
2014 LQ19
2014 ML9
2014 ML49
2014 OD14
2014 OE21
2014 OH27
2014 OP63
2014 OZ79
2014 OX365
2014 OA120
2014 OB125
2014 OA145
2014 OR156
2014 OL163
2014 OO189
2014 OL196
2014 OO216
2014 OT264
2014 OE319
2014 OP337
2014 OM355
2014 OY358
2014 PM42
2014 QN101
2014 QF114
2014 QP395
2014 QV215
2014 QH244
2014 QB254
2014 QA274
2014 QC284
2014 QW342
2014 QQ349
2014 SB96
2014 SV122
2014 SB163
2014 SK188
2014 SS343
2014 TN67
2014 UF14
2014 UL123
2014 UF182
2014 UD194
2014 WH2
2014 WS69
2014 WS95
2014 WL129
2014 WR382
2014 WL129
2014 WM188
2014 WM193
2014 WD285
2014 WY325
2014 WC326
2014 WR356
2014 YK3
2014 YY16
2015 AU181
2015 AS217
2015 AM218
2015 AN264
2015 AH272
2015 AX276
2015 BA12
2015 BL56
2015 BK76
2015 BL84
2015 BX86
2015 BT119
2015 BA122
2015 BH125
2015 BK148
2015 BM435
2015 BD183
2015 BO193
2015 BX210
2015 BW481
2015 BD242
2015 BK249
2015 BT250
2015 BS269
2015 BX348
2015 CD35
2015 CD51
2015 DW54
2015 DG108
2015 DT125
2015 DY155
2015 DW170
2015 EO5
2015 FG59
2015 FR137
2015 FG246
2015 FS314
2015 FQ315
2015 FK323
2015 FD325
2015 GD41
2015 HN3
2015 HZ26
2015 HZ122
2015 KJ11
2015 KV89
2015 KH103
2015 KZ128
2015 LY39
2015 ME7
2015 MG15
2015 MP71
2015 ML121
2015 NH15
2015 NA18
2015 OW24
2015 OG45
2015 OA55
2015 OW75
2015 PZ41
2015 PJ43
2015 PP54
