id
2682
2736
2910
3258
3463
3646
3653
3963
4125
4634
4943
4986
5046
5053
5098
5160
5202
5211
5329
5456
5640
5807
6184
6188
6331
6450
6643
6708
7271
7287
7439
7630
7760
7944
8100
8196
8229
8337
8533
8540
8580
8718
8744
8826
8900
9335
9337
9447
9453
9471
9607
9631
10018
10299
10681
10771
10818
11334
11341
11385
11621
12260
12540
12558
12669
12905
13021
13031
13407
13582
13720
13913
14177
14265
14384
14842
15042
15073
15108
15209
15212
15871
16010
16277
16278
16364
16366
16509
16708
16932
17027
17244
17580
17981
18034
18301
18829
18893
18896
18928
19661
19732
19926
20204
20380
20681
20838
21258
21763
22086
22977
23319
23978
24781
25581
26076
26489
26521
26635
26719
26799
27064
27195
27483
27500
27669
27736
27973
28391
28864
29489
30489
32390
33914
34705
34712
34854
36273
37390
37669
41296
43114
46354
47105
47124
48843
50866
54562
55324