id
280
467
962
1010
1111
1553
1670
1809
2400
3887
4240
4249
4453
4574
4598
4991
5074
5357
5950
6798
7269
7533
8364
8497
8502
8849
8914
9266
9408
9745
9806
9978
10291
11111
11135
11215
11309
11350
11353
11375
11722
12243
12356
12635
12901
12986
12996
13289
13318
13982
14105
14263
14313
14559
15003
15054
15184
15303
15371
15957
15976
16033
16224
16364
16479
16493
16502
16604
16709
16887
17131
18094
18161
18534
18821
19462
19721
19854
20123
20126
20223
20584
20673
20732
21167
21352
21734
21808
21841
21990
22001
22126
22219
22660
22867
22968
22994
23161
23385
23419
23536
23831
23872
23927
24423
24618
24691
24871
24875
24890
25183
25254
25271
25280
25285
25308
25356
25611
25768
25814
25860
26046
26108
26223
26330
26578
27449
27508
27911
27912
28297
28336
28381
28640
29023
29513
29634
29900
30488
30548
31082
31236
31257
32177
32260
32298
32421
32732
32871
33338
33774
33967
33970
34103
34165
34201
34244
34278
34376
34403
34408
34424
34560
34699
34790
34810
34910
35208
36020
36046
36053
36120
36202
36206
36517
36694
37054
37068
37120
37167
37330
37657
37663
38267
38371
38384
38386
38443
38505
38540
38581
39118
39179
39358
39425
39669
39785
40115
40951
40973
41125
41243
41291
42056
42131
42184
42203
42210
42476
43269
43515
43883
43992
44288
45303
45344
45474
45612
45678
45724
45755
45856
45866
46102
46151
46727
46732
47116
47129
47140
47555
47645
47692
47916
47938
48813
49660
49671
50801
50871
50951
50988
51129
51138
51292
51892
51903
51937
51977
52004
52037
52115
52528
52539
54479
55083
55247
55282
55430
55527
55531
55591
55937
56287
56947
57449
57483
57555
57661
57809
57985
58513
58774
58828
58843
59390
59947
59956
60087
60104
60115
60520
60576
60688
61486
61654
61672
61686
61726
61802
61830
62018
62262
62425
62580
62641
62724
62778
62797
63179
63473
63658
63690
63852
64964
65035
65192
65321
65739
66057
66095
66986
67025
67032
67051
67350
67482
67804
68157
68251
68381
68965
68986
69002
69013
69199
69837
69844
69877
69934
71051
71350
71362
71447
71498
72703
72714
73233
73409
73543
73796
73926
74449
75860
76215
76382
76675
78021
78198
78267
78282
78322
78378
78429
78480
78596
78634
78719
78749
78844
78865
78947
78950
79067
79334
79458
80009
80018
80038
81387
81892
82649
82672
82731
82752
82787
82828
82858
83129
83305
83327
83490
83702
83787
83809
83810
83892
84264
84431
84525
84879
85089
86168
86172
86218
86219
86282
87270
87979
88015
88711
89319
89800
90555
90567
90691
90727
90794
90804
90911
91441
91546
91656
91730
91848
91852
94004
95614
96091
96605
97331
97486
97499
97636
98923
99693
99878
99901
100029
100314
100505
100511
101023
102375
103896
104049
104116
104551
104714
104891
105016
105090
105269
105418
105437
105530
105560
105580
105638
105653
105756
105761
105810
105882
105897
105898
105969
105974
106037
106254
106324
107893
107915
108075
108731
109287
109795
109807
110462
110643
111058
111099
111213
111273
111498
112409
112465
112780
112785
112853
112888
112970
113088
113113
113218
113225
113228
113355
113437
113820
113850
114084
114621
114879
114964
115107
115334
115552
115557
115761
115816
115871
115920
116182
116436
116659
116703
116902
116947
117103
117341
118106
118842
119923
120121
120187
120344
120546
120626
121361
121496
121510
121554
121577
121597
121628
121669
121672
123314
123601
123876
124061
124068
126917
127153
127266
127314
128099
128115
128171
128200
128213
128283
128294
128465
128477
128578
128711
128845
129008
129120
129208
129701
129707
130176
130211
132723
132840
132958
132963
132973
133004
133143
133259
133411
133723
133850
134327
134331
134407
135103
135201
135295
135456
136021
136336
136886
139527
139536
139680
139725
139793
139885
139999
140031
140055
140102
140279
140342
140358
140453
140457
140503
140527
140535
140583
140672
140713
140803
140886
140913
140995
141007
141009
141086
141157
141159
141174
141242
141383
143119
143483
144423
144665
144707
144717
144780
144833
144876
144907
145590
146843
146846
147394
147626
147832
147839
147861
148381
148793
149077
149626
149741
149904
150262
150270
151248
151255
151361
151362
152014
152118
152268
152399
152580
152782
152793
152797
152815
154598
154793
154957
155361
155542
155545
155547
155839
156567
156578
156647
156998
157339
157360
157465
157617
157715
157930
159395
160865
161711
161946
162068
162152
163457
163462
163522
163608
164157
164376
164610
165680
166540
166578
166618
166640
166738
166740
166752
166762
166841
166866
168021
169180
170019
170083
170091
171090
171155
171251
171369
171884
171888
172000
172344
172940
173773
173796
173806
173849
174197
174432
174489
174930
175070
175281
175338
175986
176361
176437
176466
176467
177010
177031
177822
177838
178173
178707
179159
180103
181132
181242
181567
182180
182197
182793
182885
183418
183877
184187
184356
184540
184912
185513
185636
185754
186346
187252
187418
187623
187666
187815
188503
188825
188840
189490
189498
189884
190457
191359
191374
191836
191842
192236
192577
192582
192944
195909
196764
196844
196863
196869
196974
197046
197065
197091
197092
197178
197220
197242
197295
197373
198582
199508
199697
200078
200319
201184
201232
201281
201326
201327
201590
201708
202351
203259
203832
204154
204252
204574
204901
205479
205521
205563
206086
206157
206239
206745
206756
206766
206817
207227
207238
207448
207856
207857
208025
208340
208355
208466
208962
209352
209633
209868
210053
210855
210938
210961
212447
212493
212650
212892
213380
213438
214094
214401
214686
214722
214815
215624
215969
215978
216240
216306
217717
217809
218432
219166
219210
219220
219484
219865
219925
219961
220640
220642
220658
220668
220687
220701
220710
220714
220752
222012
222120
222139
222388
223314
223759
223777
223882
224968
225638
226076
226085
226746
226825
227025
227617
227645
228187
230660
232724
232907
232942
233054
233774
234146
234826
234854
234916
235978
235985
236073
236948
237194
237394
237965
237982
238639
239474
240002
240718
240751
241575
241698
241795
242086
242703
242956
243498
243985
243998
244107
245367
246249
246484
246512
247016
247286
247913
247938
248035
248463
248496
248937
249265
249583
249759
250692
251030
252123
252712
253373
254131
254251
254865
254931
254988
255026
255114
255118
255213
255273
255298
255312
256385
256402
257007
257433
257896
259423
260107
260121
260245
260378
260383
260790
260857
261421
262550
262681
262869
262890
263496
263688
263704
264336
265036
265364
265402
265421
265960
266381
266421
266590
266807
266864
268658
268706
269338
269539
269700
269701
270636
271157
271180
271189
271206
271248
272441
272817
273171
273826
274002
274316
274331
274405
274626
274659
274662
274714
274972
275120
275290
276261
276325
276614
277693
277865
278378
278396
278705
279737
281308
281481
281732
282296
283264
284241
284307
284641
284642
285124
285175
285181
285735
286015
286075
286113
286117
286171
286294
286962
288686
288792
289032
289040
289788
290168
290578
291341
291841
292253
292753
293122
293413
293470
294056
294070
294331
294960
295072
295104
295152
295480
295689
296160
296286
296322
296333
296498
296632
296943
297598
297665
297669
297690
297694
297731
299390
299662
299722
299793
299794
299799
299807
299809
299822
299842
299893
299917
299993
300826
301783
302289
303200
303667
304376
304627
304655
305482
308067
308080
308082
308328
308615
308960
309010
309114
309115
309132
309705
309999
310015
313109
313301
314380
314403
314408
314424
314449
314883
315877
316261
316699
316880
317023
317246
317280
317422
317992
318176
318242
318295
318691
318939
319053
319369
319469
319997
320304
321531
321981
322269
322395
322529
322687
322961
323277
323624
324055
324113
324115
324142
324167
325315
325614
325655
325932
326039
327086
327516
328761
328791
328832
328844
329090
329620
329657
329979
331037
331080
331419
333806
334474
336008
336363
336470
336528
336691
338182
338240
338949
338967
339487
339539
341396
341439
341521
341538
341578
341581
341640
341671
341737
341779
343005
343063
343503
343515
343981
344261
345062
346100
346137
346148
346702
348058
348889
350413
350684
351891
351932
351963
352457
352589
353119
353804
353851
354684
355063
355103
355145
355555
356401
356652
356705
356828
357118
357318
357321
357826
358090
358305
358331
358353
358360
358580
358688
358898
359528
359670
360680
361881
361885
362493
362539
362594
362856
363944
363991
364001
364036
364043
364066
364484
364998
365274
365753
367010
367018
367620
368637
369130
369407
369617
369780
370524
370530
370537
370592
370843
370846
371264
371292
371295
371785
372062
372713
373948
374186
374659
375434
375999
376617
376654
376661
377202
377946
377966
378852
378872
378894
378933
379007
379442
379449
380344
380346
380939
381614
382324
382352
382813
382830
383358
383779
384097
384143
384500
385279
385857
386156
386348
386470
386521
386562
386825
387043
387127
387571
388294
388380
389250
389544
389690
389751
389807
389924
390021
390217
390229
390240
391688
391700
392085
392570
392699
392896
393084
393791
394196
394301
395076
395253
396007
396193
396199
396233
396958
396979
396985
397657
398066
398070
398214
398366
398509
398999
399352
399831
399892
399959
400877
400953
400969
400979
401292
401382
401401
401613
402342
402356
402804
404059
405465
405466
405739
405850
406262
406974
407021
407097
407536
407911
407962
408528
408675
409304
409324
409334
409349
409693
410121
410562
410852
410914
410944
410948
410980
411740
411899
412306
412750
412761
412787
413764
414012
414516
414536
414600
414624
414641
414973
417265
417319
417350
419258
419360
419963
420123
420140
420625
420672
421398
421456
421555
421588
421743
421787
421940
422509
422661
423055
424726
424762
424800
424871
424926
425196
425362
426704
426852
426962
426975
427333
427616
428078
428395
428851
428903
429342
429834
429885
430247
430290
430581
430817
431441
431600
432039
432146
432470
432490
432999
433229
433853
434862
435227
435279
435345
435353
435878
436635
436646
436971
437129
437231
437473
437718
437722
439333
439749
1999 VJ42
2001 SA209
2001 UH191
2002 CJ4
2002 NC72
2002 OB32
2002 PS107
2002 QD154
2002 TZ218
2003 SW187
2003 SR195
2003 SJ325
2005 JR174
2005 MJ33
2005 QS28
2005 SW113
2005 TW120
2005 TA144
2005 UE95
2005 US332
2005 UJ424
2005 UB182
2005 UE226
2005 UL255
2005 UN517
2005 UU258
2005 US332
2005 VL38
2005 WC28
2005 WA142
2005 XU12
2005 YM20
2005 YR41
2005 YJ64
2005 YO72
2005 YT106
2006 BO226
2006 DD143
2006 HV9
2006 HS123
2006 RC116
2006 SJ386
2006 ST189
2006 SU194
2006 ST241
2006 SK309
2006 SV327
2006 SC358
2006 TL91
2006 TV128
2006 UN28
2006 UC29
2006 UA42
2006 US255
2006 UX137
2006 UY241
2006 US255
2006 UN285
2006 VK10
2006 VO80
2006 WF40
2006 XG52
2007 AE14
2007 BO76
2007 DY90
2007 EF22
2007 RS5
2007 RV43
2007 RU93
2007 RT189
2007 TX61
2007 TX114
2007 TU199
2007 TM227
2007 TE232
2007 TO322
2007 TZ328
2007 UN127
2007 VY111
2007 VG128
2007 VA196
2007 VY230
2007 WG13
2007 WB44
2007 WR45
2007 XJ44
2008 BR14
2008 CT27
2008 EN85
2008 EL86
2008 EE119
2008 FR31
2008 FR87
2008 QQ3
2008 RF39
2008 RP65
2008 RJ114
2008 SD101
2008 SX110
2008 SL221
2008 TV62
2008 TZ126
2008 UQ37
2008 UH69
2008 UU84
2008 UD139
2008 UZ189
2008 UF208
2008 UH290
2008 VH54
2008 VT70
2008 WX103
2008 WC128
2009 BZ171
2009 CR41
2009 FJ49
2009 SC34
2009 SH75
2009 SS83
2009 SC113
2009 UJ69
2009 UT85
2009 VN65
2009 WN81
2010 BR14
2010 NT16
2010 OR88
2010 RY96
2010 SR5
2010 TT8
2010 TD106
2010 TW141
2010 VQ73
2010 WN43
2011 BU43
2011 BK71
2011 CR11
2011 CN95
2011 ES38
2011 EU38
2011 GQ27
2011 RZ8
2011 SL164
2011 SB202
2011 SF275
2011 UA19
2011 UO58
2011 UQ367
2011 UH150
2011 UV351
2011 WE14
2011 WY78
2011 WD85
2011 YD57
2012 BB
2012 BT138
2012 BO151
2012 HH13
2012 HQ71
2012 JE17
2012 MA1
2012 SQ50
2012 SU59
2012 TC110
2012 TK264
2012 UB4
2012 UN21
2012 US39
2012 UQ57
2012 UX99
2012 VK33
2012 VM52
2012 VV91
2012 WK11
2012 XD62
2012 XK132
2013 AR39
2013 AJ45
2013 CN63
2013 CC159
2013 CK166
2013 CU203
2013 CF218
2013 DV5
2013 EQ1
2013 GW2
2013 GF30
2013 HE88
2013 HL117
2013 JW35
2013 JA45
2013 JK47
2013 PO45
2013 QX7
2013 QV38
2013 QO57
2013 QK66
2013 RP57
2013 RN93
2013 SX32
2013 SM48
2013 SO81
2013 TM21
2013 TH29
2013 TJ79
2013 WA96
2013 XL6
2014 AV41
2014 DE34
2014 DN99
2014 DL119
2014 EG
2014 GE46
2014 HA26
2014 JJ44
2014 JR47
2014 KB66
2014 KZ67
2014 KJ97
2014 MS46
2014 MS65
2014 OY47
2014 OJ70
2014 ON343
2014 OK122
2014 OF173
2014 OR209
2014 OX339
2014 OJ342
2014 ON343
2014 ON353
2014 PU11
2014 PD12
2014 PH33
2014 QQ279
2014 QR208
2014 QN240
2014 QQ279
2014 QJ304
2014 RX62
2014 SP88
2014 SS117
2014 SK133
2014 SP339
2014 TB42
2014 UK1
2014 UA42
2014 UE42
2014 UB200
2014 WA45
2014 WP73
2014 WX381
2014 WT239
2014 WB298
2014 WT326
2014 WM342
2014 XG18
2015 AD48
2015 AU238
2015 BV38
2015 BF56
2015 BU140
2015 BU179
2015 BE484
2015 DZ27
2015 DY98
2015 EE65
2015 FU152
2015 HZ59
2015 JT8
2015 KD29
2015 MP8
2015 MH15
2015 MH80
2015 ME114
1998 RU13
1998 WE44
2000 BS21
2001 FQ199
2001 FC228
2001 FY230
2001 FM243
2001 SZ237
2002 CU205
2002 RM258
2003 SE331
2004 RB270
2005 EO23
2005 OS29
2005 SC84
2005 SR128
2005 SR196
2005 TU166
2005 US
2005 UR31
2005 UR120
2005 VR36
2005 WO98
2005 XS52
2005 YW19
2005 YY104
2005 YD122
2006 AQ17
2006 CN3
2006 DC33
2006 HZ100
2006 RK79
2006 SZ221
2006 SL222
2006 SK246
2006 TW82
2006 UF95
2006 UG195
2006 VX114
2006 VC135
2006 WX83
2007 BG28
2007 HO15
2007 HH75
2007 RC88
2007 RD207
2007 TW229
2007 VP19
2007 VV285
2007 VR318
2007 XQ42
2007 XG49
2008 DC29
2008 FY21
2008 FU79
2008 HL35
2008 KB1
2008 RQ118
2008 RE145
2008 SX96
2008 UH2
2008 UC124
2008 UK159
2008 US231
2008 UB350
2008 WD3
2008 WP4
2008 WF44
2008 YD5
2008 YN22
2008 YC43
2008 YL82
2009 BP105
2009 KY20
2009 RJ6
2009 WN210
2010 AD38
2010 BA72
2010 BG84
2010 BF91
2010 CN203
2010 FL9
2010 FZ37
2010 FF74
2010 GH42
2010 GF90
2010 HL28
2010 HT87
2010 JN136
2010 JN142
2010 KU43
2010 KL44
2010 KS88
2010 KW91
2010 LL83
2010 LP115
2010 ML47
2010 MB69
2010 NZ56
2010 SD7
2010 SJ17
2010 TD72
2010 TR86
2010 TY185
2010 UU75
2010 VE5
2010 VY90
2010 WY23
2010 WC35
2010 WR50
2010 YK5
2011 BF76
2011 BZ110
2011 BQ157
2011 CF41
2011 CU89
2011 DY6
2011 ER83
2011 FZ36
2011 KH29
2011 KJ44
2011 SS17
2011 SL136
2011 UA12
2011 UV214
2011 UF296
2011 YC33
2012 DQ42
2012 EA13
2012 FG6
2012 FV64
2012 PD3
2012 QD25
2012 RD20
2012 SZ25
2012 TP16
2012 TT45
2012 TT48
2012 TM110
2012 TJ159
2012 TT241
2012 TR276
2012 US161
2012 WA20
2012 XJ25
2013 AB19
2013 AC45
2013 AB144
2013 AD155
2013 AU158
2013 AP168
2013 AD174
2013 CS112
2013 HT44
2013 HX72
2013 HR80
2013 HA88
2013 HD92
2013 HM126
2013 HE127
2013 HD143
2013 HL143
2013 HF149
2013 JJ5
2013 PT21
2013 RK20
2013 RW52
2013 TR43
2013 TE82
2013 WL81
2013 YF34
2014 BT10
2014 DY104
2014 EH9
2014 EK46
2014 FJ5
2014 GN4
2014 KP16
2014 KD70
2014 KE96
2014 LF10
2014 NK19
2014 NQ19
2014 OO27
2014 OF29
2014 OC31
2014 OT37
2014 OG56
2014 OR79
2014 OE85
2014 OD363
2014 OY140
2014 OY143
2014 OK157
2014 OM166
2014 OU308
2014 OK309
2014 PN20
2014 QR94
2014 QF97
2014 QB132
2014 QQ411
2014 QD422
2014 QB248
2014 QG320
2014 RV3
2014 ST24
2014 ST86
2014 ST228
2014 TB85
2014 US16
2014 WZ29
2014 WA140
2014 WZ236
2014 WO286
2014 WL341
2014 WA140
2014 WB315
2014 WL341
2014 YU11
2015 AP247
2015 BB69
2015 BN73
2015 BB108
2015 BW138
2015 BZ144
2015 BV163
2015 BE186
2015 BB188
2015 BW450
2015 BG214
2015 BF476
2015 DE35
2015 DO67
2015 DP81
2015 EY37
2015 FW50
2015 FG185
2015 HV12
2015 KD72
2015 KW73
2015 MR
2015 OH66
2015 OO72
2015 PN31
2015 PO33
2015 PW43
