id
231
910
924
2628
2908
3550
7611
7911
8662
9098
10215
11971
16662
16789
16994
17617
17683
19987
20406
21162
23453
23534
23614
25750
26126
26488
28007
29217
30990
32933
34001
34537
35344
36937
36986
37997
38801
39209
40106
40487
40607
40659
40836
43135
43704
43767
46554
47050
47069
47861
50367
50378
52261
53346
54058
55095
57108
58787
58874
58881
60075
61502
61708
62044
62968
64158
66027
66053
68826
69840
69923
70763
73488
74526
76051
76734
76741
77462
77873
80003
80063
80066
81833
81944
83584
83600
83880
83898
83987
85333
86126
86136
87213
87769
88519
90684
90714
91648
91846
95196
97245
97564
97681
100188
101552
103030
103788
105092
106067
106099
109327
111296
111415
111950
112929
113018
114117
114801
115116
115439
116217
116320
118964
121341
121454
121549
122771
127025
128229
129107
129477
131290
132688
134473
135078
135124
137172
139184
139633
140015
140210
140285
140425
141103
143213
144712
144916
145502
147403
147428
148357
148388
149133
150014
150273
150300
151028
151420
152045
152520
154776
154780
154838
156588
156997
157781
157905
158556
158738
160981
162904
163438
163461
163561
164560
165096
166566
166621
166650
166678
166704
166729
166754
166776
166814
169119
170084
172051
172274
173841
173896
173899
174460
174537
176350
179243
179300
181274
182153
182168
182687
182754
182774
182780
184890
185085
185319
189138
189406
189867
191164
191362
192998
193003
196845
199724
201178
201746
202300
202349
202389
202822
203738
203749
203762
204262
204566
207637
207925
208479
208969
210151
210859
210917
211403
211685
212684
214066
217385
222852
222909
223901
224545
224743
226052
226998
229656
232644
232734
232893
235162
235179
235481
235952
236074
237150
238616
238732
240015
240246
241801
242307
242396
242514
242950
243302
244465
244818
244998
246022
246391
247368
248333
248490
249554
249580
249760
250823
252770
254979
255104
255366
258784
261298
261513
261566
261768
262571
262711
265852
265953
267828
268703
269331
269698
270730
271846
271916
273146
274240
275335
276190
277863
279032
279719
280622
281306
281867
286017
288221
289172
289553
289760
289995
290115
290121
290203
290573
290870
291088
293348
296034
297171
297559
297682
297756
298283
298718
299786
300809
300834
301609
302262
302857
304662
307588
308037
308998
309618
311349
312435
312669
312792
312854
315008
315032
315803
316585
318136
318751
321372
321450
321536
322286
324712
324753
325737
325759
327049
333290
334498
334608
335638
335928
338295
341228
342968
343043
345968
346125
346160
346189
346197
346849
348528
349252
350027
350180
350699
351232
351843
351908
352001
352371
352482
352508
352516
352537
355074
355110
356608
356684
357706
358229
358946
360964
364088
364100
365648
366634
370021
370218
370576
372718
373395
373893
373910
374194
375350
375454
375508
375514
375541
375582
376019
377164
377176
377198
377504
379024
380664
384968
386153
386162
386171
387440
389200
389249
389255
390247
391036
392897
394246
394268
394664
395894
397020
398080
398250
398859
399876
400947
401628
401690
403444
404648
405735
405780
407154
407954
408062
408246
410133
410541
410836
410864
412327
412702
412758
412866
412948
413750
415707
417402
420981
421846
422444
422520
422905
423786
423827
427080
427528
427559
428899
430040
431532
431610
432018
432437
434819
434840
436649
436731
437889
438373
438421
438977
439137
439335
2002 NR80
2002 QQ60
2002 RJ274
2002 SF71
2002 TA381
2003 GO25
2003 SD393
2003 SH429
2005 EB237
2005 ST85
2005 TL58
2005 UN199
2005 US226
2005 UG228
2005 WD170
2005 YE45
2005 YA216
2005 YB266
2006 AF105
2006 CG52
2006 RQ114
2006 SK186
2006 SG201
2006 TH61
2006 TD122
2006 UC283
2006 UV154
2006 UV157
2006 UC283
2006 UH289
2006 WG10
2007 RJ16
2007 RB194
2007 RD324
2007 TC69
2007 TX409
2007 TT194
2007 TE278
2007 TB295
2007 VM230
2007 VH327
2007 YV66
2008 AT123
2008 CC26
2008 CW156
2008 DO87
2008 GL52
2008 HF1
2008 HT35
2008 PH19
2008 RH121
2008 SO214
2008 SM256
2008 ST278
2008 TH69
2008 TA136
2008 TA148
2008 TM171
2008 UY115
2008 UA146
2008 UU166
2008 UP219
2008 UL338
2008 VO26
2008 YW122
2008 YW142
2009 BP103
2009 DO2
2009 DY102
2009 HY52
2009 HQ70
2009 SH121
2009 WQ84
2009 WN95
2009 WK225
2010 BG66
2010 CG145
2010 CP171
2010 FZ19
2010 JP155
2010 LM71
2010 OU50
2010 PP33
2010 PC55
2010 RA11
2010 RK50
2010 TS84
2010 TW175
2010 UX80
2010 VO178
2010 WV9
2010 XU22
2010 XF51
2011 BS31
2011 FB51
2011 FZ65
2011 HO90
2011 KG6
2011 QO8
2011 SJ163
2011 UX105
2011 UF385
2011 VR22
2011 YJ43
2012 BC31
2012 DO75
2012 FL34
2012 FN69
2012 HL42
2012 PT40
2012 TC22
2012 TW146
2012 TK185
2012 TT200
2012 TB306
2012 TZ306
2012 VS44
2013 AM28
2013 AJ37
2013 AT81
2013 CH140
2013 EV16
2013 EO32
2013 GD97
2013 HX32
2013 PV45
2013 RQ17
2013 RR74
2013 WK35
2013 YV21
2014 DP45
2014 DX65
2014 GX43
2014 GW45
2014 HZ77
2014 HP150
2014 HY155
2014 OK62
2014 OE94
2014 OR388
2014 OU139
2014 OV287
2014 OE341
2014 SZ179
2014 TB70
2014 UP69
2014 WE163
2014 WK426
2014 WW464
2014 WO226
2014 WM341
2015 AA232
2015 BR7
2015 BJ107
2015 DN126
2015 GW16
2015 MP6
2015 MT36
2015 MH38
1999 FS70
2000 CE127
2001 FD213
2001 FC226
2001 ST134
2002 QH103
2002 QT120
2002 RG258
2002 RK272
2002 RA288
2002 VL6
2002 WB2
2003 SU393
2004 PE62
2005 ET299
2005 RD47
2005 SO197
2005 UD310
2005 VD26
2005 VB69
2005 WS12
2005 WX92
2005 YC17
2005 YQ160
2006 BH58
2006 BU155
2006 BS160
2006 BA195
2006 DN103
2006 EC27
2006 KM81
2006 SS100
2006 SV379
2006 SL381
2006 SZ121
2006 SV343
2006 TZ113
2006 TB117
2006 VJ122
2007 FO16
2007 RS87
2007 RE92
2007 RJ124
2007 TJ
2007 TO29
2007 TD98
2007 TL426
2007 VO81
2007 VG199
2007 VZ245
2007 VV287
2007 VO319
2007 YT66
2008 CV54
2008 EB98
2008 EG168
2008 FZ103
2008 UR70
2008 YC12
2008 YY30
2009 BE90
2009 BA171
2009 CE46
2009 HZ31
2009 QD1
2009 RO76
2009 SQ78
2009 SY320
2010 AJ83
2010 BM7
2010 BH18
2010 BV20
2010 BU33
2010 BK90
2010 BV108
2010 CR52
2010 CA232
2010 DL21
2010 DL26
2010 DA83
2010 EG3
2010 EA24
2010 FU52
2010 GJ45
2010 GN49
2010 GV49
2010 GX75
2010 GV79
2010 GC84
2010 HF7
2010 HN30
2010 HV89
2010 JK50
2010 JJ69
2010 JW134
2010 KA66
2010 KZ110
2010 KB111
2010 LP32
2010 LR54
2010 LP124
2010 MK53
2010 NV27
2010 NF57
2010 NW62
2010 OO17
2010 OP125
2010 PU3
2010 PC16
2010 PA17
2011 BO41
2011 BW51
2011 BL109
2011 CQ19
2011 CR84
2011 FD26
2011 NJ3
2011 QL20
2011 SA50
2011 SL156
2011 US182
2011 US298
2011 WZ22
2011 WZ52
2011 WR110
2011 WQ139
2012 BK90
2012 PE13
2012 QC9
2012 SO35
2012 SX35
2012 TA177
2012 TF178
2012 TE268
2012 TX275
2012 UB24
2012 UF51
2012 UZ54
2012 UL105
2012 XG124
2013 AQ168
2013 BO54
2013 CF212
2013 HA25
2013 HD72
2013 HC76
2013 HS83
2013 HQ96
2013 HA120
2013 HL126
2013 JG50
2013 WV9
2013 WC36
2013 YZ119
2013 YF145
2014 DW65
2014 HP10
2014 HQ21
2014 JE31
2014 KB99
2014 NN25
2014 ND59
2014 ON55
2014 OC121
2014 OY123
2014 OF310
2014 PJ19
2014 QJ388
2014 QG269
2014 QX352
2014 SW113
2014 SR130
2014 SU132
2014 SD147
2014 SG259
2014 TT6
2014 UF199
2014 WE35
2014 WR40
2014 WY95
2014 WR458
2014 WK208
2015 AT17
2015 AN227
2015 BM65
2015 BY83
2015 BT97
2015 BR108
2015 BK111
2015 BH395
2015 BS176
2015 BJ234
2015 BJ254
2015 BS259
2015 FH172
2015 FV332
2015 GR41
2015 HF18
2015 HU70
2015 HE81
2015 HG142
2015 KM146
2015 PX25
2015 PW50
