id
25069
29674
29769
31586
33316
33926
33956
34093
35435
35482
35635
35903
36005
36146
36195
36466
37099
37153
37882
37929
37977
38314
38454
38458
38539
38747
38792
38814
38921
39125
39271
39950
39958
39986
40071
40230
40503
40823
40826
41044
41111
41245
41931
42191
42627
42666
42692
42834
43081
43165
43182
43372
44178
44207
44316
44414
44540
44679
44702
44715
44754
44795
44980
45004
45119
45138
45174
45253
45358
45430
45445
45657
46119
46294
46835
46851
46885
46888
47175
47292
47377
48032
48058
48070
48140
48971
49105
49121
49127
49222
49256
49279
49338
49399
49663
49676
49760
49813
49885
49957
49982
50333
50403
50442
50730
51137
51468
51482
51496
51554
51569
51656
51657
51728
51734
51866
52669
52714
52764
52912
53008
53020
53356
53558
53786
53879
53890
54130
54461
54538
54713
54803
54823
55477
55977
56028
56253
56371
56862
57025
57033
57057
57177
57585
57903
58714
58770
58887
58963
59073
59084
59164
59692
59832
59883
60065
60466
60628
60643
60669
60758
61147
61152
61264
61269
61420
61470
61575
61589
61607
61933
62857
63244
63536
64379
64937
65130
65234
66049
66098
66126
66166
66167
66188
66594
66953
67145
67823
67871
67900
67937
68189
68772
68795
68936
69635
69688
69733
69744
69753
69975
70317
70401
70435
70677
71039
71097
71119
71183
71230
71368
71592
71631
71641
71672
71875
72158
72277
73042
73203
73991
74019
74130
74152
74165
74196
74197
74205
74233
74282
74424
74434
74468
74481
74741
74904
74978
74980
75164
75502
75557
75686
75841
75924
76048
76226
76607
76769
77232
77352
77369
77427
77429
77463
77527
77651
77930
77995
78027
78539
78737
78953
79537
79538
79583
79633
79635
79645
79653
79682
79699
79863
79873
80295
80369
80777
80801
80878
80915
80968
81075
81507
81955
82016
82037
82390
82814
83543
84073
84145
84283
84411
84467
84501
84660
84706
84712
84753
85623
85646
85684
85697
85812
85896
86706
87254
87279
87308
87378
87395
87402
87560
87679
87951
88280
88314
88853
89756
90001
90025
90141
90176
90232
90258
90422
90562
90581
91007
91057
91066
91096
91101
91166
91486
91531
91629
92219
92378
92567
92569
92637
92787
92883
92885
92908
92966
93059
93067
93093
93146
93177
93203
93309
93704
93871
94018
94326
94349
95042
95099
95398
95473
95623
95624
95663
95848
95992
96445
96480
96496
96556
96569
96588
96812
96962
97458
97500
97547
97594
97630
97749
98010
98141
98177
98282
98363
98655
98699
98712
99054
99234
99250
99503
99532
100761
100775
100782
100787
100795
100860
100866
100907
100913
100923
100941
100950
100954
100964
100970
101040
101047
101068
101085
101096
101118
101129
101144
101162
101212
101255
101306
101309
101310
101355
101379
101393
101410
101438
101480
101527
101546
101592
102192
102320
102567
102780
103115
103835
104186
104515
104646
105010
105209
105722
105987
106013
106218
106689
106758
106790
107773
107848
107857
107946
107967
108003
108210
108441
108529
108685
108692
109510
110699
110792
111189
111211
111265
111822
111943
112035
112047
112083
112348
112406
112477
112501
112599
112753
112982
113081
113462
113611
113746
113895
114098
114300
114312
114406
114476
114488
114492
114494
114809
114996
115011
115121
115162
115170
115352
115607
115683
115834
115852
116234
116244
116404
116431
116673
116907
117208
117259
117371
117387
117592
117629
117718
117745
117763
118252
118257
118261
118320
118526
118719
119071
119159
119253
119710
119971
120042
120215
120255
120281
120398
120809
120824
120848
120865
120869
120885
120950
121426
121761
121873
122099
122278
122284
122302
122424
122641
123089
123431
123694
124148
124457
124489
124525
124942
126204
126462
126965
127000
127232
127439
127531
127561
127814
128147
128311
128361
128402
128445
128880
128903
128918
129032
129069
129218
129612
129620
129668
129728
130142
130307
130732
131287
131966
132218
132258
132643
133185
133302
133555
133979
134085
134458
134460
134469
134616
134797
134799
135711
135773
135815
135894
135916
135931
135955
136403
136428
136440
136899
136919
136921
136924
136967
136995
137004
137064
137075
137090
137098
137107
137417
137644
138201
138497
138857
139994
140348
140937
140999
141423
141721
141820
141964
141971
142078
142241
142281
142289
142383
142435
142463
142529
142570
142730
142747
142761
142778
142903
142939
142946
143127
143134
143214
143482
143496
143788
144761
144801
144864
144930
144936
145032
145050
145206
145473
145799
145804
145807
145822
145827
145837
146563
146845
147071
147146
147359
147411
148037
148043
148045
148047
148049
148053
148302
148492
149247
149341
149444
149475
149601
149609
150181
150194
150196
150217
150225
151495
151536
151669
151878
151981
152124
152151
152160
152175
152195
152203
152274
152697
152738
152745
153043
153322
153337
153839
154267
154381
154392
154593
154972
155033
155048
155202
155475
155481
156190
156481
157520
157836
158124
158177
158184
158268
159138
159682
160029
160075
160111
160160
160546
160568
160658
161163
161336
161638
161944
162114
162125
162359
162589
163258
163283
163341
163434
163792
163839
164066
164185
164368
164705
164747
164761
165343
166084
166241
166361
166407
166435
166460
166473
166506
167024
167218
167410
167437
167454
167481
167527
168397
168417
168846
169148
169593
169743
169749
169766
169879
169971
169973
170643
170685
170859
171512
171514
171552
171641
172160
172161
172184
172637
173099
173188
173614
173648
173975
174187
174230
174261
174984
175395
175761
176084
176341
176425
176624
176698
176733
176765
176784
176837
176849
176960
178022
178407
178418
179716
179843
179930
179936
180546
180961
181403
181802
181806
181807
182551
182978
183013
183060
183271
183328
183371
183948
184018
184413
185447
185705
185706
185711
185712
185713
185723
185729
185783
186391
186553
186575
186995
187100
187382
187781
187790
187878
188291
188404
188504
189226
189429
189433
189971
190173
190183
190322
190326
190331
190340
191258
191423
191519
191531
192457
192461
192475
192480
192483
192492
192508
192532
192568
192573
193191
193336
193416
193494
194266
194281
194852
195197
195517
195541
196626
196706
196887
196963
197025
197209
197346
197604
198936
198965
199009
199053
199241
200160
200576
201142
202403
202698
202864
202869
203240
203265
204027
204046
204912
205234
205462
205518
205884
205996
206461
206638
206649
207369
207458
208003
208430
208713
208852
209069
209577
209621
209694
210429
210518
210522
210676
210766
211199
211260
211467
211902
211909
211940
212129
212340
213061
213828
213978
214148
214479
214753
214933
215042
215116
215204
215215
215809
216493
216953
217203
217348
217482
217524
217530
218206
218232
218239
218243
218258
218289
218450
219084
219098
219604
219941
220233
220245
220257
220268
220287
220391
220671
220822
220987
221371
221510
221540
221610
221621
221640
221680
221833
222016
222061
222230
222897
222953
223319
223346
223815
224054
224109
224140
224165
224983
225049
225051
225186
225244
225327
225715
225826
225891
225909
225934
226056
226254
226280
227099
227131
227819
228176
228182
228787
229402
229898
229938
230050
230123
230565
230582
230672
231466
231486
231693
231704
231992
232191
232214
232388
232661
232676
233114
233182
233401
233687
234018
234040
235136
235363
236091
236100
236545
236742
236779
236826
236845
237116
237226
237405
238822
239165
239270
239297
239394
239489
240194
240366
241250
241591
241670
242007
242023
242312
242900
243071
243215
243306
243597
243603
244082
244303
244359
244489
245536
245821
245840
245995
246028
246167
246914
247473
247630
247691
248136
248527
248716
248921
249008
249055
249401
250130
250491
251014
251016
251115
251731
251735
252524
253000
253010
253050
253084
253194
253345
253770
254199
256099
257535
257547
257557
258666
259040
259081
260317
260366
261456
262051
262402
262435
264044
264292
264918
264949
265049
266249
266501
266551
266781
266823
267436
267532
267689
268284
268288
268304
268335
269412
269874
270888
271624
271917
271973
272170
272171
272328
272402
272990
273483
274932
276051
276322
276428
276564
277287
278377
278500
278891
279267
280816
280864
280880
280895
281055
281262
282263
282663
282968
283068
283212
283270
283335
283458
284687
284691
284894
285283
285288
285304
285314
285530
286950
287131
287143
287410
287436
287814
288399
289188
289238
289410
289653
290275
290897
291931
292728
292790
293033
293200
295001
296380
297422
297477
297985
298303
298366
298458
299262
300375
301016
301278
301895
302602
302611
302642
303961
304028
305065
305225
305243
305617
305982
306423
306553
307081
307189
307289
307347
307353
307429
308969
309523
310224
311069
312317
313011
313169
313369
313790
313953
314142
315298
315520
316092
317245
317380
317406
317575
318144
318720
319278
319511
319873
320652
321474
321564
322637
323731
324449
325461
325741
326641
327190
327849
328503
328565
329259
329260
329643
329699
330397
332680
332697
332703
333513
333632
333892
335318
335655
335864
336113
337083
337098
339760
339777
340087
341912
342992
343099
343387
344738
344776
345161
345199
345858
346877
348846
349304
349505
350334
350543
350844
350900
351676
352118
353073
353113
353224
353776
355618
355784
356152
356330
356993
357210
358937
359648
359749
360474
362722
362864
364525
365376
365378
366348
366633
366807
367158
367218
367414
368264
369697
369877
370163
370489
372248
373229
373594
373643
373831
373902
375153
375757
376726
377089
379760
381786
382421
382422
382425
382874
383766
384380
386665
386676
387009
387720
388713
389771
390531
391528
391824
391988
392576
393924
396330
397264
399324
400855
400999
401805
403109
403472
403504
404675
405475
405923
406335
407304
408615
409915
410025
410488
415953
415994
416164
416174
416889
419093
422919
423419
423439
423533
425722
425905
425924
426474
428983
429049
430536
430722
431447
431761
433014
433318
434308
434529
435240
436002
436121
436939
437252
1998 HH151
1998 QR29
1998 QD60
1998 RJ81
1998 SQ7
1998 UN50
1998 VE31
1998 WG35
1998 XG20
2001 UL229
2002 KJ15
2002 PD2
2002 QG149
2002 QX153
2002 RQ5
2002 RG182
2002 RT251
2002 TH350
2002 TC156
2002 TH350
2003 SX243
2004 RW161
2004 XR148
2005 JL141
2005 NE42
2005 NG71
2005 QB33
2005 QJ57
2005 SH197
2005 TK34
2005 TS117
2005 UP82
2005 UR125
2005 UF347
2005 WU18
2005 WT57
2006 AK15
2006 AV31
2006 QK61
2006 RQ20
2006 SX213
2006 UL155
2006 VQ57
2006 YN53
2007 RU73
2007 RA179
2007 TM370
2007 TS224
2008 DS20
2008 RP75
2008 WV89
2009 BS1
2009 BZ149
2009 CD52
2009 RX15
2009 SU133
2009 UG2
2009 UB23
2009 UF72
2009 UU75
2009 UC120
2009 VO38
2009 VS61
2009 WZ35
2009 WQ207
2010 RJ184
2010 UY81
2010 VN152
2011 BT33
2011 FW56
2011 FU150
2011 GJ2
2011 PJ7
2011 QK88
2011 SK79
2011 SG85
2011 SQ168
2011 SN178
2011 SV182
2011 SN249
2011 YW77
2012 BU
2012 SZ46
2012 TT96
2012 TR98
2012 TJ126
2012 WB8
2013 FT3
2013 HJ59
2013 JT51
2013 OF6
2013 PB29
2013 QU74
2013 RC66
2013 SH71
2013 WK58
2014 FD67
2014 JY58
2014 NY1
2014 OS213
2014 SJ49
2015 BT243
2015 BW355
2015 KE123
2015 OU23