id
17407
18607
20862
25281
25626
25689
25927
27041
28952
29618
29674
30262
33152
33599
34484
35417
35466
35491
35495
35729
35891
35901
36466
36768
37187
37214
37262
37825
37845
37855
37882
37919
38126
38128
38199
38223
38618
38747
38752
38922
39036
39125
39164
39375
39823
39843
39870
39881
39885
39892
39929
39958
39977
40279
40300
40327
40334
40336
40339
40390
40402
40473
40503
40537
40600
40639
40672
40685
40708
40748
40774
40830
40867
41208
41244
41304
41357
41381
41530
41546
41570
41604
41668
41675
41800
41847
41849
41854
41877
42055
42065
42110
42116
42173
42358
42627
42641
42642
42657
42662
42666
42701
42826
42836
42844
42861
42869
42877
42891
42915
43072
43073
43088
43144
43217
43283
43337
43365
43387
43417
43427
43502
43677
44044
44046
44049
44058
44062
44064
44069
44070
44077
44078
44085
44088
44092
44097
44101
44104
44105
44106
44109
44110
44118
44121
44125
44140
44148
44150
44160
44164
44166
44170
44174
44177
44178
44179
44180
44202
44270
44282
44512
44591
44597
44621
44622
44623
44628
44632
44634
44635
44644
44649
44660
44672
44675
44681
44697
44708
44710
44758
44764
44778
44782
44793
44795
44801
44808
44812
44813
44840
44841
44862
44876
44894
44905
44932
44933
44936
44957
44963
44980
44989
45017
45038
45051
45055
45085
45086
45090
45149
45160
45287
45310
45356
45435
45661
45876
45905
45927
45947
45951
45990
46049
46070
46083
46119
46207
46237
46754
46760
46761
46764
46770
46778
46782
46789
46801
46809
46811
46819
46821
46835
46843
46847
46851
46878
46888
46951
47057
47144
47148
47150
47156
47162
47183
47193
47202
47207
47213
47217
47222
47223
47246
47247
47309
47341
47370
47377
47385
47387
47394
47642
48025
48055
48126
48239
48846
48849
48852
48856
48860
48868
48871
48891
48917
48928
48933
48943
48948
48951
48959
48962
48971
48974
48983
49046
49103
49147
49163
49164
49169
49222
49236
49237
49300
49309
49393
49448
49677
49685
49688
49707
49715
49730
49738
49744
49757
49758
49767
49786
49797
49802
49824
49832
49841
49869
49876
49888
49897
49898
49908
49956
49963
49974
49981
49982
50034
50068
50085
50086
50093
50162
50195
50211
50218
50674
50907
51137
51374
51414
51435
51446
51462
51478
51495
51519
51576
51586
51592
51614
51637
51657
51700
51708
51747
51792
51866
52006
52085
52777
52791
52801
52803
52819
52823
52828
52833
52837
52839
52848
52853
52856
52857
52858
52861
52875
52887
52923
52935
52942
52943
52945
52955
52958
52959
52965
52973
52986
52995
53007
53008
53010
53011
53038
53055
53074
53106
53113
53119
53445
53459
53479
53480
53525
53526
53541
53555
53558
53579
53584
53586
53589
53621
53638
53639
53646
53655
53688
53695
53702
53703
53723
53757
53786
53797
53798
53804
53821
53833
53907
53920
53967
53969
53977
53989
53993
54020
54062
54072
54073
54080
54101
54134
54170
54241
54289
54296
54298
54321
54368
54419
54712
54713
54757
54785
54819
54823
54880
54886
54889
54914
54935
54958
54993
55065
55092
55198
55400
55977
55985
55986
55996
55998
56000
56004
56006
56010
56011
56014
56017
56018
56023
56029
56037
56057
56059
56061
56064
56066
56072
56080
56106
56342
56357
56370
56386
56389
56390
56393
56398
56403
56406
56407
56414
56425
56464
56475
56497
56519
56534
56571
56578
56658
56673
57057
57059
57088
57113
57117
57123
57131
57135
57137
57145
57157
57158
57159
57163
57207
57211
57218
57246
57266
57283
57348
57365
57903
57942
57949
57959
57964
57972
58022
58938
58951
58973
59000
59025
59031
59062
59073
59080
59087
59127
59139
59196
59223
59619
59692
59735
59796
59901
59940
60046
60096
60206
60466
60643
60700
60746
60786
60816
60820
60835
60839
60845
60847
60849
60862
60881
60897
60907
60933
60949
60959
60966
60974
60983
60994
60996
60997
61011
61016
61021
61032
61091
61147
61152
61269
61430
61745
62092
62457
62599
63067
63244
63430
63460
63567
63592
63640
63808
63939
63941
64008
64120
64265
64280
64984
65031
65204
65301
65306
65889
65893
65894
65895
65906
65927
65933
65940
65946
65950
65954
66112
66141
66165
66192
66377
66455
66470
66471
66477
66539
66563
66593
66605
66709
66752
66846
66886
66952
66974
67119
67230
67265
67352
67457
67458
67610
67612
67617
67647
67659
67689
67712
67790
67791
67800
67827
67847
67873
67936
67937
67975
67985
68019
68044
68076
68100
68189
68337
68343
68344
68365
68482
68650
68701
68707
68758
68772
68835
68892
68918
68999
69078
69104
69345
69573
69580
69584
69590
69641
69644
69658
69665
69668
69681
69684
69688
69702
69731
69733
69741
70049
70092
70124
70132
70136
70140
70150
70164
70213
70246
70259
70265
70309
70314
70317
70333
70335
70345
70355
70392
70403
70405
70497
70534
70559
70566
70583
70718
70865
70933
70991
71042
71198
71277
71325
71367
71753
71822
71837
71853
71856
71902
71927
71977
72046
72091
72103
72148
72158
72230
72249
72254
72295
72328
72396
72515
72546
72916
72978
73042
73063
73107
73123
73156
73162
73193
73507
73980
73984
73987
73991
73997
74003
74012
74014
74018
74038
74055
74059
74068
74071
74074
74085
74102
74104
74111
74123
74157
74179
74190
74196
74197
74248
74260
74637
74711
74717
74741
74749
74793
74837
74857
74863
74866
74910
74917
74930
74978
74979
75141
75148
75164
75259
75530
75548
75588
75601
75677
75686
75829
76571
76856
76921
76931
76968
77138
77143
77149
77165
77219
77329
77362
77363
77382
77394
77404
77474
77560
77587
77593
77654
77975
77986
77998
78051
78061
78084
78290
78515
78523
78549
78653
78798
78833
78928
79507
79531
79535
79537
79546
79547
79550
79551
79564
79566
79573
79574
79580
79581
79583
79592
79598
79604
79605
79608
79609
79616
79617
79624
79637
79645
79652
79653
79663
79682
79696
79699
79716
79718
79728
79743
79775
79778
79787
79794
79825
79826
79836
79883
80113
80136
80194
80215
80243
80253
80257
80266
80310
80333
80449
80452
80490
80503
80505
80517
80520
80570
80572
80580
80584
80609
80640
80675
80681
80714
80749
80777
80792
80797
80801
80811
80813
80826
80837
80846
80850
80861
80915
80962
80963
80995
81009
81067
81099
81108
81110
81118
81209
81281
81406
81583
81635
81711
82073
82111
82190
82206
82211
82212
82223
82226
82240
82255
82281
82291
82304
82327
82390
82393
82432
82441
82501
82547
83239
84004
84047
84052
84080
84099
84139
84146
84172
84283
84288
84347
84394
84422
84441
84537
84657
84713
84753
84910
84932
84943
84954
84985
85583
85619
85662
85683
85693
85698
85699
85702
85717
85723
85724
85734
85746
85752
85759
85781
85806
85827
85828
85846
85882
85899
86046
86349
86365
86388
86446
86456
86473
86480
86488
86535
86558
86559
86571
86584
86598
86627
86641
86647
86659
86726
86756
86773
86982
87055
87221
87378
87395
87515
87721
87815
88092
88275
88306
88311
88319
88334
88341
88354
88431
88595
88631
88645
88651
88668
88968
89056
89142
89161
89345
89807
89835
90002
90083
90110
90121
90154
90161
90171
90178
90179
90454
90504
90527
91032
91069
91096
91208
91212
91218
92380
92567
92569
92620
92637
92639
92691
92697
92745
92773
92774
92787
92857
92883
92885
92894
92911
92952
92997
93059
93067
93092
93177
93494
93789
93894
93960
94356
94361
94375
94446
94448
94468
94501
94526
94834
94989
95043
95064
95104
95111
95146
95357
95616
96381
96382
96384
96387
96392
96400
96404
96410
96413
96419
96424
96437
96442
96445
96470
96479
96496
96497
96505
96507
96729
96780
97068
97956
98084
98095
98141
98170
98177
98251
98275
98313
98334
98335
98356
98363
98393
98489
98503
98519
98526
98530
98549
98621
98645
98669
98681
98688
98828
98837
98871
99234
99252
99260
99503
99552
99598
99731
99756
99794
99832
100237
100701
100706
100709
100712
100737
100739
100758
100770
100777
100779
100781
100783
100787
100799
100801
100804
100805
100811
100835
100841
100846
100850
100860
100870
100873
100890
100894
100899
100901
100902
100909
100918
100920
100921
100938
100941
100944
100945
100950
100965
100971
100972
100986
100990
100992
101001
101004
101009
101012
101017
101024
101026
101029
101030
101034
101039
101047
101049
101074
101085
101090
101112
101113
101118
101120
101121
101128
101145
101155
101164
101167
101173
101177
101188
101190
101221
101224
101225
101228
101230
101246
101255
101256
101267
101270
101280
101281
101291
101295
101300
101304
101306
101309
101310
101311
101354
101355
101371
101379
101381
101384
101385
101394
101410
101418
101426
101438
101440
101450
101451
101452
101459
101462
101468
101473
101501
101506
101518
101519
101522
101524
101529
101548
101570
101592
101601
101900
101998
102060
102079
102097
102112
102115
102121
102129
102160
102161
102166
102194
102206
102279
102301
102303
102320
102361
102380
102385
102389
102390
102394
102399
102424
102460
102502
102504
102673
102723
102761
102815
102838
102878
102909
103033
103234
103352
103456
103509
103533
103576
103688
103695
103709
103718
103724
103729
103730
103759
103808
103848
103886
103985
103992
103996
104001
104117
104347
104447
104488
104496
104501
104587
104641
104747
104886
105222
105386
105478
105722
105940
105944
105987
106148
106218
106237
106321
106322
106329
106374
106397
106398
106406
106451
106466
106578
106582
106611
106612
106616
106681
106698
106724
106758
106796
106797
106844
106892
106921
106922
106923
106937
106938
106947
106955
106981
106999
107043
107053
107082
107143
107164
107167
107196
107214
107216
107240
107299
107311
107350
107359
107360
107381
107416
107436
107473
107494
107501
107550
107623
107674
107685
107713
107753
107778
107787
107792
107794
107810
107840
108080
108132
108176
108204
108220
108309
108350
108354
108363
108369
108388
108436
108457
108559
108606
108692
108797
108825
108948
109011
109212
109363
109389
109464
109488
109510
109512
111063
111131
111576
111722
111846
111943
111965
112025
112047
112069
112100
112108
112121
112126
112131
112135
112138
112147
112154
112209
112247
112261
112265
112278
112291
112293
112301
112305
112348
112370
112372
112424
112457
112533
112534
112549
112570
112592
112654
112688
112692
112718
112723
112775
113032
113039
113043
113045
113057
113066
113082
113116
113153
113181
113310
113399
113461
113527
113573
113856
113878
113927
113942
114040
114098
114154
114158
114289
114301
114318
114320
114341
114363
114374
114382
114406
114411
114432
114469
114476
114483
114487
114494
114497
114523
114538
114840
114845
114868
114903
114996
115407
115435
115837
115878
116026
116034
116119
116133
116155
116216
116343
116404
116471
116531
116544
116655
116668
116824
116844
116845
116847
117428
117478
117495
117517
117522
117605
117629
117644
117662
117713
117745
117763
117775
117803
117842
117845
117862
118275
118280
118282
118287
118294
118301
118302
118311
118315
118316
118330
118349
118503
118515
118580
118586
118590
118614
118617
119049
119112
119123
119172
119173
119176
119194
119244
119246
119253
119255
119284
119416
119441
119531
119642
119710
120021
120038
120047
120048
120057
120066
120228
120246
120249
120250
120381
120384
120790
120794
120822
120842
120852
120866
120894
120899
120910
120915
120916
120932
120941
120952
120959
120970
120972
120978
120981
120982
120996
120997
121004
121006
121031
121038
121047
121063
121139
121772
121805
121846
121851
121898
121913
122272
122278
122357
122389
122685
122697
122782
123373
124140
124149
124176
124187
124188
124202
124204
124220
124234
124237
124239
124251
124263
124267
124308
124319
124348
124349
124355
124408
124410
124422
124445
124455
124478
124480
124491
124496
124500
124505
124515
124517
124525
124531
124595
124619
124633
124656
124710
124712
124731
124742
124746
124777
124824
124837
124861
124892
124923
124932
124949
124974
125025
125029
125079
125089
125166
125278
125386
125586
125876
125965
126093
126127
126242
126270
126275
126350
126386
126529
126637
126701
126756
126833
126836
126952
126965
127144
127287
127475
127480
127513
127539
127558
127561
127580
127636
127677
127697
127758
128315
128330
128337
128349
128402
129103
129175
129263
129274
129329
129337
129611
129612
129621
129639
129644
129671
129677
129692
129705
129765
129829
129911
130077
130422
130599
130645
130666
130708
130923
131489
131507
131554
131571
131812
132133
132218
132258
132348
132390
132424
132473
132475
132483
132486
132498
132566
132600
132603
132693
132719
132760
133102
133198
133302
133366
133387
134010
134418
134425
134438
134455
134459
134478
134491
134494
134533
134591
134616
134671
135083
135554
135653
135681
135701
135721
135795
135797
135851
135916
136365
136403
136404
136407
136853
136862
136869
136878
136880
136885
136899
136908
136927
136930
136940
136942
136946
136955
136966
136967
136968
136970
136977
136979
136995
137001
137007
137020
137040
137043
137046
137047
137048
137050
137054
137067
137070
137076
137090
137095
137100
137103
137105
137224
137233
137436
137470
137565
138075
138102
138193
138201
138497
138915
138916
138927
138929
138938
138955
138961
138969
138985
139023
139030
139037
139046
139048
139061
139113
139180
139185
139239
139287
139318
141521
141715
141721
141728
141772
141824
141882
141950
141956
141981
141993
142071
142089
142134
142143
142144
142202
142209
142210
142213
142234
142241
142248
142252
142253
142259
142280
142322
142383
142435
142442
142445
142460
142488
142493
142503
142520
142528
142543
142556
142569
142650
142723
142749
142794
142829
142842
142864
142875
142924
142946
142994
143003
143032
143152
143214
143680
143695
143766
143795
143804
143817
143827
143885
143943
144006
144063
144188
144921
144923
144927
144930
144942
144952
144966
145003
145008
145032
145042
145055
145092
145114
145130
145135
145178
145206
145207
145281
145309
145329
145379
145585
145594
145794
145795
145796
145800
145801
145804
145807
145808
145822
145827
145837
145844
145881
145993
146057
146254
146286
146300
146320
146332
147058
147088
147090
147100
147102
147103
147109
147125
147146
147153
147162
147166
147184
147190
147205
147251
147281
147322
147460
147530
147572
147618
147744
147754
148021
148037
148040
148043
148047
148063
148070
148173
148177
148220
148223
148273
148274
148286
148302
149191
149206
149232
149326
149339
149376
149444
149490
149620
149632
149633
149649
149687
149739
149822
149833
149854
149868
149869
149907
149913
149951
150170
150195
150204
150215
150223
150225
150248
150265
150381
150456
150753
150820
151505
151599
151602
151629
151644
151652
151654
151669
151678
151681
151684
151698
151901
151910
151928
151939
151941
151964
151967
151996
151997
152151
152189
152209
152210
152212
152219
152221
152698
152699
152712
152720
152730
152734
152744
152746
152927
152939
153091
153288
153324
153666
153887
154308
154323
154348
154357
154381
154390
154403
154409
154416
154425
154429
154448
154458
154662
154697
155033
155038
155058
155141
155164
155258
155462
155473
155614
155943
155969
156033
156104
156232
156458
156742
156743
156750
156752
156756
156775
156776
156782
156811
156822
156827
156832
156846
156896
156909
157477
157493
157504
157522
157524
157527
157531
157568
157613
157863
158083
158171
158174
158181
158204
158399
158403
158630
158703
159172
159200
159215
159229
159303
159380
159387
159400
159456
159579
159717
159746
160075
160078
160149
160239
160368
160369
160419
160429
160498
160500
160549
160552
160553
160576
160610
160684
160921
160939
160940
160974
161046
161168
161244
161251
161329
161387
161475
161579
161591
161739
161804
161937
162091
162092
162093
162131
162139
162143
162146
162400
162558
162667
162760
163016
163185
163209
163244
163247
163269
163281
163285
163301
163792
163839
163980
164093
164143
164302
164345
164701
164702
164705
164711
164715
164722
164728
164741
164742
164754
164756
164757
164905
165260
165264
165276
165289
165317
165323
165337
165343
165467
166006
166139
166206
166210
166242
166257
166305
166323
166334
166352
166356
166368
166374
166511
166564
166961
166985
167024
167175
167218
167563
167742
167774
168045
168398
168406
168408
168412
168445
168448
168561
168867
168877
168893
168905
169103
169593
169639
169657
169677
169700
169702
169715
169748
169797
169877
169931
170001
170248
170356
170943
170955
170979
171000
171029
171041
171046
171130
171305
171505
171506
171507
171552
171743
171770
172149
172163
172297
172357
172456
172567
172692
172830
172831
172836
172843
173014
173042
173182
173183
173185
173188
173194
173195
173206
173211
173212
173226
173227
173553
173612
173614
173625
173648
173666
173870
174115
174155
174168
174229
174465
174497
174674
174721
174755
174825
174826
174860
174976
175057
175164
175180
175187
175209
175389
175414
175421
175457
175489
175543
175590
175728
175731
175732
175739
175742
175748
175749
175750
175757
175760
175762
175763
175766
175768
176108
176121
176176
176629
176635
176644
176652
176684
176689
176698
176700
176737
176759
176765
176813
176958
177197
177201
177202
177345
177687
177697
177710
177718
177740
177779
177786
177802
178262
178392
178394
178397
178401
178407
178415
178418
178430
178439
178802
179589
179605
179659
179691
179735
179742
179748
179763
179799
179812
179844
179870
180344
180371
180472
180550
180568
180578
180806
180820
180829
180844
180869
180881
180911
180925
180956
180961
181284
181353
181430
181458
181788
181791
181795
181799
181822
181835
181853
181859
181954
183058
183060
183083
183110
183117
183130
183134
183154
183235
183252
183260
183265
183271
183274
183275
183304
183334
183350
183356
183357
183388
183718
183762
183773
183824
183838
183925
183948
183957
184327
184338
184357
184379
184409
184413
184499
185298
185447
185703
185710
185711
185712
185715
185717
185720
185723
185760
185950
185986
185995
186498
186547
186687
186703
187094
187100
187147
187559
187629
187765
187775
187781
187782
187784
187827
187926
187941
188213
188214
188238
188239
188266
188291
188597
188615
188627
188664
188926
188991
189184
189261
189281
189394
189653
189655
189688
190158
190163
190195
190234
190328
190345
190355
190584
190707
190769
190770
190780
190820
190835
190867
190996
191003
191086
191246
191260
191616
191618
191946
191950
191965
191978
192182
192461
192465
192501
192503
192509
192539
192545
192546
192820
193064
193138
193191
193336
193348
193504
193774
193800
193804
193851
193859
193953
193961
193967
194134
194250
195248
195271
195402
195403
195534
195555
195592
196203
196204
196211
196245
196294
196357
196406
196523
196524
197614
197617
197757
198883
198907
198915
198924
198929
198956
198966
198967
198973
199002
199038
199050
199058
199067
199134
199135
199150
199420
199846
199903
200145
200156
200161
200411
200412
200463
200479
200488
200570
200683
201165
201425
201520
201698
202403
202452
202847
202922
202926
203105
203252
203288
203313
203358
203664
203923
204662
204694
205049
205068
205318
205602
205824
205884
205916
205950
205960
205965
205974
206029
206033
206292
206349
206414
206451
207024
207042
207105
207106
207157
207458
207549
208103
208122
208233
208418
208513
208575
208632
208713
208733
208771
208816
209111
209577
209621
209630
209723
210029
210033
210218
210369
210496
210497
210501
210505
210512
210519
210623
210676
210766
211026
211155
211199
211211
211225
211350
211385
211406
211503
211707
211940
211955
212037
212129
212570
213041
213042
213045
213047
213051
213090
213126
213514
213536
213553
213578
213600
213691
213813
213824
213884
213912
214139
214159
214168
214598
214893
214933
215042
215116
215117
215238
215428
215497
215539
215681
215809
215834
215836
215838
215878
216451
216506
216611
216862
216931
216963
217021
217078
217153
217203
217221
217226
217403
217524
217530
217580
217586
217659
217813
217832
217833
217931
217952
217982
218034
218206
218218
218225
218232
218238
218239
218243
218244
218245
218252
218258
218562
218586
218588
218604
218841
218941
218953
219084
219097
219108
219121
219137
219473
219815
220033
220194
220200
220212
220233
220242
220243
220245
220246
220250
220257
220266
220268
220287
220463
220491
220518
220928
220964
220987
221000
221034
221041
221078
221540
221565
221610
221621
221640
221652
221805
221818
221833
222016
222023
222034
222039
222061
222208
222377
222573
222604
222656
222725
222726
222741
222849
222872
223001
223157
223227
223431
223585
223600
224036
224038
224054
224077
224099
224109
224112
224124
224134
224140
224155
224165
224175
224790
224820
224847
224888
224959
224983
225130
225186
225244
225328
225335
225353
225360
225361
225427
225715
225916
225947
226150
226156
226251
226254
226260
226263
226302
226308
226353
226672
227117
227133
227134
227138
227178
227223
227226
227259
227890
227897
228130
228176
228179
228182
228230
228235
228238
228241
228242
228244
228744
228772
228787
228794
228800
228807
228822
229044
229049
229052
229318
229348
229366
229400
229402
229403
229422
229427
229454
229493
229936
229946
230123
230140
230171
230208
230333
230412
230532
230544
230573
230580
230597
230858
231062
231073
231075
231144
231218
231413
231624
231702
231845
232133
232285
232359
232385
232421
232459
232736
232770
233106
233148
233156
233356
233936
234021
234039
234077
234212
234262
234335
234369
234659
234684
236229
236264
236466
237409
237411
237412
237421
237440
237549
237894
237916
238057
238835
239032
239081
239268
239297
239417
239816
239817
239826
239899
240229
241161
241167
241356
241415
241429
241718
241833
242013
242124
242359
242416
242759
242879
242912
243306
243608
243609
243612
243882
244086
244419
244429
244479
244564
244639
244712
244864
244931
245069
245489
245560
245604
245840
246163
246257
246260
246913
246917
247302
247442
247473
247899
247933
248269
248577
248755
249218
249401
250116
250164
250170
250178
250182
250186
250199
250204
250208
250218
250229
250236
250303
250998
251014
251016
251035
251064
251538
251728
252074
252097
252553
252760
252841
252871
252950
253010
253036
253050
253051
253084
253105
253110
253123
253133
253148
253165
253178
253184
253194
253489
253645
254459
254474
254485
254502
254556
254575
255674
255685
255756
255849
255913
256099
256652
256752
256957
257240
257278
257361
257547
257555
257563
257565
258334
258491
258509
258510
258652
258747
258795
258927
258971
258981
258986
258991
258997
259013
259021
259038
259040
259045
259080
259081
259084
259192
259193
259201
259589
259663
260217
260478
260482
260494
260496
260502
260530
260531
260603
261985
262082
262182
262352
262402
262435
262580
263105
263208
263230
263416
263896
263988
264000
264012
264131
264204
264292
264298
264626
264766
264899
264918
264929
264931
264955
265276
265536
265547
266213
266221
266249
266495
266501
266516
266720
267039
267042
267061
267193
267431
267679
267689
267698
267910
267937
267938
267971
268284
268285
268288
268295
268317
268327
268481
268791
268810
268924
269071
269151
269174
269182
269190
269214
269412
269447
269710
269721
269737
269742
269792
270048
270290
270314
270394
270585
270605
270891
270948
271410
271521
271909
272136
272170
272171
272174
272228
272247
272283
272321
272406
272547
272548
272549
273483
273512
273578
273717
273865
274177
274196
274226
274827
274956
274961
275363
275419
275530
275541
275598
276095
276324
276401
276404
276411
276413
277192
277256
277298
277323
277411
277422
277426
277440
278130
278256
278401
278529
278577
279048
279109
279123
279146
279203
279256
279535
279701
279750
280043
280148
280194
280257
280299
280397
280660
280790
280809
280858
280955
280990
281273
281381
281660
282039
282046
282231
282256
282342
282439
282461
282477
282649
282965
283212
283225
283332
283471
284019
284074
284196
284198
284623
284740
284894
285244
285250
285252
285254
285258
285275
285277
285279
285288
285292
285293
285294
285305
285306
285761
286708
286823
286837
286846
286910
286911
286935
287229
287306
287325
287369
287410
287436
287448
287497
287583
287589
287687
287727
287798
288037
288257
288399
289253
289291
289351
289401
289406
289511
289537
289823
289837
290010
290175
290224
290281
290364
290394
290422
290457
290716
290728
290948
291170
291274
291683
291941
292693
292810
292914
293033
293200
293425
293518
293757
293946
294147
294210
294363
294512
294558
294826
295116
295277
295642
295884
296380
296426
296566
296681
296769
297293
297306
297312
297314
297422
297629
297954
298105
298175
299010
299383
300772
300776
300794
300913
301038
301052
301054
301099
301113
301278
301656
301801
301902
302136
302515
302568
302571
302712
302848
302955
303209
303952
303963
304028
304932
305148
305290
305545
305630
306006
306034
306423
306426
306429
306432
306433
306445
307108
307188
307231
307242
307276
307287
307410
307412
307429
307517
307868
307904
307952
308135
308213
308214
308676
308742
309323
309413
309521
309899
310030
310361
310390
310714
310725
310734
310753
310796
310802
311285
311585
311632
311688
312146
312164
312277
312327
312542
312920
312970
312972
313071
313103
313412
313451
313456
313790
314142
314157
314182
315231
315309
315367
316005
316040
316092
316725
316823
316845
316865
316984
317307
317360
317406
317488
317506
317562
317564
317575
318435
318487
318503
318509
318655
318802
319594
319794
320466
320723
320872
321181
321232
321299
321364
321934
322121
322362
322591
322637
322957
323014
323076
323217
323659
323731
324432
325461
325874
326093
326218
326641
326866
327116
327147
327190
327191
327214
327743
327823
327846
328077
328124
328168
328488
328565
329259
329260
329263
329431
329559
329901
330342
330397
330871
330872
330938
331023
331302
331760
331834
332046
332086
332331
332443
332490
332525
332680
332697
332703
332741
333283
333440
333459
333529
333540
333716
333729
334676
334866
335330
335354
335393
335400
336113
336589
336640
336649
336810
337073
337089
337526
337968
338099
338403
338439
338527
338865
338955
339686
339706
339761
339779
339809
339886
339895
339923
339960
339996
340030
340065
340103
340840
340884
340918
340994
341014
341074
341080
341920
341933
342940
343758
343882
344080
344193
344559
344602
344638
345129
345145
345171
345200
345233
345262
345723
345888
345975
346266
346402
346876
346912
346962
347342
347404
347503
348199
348246
348503
348520
348602
349082
349104
349186
349635
350098
350185
350514
350543
350829
350833
350844
350854
350994
351617
351656
352161
352682
352737
352821
352924
353393
353990
354304
354433
354589
354894
355251
355306
355465
355793
355796
356054
356069
356294
356481
356623
356964
356997
357189
357210
357238
358663
358998
359129
359147
360335
360412
360452
360462
362137
363372
363756
364645
365111
365136
365139
366180
366348
366594
366596
367158
367923
368437
368648
368886
369697
369877
369939
369985
370440
370451
370914
371437
373156
373205
373233
373418
373643
373831
373836
374261
374264
374939
375152
375153
375188
375702
375706
375716
375757
376120
376132
376229
376230
376248
376728
376901
377089
378023
378590
379221
379224
379625
380131
380274
380294
380675
381354
381382
381742
381786
381798
382415
382421
382423
382424
382425
382580
382587
382591
382728
383486
383503
383648
384297
384322
384349
384364
384367
384406
384619
385162
385171
385326
385642
385684
386096
386266
386613
386658
386668
386676
386678
386682
386869
387401
387508
387997
388060
388083
388094
388249
389348
389819
389885
390223
390533
390889
391137
391409
391897
392235
392707
393493
393499
394068
395739
395803
396532
396549
396671
396677
396692
397091
397640
398355
399301
400018
400056
400855
401388
401404
401829
402670
403248
403481
403929
404385
404600
404956
405158
405923
405981
406026
406413
406443
408160
408987
409004
409835
409879
409923
410031
410718
411176
411670
412990
413219
413437
414048
414452
415289
415548
415714
416164
416174
416858
416911
418884
419722
420619
421298
422111
422658
422919
422952
423333
423419
423439
424008
424565
425712
426077
426139
426215
427835
429118
430130
430420
430722
430889
431736
431767
431771
432641
432696
433198
433318
433525
433561
433955
434109
434508
435067
435168
435215
436092
436160
436170
437842
437843
439107
439486
439792
1998 QF28
1998 QD60
1998 RU48
1998 SE5
1998 ST12
1998 SW16
1998 SP31
1998 SH41
1998 SA150
1998 SC151
1998 TN
1998 TL27
1998 VH42
1998 WP25
1998 WL36
2002 GM74
2002 JC96
2002 OF23
2002 PL91
2002 PZ199
2002 PK202
2002 QQ30
2002 QU39
2002 QN94
2002 QL139
2002 QX153
2002 RQ109
2002 SM10
2002 TX91
2002 TF118
2002 TA148
2002 UH64
2002 XY120
2004 EB32
2004 TF33
2004 YK8
2004 YC26
2005 CN17
2005 EP188
2005 GP105
2005 JL141
2005 ND10
2005 NE42
2005 PN9
2005 QX43
2005 QJ57
2005 QH115
2005 SZ27
2005 SV71
2005 SZ91
2005 SU93
2005 SX95
2005 SB186
2005 TJ4
2005 TN110
2005 TB154
2005 TR183
2005 UZ95
2005 UW402
2005 UC203
2005 UG473
2005 UE221
2005 UN231
2005 UX240
2005 UT334
2005 VH3
2005 VV65
2005 WU92
2005 WF109
2005 XR16
2005 YX92
2006 AM56
2006 MR9
2006 PJ26
2006 QM115
2006 TE38
2006 TV116
2006 UM14
2006 UL79
2006 UK96
2006 UX261
2006 VJ6
2006 VQ57
2006 VT59
2006 WB85
2007 BN34
2007 EE14
2007 RB5
2007 RQ7
2007 RH286
2007 TG11
2007 TS43
2007 TZ157
2007 TH158
2007 TY168
2007 VU159
2007 WQ11
2007 YJ53
2008 AD104
2008 AR115
2008 BE32
2008 CC161
2008 EE69
2008 EQ124
2008 EB147
2008 GU
2008 GG57
2008 RL41
2008 RK135
2008 SY24
2008 SY51
2008 SM84
2008 SA241
2008 ST253
2008 TC42
2008 UY315
2008 VC78
2008 WE135
2008 YW
2008 YV141
2009 AK33
2009 BY25
2009 BU34
2009 BW86
2009 CM10
2009 CK41
2009 HB23
2009 HP105
2009 RX15
2009 RJ48
2009 SD73
2009 SF363
2009 SN130
2009 SG136
2009 SW137
2009 SK139
2009 SX142
2009 SA188
2009 SO250
2009 TJ44
2009 UG2
2009 VO38
2009 VX82
2009 WB37
2009 WZ119
2009 WY161
2009 WF165
2009 WQ207
2009 WG208
2009 WF254
2010 TL86
2010 VJ192
2011 AG56
2011 ES72
2011 EG78
2011 GC43
2011 PA14
2011 QX23
2011 QL26
2011 QK54
2011 RH16
2011 SR24
2011 SB40
2011 SB60
2011 SU63
2011 SP115
2011 SA129
2011 SV182
2011 UA107
2011 UW125
2011 UD151
2011 UA107
2011 UW125
2011 UJ391
2011 UV406
2011 UZ149
2011 UD151
2011 UT152
2011 UN298
2011 UR356
2011 WY133
2011 WL151
2012 DN1
2012 DA46
2012 DJ80
2012 GR34
2012 JW44
2012 KY27
2012 RP7
2012 RU26
2012 RS37
2012 SG24
2012 TK14
2012 TU37
2012 TU230
2012 TH296
2012 UB28
2012 UN30
2012 UN87
2012 UW155
2012 VN78
2013 AU4
2013 CA109
2013 EO88
2013 FT17
2013 JU48
2013 JT51
2013 LZ27
2013 MQ5
2013 MD10
2013 OF6
2013 PB29
2013 QA60
2013 QU74
2013 RM22
2013 RU41
2013 RC66
2013 TK21
2013 TA33
2013 TS72
2013 TB93
2013 TX103
2013 TL132
2013 TC134
2013 VJ22
2013 WH30
2013 WZ57
2013 WK58
2013 WT104
2013 XV12
2013 YC43
2013 YA84
2013 YO89
2013 YM123
2014 CU7
2014 DW68
2014 DC76
2014 EM19
2014 EG25
2014 ER32
2014 EE51
2014 FT22
2014 HX39
2014 JS9
2014 OD226
2014 QM101
2014 UL132
2014 VZ
2015 BM402
2015 BT243
2015 FZ91
2015 FD304
2015 KH29
2015 KA111
2015 KD134