id
10588
10871
11100
11326
12086
12407
12409
12860
12866
14115
14116
15894
16114
16703
16817
17023
17042
17593
17641
17905
17960
18496
18526
18588
18661
18746
20107
20332
20376
20611
21240
21244
21314
21339
21675
21691
21813
21852
21943
22407
22553
22602
22616
22630
22804
22927
22966
22980
23594
23658
23731
23733
23741
23794
24001
24009
24056
24071
24148
24169
24332
24845
24846
24854
24988
25020
25279
25364
25402
25411
25416
25972
26203
26230
26395
26923
27007
27258
27265
27426
27428
27875
27888
28550
28584
29337
29339
29451
29460
29732
30048
30509
30975
30977
31141
31149
31457
31491
31652
31842
32023
32424
32915
32923
33050
33374
33440
33451
33502
33602
33862
33943
33961
33974
33990
34031
34154
35226
35231
35358
35399
35405
35708
35804
35817
35869
35946
36334
36459
36512
36532
36631
36811
36974
37062
37365
37917
38120
38343
38688
38738
38879
39040
39318
39685
39957
39960
39984
39999
40750
40773
41449
41528
41568
42328
42569
42916
42934
42935
42941
42960
42977
43007
43060
43061
43083
43098
43222
43397
43404
43501
43653
43678
43895
43897
43906
43914
43917
43967
44020
44278
44751
44761
44773
44806
44886
44931
44956
44970
45003
45180
45262
45323
45488
45957
46403
46712
46848
47184
47291
47357
47362
47513
47578
47695
47961
47999
48040
48049
48095
48654
48657
48680
48682
48930
48989
49040
49134
49149
49610
49747
49833
49993
50311
50484
50670
50709
51412
51526
51787
52491
53618
53696
54766
56044
56046
57175
57282
57294
57318
57780
57782
58343
58344
58348
58351
58352
58587
58656
58657
58703
58933
59288
59354
59446
59496
59694
60248
60354
60651
61169
61222
61244
61303
61330
61345
61353
61512
61529
61530
61561
61586
61648
61702
61706
61730
61772
61826
61916
62309
62360
62661
62793
63338
63409
63794
63851
64197
64369
64440
64466
64718
64856
64939
65903
66379
66394
66767
67878
68073
68275
68277
68617
69400
69403
69404
69409
69697
70253
70260
70272
70343
70374
70434
70457
70466
70483
70516
70530
70535
70620
70655
70667
70821
71337
72116
72371
72918
73314
73337
73811
73812
73814
73818
73820
73823
73879
73911
73916
74040
74045
74064
74724
74787
74804
74852
74892
74909
74952
75012
75036
75139
75185
75186
75195
75258
75279
75330
75358
75374
75393
75420
75569
75595
77091
77124
77126
77152
77257
77300
77422
77540
77611
77963
78028
78191
78310
78841
79296
79418
80316
80363
80404
80568
80606
80619
80895
81396
82599
84266
84293
84809
84984
85354
85358
85615
85766
85863
85956
86896
87159
87164
87192
87468
87523
88502
89121
89519
89524
89534
89539
89724
90021
90022
90313
90807
90813
90952
91223
91276
91280
92514
92615
92629
92675
92677
92680
92687
92696
92726
92826
92869
92872
92873
92893
93088
93133
93278
93311
93375
93461
94461
94661
94798
94820
94831
94848
94904
94905
94963
95019
95080
95082
95088
95110
95450
95849
95859
95996
96007
96256
96257
96259
96261
96273
96690
96921
96952
97086
98149
98162
98281
98375
98388
98815
98912
99921
100332
100334
100344
100351
100353
100354
100370
100396
100593
100915
100969
101582
102022
102118
102256
102285
102296
102332
102440
102447
102450
102520
102554
102569
102574
102692
102705
102725
102726
102742
102757
102826
102860
102887
102914
102947
102959
102961
102965
103023
103068
103324
103475
103569
103611
103669
103731
104121
105403
105671
106296
106924
106928
107057
107098
107107
107133
107174
107185
107343
107398
107401
107415
107427
107456
107496
107519
107654
107691
107700
107764
107783
107883
107920
107925
107927
107930
107964
108017
108092
108144
109034
109048
109947
112032
112188
112205
112223
112259
112356
112532
112687
112802
112861
112987
113031
113239
113247
113452
114089
114839
115770
115830
115957
116027
116161
116203
116266
116536
116815
117124
117329
117519
117551
117597
117750
117765
117776
117785
117793
117795
117854
118199
118369
118610
118687
118737
119115
119317
119403
119679
119977
120078
120549
120557
120559
120564
120568
120571
120646
120716
120724
120770
121073
121080
121143
121154
121168
121170
121404
122345
122451
122689
122724
122979
123168
123505
124386
124497
124601
124759
124856
125023
125044
125126
125144
125151
125161
125429
125461
125487
125561
125578
125894
126165
126202
126211
126256
126280
126378
126430
126444
126500
126543
126687
126785
127770
127785
127852
127886
127959
127971
127988
128077
128447
128568
128570
128639
128717
129503
129504
129850
129851
129993
129999
130006
130604
130637
130753
130815
131636
131691
131728
131937
132019
132232
132333
133082
133159
133882
134376
134613
134629
134640
134662
134666
134688
134699
134739
135568
135664
135719
136211
136317
136330
136434
136471
136478
136721
136802
136808
137415
137426
137569
137591
137595
137660
137719
137748
137788
137813
137877
137976
138046
138051
138085
138599
139069
139107
139307
139588
139880
140324
140341
141386
141804
141837
141901
141925
141934
142013
142027
142047
142054
142154
142247
142356
142360
142973
143615
143875
143901
143945
143977
143982
144136
144235
144294
144372
144937
144941
144962
145033
145105
145110
145146
145241
145536
145548
145554
145601
146036
146046
146279
147204
147225
147878
149238
149792
150054
150131
153039
153483
153561
153687
153693
153702
154378
154384
154479
154496
154746
155339
155739
156102
156172
156202
156212
156262
156288
156331
156864
157124
157127
157136
157160
157385
157708
157709
158006
158030
158048
158206
158265
158286
158302
158376
158450
158714
158865
158926
159235
159593
159756
159757
159983
160188
160304
160461
160520
160537
161206
161303
161507
161668
161954
161955
162085
162184
162686
162901
163234
164416
166127
166293
166297
166314
166316
166954
166966
167098
167110
167464
167871
167881
168342
168345
168347
168497
168510
168518
168982
168988
169055
169589
169633
169707
170247
170472
170568
170577
170684
171031
171064
171099
171164
171378
171483
171578
171592
171821
172137
172511
172565
172834
172857
172878
172895
172902
173022
173139
173146
173149
173151
173279
173306
173315
173335
173336
173350
173629
174147
174192
174214
174215
174828
175200
175302
175384
175403
175411
175417
175683
175695
175697
175702
175704
175756
175854
175877
175880
175889
175901
175904
175911
176170
177282
177305
177311
177354
177361
177418
177949
177987
178055
178110
178340
178341
178345
178584
179838
179941
180378
180381
180426
180458
180594
180923
180926
181292
181322
181340
181737
181744
181912
181923
181924
182022
182262
182338
183092
183193
183607
183711
183772
183784
183798
183809
183851
183870
183881
183907
184061
184305
184343
185076
185100
185507
185514
185523
185568
185601
186796
187078
187638
187679
188431
189113
189727
190890
190941
190968
191013
191018
191020
191637
191640
191972
192033
192043
192183
192332
192607
192615
194536
194558
194600
194622
194703
194749
194788
194791
194820
194832
194834
194850
194935
195110
196372
196395
196425
196444
196485
196486
197675
197729
197734
197824
197890
197892
197958
198129
198287
198392
199011
199096
199113
199140
199163
199181
199183
199232
199262
199294
199304
199305
199340
199379
199386
199934
199956
200362
200371
200822
200887
200928
201018
201482
202132
202137
202232
202448
202458
202463
202468
202489
202744
202790
203107
203176
203896
203914
203915
204071
204371
204434
204637
204672
205103
205111
206027
206353
206391
207140
207423
207440
207526
207865
207965
208038
208081
208678
208708
208730
209095
209123
209163
209644
209664
209733
209743
209779
209972
210055
210268
210366
210473
210477
210490
210503
210552
210782
211203
211670
212035
212090
212132
212426
212445
212470
212472
212484
212682
212837
212986
213018
213021
213022
213024
213074
213620
213954
214202
214211
214232
214233
214243
214266
214288
214309
214338
214576
214583
214946
215104
215105
215106
215460
215887
215891
215901
215904
216033
216090
216117
216713
216723
216732
216733
216839
217280
218593
218952
219519
220255
221668
221955
224176
224372
224952
225367
225872
226322
227395
228506
228510
229309
229418
229916
229917
229919
229920
230214
230256
230258
230878
231240
231242
231264
231272
231419
231443
231677
231731
232024
232052
232054
232058
232092
232108
232116
232460
233228
233233
233246
233263
233280
233298
233978
234014
234065
234210
234592
234630
236245
236280
236298
236348
236987
237247
237295
237317
237747
237758
237770
237773
237776
238943
238970
238983
239038
239472
239530
240592
240806
240864
240916
240921
240927
240929
241174
241220
241391
242324
242827
242916
243442
243564
243657
243671
244924
245740
245850
245858
246216
246233
246715
246781
246905
246993
246995
247011
249067
249081
249089
249109
249133
249578
249579
249581
249584
249585
249587
249645
249667
249674
250441
250452
250453
250626
251003
251023
251026
251355
251404
251570
251599
251607
251644
251682
251683
251685
251686
251687
251688
251691
251730
251902
251916
251942
252671
252919
252932
252996
253839
253844
253876
253904
253920
253985
254482
254512
254513
254625
255597
255599
255609
255612
255618
255620
255621
255687
255689
255700
255703
255720
255761
255834
256115
256591
256698
256711
256757
256769
256824
256918
257229
257233
257484
257488
257490
257492
257496
257498
257500
257620
257634
257635
257725
258025
258038
258822
258879
258930
259631
259645
259670
259710
259721
259814
259867
260074
260563
260602
260668
260708
261951
262040
262084
262147
262312
262366
263212
263257
263265
263870
264267
264322
266220
266970
269656
270306
271607
272673
273272
273630
273696
274098
274101
275894
275918
275939
276327
278186
278321
278505
278506
278615
279443
279521
279642
280852
280888
281204
281222
281644
281828
282358
283228
283232
283252
283772
284199
284701
284703
284928
284949
285006
285107
285108
285122
285123
285130
285131
285134
285146
285156
285371
285464
285466
285711
285754
286207
286224
286304
286793
286838
286923
287219
287265
287651
287757
287827
288244
288327
288772
288843
289310
289428
289450
289495
289585
289714
289767
289768
290411
290665
291184
291307
291512
291857
291878
291881
291949
291959
291990
292002
292026
292064
292302
292358
292431
293624
294247
294466
294490
294586
294717
294734
294916
295912
296453
296542
296999
297000
297100
297127
297251
298500
299534
299553
299560
300339
301091
301414
301657
301702
301860
302906
302916
303514
304018
304075
305000
305027
305029
305056
305844
306068
306069
306237
306502
307065
307580
307684
307751
308171
308237
308278
308763
309379
309436
309440
309445
309456
309503
309773
309832
309870
310162
310384
310385
310411
310415
310419
310423
310959
311248
312208
312226
312536
312947
312949
312950
313748
313759
313763
313771
313782
313797
314123
314162
314173
315463
315523
316287
316288
316309
316319
316362
316459
316673
316683
316713
316775
317120
317188
317926
317969
317973
317974
318188
318562
318586
319483
320457
320510
320519
320536
320544
320628
320694
321061
321612
321624
321641
321711
321736
321792
321874
321883
322263
322344
322368
322528
322534
322562
322565
322596
323407
324434
324963
325023
325834
325860
326190
329195
331385
331821
331888
332077
332238
333162
334316
334402
335483
336729
336868
337745
337802
338477
340108
340140
340158
340268
341942
342107
343266
343281
343298
343331
343368
344624
345311
345319
345327
347165
347486
349950
350446
352234
352721
353345
353397
353426
354229
355461
357018
357233
357380
357403
358630
359735
360219
360227
360786
362129
362149
362158
362424
362425
363015
363017
363530
364195
365214
365498
365502
365959
366274
367105
368125
368888
369030
369051
369696
371902
376117
379179
380775
381943
382519
382521
383118
383153
383617
383629
384436
384574
384923
385080
385123
385762
386073
386756
386763
387132
388901
388961
389104
389441
389456
389583
389692
389702
389828
389979
391174
391175
392322
392333
392790
393310
393352
394091
394105
395170
395191
395323
395340
396372
396385
396466
396472
396651
397194
397574
398144
398257
399194
400015
400764
400782
400814
401621
401709
401819
401835
401841
401844
402085
403048
403344
403927
404145
404405
404802
405360
405364
405922
406557
406561
406578
406587
407289
407888
408232
408491
408710
408757
408779
408785
408786
409186
409226
409834
410399
410419
410432
410491
410732
411237
411238
411246
411251
411266
411317
411858
412169
412181
412195
412340
412498
412532
412562
412573
412650
412682
412740
412909
412981
413004
413008
414172
414259
414427
414786
414790
415070
415304
415515
415528
415531
415687
415694
417458
417502
417562
417601
418208
418333
419592
419610
419634
419644
419649
419689
419729
420483
421065
421480
421845
421858
422171
422193
422313
422314
422386
422472
422503
422572
422598
422888
425560
425606
425613
426995
427145
427273
427634
429489
429496
429559
436229
436619
438479
439525
1995 SZ8
1995 SW26
1995 ST28
1995 SA43
1995 SL51
1995 UD39
1995 UL40
1995 UN55
1995 WA15
1995 WP21
1995 WY39
1999 VA40
1999 VZ72
1999 WH23
2000 CL33
2001 TC261
2002 KT16
2002 NE81
2002 OM30
2002 PL155
2003 SE262
2003 WJ28
2005 ET306
2005 GG134
2005 SL243
2005 TE102
2005 VS127
2006 JL9
2006 KZ26
2006 QY80
2006 QH186
2006 RA72
2006 RX72
2006 SR1
2006 SK41
2006 SP66
2006 SJ76
2006 SP178
2006 TY68
2007 HT31
2007 RC214
2007 UM140
2008 AW48
2009 VU47
2009 WJ181
2010 AG33
2010 BE2
2010 EG71
2010 NG5
2010 PH24
2010 QD7
2010 RS12
2010 RS42
2010 RC52
2010 RT66
2010 RV69
2010 RV79
2010 RD147
2010 RS148
2010 RC165
2010 SL27
2010 TZ33
2010 TJ50
2010 TR87
2010 TS121
2010 TY159
2010 TX163
2010 TA164
2010 TX171
2010 UB52
2010 UO86
2010 VE90
2010 VR99
2010 VV165
2010 VP213
2011 QL8
2011 UY251
2011 YS46
2012 AY2
2012 BL71
2012 BS117
2012 BE149
2012 CA47
2012 CN49
2012 DD50
2012 TT24
2012 XN61
2013 AR44
2013 FA23
2013 GU44
2013 JC37
2013 YM50
2013 YE114
2014 AA22
2014 BW36
2014 BY44
2014 BS60
2014 CB4
2014 CY11
2014 DU37
2014 DY51
2014 DB88
2014 DY105
2014 EW22
2014 ES28
2014 EY42
2014 EV43
2014 HA33
2014 HZ168
2014 JV5
2014 JO7
2014 JM18
2014 JR23
2014 JP45
2014 KG15
2014 KY24
2014 KQ82
2014 KN89
2014 KK90
2014 MU8
2014 MN22
2014 MH24
2014 NS31
2014 NY64
2014 OP15
2014 OT88
2014 OC372
2014 OX126
2014 OH129
2014 OQ194
2014 OX202
2014 OL296
2014 PR36
2014 PK39
2014 PG47
2014 PP55
2014 PZ65
2014 PN67
2014 QX29
2014 QZ55
2014 QL119
2014 QX134
2014 QH422
2014 QF177
2014 QZ213
2014 QS327
2014 QR336
2014 RG30
2014 RG47
2014 RV49
2014 RD62
2014 SP226
2014 SK289
2014 SP338
2014 TE26
2014 TL43
2014 TG45
2014 TU70
2014 UQ65
2014 UN94
2014 VB13
2014 VK22
2014 WK9
2014 WA59
2014 WH93
2014 WY117
2014 WX446
2014 WB314
2015 BL225