id
2004
3464
6069
9174
14905
24674
26453
28077
30290
46754
47101
47480
49713
50108
52817
52994
53724
53733
53736
53777
54017
54043
54271
56483
56501
58025
60622
67266
69307
75365
79339
80136
80191
80360
80411
85430
85438
86394
88448
90078
90086
97725
99278
103254
114125
118207
118454
118481
118603
119058
120482
121837
124947
127493
127560
128344
151528
152866
154341
154368
154677
154693
155106
155207
155620
156008
157103
157486
157501
157511
157812
157955
157963
158621
161906
164184
172099
181344
185153
185702
189331
189978
190298
191240
193931
193945
194066
196202
197547
197649
199054
199076
199149
199207
199824
199942
202713
219021
224806
229985
231777
233112
233115
233494
233512
233731
234461
236136
236164
236180
236215
236234
236725
236731
237720
238831
239540
239563
240786
241656
243997
244636
245601
262470
269440
275589
278207
279552
282673
283464
283735
284109
287547
288640
290555
290796
290864
291075
291295
293394
294701
294789
294884
295583
295641
295673
295700
295708
295838
296295
296609
296959
297208
297723
300253
301033
301034
301105
304153
305558
312817
314640
316014
321938
333164
334987
336792
337119
340865
345754
348460
349074
349515
349545
350098
350508
351500
351540
351552
351610
351706
352128
352648
352706
352765
352798
352809
354127
354675
354745
355804
359388
360015
361042
361051
363396
363617
367277
367282
369250
369466
369700
373158
375102
378701
380133
383418
384306
1996 XK35
1999 GR6
1999 SG10
2001 BC65
2001 WO4
2002 PX167
2003 SU10
2005 HE
2005 RZ31
2005 SU138
2005 TB67
2005 TB161
2005 UN185
2005 XY32
2005 XF85
2005 YQ207
2005 YE291
2006 AH65
2006 BN102
2006 RE119
2006 UJ10
2006 VH53
2006 VW56
2007 FJ36
2007 VK59
2008 CO35
2008 CO91
2008 EQ3
2008 EO7
2008 ER158
2008 GG43
2008 HY37
2008 LK
2008 RB121
2008 RL143
2008 SD12
2008 SF265
2008 TO69
2008 TW114
2008 TY163
2008 TE164
2008 UP250
2008 YG162
2009 FT57
2009 HV44
2010 CZ106
2010 CN108
2010 CQ125
2010 DX75
2010 EL33
2010 RY1
2010 RY110
2010 SN8
2010 VE46
2011 AB47
2011 BR3
2011 BN5
2011 BV51
2011 BP108
2011 BZ135
2011 CZ23
2011 CG68
2011 OO33
2011 QA45
2011 QY53
2011 UH6
2012 BQ52
2012 DG63
2012 KK45
2012 PA
2012 QP10
2012 XD48
2012 XM152
2012 YB5
2013 AO21
2013 AL24
2013 AS85
2013 AZ106
2013 AK112
2013 AB115
2013 BC24
2013 BB33
2013 BV71
2013 BM80
2013 CY8
2013 CG31
2013 CD207
2013 GG20
2013 GP135
2013 NN12
2013 QW50
2013 TR103
2013 XK15
2013 YG52