id
269
606
662
678
725
785
999
1168
1360
2118
4844
4966
4978
4986
5118
5380
5479
5619
6147
6727
7391
7633
8077
8216
8862
9588
9678
10185
10729
12200
12533
13078
13481
13518
13544
13615
13722
13918
14202
14520
14586
14600
15223
15830
16072
16126
16236
16559
16598
16676
16932
17377
18539
19120
19155
19264
19509
19967
20261
20525
21140
21693
22604
23120
23229
23529
23826
23923
24442
24675
24797
24816
25242
25250
25262
25946
26361
26363
26767
26852
27432
27824
27987
28069
28356
28395
28403
28856
29312
29695
30230
30556
30557
31768
31970
32255
32500
32512
32570
33233
33237
33928
33980
34013
34078
34196
35028
35139
35429
35434
35483
35610
35780
35850
36135
36358
36428
36622
37000
37018
37188
37323
37690
37898
38195
38777
38997
39325
39377
39890
40036
40283
40777
41146
41238
41265
41374
41443
41862
42261
42284
42466
42791
43030
43186
43469
43574
43793
44210
44312
44431
45200
45250
45451
45736
45745
46132
46932
46998
47008
47599
47925
48673
49207
49260
49340
50140
50205
50750
51453
51571
51618
51776
52174
52181
52283
52406
52450
52952
53284
54360
54758
54765
55874
55875
55901
56179
56247
56748
56848
57260
57869
58027
58361
58642
58817
59008
59064
59434
59474
59539
59654
60264
60453
60531
60818
62030
62072
62400
62786
62976
63431
63510
63700
64166
64231
64241
64483
65375
65434
65461
65548
65777
66493
66703
66716
66842
66960
67347
67976
68855
69073
69151
70205
70211
70213
70540
70679
70734
70865
71104
71143
72032
72681
72815
73388
73501
73686
73768
73785
74077
74089
74120
74291
74327
74906
75469
75490
75625
75938
77001
77392
78074
78119
79133
79202
79785
79791
79861
80961
81056
81191
81238
81381
81424
81523
81554
81623
81857
82631
82793
83408
84329
84817
84868
85035
85160
85387
85400
85469
85952
86999
87053
87152
87184
87198
87300
87382
87384
87416
87512
87559
87608
87663
87666
87709
87718
87721
87724
87786
87831
87865
87889
87970
88091
88097
88379
88495
89035
89579
89674
89694
89771
89989
90013
90579
90697
90705
90882
90897
91023
91082
91291
91380
92730
92881
92994
93243
93405
93560
93672
93756
93976
94159
96209
96262
96325
96418
96738
96914
96958
97132
97248
98404
98624
98652
98803
98908
99898
100050
100056
100067
100077
100078
100169
100516
100692
100694
100960
101006
101117
101156
101386
101654
101944
102181
102233
102391
102617
102724
102846
102862
102894
103327
103332
103741
103984
104131
104342
104601
105233
106959
107050
107086
107648
107720
107726
107917
107963
108016
108111
108687
108791
108916
109053
109197
109211
109414
109430
109652
109726
109780
109826
109955
109986
110032
110068
110406
110521
110609
110903
111003
111049
111059
111069
111220
111259
111549
111722
112191
113192
113436
113540
113603
113796
114180
114197
116025
116564
117403
117436
117944
118107
118250
118343
119161
119237
119273
119379
119380
119646
119745
120373
120740
120772
121199
121314
122162
122208
122209
122226
122253
122459
122612
122614
122659
122758
122811
122913
123025
123201
123236
123278
123319
123503
125495
125683
126157
126300
126336
126519
126609
126854
127114
127179
127477
127740
128055
128173
128404
128642
129463
129866
129883
129910
130049
130064
130095
130187
130683
130904
130923
130927
130929
130977
131026
131055
131096
131868
132400
132431
133976
134147
134173
134275
134383
134395
134396
134684
134741
134934
135694
135717
135759
135801
135842
135938
136613
137104
137123
138081
138114
138193
138291
138302
138339
138438
138454
138510
138631
139226
139286
139356
139761
140048
141979
141990
142080
142169
142208
142231
142253
142304
142434
142437
142511
142538
142545
142613
142660
142663
142692
142772
142918
143015
143065
143069
143072
143150
143312
143359
143473
144432
144982
145133
146323
146341
146346
146365
146372
146375
147247
147279
147357
147364
147814
148052
148085
148324
148533
148628
148741
148796
148804
148936
148972
149520
149835
150103
150166
150790
150797
150831
150868
150966
150974
151014
151052
151108
151803
152007
152101
152658
153049
153166
153498
153552
153635
153661
153734
153738
153773
153908
154466
154575
155250
155438
155699
155708
155756
155782
156178
156204
156265
156290
156295
156336
156410
156414
156438
156918
156967
156977
157797
158033
158055
158078
158327
158401
158717
159160
159776
159918
160174
160179
160511
160605
160606
160621
160631
160650
160974
161294
161333
161422
161497
161567
162226
162276
162320
162358
162368
163339
163835
163846
163969
164088
164122
164721
164823
164840
164864
164908
164959
164976
165055
166263
166321
166370
167224
167383
167386
167406
167419
167426
167493
167782
168071
168162
168165
168305
168570
168574
168588
170576
170585
170629
170646
170653
170930
171103
171340
171341
171464
171604
171614
171846
172187
172205
172698
172757
173116
173399
173436
174123
174179
174184
174185
174221
174280
174376
174809
174928
175242
175893
175968
176178
176184
176187
176673
176758
176787
176793
176825
176831
176905
176929
177275
177478
177546
177609
177658
177747
178066
178275
178303
178438
179014
179763
179802
179914
180558
180751
180893
181465
181497
181693
181722
181798
182275
182403
182482
182605
182658
183037
183136
183336
183357
183393
183432
183469
183472
184099
184106
184143
184670
185342
186134
186513
186580
186897
187174
187337
187428
187503
188082
188411
188467
188683
188788
188884
188886
189273
189566
189567
189615
190074
190573
190601
190603
190638
190639
190663
191800
193300
193384
193396
193484
193493
193539
193555
193681
195328
195457
195559
196385
197905
198018
198029
198110
198165
198467
198516
198566
198601
198809
199403
199736
199990
200192
200508
200535
201515
202155
202156
202179
202693
202845
202889
202906
202960
203197
203200
203218
203697
203926
204072
204393
204440
204459
205131
205137
205367
206395
206413
206636
206642
206668
207250
207982
208043
208051
208283
208298
208314
208742
208883
209737
209750
210048
210428
210584
210812
211892
212158
213088
213103
213106
213642
213701
213749
213946
214397
214766
215516
215932
216029
216178
216224
216416
216533
216542
216731
217006
217051
217085
217557
217838
217934
218001
218033
218040
218601
218676
218683
218697
219076
219327
219536
219592
219641
219642
219646
219689
219702
219706
219723
219727
219743
219747
219752
219765
220314
220525
220582
221095
221134
221154
221183
221283
221289
221322
222072
222543
222555
222560
222575
222580
222619
222630
222682
222742
223607
223609
223612
223622
224296
224317
224346
224371
224394
224409
224538
224560
225207
225324
225785
225859
225997
226037
226365
226738
227221
227344
227443
228224
228325
228604
228652
228878
229078
229090
229469
229557
229652
230370
230377
230402
230853
231155
231257
232145
232486
233131
233290
233318
233320
233351
233487
233641
234015
234081
234267
234277
234309
234668
234705
235131
235684
235798
235860
237031
237192
237362
237513
237902
238321
238547
238570
238574
239407
239632
240463
240622
241292
241347
241562
242097
242258
242274
242505
243235
243594
243643
243703
243901
244316
244439
244584
244674
245106
245189
245896
246081
246239
246360
246488
246555
246903
247126
247587
247661
247714
248252
248722
248733
248886
248935
249485
249571
250166
250177
250200
250213
250222
250248
250474
251044
251108
251172
251192
251193
251214
251271
252229
252235
253074
253114
253130
253156
253163
253205
253238
254676
255625
255739
256245
256362
257083
257355
258044
258045
258067
258075
258084
258105
259140
259239
259243
260021
262298
262637
262678
262820
262836
262900
262935
263653
263754
264137
264239
264255
264525
264542
264547
264552
264591
264660
264704
264968
265000
265648
266342
267009
267191
268018
268333
268437
269020
269038
269196
269320
269397
269929
269957
269962
269981
270136
270137
270146
270318
270322
270323
270467
271065
271788
272115
272306
272443
272525
272633
272955
273785
273792
274639
275420
275506
275666
275962
276394
276455
277271
277414
277443
277657
277983
278306
278324
278344
278349
278350
278751
278957
278969
279031
279034
279480
279844
280306
282049
282062
282397
282574
283330
283331
283340
283341
283444
283625
283627
283814
283845
284498
284501
284562
284592
285162
285320
285357
285449
285476
285534
285617
285887
285905
286132
286155
286341
286833
286859
286939
287000
287063
287083
287088
287439
287664
287734
287963
288004
288116
288149
288160
288214
288298
288624
289453
290043
290613
290727
290916
291404
291479
292016
292209
292346
292469
292744
293224
294206
294294
294412
294966
295164
295521
295742
295776
296595
296695
296829
297064
297084
297151
297343
297529
298015
298139
298401
298410
298427
298503
298525
298528
298534
298536
298537
299588
299600
299627
299629
300455
300460
300539
300549
300656
300694
300715
300837
301817
301893
301937
301938
301946
302596
302903
302999
303027
303028
303615
304958
305075
306420
306457
306527
306532
306551
306558
306570
306577
306824
306882
307257
307295
307297
307299
307421
307709
307734
308630
309450
309877
310084
310166
310789
310804
311025
311030
311057
311077
312937
313034
313184
313187
313424
313448
313459
313484
313505
313818
313870
313875
314229
314642
314702
314739
315526
315599
315844
316090
316658
316745
316988
317001
317278
317362
317501
317570
317593
317775
318108
318117
318201
318795
319242
319556
319605
319610
319757
319823
319833
319860
320860
320964
321391
321519
321578
321940
322028
322789
322799
323763
323771
323836
324442
324526
324563
324623
325107
325128
325325
325343
325909
326231
326387
326416
326694
326703
327438
327850
327854
328705
328927
328997
329296
329396
329398
329596
329599
330400
330917
330962
330968
331156
331540
332131
332188
332439
332538
332792
332794
333014
333477
333552
333657
333858
333912
334248
334433
335086
335733
336166
336169
336337
336361
337026
337058
337310
337319
337332
339251
339295
339310
339319
339336
339343
340415
340967
341031
341064
342038
342079
342104
342105
342110
342127
342178
342181
342259
342266
342364
342397
342448
342532
342553
342566
342574
342638
342642
342648
342668
342748
342789
343327
343618
343640
343715
343959
344110
344114
344175
344636
344649
344910
344980
345005
345006
345013
346299
346418
346625
346660
347306
347589
347967
347986
347991
348274
348288
348323
348360
348647
348758
348974
349693
349725
349775
349828
350299
350475
350493
350867
351014
351023
351030
351374
351415
351812
352330
352740
352872
353025
353138
354386
354410
354423
354441
355304
355307
355319
355345
355383
355386
355437
355438
355472
356157
356173
356786
356955
357026
357056
357252
357669
358178
358599
358603
358614
359173
359282
359307
360462
360468
360819
360822
361180
361185
361307
361334
361351
361816
362499
363122
363123
363125
363149
363180
363187
363318
363822
363971
364289
364380
364703
365239
365242
365687
365702
365771
365814
365909
366402
366425
366442
366731
366853
366951
366998
367167
367516
367528
367554
368069
368245
368258
368673
368695
368724
368738
368775
369048
369060
369273
369354
370099
370115
370134
370149
370176
370188
370697
370700
370972
371017
371071
371109
371135
371988
372425
372489
373562
373605
374986
375225
375263
375282
375745
375764
375770
375816
375846
375872
376206
376419
376577
376787
376934
376935
376940
377315
377375
377397
378685
379283
379302
379379
379411
379415
379782
380129
380172
380255
380298
380312
380596
380621
380623
380844
380859
380878
380914
380922
380942
382453
382562
382571
382896
382898
382925
383303
385160
385241
385441
385552
385564
385569
385574
385576
385840
385845
386086
386283
386293
386334
386341
386381
386785
387850
387888
387914
388926
389012
389131
389742
389841
389852
390150
390379
390643
390752
390889
390892
391493
391663
391855
391899
391922
391933
392346
392380
392600
392744
392898
393494
393512
393723
394136
394153
394468
394511
394585
394615
394619
394851
394875
394937
395189
395631
395721
395861
396090
396258
396769
397365
397613
398192
398467
399364
399495
399499
400034
400055
400407
400604
400869
401728
401789
402583
402665
402671
402691
402724
403008
403296
403352
403598
403621
403633
403741
403861
404890
405023
405549
405939
405942
405959
406007
406013
406022
406025
406064
406117
406129
406151
406164
406679
406683
406849
407323
407483
408762
408860
408965
409006
409012
409018
409799
409950
410768
410806
410815
411271
411320
411360
411467
411469
411998
412143
412258
412437
412709
412793
413046
413048
413077
413208
413884
414281
414833
414910
415257
415486
415719
415757
415831
415834
415837
415877
415891
415911
416227
416230
416252
416254
416936
417647
417738
417812
419086
419769
419837
419898
419980
420014
420093
420103
420106
420549
420785
420850
420933
420986
422160
422621
422701
422972
423442
423460
423486
423534
423576
423582
423595
424046
424060
424068
424081
424103
424128
424157
425050
425132
425197
425640
425828
426482
426662
426770
426847
426966
427166
427239
427422
427906
427917
428343
429135
429669
429715
430082
430214
430515
430522
430995
431403
431414
431425
431804
432323
433110
433505
433592
433784
434076
434656
434696
435598
435826
435891
436150
436237
436240
436319
436597
436921
437038
437259
437471
437697
437848
438306
438506
439244
439472
439518
1998 HO4
1998 UF50
1999 CE23
1999 SL1
1999 VA102
2001 FU134
2001 FY207
2001 PJ61
2001 RN133
2001 RE155
2001 SH174
2001 SB349
2001 SU355
2001 TC87
2001 UK229
2001 VK114
2002 CZ36
2002 CR161
2002 EY130
2002 FS
2002 GS8
2002 GY59
2002 GK191
2002 HM6
2002 MU6
2002 OX36
2002 PM20
2002 PA114
2002 PZ187
2002 PM200
2002 QC55
2002 QN65
2002 QE86
2002 QD133
2002 RN70
2002 RS172
2002 RL231
2002 RX270
2002 SJ69
2002 TL63
2002 TV269
2002 TE245
2002 TV269
2002 VK144
2002 VA148
2002 WS22
2003 FO21
2003 QD14
2003 QL92
2003 SK46
2003 SG281
2003 SA296
2003 SW387
2003 SA201
2003 SG281
2003 SL290
2003 SA296
2003 SU322
2003 SR350
2003 SZ354
2003 UJ385
2003 UV159
2003 UQ299
2003 WT104
2003 WU115
2004 CM2
2004 CG7
2004 RR57
2004 RH146
2004 RG153
2004 RW163
2004 RQ320
2004 TM57
2004 TD64
2004 TO97
2004 TF187
2004 XX15
2004 XA59
2004 YG17
2005 EL88
2005 GF198
2005 LF47
2005 MY36
2005 NA35
2005 PJ5
2005 QA93
2005 QD105
2005 SU27
2005 TW136
2005 TZ164
2005 TW166
2005 UV11
2005 UG423
2005 UB171
2005 UM436
2005 UX185
2005 UC446
2005 UJ187
2005 UP252
2005 UO262
2005 UW337
2005 VP16
2005 XX49
2005 YP64
2005 YW81
2005 YU216
2006 BE66
2006 BJ90
2006 BJ138
2006 DB52
2006 DO91
2006 FU23
2006 HA72
2006 KX12
2006 KD103
2006 PX13
2006 PQ41
2006 QA39
2006 QD77
2006 QP119
2006 RB37
2006 RA47
2006 SO15
2006 SY21
2006 SX144
2006 SU147
2006 SS408
2006 SR191
2006 SM296
2006 TK17
2006 TC46
2006 TE56
2006 UE221
2006 UM288
2006 US336
2006 VG1
2006 VX27
2006 VA28
2006 VX83
2006 VE111
2006 VL120
2006 VZ169
2006 WV59
2006 WG146
2006 YO
2006 YR5
2006 YG15
2007 BZ29
2007 CZ2
2007 CR48
2007 DU8
2007 EU41
2007 EC81
2007 EG129
2007 FK43
2007 JE2
2007 LZ27
2007 MS1
2007 RS116
2007 RN141
2007 RR273
2007 RR296
2007 RQ297
2007 RR320
2007 SD5
2007 ST17
2007 TT82
2007 TT97
2007 TX197
2007 TC218
2007 TW261
2007 TQ312
2007 TM340
2007 TG367
2007 TJ405
2007 TX197
2007 TC218
2007 TW261
2007 TA262
2007 TQ312
2007 TM340
2007 TR348
2007 UO26
2007 UC52
2007 UT83
2007 UF101
2007 UL122
2007 VK21
2007 VW51
2007 VW90
2007 VX98
2007 VN99
2007 VZ113
2007 VE125
2007 VD146
2007 VP158
2007 VQ213
2007 VD272
2007 VW316
2007 VB326
2007 WS25
2007 WQ55
2007 XV52
2007 YZ14
2007 YR49
2007 YL64
2008 AO24
2008 AW26
2008 AX104
2008 BU33
2008 BP43
2008 CD40
2008 CL47
2008 CJ50
2008 CJ145
2008 CP175
2008 CF180
2008 DV53
2008 DY80
2008 EA16
2008 EN118
2008 FY49
2008 GV25
2008 GJ46
2008 GQ65
2008 GD115
2008 HQ44
2008 JX1
2008 KK23
2008 NB2
2008 QC16
2008 QV45
2008 RP44
2008 RQ44
2008 RD47
2008 RD70
2008 RQ99
2008 RW129
2008 SH32
2008 SN87
2008 SC104
2008 SW169
2008 SK195
2008 SG198
2008 SD266
2008 SC300
2008 TC12
2008 TP83
2008 TJ91
2008 TL99
2008 TS161
2008 TX189
2008 UV2
2008 UP4
2008 UR34
2008 UY43
2008 UG57
2008 UC67
2008 UX131
2008 UM141
2008 UQ144
2008 UZ144
2008 UD156
2008 UL164
2008 UZ202
2008 UK240
2008 UP279
2008 UC286
2008 US302
2008 UY343
2008 VA22
2008 VR26
2008 WW47
2008 WM62
2008 YB24
2008 YM63
2008 YJ95
2008 YW149
2008 YF150
2009 AD24
2009 AW26
2009 AO36
2009 BC26
2009 BL30
2009 BF61
2009 BX114
2009 DY2
2009 DT49
2009 GX1
2009 GP3
2009 HQ93
2009 OZ23
2009 QM54
2009 RJ12
2009 SL47
2009 ST106
2009 SG132
2009 SN144
2009 SV148
2009 SU233
2009 SC271
2009 SP338
2009 SY339
2009 UM49
2009 UT84
2009 UB143
2009 UG152
2009 VS6
2009 VJ28
2009 VS65
2009 VL109
2009 VC114
2009 WK80
2009 WB144
2009 WS217
2009 YD5
2009 YV21
2009 YQ24
2010 AK1
2010 AQ65
2010 AS132
2010 BN39
2010 CY16
2010 CG59
2010 CJ75
2010 CR131
2010 CY213
2010 EM127
2010 EJ132
2010 ES143
2010 FJ20
2010 FK21
2010 FP91
2010 FN92
2010 GY
2010 JT31
2010 JS35
2010 JW96
2010 MQ83
2010 NS66
2010 NW96
2010 PD40
2010 PQ51
2010 RB25
2010 RC38
2010 RW51
2010 RW63
2010 RH84
2010 RL130
2010 TO41
2010 TW44
2010 UR9
2010 UX12
2010 UG17
2010 UH26
2010 UK59
2010 UX67
2010 UV81
2010 VF12
2010 VR56
2010 VP112
2010 VG116
2010 VC138
2010 VN161
2010 VB220
2010 VD220
2010 WL3
2010 WE29
2010 XN35
2010 XZ71
2011 AY17
2011 BJ64
2011 CG31
2011 DL8
2011 FZ11
2011 LF19
2011 OG27
2011 QO38
2011 QO39
2011 QQ63
2011 SA20
2011 SY133
2011 SW158
2011 SU169
2011 SX247
2011 SQ256
2011 TU2
2011 TY15
2011 UT6
2011 UZ16
2011 UX24
2011 UX84
2011 UL93
2011 UK124
2011 UP210
2011 US274
2011 UW337
2011 UM103
2011 UK124
2011 UP125
2011 UP210
2011 US249
2011 UL250
2011 US274
2011 UT300
2011 UZ320
2011 UW337
2011 UT358
2011 VY2
2011 WW16
2011 WJ63
2011 WG112
2011 WK135
2011 XL
2011 XS
2011 XS1
2011 YR
2011 YN25
2011 YV30
2011 YU68
2011 YZ69
2011 YH70
2012 BM22
2012 BM35
2012 CY49
2012 DU46
2012 FH1
2012 FY8
2012 FO53
2012 GE7
2012 GE13
2012 GS25
2012 HQ27
2012 JW7
2012 KE46
2012 LV7
2012 LX11
2012 MW7
2012 ME9
2012 PG24
2012 QY15
2012 RK13
2012 RK29
2012 RZ39
2012 ST23
2012 SM57
2012 TD27
2012 TD41
2012 TO137
2012 TE152
2012 TX169
2012 TR186
2012 TD203
2012 TN256
2012 TN258
2012 TX301
2012 TG313
2012 UQ20
2012 UH29
2012 UJ41
2012 UE42
2012 UN59
2012 UK65
2012 UZ112
2012 UA145
2012 US145
2012 UV152
2012 UD160
2012 UB170
2012 VY
2012 VT38
2012 VJ52
2012 VE75
2012 VV102
2012 XV1
2012 XR37
2012 XN41
2012 XF67
2012 XB93
2012 XD103
2012 XM144
2012 XZ151
2012 YH8
2013 AH50
2013 AA74
2013 AH105
2013 AV115
2013 BY9
2013 BX13
2013 BX42
2013 CU49
2013 CH195
2013 CU201
2013 DO16
2013 EE36
2013 EH85
2013 EJ105
2013 EZ120
2013 FV
2013 GJ73
2013 GN78
2013 GL112
2013 HZ28
2013 HP32
2013 HC34
2013 JC25
2013 JM42
2013 KD8
2013 LT35
2013 MQ2
2013 NJ21
2013 PF42
2013 PJ71
2013 QF3
2013 QD62
2013 QJ73
2013 RX43
2013 SG29
2013 TJ78
2013 TP133
2013 UF11
2013 UO14
2013 VS11
2013 WE12
2013 WW14
2013 WB68
2013 WF74
2013 WZ78
2013 WO80
2013 WP94
2013 WO99
2013 WD108
2013 XB5
2013 XT20
2013 YD17
2013 YW23
2013 YW28
2013 YJ29
2013 YV42
2013 YO60
2013 YY76
2013 YB121
2014 AC10
2014 AJ28
2014 BZ5
2014 BG8
2014 BQ12
2014 BC40
2014 DB1
2014 DP78
2014 ET2
2014 EO4
2014 EM21
2014 FD2
2014 FY10
2014 FU36
2014 FH55
2014 GO31
2014 HP72
2014 HU83
2014 HL122
2014 HS194
2014 JQ28
2014 JZ34
2014 JZ77
2014 JC79
2014 KM25
2014 KB52
2014 LO12
2014 LL16
2014 MF21
2014 ML56
2014 NG34
2014 NM43
2014 NM51
2014 NH59
2014 OF38
2014 OM58
2014 OL85
2014 OK95
2014 ON97
2014 OZ100
2014 OG103
2014 OM389
2014 OY156
2014 OD181
2014 OQ188
2014 OO197
2014 OX238
2014 PS28
2014 PQ33
2014 PT39
2014 PR51
2014 PG52
2014 QY24
2014 QW29
2014 QE367
2014 QH367
2014 QO368
2014 QA414
2014 QQ167
2014 QM254
2014 QB270
2014 QG325
2014 QC335
2014 QB342
2014 RF13
2014 SN96
2014 SE119
2014 SV152
2014 SS169
2014 SV209
2014 SW281
2014 SB301
2014 SF317
2014 TE38
2014 TZ46
2014 TC48
2014 TJ59
2014 UQ42
2014 UZ53
2014 UK88
2014 UT88
2014 UR94
2014 UP95
2014 UP113
2014 UF172
2014 UK191
2014 UK204
2014 VF13
2014 VT25
2014 WV18
2014 WJ66
2014 WD116
2014 WN437
2014 WX179
2014 WD210
2014 WU478
2014 WY498
2014 WX263
2014 WZ274
2014 WB353
2014 XA21
2014 XF36
2014 YO25
2015 AH1
2015 AG27
2015 AQ46
2015 BJ2
2015 BT44
2015 BW45
2015 BR74
2015 BU389
2015 BX392
2015 BY394
2015 BF408
2015 BA203
2015 BO466
2015 BR301
2015 BV313
2015 DC111
2015 DT136
2015 DY146
2015 EK8
2015 FZ161
2015 FW304
2015 FX335
2015 GE39
2015 HZ88
2015 HZ175
2015 KG6
2015 KK10
2015 KC67
2015 KW143
2015 MO7
2015 MZ58
2015 ML67
2015 MA68
2015 MG78
2015 MV98
2015 NC8
2015 NB13
1995 TC5
1996 XR7
1999 FA69
1999 TM336
2000 EQ102
2000 VV11
2001 NG16
2001 PA32
2001 SE189
2001 SW343
2001 UH231
2002 AF197
2002 AU204
2002 CV197
2002 GX179
2002 NL77
2002 NR78
2002 OZ36
2002 PW186
2002 PC194
2002 QB51
2002 QK64
2002 QJ74
2002 RH53
2002 RC66
2002 RR255
2002 RB274
2002 RW276
2002 RN286
2002 TX204
2002 TV358
2003 FA102
2003 FS103
2003 MC4
2003 SQ12
2003 SP33
2003 SH375
2003 SS419
2003 SB246
2003 SR265
2003 UQ416
2003 YZ13
2003 YW68
2004 CW27
2004 FD78
2004 FR136
2004 HN8
2004 NS13
2004 PP70
2004 RU173
2004 RH243
2004 TC64
2004 TB156
2005 AC19
2005 AZ31
2005 EO95
2005 EV134
2005 EE219
2005 EJ302
2005 GF21
2005 JH15
2005 KX4
2005 LA31
2005 MB18
2005 NX8
2005 NO86
2005 QU5
2005 QF13
2005 QA133
2005 SL136
2005 TY86
2005 UX17
2005 UG78
2005 UR100
2005 UJ133
2005 UT144
2005 UL184
2005 UZ217
2005 VT109
2005 VG116
2005 WD48
2005 WO53
2005 YJ33
2005 YD114
2005 YM275
2006 AF6
2006 AA16
2006 AH31
2006 AM74
2006 BG119
2006 BZ278
2006 DA48
2006 DN48
2006 DU180
2006 EP13
2006 EW48
2006 HD53
2006 KJ136
2006 QY14
2006 QJ15
2006 QZ29
2006 RO76
2006 RD84
2006 SP390
2006 ST142
2006 SH143
2006 SW147
2006 ST158
2006 SD230
2006 SZ252
2006 UQ132
2006 UX170
2006 UU236
2006 UD343
2006 WN40
2006 WM163
2006 WS167
2006 XZ24
2007 BD102
2007 DN65
2007 FO31
2007 GW63
2007 HT15
2007 OJ5
2007 RW81
2007 RR101
2007 RB195
2007 RQ288
2007 TA73
2007 TE88
2007 TV90
2007 TW282
2007 UG60
2007 UM64
2007 UU72
2007 UD91
2007 UZ91
2007 VW17
2007 VZ158
2007 XN15
2007 YR2
2007 YW28
2007 YZ47
2007 YA70
2008 AZ115
2008 CO42
2008 CP65
2008 FJ108
2008 FY121
2008 GV108
2008 HW14
2008 HW55
2008 OO2
2008 SJ12
2008 SG67
2008 SB135
2008 SW224
2008 ST265
2008 SC298
2008 TU15
2008 TJ100
2008 TQ109
2008 TS150
2008 UX26
2008 UG33
2008 UA189
2008 VB41
2008 VH41
2008 WZ83
2008 XW31
2008 YJ36
2008 YO124
2008 YS131
2009 AR9
2009 AQ25
2009 BT21
2009 BH31
2009 BM189
2009 CM4
2009 CY7
2009 DJ47
2009 GB2
2009 HD49
2009 KO33
2009 OS25
2009 PX13
2009 SV69
2009 SQ80
2009 SU95
2009 SO124
2009 SX158
2009 SA341
2009 UU136
2009 VB20
2009 WP14
2009 WX90
2010 AQ80
2010 BZ65
2010 CD23
2010 CH142
2010 CQ193
2010 CF204
2010 CU238
2010 DY44
2010 EJ115
2010 FN25
2010 FT50
2010 FA89
2010 GL6
2010 GZ59
2010 HK7
2010 HT10
2010 HT46
2010 JK30
2010 JE52
2010 JC69
2010 JZ104
2010 JS106
2010 KZ23
2010 KX58
2010 KG66
2010 KZ80
2010 LM4
2010 LS13
2010 MS8
2010 NU95
2010 OJ22
2010 OU99
2010 RE7
2010 RU22
2010 TG82
2010 TG99
2010 UA68
2010 UA90
2010 VM33
2010 VS131
2010 VA170
2010 VP204
2010 VF215
2010 VA216
2010 VM216
2010 WQ20
2010 WO37
2011 BA1
2011 BO28
2011 BU147
2011 CB13
2011 CP28
2011 CK94
2011 CA115
2011 DH21
2011 DL50
2011 EO54
2011 FF44
2011 KJ13
2011 LA1
2011 LO8
2011 QM6
2011 QX27
2011 SU35
2011 SM171
2011 ST209
2011 SP241
2011 UM54
2011 UM59
2011 UZ93
2011 UZ142
2011 UF145
2011 UK191
2011 UY197
2011 UL202
2011 UO239
2011 UX279
2011 WG115
2012 BZ30
2012 CE7
2012 CA50
2012 DO20
2012 FE53
2012 GU1
2012 HQ83
2012 KG40
2012 LR2
2012 PS5
2012 PZ15
2012 QD1
2012 QF6
2012 QQ8
2012 QZ29
2012 SM65
2012 TM70
2012 TJ100
2012 TJ138
2012 TN173
2012 TZ298
2012 TQ321
2012 UN16
2012 US34
2012 UG57
2012 VT9
2012 VM13
2012 VA40
2012 VN53
2012 WE5
2012 WJ8
2012 WW14
2012 XV
2012 XL5
2012 XV18
2012 XY49
2012 XT65
2013 AU28
2013 AE32
2013 AG49
2013 AH103
2013 AT140
2013 AO145
2013 BW14
2013 BN36
2013 CD140
2013 CE193
2013 DE9
2013 EC17
2013 EG43
2013 ED72
2013 EK107
2013 FA12
2013 GS42
2013 GM84
2013 HZ12
2013 HP19
2013 HL57
2013 HW78
2013 HU81
2013 HO112
2013 JB19
2013 JG30
2013 KA10
2013 LG35
2013 NJ3
2013 OM11
2013 PP41
2013 QU16
2013 QP53
2013 RU4
2013 RK15
2013 RT19
2013 RF45
2013 RS96
2013 ST34
2013 SY38
2013 SE58
2013 SV77
2013 TC14
2013 TN24
2013 TC36
2013 TB95
2013 TN134
2013 WC8
2013 WJ83
2013 XN
2013 YO15
2013 YD54
2013 YK101
2014 AF19
2014 AV44
2014 AT47
2014 BM14
2014 BS23
2014 FH57
2014 HH21
2014 HN66
2014 HA98
2014 HR114
2014 HT151
2014 HN184
2014 HJ190
2014 JF13
2014 JA28
2014 JV29
2014 JK55
2014 JP57
2014 JF75
2014 KA20
2014 KQ56
2014 MG5
2014 NP
2014 OQ12
2014 OX20
2014 OE42
2014 OP103
2014 ON365
2014 OZ107
2014 OD129
2014 OP149
2014 OJ150
2014 OP175
2014 OD245
2014 OL319
2014 OG345
2014 PO2
2014 PD23
2014 QY22
2014 QS360
2014 QW395
2014 QT412
2014 QE153
2014 QU176
2014 QP207
2014 QX257
2014 QN268
2014 SB24
2014 SY36
2014 SN112
2014 SV158
2014 SB180
2014 SB192
2014 TQ30
2014 TM78
2014 UL5
2014 UP43
2014 UE59
2014 UN100
2014 UG126
2014 UO178
2014 VS27
2014 WN51
2014 WH119
2014 WV332
2014 WS347
2014 WH119
2014 WT391
2014 WK132
2014 WZ408
2014 WG424
2014 WG440
2014 WL192
2014 WO195
2014 WY241
2014 WG260
2014 WV332
2014 XC6
2015 AG47
2015 AQ77
2015 AU247
2015 BD46
2015 BH126
2015 BZ126
2015 BM144
2015 BG175
2015 BE196
2015 BQ466
2015 BZ228
2015 BR283
2015 BU283
2015 DU32
2015 DE111
2015 DV159
2015 DU215
2015 DK224
2015 EV35
2015 FG39
2015 FY39
2015 HJ24
2015 HX59
2015 HZ61
2015 HN95
2015 HQ170
2015 HA175
2015 KO8
2015 KR106
2015 KK157
2015 LO15
2015 LY22
2015 LL35
2015 MY68
2015 MM82
2015 MG107
2015 MB128
2015 OT18
2015 OO77
2015 PM42
2015 PE53
