id
799
2849
4002
4141
10111
14532
20335
21191
21548
23690
25218
26689
27478
28596
28760
29347
33547
33717
34251
37017
38851
40518
41784
42101
42964
45091
45975
46268
46539
46897
47296
49011
51578
52607
53270
53365
53887
55061
61465
61827
61903
64484
64597
65478
65905
66844
68464
70579
70657
73892
74286
76088
77272
77280
78654
83197
83949
84447
84735
86518
88890
89300
89383
90630
92722
93228
94948
96504
96876
96884
96984
98441
99496
104508
107476
109112
110598
111917
112331
112338
112676
115541
116887
116945
117072
117488
117836
118100
122536
122955
123059
125113
125212
125604
126073
126152
126287
127088
131211
132621
134714
134768
135833
136950
137071
137937
139254
141921
142527
143136
148800
150025
154313
154811
158910
160241
161033
165592
167744
170445
171106
172644
173384
174161
174892
175239
177455
179873
182060
182064
183761
184340
189787
190018
190547
190594
193370
193594
195094
195396
199157
199259
200947
200997
202978
203204
203630
205961
207919
208066
209139
209171
212095
214320
214587
216338
216746
219626
221090
226729
227436
227871
229911
230316
231884
233222
237268
241961
243640
244815
247719
250203
250455
251994
252005
252955
255864
255897
256021
256038
256039
256126
256189
256850
257841
259968
260032
265575
266076
266283
271714
272532
273672
273803
275042
275361
276821
277495
277969
279634
279709
279828
280611
281242
283066
283562
287037
287678
288315
289384
289516
290059
291470
291770
293927
295579
296329
296359
299583
301174
302624
303547
303647
305641
306379
306926
307434
309177
309427
309881
312196
312334
315553
319665
322594
323759
324460
324612
325113
327228
328259
328317
331188
333581
339117
339156
339224
340197
340301
342145
342598
346495
347487
347796
348779
349645
353042
356039
357408
358594
358631
362220
363571
363793
363797
364237
369720
374358
374948
374963
376480
376689
377680
377686
383247
388204
389016
389073
390002
394135
395033
395250
395838
396126
398368
399313
399596
400329
403346
404679
405137
406005
408385
411731
419846
421118
421643
424587
426563
427572
427893
429522
429676
429690
430909
430947
432406
433401
433686
438704
439461
439489
439628
2002 RA283
2002 TP328
2003 GO19
2003 UC310
2005 GJ177
2005 YO199
2006 UL240
2006 WT161
2007 VR170
2008 UN113
2008 XU38
2008 YH103
2009 MA5
2009 SG351
2010 CH105
2010 JQ177
2010 KY9
2010 XH80
2011 AB61
2011 EP71
2011 SD81
2011 SA130
2011 UR383
2012 DV33
2012 DW34
2012 FJ5
2012 UP66
2012 XE124
2013 BA72
2013 CV44
2013 CP65
2013 EO38
2013 GR28
2013 TE49
2014 HS16
2014 JU31
2014 JS44
2014 KK93
2014 OV125
2014 OP188
2014 PM16
2014 QA371
2014 QR137
2014 QV402
2014 QL230
2014 TS43
2014 WR428
2015 FQ152
2015 FQ160
2015 GL38
2015 HX126
2015 LC32
2002 UG79
2005 WY165
2006 BH196
2007 TH104
2007 VW123
2007 YR27
2008 FL110
2008 GS86
2008 VY14
2008 WR19
2008 YF56
2009 KV34
2009 SA85
2009 VV68
2009 WR103
2010 AM101
2010 AL123
2010 AH137
2010 BB19
2010 BP27
2010 BG40
2010 BQ40
2010 BF67
2010 BZ69
2010 BO74
2010 BA87
2010 BN92
2010 BK94
2010 BO104
2010 BX116
2010 BJ125
2010 BE131
2010 CS51
2010 CC223
2010 DA31
2010 DJ54
2010 DC82
2010 FH61
2010 FR66
2010 GW9
2010 GV76
2010 GA93
2010 HN10
2010 HW12
2010 HH50
2010 HA85
2010 JD139
2010 KS73
2010 KZ106
2010 KC110
2010 LZ52
2010 OG49
2010 TR3
2010 TT5
2010 WY17
2012 EF12
2012 TZ49
2012 VD74
2013 HD58
2013 HB121
2013 MH11
2014 NC27
2014 OT48
2014 QM389
2014 RO3
2014 SA107
2014 WC282
2015 BT85
2015 BL443
2015 BL458
2015 BX205
2015 BF293
2015 FX328
2015 HQ158
2015 MZ112
