id
5368
8201
31097
45850
48717
72430
76805
92287
114804
134372
137532
144861
152664
153235
153842
160869
176230
176446
197528
197554
204803
213803
217628
218296
227062
229050
230346
237323
237858
266649
274763
277616
287553
294784
295444
316876
319226
321984
326099
331565
333332
340847
346240
347413
348739
357331
359968
360445
363349
367434
370262
376062
377122
377661
382759
388366
390812
391771
403516
404987
410038
415364
418085
418421
418720
1998 QD2
1998 SJ60
1999 TD207
2000 YR37
2002 FG3
2003 WN156
2003 XK21
2004 LR22
2004 PW27
2004 RK246
2005 GO68
2005 HB
2005 VC2
2006 WK67
2007 TE316
2007 WC41
2008 DL49
2008 EQ53
2008 KA42
2008 RR53
2008 SZ145
2009 KC5
2009 MC8
2009 RM
2009 SY227
2009 SQ238
2009 TB43
2009 VY103
2010 GH65
2011 CH71
2011 FQ56
2012 BY63
2012 VZ36
2013 CH144
2013 EA30
2013 TB80
2014 AP13
2014 BQ3
2014 BD24
2014 CU14
2014 EO43
2014 HJ110
2014 OJ112
2014 WU104