id
4754
5130
9818
13062
13463
18054
20144
20738
22008
24587
30708
31819
32720
32726
37519
39693
43436
48373
60322
99323
116930
124695
125045
129140
129153
133862
157470
166211
171424
186138
189377
190229
195309
195315
203865
214506
228010
231612
243460
246817
249258
263080
263811
264055
284887
295336
299537
310103
310382
310641
312635
315203
315918
321070
321113
339562
341909
344340
355835
356214
356228
358993
359966
375241
376869
379973
382303
389335
389823
390322
415265
2006 EV46
2008 GA139
2008 KJ34
2008 RS9
2008 SW273
2009 UF100
2009 WG152
2010 VX23
2010 VK170
2011 YO57
2013 AL55
2013 AU131
2013 BY17
2013 JA15
2014 UL160
2005 BC43
2006 DK167
2006 EP74
2007 FV36
2008 SJ20
2008 TW80
2011 QE91
2012 TT4
2012 TP52
2012 TE144
2013 AY144
2013 BE17
2013 SP62
2014 DP123
2014 EE3
2014 TX75
2014 UO203
2015 AY47
