id
116
140
160
203
206
310
395
1228
1352
1420
1726
2085
2271
2344
2354
2465
2603
2681
2864
2996
3363
3572
3664
3734
3844
4124
4292
4701
4917
5013
5091
5485
5628
5840
5965
6056
6216
6223
6230
6544
6704
6719
6782
7312
7562
7578
7595
7666
7684
7696
7728
7859
7880
7987
8068
8100
8371
8418
8599
9176
9294
9394
9448
9537
9645
9785
9920
10436
10657
10753
10975
11098
11164
11243
11267
11383
11406
11561
11935
11938
11967
12173
12280
12314
12317
12379
12484
12539
12586
12587
12594
12668
12739
12818
12891
12931
13248
13308
13583
14189
14253
14498
14536
14646
14671
14975
15675
15955
16051
16410
16790
17106
17149
17327
17488
17490
17761
17959
18191
18192
18223
18234
18246
18255
18256
18297
18321
18536
18567
18605
18660
18694
18699
18938
19003
19066
19213
19217
19268
19322
19465
19640
19808
19815
19891
19901
19904
19989
20205
20331
20342
20351
20839
21207
21214
21344
21949
22140
22337
22485
22536
22685
23021
23039
23040
23086
23098
23171
23434
23609
23610
23806
23819
23900
24002
24118
24159
24217
24864
25147
25194
25199
25203
25209
25240
25243
25300
25580
25630
25773
25931
25950
25957
26138
26179
26180
26344
26412
26455
26494
26557
26728
26769
26965
27115
27493
27495
27503
27681
27690
27705
27752
27984
28053
28071
28100
28683
28689
28831
28943
29085
29754
29772
29795
29807
29844
29852
30165
30318
30384
30386
30688
30845
31192
31632
31676
31684
31686
31696
31781
31802
31903
32379
32562
32656
32671
33145
33149
33181
33183
33227
33246
33321
33762
34073
34253
34279
34473
34589
34651
34725
34917
34936
34941
35000
35250
35299
35481
35489
35520
35575
35576
36074
36302
36476
36497
36537
36591
36637
36661
36679
36703
36880
36903
36913
36957
37003
37020
37046
37082
37136
37340
37429
37467
37500
37614
38310
38344
38350
38358
38373
38414
38894
38944
39035
39054
39064
39239
39583
39587
39623
39627
39672
39686
39756
40113
40419
40423
40513
40526
40684
40690
40765
40808
40860
40938
41024
41079
41732
41937
41940
42362
42454
42743
42980
43068
43153
43189
43795
43846
44302
44325
44334
44377
44399
44422
45273
45549
45580
45582
45651
45761
46155
46318
46322
46339
46611
46889
47020
47025
47047
47415
47504
47674
47730
48181
48201
48279
48398
48548
48551
48555
48557
48618
48690
49363
49373
49404
49408
49511
49681
50116
50263
50283
50351
50389
50496
50521
50568
50588
50616
50695
50699
50726
50810
50838
50879
50939
50941
50997
51002
51087
51704
51746
52093
52098
52121
52134
52609
52684
53129
53175
53206
53296
53332
53862
53938
54160
54214
54253
54285
54340
54429
54459
54475
54856
54915
54955
54967
55055
55122
55127
55130
55137
55193
55292
55357
55447
55588
55797
56310
56732
56765
56912
57045
57133
57197
57505
57559
57578
57581
57727
57737
57766
57798
57989
57993
58047
58079
58427
58498
58536
58717
58726
58730
58767
58769
58790
58831
59034
59162
59204
59391
59588
59828
59923
60058
60082
60099
60196
60445
60581
60874
60970
61396
61432
61473
61481
61555
61587
61593
61605
61798
61843
61870
62177
62203
62440
62444
62449
62645
62655
62763
62812
62895
63077
63192
63552
63652
63771
63783
63833
64049
64209
64292
64349
64639
64671
64720
64874
65160
65175
65207
65230
65295
65329
65343
65412
65418
65543
65568
65759
65853
65862
65990
66180
66205
66241
66736
66738
66754
66756
66815
66902
66923
67126
67341
68077
68186
68389
68433
68493
68662
68935
69242
69306
69426
69756
69759
69807
69878
70592
70621
70709
70754
70769
70773
70780
70854
70881
70913
70928
71005
71024
71027
71039
71084
71121
71248
71253
71258
71265
71296
71318
71323
72403
72492
72510
72613
72821
73358
73392
73742
73792
73918
74092
74194
74229
74236
74277
74360
75349
75385
75794
75902
76144
76198
76214
76238
76289
76349
76470
76472
76473
76497
76563
76625
77080
77283
77449
77492
77555
77570
77634
78238
78262
78397
78415
78430
78471
78543
78621
78657
78742
78923
78956
78983
79006
79103
79105
79108
79109
79110
79816
79889
79900
79973
80839
81200
81334
81366
81367
81446
81491
81525
81716
81731
81784
81820
81923
82512
82564
82616
82783
82900
83003
83067
83107
83180
83258
83260
83326
83380
83381
83382
83494
83504
83510
83532
83548
83645
83889
84114
84350
84601
84634
84644
84914
84958
85021
85042
85344
85355
85391
85689
85780
85791
85894
87190
87207
87285
87374
87598
87652
87717
87788
87839
87896
87897
87991
87995
88013
88033
88038
88062
88105
88133
88709
88725
88754
88804
88818
88973
89022
89086
89170
89299
89356
89441
89527
89602
89681
89715
89915
90589
90622
90738
90743
90823
90827
90905
91092
91440
91443
91460
91515
91670
92882
92971
93547
93612
93624
93674
93700
93765
93823
93847
93878
93880
93900
94145
95049
95053
95054
95164
95234
95248
95288
95352
95418
95502
95867
96052
96251
96320
96565
96928
96953
97006
97060
97067
97097
97107
97108
97153
97167
97207
97601
98102
98881
98927
99019
99200
99318
99483
99752
99831
100138
100145
100174
100184
100409
100556
100658
100772
100788
101020
101064
101219
101407
101499
101507
101564
101700
101984
102663
102799
102944
103290
103462
103535
103622
103738
103831
103833
103872
103906
103913
103936
104229
104238
104382
104630
104904
105037
105134
105136
105235
105307
105344
105436
105955
107379
107781
107968
108312
108639
109012
109176
109439
109901
109942
110073
110105
110128
110159
110199
110243
110260
110262
110279
110316
110320
110426
110427
110431
110459
110471
110472
110473
110503
110508
110548
110567
110664
110749
110752
110756
110806
110906
110927
111013
111053
111088
111117
111161
111210
111224
111229
111306
111323
111326
111372
111392
111446
111451
111486
111601
111752
111859
112530
112564
112713
112808
112809
112925
112988
113008
113134
113431
113493
113528
113538
113578
113582
113590
113640
113860
113946
114145
114169
114917
115085
115130
115253
115371
115453
115651
115741
115776
115783
115794
115960
116003
116030
116276
117168
117435
117457
117474
117578
117642
117774
117936
117938
118181
118701
118719
118764
118766
118792
118835
118853
119415
119417
119420
119680
119704
119716
119758
119842
120070
120109
120156
120493
120583
120585
120586
120590
120615
120616
120674
120683
120699
120763
120849
121352
121393
121409
121412
121490
121525
121539
121726
122178
122302
122398
122453
122477
122501
122649
122703
122717
122741
122809
122887
122943
122953
122957
123029
123099
123134
123142
123176
123191
123246
123250
123258
123299
123400
123459
123633
123718
123789
123897
125751
125950
126216
126273
126305
126324
126381
126385
126542
126557
126596
126607
126614
126616
126618
126639
126712
126808
126856
126866
126925
127026
127117
127119
127149
127164
127166
127180
127183
127203
127208
127278
127289
127294
127315
127332
127361
127746
127941
128538
128593
128628
128721
128770
128865
128904
129014
129109
129112
129292
129438
129570
129698
129880
129900
129934
130059
130118
131129
131193
131240
131249
131601
132559
132602
132669
132699
132765
132891
133104
133266
133285
133315
133325
133361
133441
133451
133454
133459
133474
133493
133540
133630
133645
133676
133746
133752
134135
134163
134236
134500
134752
134763
135076
135811
135896
135898
135908
135960
135975
135989
136058
136270
136358
136614
136616
136796
136824
136829
137121
137169
138317
138398
138432
138449
138499
138507
139366
139370
139463
139464
139467
139519
139532
139653
139688
139745
139801
139818
139821
139824
139844
139865
139899
140076
140080
140086
140088
140124
140182
140214
140221
140388
140504
140541
140702
140843
141168
141271
142581
142804
142824
142834
142835
142838
142855
142857
142866
142876
142910
143139
143169
143188
143222
143225
143286
143419
144212
144223
144245
144264
144319
144437
144451
144466
144468
144515
144552
144559
144585
144680
144892
145136
145320
145506
145558
145659
145662
145756
145780
146116
146462
146479
146520
146522
146533
146540
146555
146573
146583
146621
146638
146663
146669
146674
146693
146701
146750
146751
146773
146775
146798
146799
147361
147362
147371
147491
147795
147879
147881
148020
148032
148640
148751
148805
148838
148870
148888
148902
148918
148945
148951
148980
148982
148984
148985
148986
149010
149307
149426
149456
149477
149535
149546
149681
149860
149863
149939
149946
149949
150001
150021
150031
150114
150534
150537
150555
150890
150909
151170
151173
151194
151195
151207
151251
151253
151258
151270
151281
151298
151850
151871
152079
152090
152324
152345
152403
152542
152570
152668
152673
152777
153154
153180
153184
153428
153892
153912
153965
153968
153974
153976
153982
153983
153985
153987
154032
154041
154042
154044
154063
154078
154093
154557
154572
154755
154866
155066
155165
155195
155236
155301
155311
155364
155378
155397
155404
155513
155791
155805
156429
156440
156494
156566
156576
156585
157144
157162
157330
157605
157699
157774
157807
157893
158478
158501
158503
158522
158976
158978
159015
159071
159253
159314
159337
159683
159874
160023
160034
160139
160181
160341
160439
160933
161215
161378
161398
161409
161418
161427
161707
161816
161904
161908
162128
162137
162381
162835
162886
162897
163345
163385
163401
163876
163920
163938
163998
164014
164025
164116
164177
164315
164325
164527
164570
164734
164759
164763
165004
165077
165874
166361
166442
166454
166475
166489
166491
166516
166521
166523
166526
166548
166585
166608
166613
166652
167400
167474
167479
167483
167568
167798
167808
167851
167961
168167
168198
168207
168221
168384
168433
168456
168629
168650
168677
168683
168686
168698
169240
169706
169731
169804
169875
169888
169889
169902
169947
169966
170018
170063
170354
170392
170420
170497
170592
170610
170687
170711
171145
171180
171388
171403
171405
171452
171646
172222
172267
172310
172333
172363
172597
172637
172680
172699
172716
172721
172729
172897
172908
173047
173126
173438
173680
173711
173745
173751
173786
173790
173820
174187
174225
174311
174861
174939
174945
174962
175003
175028
175035
175051
175327
175425
175448
175455
175494
175498
175666
175679
176256
176259
176271
176389
176431
176443
176910
176949
177518
177550
177558
177563
177600
177611
177625
177856
177866
177930
177979
178000
178026
178049
178093
178127
178450
178671
178943
179023
179028
179045
179110
179123
179146
179196
179221
179230
179237
179238
179242
179297
179302
179343
179354
179705
179747
179804
180067
180619
180664
180698
180953
180994
181001
181035
181197
181199
181204
181334
181350
181397
181420
181462
181482
181574
181612
181620
181651
181720
182177
182205
182322
182432
182503
182612
182617
182635
182640
182707
182719
182725
182728
182729
182772
183141
183440
183479
183487
183597
183822
184014
184316
184512
184520
184617
184622
184626
184689
184693
184760
184776
184782
184814
184844
184864
184879
184910
184938
185177
185239
185256
185294
185302
185304
185333
185354
185402
185444
185545
185595
185618
185698
185890
185909
186198
186219
186221
186238
186617
187118
187133
187184
187189
187195
187220
187226
187247
187266
187272
187301
187320
187362
187390
187398
187535
187881
188142
188300
188643
188647
188678
188692
188703
188763
188941
188971
189116
189288
189324
189595
189791
189799
189806
190057
190077
190206
190371
190373
190380
190390
190396
190401
190419
191096
191124
191149
191166
191462
191732
191833
191838
191853
192023
192024
192030
192056
192075
192105
192145
192157
192244
192245
192362
192369
192373
192503
192506
192646
192681
192750
192769
192783
192787
192793
192813
192842
192913
192919
192920
192921
195276
195408
195426
195477
195573
195589
195594
196536
196568
196599
196600
196624
196678
196708
196729
196747
196774
196830
196882
196924
197130
198279
198327
198328
198405
198515
198538
198539
198544
198554
198561
198626
198657
199290
199336
199368
199427
199446
199450
199515
199518
199520
199527
199549
199670
199690
199740
199756
199843
200045
200058
200097
200206
200239
200243
200279
200295
201523
201553
201560
201564
201569
201576
201580
201587
201594
201633
201634
201641
201650
201675
201689
201718
201719
201730
201735
201743
201749
201758
201775
202294
202315
202602
202624
202643
202669
202798
202835
203026
203030
203696
203704
203705
203716
203717
203741
203763
203978
204010
204013
204039
204048
204061
204107
204119
204461
204476
204513
204520
204531
204570
204668
204693
204701
204711
204826
204958
205040
205048
205186
205189
205204
206015
206047
206049
206062
206066
206070
206095
206114
206126
206537
206579
206584
206616
206652
206662
206663
206686
206691
206695
206725
207211
207314
207333
207368
207433
207597
207694
207698
207721
207861
207885
208131
208323
208842
208847
208853
208855
208888
208917
209284
209285
209320
209344
209348
209820
209865
210125
210134
210240
210316
210336
210364
210494
210617
210682
210857
210883
210885
210886
210894
210954
211272
211294
211346
211362
211383
211416
211473
211749
211764
211771
211784
211786
211814
212098
212212
212214
212256
212481
212498
212503
212504
212540
212621
212762
212786
212807
212855
212868
212891
212910
213142
213281
213287
213315
213339
213345
213388
213727
214007
214018
214024
214048
214662
214673
214693
214760
214811
215062
215067
215172
215180
215296
215302
215389
215518
215545
215962
216106
216147
216160
216186
216188
216334
216337
216352
216375
216428
216433
216538
216681
216767
216802
216994
216999
217467
217555
217573
217782
217795
217798
217874
218025
218045
218378
218698
218709
218717
218727
218746
218747
218924
218995
219026
219379
219402
219429
219439
219449
219776
219793
219827
219864
219868
219900
220297
220599
220604
220769
221126
221190
221192
221193
221195
221252
221270
221304
221344
221353
221354
221382
221651
221653
221984
222272
222319
222728
222757
222768
222776
222801
222807
222809
222814
222834
223651
223658
223668
223690
223698
223709
223762
223770
223826
223846
224210
224258
224321
224397
224509
224570
224612
224961
225263
225301
225385
225939
225969
226008
226029
226062
226364
226737
226751
226763
226766
226769
226775
226813
226821
226849
226867
226869
226882
226883
226889
226891
226910
226917
227332
227353
227424
227482
227505
227552
227557
227605
227607
227628
227633
227638
227640
227643
227670
227682
227701
227896
227915
227929
227942
228201
228225
228272
228674
228888
229107
229136
229149
229153
229156
229164
229167
229173
229175
229176
229178
229182
229183
229192
229204
229221
229228
229380
229554
229558
229576
229624
229635
229779
229801
229893
229978
229979
230648
230649
230920
230925
230939
230942
230944
230956
230959
231199
231200
231233
231294
231302
231318
231327
231345
231346
231349
231350
231352
231370
231697
232510
232530
232542
232553
232555
232574
232577
232578
232582
232605
232794
232862
232886
232928
232929
233343
233344
233380
233420
233437
233442
233527
233618
233625
233667
233676
233688
233730
233735
233750
233792
233806
233871
233948
233958
234006
234008
234132
234294
234779
234784
234792
234864
235173
235203
235206
235224
235225
235285
235287
235315
235317
235325
235332
235335
235378
235388
235689
235843
235874
236329
236515
236545
236643
236658
236735
236812
236882
236929
237006
237099
237117
237172
237200
237240
237258
237290
237368
237419
237459
237921
237926
237928
237934
237937
237967
237970
237974
238121
238143
238145
238188
238211
238213
238222
238281
238285
238602
238612
238613
238632
238636
238645
239156
239164
239172
239450
239510
239584
239598
239615
239712
239755
239773
240163
240192
240195
240405
240424
240456
240668
240706
241067
241070
241235
241405
241411
241426
241437
241490
241655
241850
241853
241874
241990
242027
242050
242443
242454
242516
242546
242547
242588
242637
242888
242931
242997
243011
243027
243032
243043
243118
243172
243182
243211
243234
243290
243345
243518
243574
243707
243714
243844
243917
243999
244022
244114
244177
244188
244445
244916
245336
245895
245916
246014
246084
246338
246348
246355
246399
246408
246420
246428
246480
246545
246661
246695
246741
246743
246746
246748
246856
246895
247193
247248
247270
247271
247327
247705
247800
247846
247970
248000
248176
248194
248340
248342
248551
248605
248621
248638
248645
248797
248803
248846
248856
248873
248879
248903
248965
249056
249059
249061
249205
249250
249262
249267
249277
249379
249894
249905
249907
249908
249912
249915
249916
249944
249953
249972
249997
250498
250660
250667
251137
251164
251252
251277
251282
251289
251292
251473
251484
251490
251507
251729
252325
252339
252349
252361
252364
252405
252476
252477
252508
252524
252528
252564
252614
252620
252627
252643
252649
252655
253280
253317
253327
254688
254715
254734
254758
254762
254772
254785
254786
254792
254817
254821
254842
254891
254897
254922
254941
254995
255014
255016
255033
255218
255902
255974
256121
256192
256198
256270
256292
256297
256377
256395
256464
256733
256747
256808
256879
256964
256967
257005
257013
257048
257085
257342
257469
257531
258145
258185
258204
258231
258244
258349
258392
258423
258458
258469
258483
258501
258520
259289
259291
259349
259372
259856
259888
260020
260064
260782
260803
260912
260945
260954
260973
260979
261028
261051
261114
261136
261142
261175
261185
261186
261188
261217
261218
261244
261318
261338
261354
261441
261487
261525
261585
261601
262074
262111
262145
262161
262224
262254
262318
262329
262350
262367
262458
262463
262545
262633
262644
262653
262723
262786
262814
262815
262901
263225
263427
263466
263656
263691
263701
263863
263942
263945
264047
264052
264058
264069
264173
264195
264725
264726
264748
264762
264765
265355
265360
265369
265382
265711
265727
265758
265789
265800
265808
265813
265815
265819
265853
265854
265860
266351
266354
266370
266378
266407
266428
266435
266492
266646
266685
266703
266742
266760
266766
266769
266852
266906
266934
266952
266986
267200
267439
267480
267483
268062
268102
268121
268149
268169
268498
268500
268504
268510
268526
268539
268550
268555
268579
268602
269012
269064
269083
269220
269456
269579
269592
269599
269793
269801
269974
270454
270455
270497
270500
270541
270556
270569
271083
271110
271211
271353
271662
271771
271822
271827
271829
271839
271855
271864
271900
271904
272629
272664
272700
272710
272744
272825
272828
272872
272873
272918
272925
272949
272953
272969
273036
273041
273062
273070
273115
273732
273747
273784
273817
273841
273861
273888
274294
274303
274307
274359
274374
274383
274402
274444
274466
274500
274508
274623
274676
274691
274814
274876
274912
274951
275189
275243
275269
275379
275394
275401
275426
275445
275599
275704
276856
276867
276937
276984
277538
277554
277650
277663
277688
277710
277729
277740
277748
277771
277780
277799
278296
278313
278412
278520
278654
278670
278715
278744
278769
278788
278800
278804
278836
278853
278905
278926
278975
278996
279020
279074
279147
279161
279299
279355
279372
279401
279546
279644
279655
279710
279747
280077
280327
280345
280375
280385
280389
280393
280411
280421
280448
280609
280648
280984
280989
281018
281048
281051
281248
281417
281420
281458
281462
281496
281498
281596
281611
281612
281622
281650
281710
281712
281714
281879
281899
281939
281953
282300
282307
282628
283018
283213
283307
283328
283364
283660
283662
283668
283673
283680
283684
283730
284059
284068
284069
284162
284275
284534
284537
284565
284584
284588
284669
284782
284988
285012
285032
285520
285526
286063
286214
286248
286260
286314
286988
287003
287006
287068
287072
287186
287215
287226
287233
287234
287242
287351
287412
287628
287888
287988
288009
288020
288198
288277
288289
288328
288334
288350
288389
288441
288529
288531
288670
288929
289071
289072
289269
289287
289388
289424
289617
289662
289680
289699
289744
289749
289856
290018
290047
290123
290228
290229
290266
290284
290286
290296
290300
290306
290346
290410
290420
290435
290463
290471
290474
290526
290528
290546
290582
290591
290600
290648
290784
290794
290819
290825
290826
290854
290860
290885
290971
291046
291049
291077
291159
291590
291675
291922
292003
292030
292116
292147
292177
292183
292260
292280
292320
292321
292340
292510
292521
292549
292590
292687
292723
292727
292736
292745
292777
292842
292843
292848
292875
292920
292941
292987
293075
293208
293217
293230
293278
293317
293318
293323
293399
293780
293789
293834
294025
294104
294140
294152
294160
294187
294256
294326
294392
294408
294470
294488
294572
294579
294663
294666
294766
294802
294820
294833
294989
295008
295085
295090
295141
295149
295378
295402
295483
295588
295722
295730
295773
295784
295800
295878
295889
295979
295980
295996
296125
296268
296323
296511
296546
296644
296719
296728
296768
296795
296848
296863
297248
297315
298110
298115
298129
298135
298143
298193
298206
298235
298255
298258
298267
298589
298599
298639
298640
298653
298660
298689
299143
299167
299197
299199
299200
299215
299666
299695
299712
299761
300462
300489
300517
300518
300520
300521
300641
300648
300691
300699
300700
300719
300742
300758
300759
300778
300817
300863
301188
301231
301304
301356
301387
301417
301458
301463
301469
301471
301480
301489
301535
302124
302145
303110
303135
303155
303182
303199
303575
304174
304189
304206
304216
304228
304237
304262
304267
304271
304276
304303
304314
304319
304327
304355
304357
304392
304511
305021
305064
305163
305198
305227
305240
305260
305263
305270
305274
305320
305331
305337
305572
305690
305825
305854
305856
305880
306170
306196
306211
306318
306623
306931
307475
307499
307509
307527
307921
307951
308005
308215
308786
308789
308793
308849
308851
308865
308871
308881
308885
308903
308905
308922
308936
308950
308990
308999
309003
309017
309018
309418
309547
309566
309581
309597
310178
310239
311327
311633
311668
311687
311715
311734
311763
311772
311800
311804
311805
311821
311836
311846
311848
311849
311865
312278
312293
312314
312341
312377
312388
312415
312740
312756
312821
312834
312865
312898
312916
312938
312977
313562
314247
314254
314284
314321
314334
314402
314744
314770
314790
314791
314818
314889
314894
314909
315691
315721
315745
315780
315823
315825
315831
315846
315848
315862
316120
316202
316221
316224
316270
316291
316415
316416
316427
316450
316491
316515
316540
316545
316571
317074
317204
317437
317470
317603
317663
318343
318423
318682
318689
318702
318727
318728
318782
318789
318810
318819
318829
318833
318837
318892
318911
318916
318932
318947
318953
318956
318960
318971
318993
319009
319030
319389
319455
319643
319722
319751
319910
319915
319916
319942
319944
319963
319967
319971
320011
320090
320116
320233
320352
320611
320783
320797
320801
320833
320846
320856
320958
320970
321165
321170
321193
321220
321233
321634
321643
321690
321709
321738
321773
321841
321872
321881
321911
321942
321958
322006
322147
322152
322295
322306
322346
322374
322384
322415
322440
322452
322470
322625
322630
323132
323564
323816
323819
323852
323853
323874
323903
323921
323933
323941
323944
323949
323960
323967
323968
323970
323979
324032
324038
324049
324052
324074
324078
324079
324638
324648
324710
325163
325332
325498
325662
325713
325873
325883
325893
325906
325975
325981
325998
326011
326214
326215
326219
327027
327053
327290
327300
327347
327349
327356
327403
327415
327417
327420
327431
327432
327456
327894
327925
327929
327959
327966
327971
327976
328611
328624
328659
328670
328956
329024
329037
329120
329274
329669
329815
329821
329837
329845
329977
329978
330021
330120
330145
330346
330398
330418
330435
330440
330442
330451
330465
330471
330900
330903
330904
330942
331039
331057
331113
331225
331263
331295
331384
331473
331683
331799
331820
331943
332095
332140
332142
332150
332159
332171
332189
332224
332618
332624
332649
332798
332826
332851
332863
332916
333063
333099
333429
333491
333604
333754
333811
333849
333913
333922
333940
333941
334742
334813
334835
334837
334840
334870
334872
334876
334877
334886
334888
335145
335165
335388
335564
335606
335609
335842
336237
336250
336317
336377
336385
336401
336424
336435
336437
336440
336447
336454
336455
336476
336490
336503
336711
338052
338053
338054
338055
338060
338066
338089
338125
338140
338153
338602
338657
338660
338686
338697
338709
338714
338733
338758
338776
338782
338822
338833
338836
339351
339376
339394
339437
339450
340393
340448
340453
340505
340514
340540
340569
341142
341162
341172
341178
341198
341209
341210
341225
341231
341241
341253
341254
341261
341268
341279
341353
341361
342237
342268
342290
342470
342495
342515
342540
342541
342576
342730
342762
342780
342850
342859
342873
342877
342883
342934
342969
343189
343361
343367
343388
343554
343571
343580
343678
343870
343962
343970
344037
344082
344083
344084
344462
344496
344498
344501
344745
344767
344781
344803
345000
345033
345043
345445
345485
345877
345886
345895
345897
345902
345910
345923
345956
345965
345971
345988
346003
346080
346174
346361
346498
346583
346628
346656
346665
346676
346682
346683
346720
346751
346757
346794
347010
347091
347424
347434
347441
347450
347865
347867
347870
347901
348095
348128
348129
348137
348207
348445
348518
348791
349168
349211
349214
349222
349225
349228
349240
349243
349267
349320
349338
349347
349356
349609
349723
349741
349748
349765
349787
349801
349813
349821
349835
349881
349914
350111
350148
350244
350321
350337
350341
350887
351052
351167
351412
351413
351838
351861
352183
352185
352250
352263
352269
352288
352320
352347
352422
352958
353006
353090
353126
353408
353455
353501
353517
353536
353547
353554
353563
353566
353608
353638
353683
353887
354322
354495
355009
355038
355053
355061
355064
355079
355522
356089
356145
356158
356513
356524
356551
356577
356580
356607
356615
356628
356635
356642
356690
356695
356740
356757
356779
356781
356788
356813
356820
356867
356930
357002
357032
357075
357078
357093
357100
357254
358149
358158
358170
358204
358243
358254
358257
358291
358299
358647
358648
358672
358703
358729
358731
358772
358840
359565
359678
359690
359692
359730
359780
359799
359882
360010
360013
360111
360120
360321
360492
360626
360637
360840
360842
360907
361222
361250
361286
361355
361797
361835
361852
362488
362495
362681
362773
362845
362893
362957
363182
363871
363874
363875
363878
363888
363902
363904
363930
363931
363940
363943
363946
363965
364013
364279
364382
364800
364803
364895
364907
364909
364911
364915
364922
364924
365254
365479
365599
365609
365638
365658
365742
365941
366117
366143
366331
366752
366756
366759
366760
366857
366897
366939
366960
366966
366973
366978
366979
367350
367533
367540
367553
367556
367572
367574
367585
367589
367593
367608
367809
367821
367834
367917
367937
367967
368049
368586
368620
368621
368779
368808
368815
368960
369306
369316
369351
369364
369385
369396
369547
369588
369591
369845
369848
369857
369869
369997
370171
370736
370775
370790
370806
370817
371174
371175
371186
371210
371211
371212
371253
371701
371719
371735
371736
371768
371781
372056
372411
372448
372500
372557
372587
372604
372610
372612
372613
372623
372637
372651
372669
372673
372677
372696
372699
372934
372986
373090
373338
373354
373431
373439
374109
374121
374140
374160
374173
374498
374548
374550
374556
374572
374603
374612
375016
375041
375049
375389
375414
375821
375897
375901
375912
375916
375963
375966
375968
375998
376025
376058
376161
376201
376220
376323
376405
376425
376603
376613
376625
376672
376700
376735
376762
377424
377431
377819
377824
377835
377853
377864
377865
377887
377890
377911
377913
377916
377924
378340
378739
378741
378749
378756
378789
378849
378860
378881
379392
379595
379786
379995
380014
380056
380065
380071
380077
380105
380142
380446
380451
380639
380856
381174
381429
381448
381449
381455
381466
381491
381492
381495
381498
381504
381532
381549
381550
381559
381581
381932
382276
382332
382340
382357
382377
382432
382786
382823
382827
382975
382990
383177
383878
383896
383902
383908
383914
383929
383948
383953
383956
383958
383998
384011
384014
384017
384036
384043
384074
384529
384728
384783
384814
384874
384894
384921
384979
384982
384998
385014
385015
385061
385065
385122
385135
385211
385584
386097
386315
386463
386475
386485
386808
386946
387044
387086
387107
387129
387157
387193
387218
387232
387237
387247
387263
387303
387308
387438
387802
387966
387968
387972
388609
388640
388647
388672
388692
388716
388729
389112
389115
389135
389140
389148
389670
389732
389803
389916
390030
390090
390092
390125
390156
390157
390184
390458
390498
390666
390878
390919
390920
390924
390951
391436
391519
391539
391558
391566
391589
391608
391615
391625
392026
392028
392047
392075
392077
392088
392099
392361
392367
392514
392518
392771
392848
392884
392942
393078
393255
393304
393495
393616
393763
393785
394161
394164
394172
394177
394193
394213
394221
394254
394285
394464
394492
394562
394567
394629
394953
394972
395031
395398
395416
395463
395486
395489
395512
395521
395585
395678
395948
395990
396026
396071
396079
396239
396282
396368
396370
396429
396709
397273
397304
397321
397542
398442
398468
398490
398538
398604
398811
398890
398898
398908
398915
398934
398957
398958
399023
399054
399058
399111
399127
399252
399272
399300
399773
399796
400076
400326
400396
400859
400895
400946
401019
401070
401111
401178
401197
401250
401294
401430
401592
401713
402271
402272
402274
402276
402277
402307
402310
402321
402353
402710
402717
402750
403089
403147
403312
403577
403600
403620
403635
403640
403647
403663
403673
403931
403941
404022
404048
404073
404307
404351
404957
405100
405570
405574
405577
405596
405612
405615
405616
405619
405627
405638
405644
405677
405681
405683
405707
406096
406107
406170
406242
406667
407320
407322
407362
407406
407413
407422
407428
407447
407499
407506
407521
407528
407538
407564
407806
407908
407955
407961
408285
408293
408457
408469
408492
408685
408691
408723
408915
409033
409462
409471
409496
409507
409515
409519
409528
409559
409565
409567
409569
409574
409588
409592
409593
409595
409600
409618
409642
410065
410106
410110
410533
410572
410633
410835
411312
411425
411433
411437
411439
411445
411538
411771
411833
411854
411872
411890
412277
412772
412938
413520
413537
413572
413585
413595
413606
413609
413610
413613
413618
413620
413627
413632
413640
413645
413649
413654
413665
413667
413670
413671
413690
413725
413950
413970
413977
413978
413985
414484
414508
414511
414554
415142
415247
415458
415533
415582
415640
415693
416361
416987
416991
417011
417065
417067
417087
417103
417109
417114
417147
417197
417202
417207
417218
417223
417227
417228
417234
417236
417238
417775
419018
419039
419066
419087
419114
419166
419195
419225
419241
419899
419915
419926
419951
419985
419997
420050
420494
421039
421081
421368
421488
421635
421657
421810
421864
421910
421981
421999
422038
422058
422073
422104
422124
422126
422165
422270
422343
422408
422410
422533
422627
422818
423250
423259
423262
423265
423524
423554
423602
423688
423699
423734
423772
423824
424123
424195
424674
424790
424806
424814
424829
425052
425173
425203
425207
425254
425275
425285
425423
425796
425797
425798
425809
425854
425975
425977
426188
426429
426487
426495
426503
426531
426680
426713
426745
426747
426782
426797
426808
426838
427197
427220
427409
427770
428012
428019
428027
428062
428064
428065
428696
428713
428714
428831
428848
428877
428888
428891
428900
429143
429188
429199
429214
429218
429222
429225
429651
429730
429854
430051
430055
430132
430151
430186
430252
430416
430432
430434
431059
431087
431101
431105
431447
431893
431918
431922
431946
432013
432022
432417
432449
432460
432979
432984
433014
433093
433550
433599
433619
433818
433924
433967
434121
434132
434245
434257
434716
434758
434767
435204
435215
435218
435261
435276
435346
435575
435604
435634
435711
435746
435784
435817
435860
436293
436826
436845
436873
436966
436980
437000
437018
437050
437062
437066
437069
437128
437139
437170
437207
437217
437240
437250
437268
437331
437438
437496
437509
437555
437559
437571
437597
437611
437947
437949
437950
438541
438586
438588
438589
438801
439112
439252
439520
439644
1993 TC8
1993 VC
1995 DV1
1998 QG59
1998 SC151
1998 SD174
1999 UZ31
1999 XV81
2000 BJ50
2000 RL107
2001 CM47
2001 PE1
2001 SU126
2001 SB198
2001 SN208
2001 SR312
2001 SV332
2001 TG45
2001 TZ103
2001 UN41
2001 UZ68
2001 UK213
2001 WR5
2002 GY62
2002 QD50
2002 QQ69
2002 QO111
2002 QL124
2002 RA126
2002 RO129
2002 RG259
2002 RY265
2002 RS273
2002 RJ292
2002 SG14
2002 TY361
2002 TC384
2002 TC151
2002 WB27
2002 XO69
2003 QV117
2003 SA364
2003 SR364
2003 SJ371
2003 SY371
2003 SV136
2003 SN432
2003 SA276
2003 SQ281
2003 SC287
2003 SD287
2003 SJ357
2003 TR36
2003 UP380
2003 UJ160
2003 UJ196
2003 UK336
2003 WG23
2003 WZ181
2004 BW76
2004 CV122
2004 EL70
2004 GW66
2004 HO5
2004 HM26
2004 RZ124
2004 TP38
2004 TJ183
2004 TQ225
2004 TJ227
2004 TQ296
2004 XD96
2005 BX45
2005 EQ64
2005 EY187
2005 EQ294
2005 GC223
2005 JP178
2005 NE1
2005 OV4
2005 QG17
2005 QV48
2005 QJ95
2005 QL99
2005 QL119
2005 QZ162
2005 QY186
2005 SX4
2005 SP34
2005 SZ40
2005 SZ76
2005 SW79
2005 SW119
2005 SK136
2005 SM141
2005 SO191
2005 SA277
2005 TB61
2005 TD69
2005 TN78
2005 TQ153
2005 TV153
2005 TP158
2005 TL159
2005 UU15
2005 UA45
2005 UJ406
2005 UM406
2005 US151
2005 UP154
2005 UF169
2005 UN172
2005 UW176
2005 UC181
2005 UZ193
2005 US207
2005 UY218
2005 UW219
2005 UO224
2005 UW232
2005 UD526
2005 UB276
2005 UR283
2005 UX286
2005 UP287
2005 UY292
2005 UX343
2005 UA348
2005 VD54
2005 VG73
2005 VR116
2005 VJ126
2005 WT23
2005 WK124
2005 WS124
2005 XA109
2005 YH5
2005 YV27
2005 YZ31
2005 YH48
2005 YO50
2005 YD88
2005 YD135
2005 YB152
2005 YT200
2006 AB62
2006 BD231
2006 BM231
2006 DE57
2006 DU146
2006 DQ149
2006 DU154
2006 DA177
2006 EP4
2006 EY24
2006 HT131
2006 HN140
2006 JK16
2006 KO49
2006 QX10
2006 QJ178
2006 RA16
2006 RU48
2006 RO50
2006 RD81
2006 SW68
2006 SU87
2006 SR90
2006 SZ91
2006 SX92
2006 SX175
2006 ST192
2006 SF199
2006 SV220
2006 SU294
2006 SX341
2006 SX102
2006 SR396
2006 SS396
2006 SE411
2006 SW411
2006 SE412
2006 SX175
2006 ST192
2006 SF199
2006 SJ218
2006 SV220
2006 ST234
2006 SR267
2006 SM294
2006 SU294
2006 SW325
2006 SF329
2006 SP329
2006 SX341
2006 TT38
2006 TD84
2006 TS85
2006 TJ86
2006 TG93
2006 UX11
2006 UN18
2006 UG19
2006 UK23
2006 UP25
2006 UV63
2006 UL85
2006 UU229
2006 UP107
2006 US123
2006 UV125
2006 UK130
2006 UP155
2006 UF162
2006 UD197
2006 UY208
2006 UD212
2006 UU229
2006 UM273
2006 UB281
2006 UU358
2006 UV358
2006 UG359
2006 VL9
2006 VL27
2006 VA41
2006 VG45
2006 VD59
2006 VM76
2006 VW82
2006 VT88
2006 VY90
2006 VA91
2006 VH99
2006 WN17
2006 WB33
2006 WH34
2006 WL71
2006 WJ79
2006 WN99
2006 WB179
2006 XL39
2006 XA53
2006 YM54
2007 BK10
2007 EY76
2007 EK89
2007 EF218
2007 FK5
2007 GE23
2007 HK34
2007 HH36
2007 HG83
2007 PR32
2007 RQ7
2007 RR8
2007 RY34
2007 RS176
2007 RA188
2007 RX226
2007 RM254
2007 RE260
2007 RJ294
2007 SB1
2007 SS4
2007 SN14
2007 TV4
2007 TA29
2007 TJ47
2007 TA61
2007 TY75
2007 TP126
2007 TG172
2007 TB379
2007 TO383
2007 TP126
2007 TB149
2007 TG172
2007 TK432
2007 TZ435
2007 TX201
2007 TS224
2007 TL227
2007 TP237
2007 TK251
2007 TP306
2007 TL312
2007 TF334
2007 UH41
2007 UB43
2007 UE59
2007 UP60
2007 UT82
2007 UE87
2007 UT102
2007 UE124
2007 UP131
2007 VZ20
2007 VD41
2007 VP51
2007 VF103
2007 VB107
2007 VB122
2007 VA142
2007 VH142
2007 VJ159
2007 VV195
2007 VG261
2007 VV293
2007 VD313
2007 WM58
2007 XB5
2007 XK11
2007 XE21
2007 XM31
2007 XU51
2007 YT62
2007 YZ65
2007 YT67
2008 AT18
2008 AL28
2008 AQ54
2008 AO58
2008 AZ76
2008 AA98
2008 AO128
2008 AD133
2008 AJ134
2008 CC10
2008 CW13
2008 CX13
2008 CW18
2008 CU23
2008 CB36
2008 CX57
2008 CA160
2008 CS197
2008 DA33
2008 EC5
2008 EB26
2008 ET38
2008 EJ64
2008 EO84
2008 EB120
2008 EK157
2008 FC32
2008 FY41
2008 FK45
2008 FR84
2008 FB97
2008 FK109
2008 FU133
2008 GU28
2008 HF67
2008 RD35
2008 RF58
2008 RK91
2008 RV107
2008 RT127
2008 RO134
2008 RK140
2008 SD27
2008 SM62
2008 SM63
2008 SX88
2008 SJ117
2008 SH148
2008 ST171
2008 SU223
2008 SJ250
2008 SO260
2008 SS272
2008 SS280
2008 ST287
2008 SJ299
2008 SF305
2008 TX12
2008 TM36
2008 TV38
2008 TB132
2008 TF132
2008 TD133
2008 TL135
2008 TM135
2008 TS151
2008 TH166
2008 TW169
2008 UK10
2008 UU10
2008 UT12
2008 UX12
2008 UB19
2008 UE51
2008 UK77
2008 UL110
2008 UD126
2008 UT139
2008 UQ165
2008 UG266
2008 UD275
2008 UJ291
2008 UA300
2008 UU314
2008 UQ349
2008 UM358
2008 VP61
2008 VS69
2008 WU1
2008 WW39
2008 WC77
2008 WX87
2008 WB109
2008 XF33
2008 XP36
2008 XW37
2008 YP74
2008 YH101
2008 YA104
2008 YD132
2008 YU139
2008 YV156
2009 AP10
2009 AQ39
2009 BV21
2009 BF33
2009 BK66
2009 BO87
2009 BQ88
2009 BU153
2009 BP154
2009 CF47
2009 DK
2009 DL14
2009 DK19
2009 DJ25
2009 DN36
2009 DG37
2009 DW39
2009 DG73
2009 DP91
2009 FE58
2009 FH69
2009 HQ16
2009 HD18
2009 HH27
2009 HD41
2009 PX2
2009 QH
2009 QC24
2009 QS56
2009 RY1
2009 RP6
2009 RF43
2009 ST9
2009 SU14
2009 SV17
2009 SZ17
2009 SP23
2009 SE43
2009 SD46
2009 SF71
2009 SA114
2009 ST116
2009 SQ117
2009 SZ129
2009 SX132
2009 SJ136
2009 SM158
2009 SJ177
2009 SL190
2009 SN199
2009 SR215
2009 SA217
2009 SC222
2009 SG257
2009 SG262
2009 SJ280
2009 SK322
2009 SF353
2009 SZ356
2009 SK357
2009 TQ30
2009 UQ31
2009 UA97
2009 UT108
2009 UA111
2009 UK119
2009 UQ125
2009 VU6
2009 VA11
2009 VV12
2009 VF29
2009 VN114
2009 WA4
2009 WZ36
2009 WO46
2009 WQ73
2009 WC89
2009 WK101
2009 WR179
2009 WJ188
2009 YP4
2010 AL9
2010 CD104
2010 CG149
2010 FR21
2010 GY158
2010 HV107
2010 JH2
2010 JG78
2010 JA114
2010 LS128
2010 MD18
2010 MZ24
2010 MM93
2010 PP57
2010 PD62
2010 PL65
2010 PZ79
2010 RN49
2010 RH57
2010 RQ98
2010 RT100
2010 RM102
2010 RC154
2010 RJ157
2010 SM8
2010 TF4
2010 TD14
2010 TD28
2010 TC42
2010 TA67
2010 TG100
2010 TO100
2010 TW103
2010 TH151
2010 TT169
2010 TW174
2010 UR4
2010 UX22
2010 UQ48
2010 UN54
2010 UJ60
2010 UT74
2010 UA84
2010 UE104
2010 VN44
2010 VG92
2010 VP93
2010 VQ131
2010 VC150
2010 VN197
2010 VA207
2010 WL67
2010 XA12
2010 XM45
2011 AP
2011 BJ3
2011 BC44
2011 BR64
2011 BN86
2011 BU107
2011 BG109
2011 BO152
2011 CC83
2011 CY89
2011 CZ101
2011 EQ6
2011 FK46
2011 FC49
2011 FU58
2011 FL66
2011 FB77
2011 FR152
2011 GE35
2011 HZ10
2011 LJ15
2011 QK9
2011 QD17
2011 QS17
2011 QQ89
2011 RO9
2011 RR17
2011 SA33
2011 SE45
2011 SV45
2011 SY54
2011 SG59
2011 SG72
2011 SF90
2011 SV90
2011 SX110
2011 SM111
2011 SF129
2011 SK133
2011 SA146
2011 ST191
2011 SE230
2011 SV230
2011 ST239
2011 ST241
2011 SP255
2011 SY257
2011 TV7
2011 TA16
2011 UX37
2011 UH76
2011 UG81
2011 UC97
2011 UH103
2011 UJ142
2011 US177
2011 UR208
2011 US225
2011 UD247
2011 UE285
2011 UH103
2011 UP124
2011 UG137
2011 UX138
2011 UJ142
2011 UR142
2011 UH199
2011 UR208
2011 US209
2011 UW216
2011 US225
2011 UJ234
2011 UD247
2011 UV277
2011 UE285
2011 VA16
2011 WD56
2011 WC58
2011 WZ71
2011 WH87
2011 WN96
2011 WZ96
2011 WC127
2011 WA138
2011 WD143
2011 YT24
2012 AP12
2012 BJ78
2012 BO124
2012 CA16
2012 CW47
2012 DM3
2012 DU22
2012 DZ41
2012 DZ87
2012 GD14
2012 JV63
2012 KK16
2012 KN23
2012 PZ3
2012 RR23
2012 RL24
2012 RE35
2012 RX38
2012 SC4
2012 SU15
2012 SH25
2012 SA40
2012 SZ56
2012 SW62
2012 TT49
2012 TD59
2012 TF59
2012 TO80
2012 TN85
2012 TF86
2012 TQ96
2012 TR98
2012 TL102
2012 TD113
2012 TD117
2012 TO122
2012 TN125
2012 TF157
2012 TM175
2012 TK178
2012 TP198
2012 TQ199
2012 TR211
2012 TX223
2012 TS225
2012 TE234
2012 TL240
2012 TB246
2012 TK256
2012 TS272
2012 UN12
2012 UR41
2012 UO55
2012 UO56
2012 UG86
2012 UN94
2012 UZ95
2012 UY125
2012 UO147
2012 UB151
2012 UC164
2012 VG4
2012 VJ40
2012 VW40
2012 VN47
2012 VV68
2012 VZ100
2012 WM14
2012 XO49
2012 XB94
2012 XP96
2012 XX152
2012 YM3
2013 AD46
2013 AJ95
2013 AL101
2013 AU109
2013 AX114
2013 AR115
2013 BN14
2013 BR22
2013 BU31
2013 BE40
2013 BX47
2013 BB49
2013 BR54
2013 BN59
2013 CV21
2013 CU27
2013 CO50
2013 CQ51
2013 CS56
2013 CT90
2013 CE103
2013 CA115
2013 CC121
2013 CB141
2013 CR160
2013 CC205
2013 ES
2013 EY25
2013 ED49
2013 ER143
2013 FQ11
2013 FK18
2013 GU1
2013 GS67
2013 GU69
2013 GW118
2013 GX126
2013 HQ12
2013 HQ41
2013 HS52
2013 HO61
2013 HE73
2013 HR73
2013 HO74
2013 HS85
2013 HT96
2013 HF113
2013 HS113
2013 HF121
2013 HP138
2013 JY11
2013 NV5
2013 PN30
2013 PW62
2013 QL15
2013 QA26
2013 QO51
2013 QQ57
2013 QJ66
2013 QY77
2013 RO3
2013 RA25
2013 RZ30
2013 RP36
2013 RA48
2013 RC67
2013 RQ70
2013 RJ81
2013 SR41
2013 SJ57
2013 SN80
2013 SF84
2013 TU7
2013 TF15
2013 TN17
2013 TS49
2013 TT71
2013 TP83
2013 TK84
2013 TP88
2013 TQ102
2013 TG110
2013 TY123
2013 WT34
2013 WD69
2013 WV91
2013 XX
2013 YE9
2013 YU31
2013 YF40
2013 YP49
2013 YV109
2014 BD6
2014 BG12
2014 BK15
2014 BP16
2014 BV20
2014 BL30
2014 CL5
2014 CB21
2014 DQ30
2014 DD82
2014 DZ87
2014 DX95
2014 DA107
2014 DZ128
2014 DH129
2014 DO133
2014 EF25
2014 FB1
2014 FL57
2014 GC43
2014 HU7
2014 HK10
2014 HU17
2014 HG21
2014 HO49
2014 HP55
2014 HT70
2014 HL73
2014 HX74
2014 HZ130
2014 HL135
2014 HE136
2014 HF141
2014 HU141
2014 HB190
2014 JC13
2014 JE61
2014 JU72
2014 JA74
2014 KD16
2014 KA67
2014 LY13
2014 MY
2014 NQ26
2014 NT26
2014 NR33
2014 OT13
2014 OR47
2014 OQ54
2014 OF89
2014 OS95
2014 OM363
2014 OU103
2014 OX114
2014 OL377
2014 OC118
2014 OD122
2014 OW122
2014 OK123
2014 OJ385
2014 ON126
2014 OR142
2014 OD143
2014 OH164
2014 OE194
2014 OB205
2014 OF228
2014 OP253
2014 OZ293
2014 OL299
2014 OA308
2014 OO310
2014 OE311
2014 OU311
2014 OP356
2014 PZ8
2014 PS19
2014 PG27
2014 PW34
2014 PV49
2014 QD27
2014 QM28
2014 QK36
2014 QD104
2014 QT104
2014 QZ112
2014 QG113
2014 QU115
2014 QZ377
2014 QT126
2014 QD129
2014 QY134
2014 QU400
2014 QV412
2014 QQ414
2014 QV417
2014 QT427
2014 QY187
2014 QH194
2014 QM201
2014 QU215
2014 QA216
2014 QG216
2014 QR217
2014 QK218
2014 QF228
2014 QG237
2014 QD301
2014 QX317
2014 QQ328
2014 QE344
2014 QS351
2014 QW354
2014 QQ357
2014 RJ45
2014 SZ11
2014 SL20
2014 SR22
2014 SL84
2014 SX84
2014 SM89
2014 SO95
2014 SO101
2014 SA124
2014 SE124
2014 SD133
2014 SG154
2014 ST189
2014 SZ202
2014 SG225
2014 SV264
2014 SQ281
2014 SN304
2014 SA308
2014 SJ315
2014 SL334
2014 TS6
2014 TR22
2014 TT26
2014 TD38
2014 TT49
2014 TB61
2014 TH84
2014 UL14
2014 UW17
2014 UE18
2014 UL40
2014 UT41
2014 UC42
2014 UF44
2014 UB51
2014 UA56
2014 UH80
2014 UZ89
2014 UJ91
2014 UQ130
2014 UP134
2014 UL161
2014 UM162
2014 UP183
2014 VQ26
2014 VA27
2014 WK1
2014 WL2
2014 WO10
2014 WJ46
2014 WD51
2014 WB54
2014 WH58
2014 WR365
2014 WO125
2014 WK131
2014 WG132
2014 WL446
2014 WU219
2014 WJ221
2014 WK228
2014 WM234
2014 XY29
2015 AL74
2015 AR76
2015 AN140
2015 AE181
2015 AZ186
2015 BG6
2015 BO16
2015 BD25
2015 BH25
2015 BT60
2015 BY71
2015 BY74
2015 BE84
2015 BC100
2015 BC101
2015 BM128
2015 BK134
2015 BE150
2015 BX410
2015 BR421
2015 BW167
2015 BZ445
2015 BF187
2015 BV201
2015 BV203
2015 BS243
2015 BN252
2015 BV253
2015 BA254
2015 BQ254
2015 BW259
2015 BF299
2015 BX333
2015 CS6
2015 CB16
2015 CA38
2015 CS54
2015 DG8
2015 DY63
2015 DB100
2015 DR167
2015 EY8
2015 EO46
2015 EH51
2015 FT153
2015 FB342
2015 GB30
2015 GK36
2015 HV27
2015 HG102
2015 HC179
2015 KM8
2015 KW27
2015 KP31
2015 KB34
2015 KF35
2015 KS51
2015 KX160
2015 LK19
2015 MR26
2015 MV56
2015 MF59
2015 MO74
2015 OU66
2015 OP68
1997 PG4
1997 SX16
1999 FF97
1999 TX51
1999 VN128
2000 GC37
2001 DW85
2001 FJ181
2001 FK204
2001 FJ206
2001 FT206
2001 FS207
2001 FV211
2001 FC212
2001 FF213
2001 FK216
2001 FC218
2001 FA222
2001 FF224
2001 FK224
2001 FK239
2001 QV321
2001 RV122
2001 SG102
2001 SU209
2001 SH320
2001 TG260
2001 UU101
2001 UF147
2001 XE142
2002 GU89
2002 OV28
2002 QU114
2002 QQ121
2002 QC148
2002 RZ209
2002 RY256
2002 RK260
2002 RE261
2002 RM267
2002 SQ72
2002 SL74
2002 TW378
2002 TN386
2002 UG67
2002 VH2
2002 VE145
2003 SJ69
2003 SC366
2003 SK366
2003 SP369
2003 SB376
2003 SF384
2003 SD125
2003 SN202
2003 ST265
2003 SA327
2003 UB105
2003 UX384
2004 CA10
2004 PZ63
2004 RE244
2004 RP279
2004 RT304
2004 TD6
2004 TC86
2004 TC100
2004 TZ158
2004 TS283
2004 VF69
2004 VS104
2005 BX29
2005 EU313
2005 JX19
2005 JZ39
2005 JB119
2005 NS51
2005 QC98
2005 SZ92
2005 SY124
2005 SS128
2005 SH228
2005 SO235
2005 SL292
2005 TM95
2005 TP95
2005 TR136
2005 TF160
2005 TH196
2005 UH22
2005 UZ30
2005 UC31
2005 UV35
2005 UD62
2005 UP88
2005 UZ94
2005 US121
2005 UM122
2005 UX390
2005 UP134
2005 UL403
2005 UC146
2005 UE423
2005 UY163
2005 UE189
2005 UX452
2005 US469
2005 UP219
2005 UX224
2005 UL231
2005 UN233
2005 UA247
2005 UA511
2005 UP257
2005 UD527
2005 US276
2005 UA289
2005 UO292
2005 UE294
2005 UP311
2005 UU311
2005 UE359
2005 VH8
2005 VA9
2005 VC59
2005 VQ100
2005 VL103
2005 VB109
2005 VF118
2005 WZ204
2005 YH146
2006 BM29
2006 BE74
2006 BY87
2006 BA89
2006 BT113
2006 BZ140
2006 BV177
2006 BO207
2006 BR230
2006 CJ20
2006 DQ78
2006 EF4
2006 EK70
2006 JA26
2006 JH60
2006 JK60
2006 KP54
2006 KF66
2006 OA26
2006 QC65
2006 QP102
2006 QV102
2006 RD111
2006 RV115
2006 RR116
2006 RK118
2006 RE120
2006 SN3
2006 SM90
2006 SJ115
2006 SW399
2006 SH149
2006 SJ411
2006 SC157
2006 SN171
2006 SO177
2006 SE193
2006 SB219
2006 SP222
2006 SY252
2006 SB263
2006 SP299
2006 SN306
2006 SV308
2006 SO326
2006 TF59
2006 TH82
2006 TD95
2006 TB127
2006 UO2
2006 UH25
2006 UG28
2006 US40
2006 UL50
2006 UP125
2006 UL160
2006 UM165
2006 UR168
2006 UW170
2006 UY193
2006 UB195
2006 UX205
2006 UO240
2006 UR242
2006 UT285
2006 UC359
2006 VN59
2006 VA75
2006 VJ76
2006 VY117
2006 VX119
2006 VV124
2006 VW128
2006 VR137
2006 WD1
2006 WV41
2006 WQ70
2006 WL76
2006 WP77
2006 WF140
2007 CK32
2007 DO31
2007 DD69
2007 DF79
2007 DS115
2007 EA18
2007 EO33
2007 ET63
2007 EZ147
2007 ES205
2007 EE219
2007 HJ42
2007 HF59
2007 JU20
2007 RW45
2007 RP46
2007 RS46
2007 RW66
2007 RG73
2007 RL88
2007 RV88
2007 RF115
2007 RJ115
2007 RC116
2007 RY171
2007 RM299
2007 RY307
2007 RO319
2007 RP319
2007 TU10
2007 TW15
2007 TC19
2007 TE54
2007 TG92
2007 TP103
2007 TP365
2007 TY398
2007 TT423
2007 TZ164
2007 TP431
2007 TD201
2007 TZ205
2007 TH236
2007 TF237
2007 TX255
2007 TQ262
2007 TM265
2007 TL276
2007 TR276
2007 TD313
2007 TF325
2007 TQ330
2007 TE358
2007 UX18
2007 UN19
2007 UW40
2007 UR92
2007 UC93
2007 UV97
2007 UJ117
2007 UR135
2007 UA141
2007 VF19
2007 VQ32
2007 VJ50
2007 VY58
2007 VE74
2007 VV131
2007 VO137
2007 VB146
2007 VS149
2007 VM179
2007 VV199
2007 VX204
2007 VH211
2007 VY215
2007 VE288
2008 AG10
2008 AO15
2008 CY202
2008 CT206
2008 CC207
2008 DK2
2008 DQ77
2008 DK85
2008 EJ31
2008 FO19
2008 FM49
2008 FB77
2008 FL80
2008 GV79
2008 GP88
2008 GF125
2008 HW13
2008 RJ15
2008 RF33
2008 RL33
2008 RT44
2008 RR61
2008 RW75
2008 RZ77
2008 RL92
2008 RM124
2008 RN138
2008 RP144
2008 SO16
2008 SO23
2008 SA38
2008 SG43
2008 SN44
2008 SA48
2008 SQ51
2008 SW51
2008 SQ61
2008 SY73
2008 SY76
2008 SH113
2008 SZ131
2008 SR202
2008 SQ224
2008 SD250
2008 SS252
2008 SS284
2008 SK303
2008 TZ1
2008 TS13
2008 TE15
2008 TY15
2008 TY49
2008 TF54
2008 TN108
2008 TZ122
2008 TE125
2008 TU134
2008 TH149
2008 TJ167
2008 TS175
2008 UT10
2008 UE15
2008 UP18
2008 UT35
2008 UY40
2008 UC51
2008 UR81
2008 UD101
2008 UB119
2008 UU128
2008 UM137
2008 UT149
2008 UJ151
2008 UG152
2008 UP165
2008 UN172
2008 UJ178
2008 UO179
2008 UX193
2008 UP217
2008 UR236
2008 UR250
2008 UF276
2008 UC277
2008 UF323
2008 UE347
2008 VO6
2008 VR51
2008 VD70
2008 WJ7
2008 WB8
2008 WB16
2008 WD21
2008 WA37
2008 WD57
2008 WM72
2008 WV87
2008 WJ88
2008 WA128
2008 WG131
2008 YA12
2008 YO74
2008 YH77
2009 AK12
2009 BK20
2009 BU21
2009 BF42
2009 BW103
2009 CA6
2009 DF18
2009 DL23
2009 DP134
2009 FU11
2009 FJ57
2009 FO66
2009 HG22
2009 HT25
2009 RM9
2009 RC13
2009 SH41
2009 SY51
2009 ST77
2009 SX80
2009 SQ87
2009 SP116
2009 SF142
2009 SN159
2009 SV177
2009 SM185
2009 SL192
2009 SP193
2009 ST202
2009 SU208
2009 SR223
2009 SW261
2009 SD268
2009 SA290
2009 SR340
2009 TE6
2009 TZ9
2009 TM24
2009 UP13
2009 US37
2009 UU41
2009 UE68
2009 UW104
2009 VS12
2009 VZ19
2009 WK2
2009 WP4
2009 WR16
2009 WF41
2009 WR56
2009 WQ121
2009 WS200
2009 WA242
2009 XY10
2010 CK38
2010 CU74
2010 CY87
2010 CP90
2010 ED22
2010 EH30
2010 EM95
2010 EP97
2010 FG10
2010 FO52
2010 FF86
2010 FD93
2010 HX68
2010 HV109
2010 JZ48
2010 KR24
2010 KU51
2010 KO55
2010 KY63
2010 KA112
2010 LV54
2010 LY58
2010 LA76
2010 MY6
2010 MQ88
2010 NB114
2010 OB114
2010 PV18
2010 PY27
2010 PS28
2010 PD31
2010 PJ71
2010 RK7
2010 RC10
2010 RM26
2010 RY41
2010 RH100
2010 RU105
2010 RA150
2010 RP157
2010 RV175
2010 SD5
2010 SP7
2010 SC9
2010 SS22
2010 TB10
2010 TB28
2010 TF34
2010 TM48
2010 TV89
2010 TJ93
2010 TY117
2010 TF118
2010 TQ139
2010 TM140
2010 TM146
2010 TF163
2010 UH28
2010 UO30
2010 UU30
2010 UA40
2010 UC40
2010 VL41
2010 VP94
2010 VM124
2010 VJ134
2010 VE165
2010 VH187
2010 VC215
2010 WN2
2010 WB5
2010 WS20
2010 WW27
2010 XQ29
2011 BH4
2011 BX4
2011 BJ37
2011 BM43
2011 BO43
2011 BT43
2011 BD44
2011 BQ44
2011 BF48
2011 BM58
2011 BC108
2011 BL113
2011 BU114
2011 BN160
2011 CU12
2011 CA37
2011 CH102
2011 CR102
2011 DC28
2011 EJ5
2011 ES15
2011 EK64
2011 FG15
2011 GX53
2011 OG15
2011 QM16
2011 QX87
2011 SJ
2011 SG10
2011 SZ13
2011 SV40
2011 SM41
2011 SB42
2011 SR58
2011 SZ61
2011 SQ67
2011 SM73
2011 SO102
2011 SD143
2011 SU181
2011 SY183
2011 SP193
2011 ST245
2011 TL11
2011 UQ4
2011 UK19
2011 UO21
2011 UY78
2011 UO100
2011 UY112
2011 UQ123
2011 UC392
2011 UV138
2011 UP147
2011 UK162
2011 UY172
2011 US177
2011 UE239
2011 UF249
2011 UH257
2011 UU258
2011 UX285
2011 UJ292
2011 VA18
2011 WC79
2011 WG79
2011 WU124
2011 YQ55
2012 BF7
2012 BE53
2012 BR64
2012 BL79
2012 BZ93
2012 CR28
2012 CE31
2012 CD54
2012 DJ1
2012 DU1
2012 DR43
2012 DW56
2012 DZ62
2012 EN13
2012 FZ34
2012 GL4
2012 GN14
2012 HJ45
2012 PS28
2012 QS1
2012 QX2
2012 QJ28
2012 QZ35
2012 SH8
2012 SM19
2012 SW23
2012 SX26
2012 SJ27
2012 SH35
2012 SX38
2012 SC49
2012 TX16
2012 TN28
2012 TA39
2012 TN59
2012 TZ74
2012 TJ85
2012 TR90
2012 TU91
2012 TD94
2012 TM102
2012 TX105
2012 TN117
2012 TT122
2012 TY143
2012 TF154
2012 TH157
2012 TV159
2012 TA162
2012 TK172
2012 TL174
2012 TX205
2012 TY210
2012 TE211
2012 TT224
2012 TT239
2012 TW243
2012 TB263
2012 TD274
2012 TW278
2012 TF281
2012 TL283
2012 UH16
2012 UW20
2012 UR42
2012 UY55
2012 UH73
2012 UM114
2012 UF138
2012 UQ146
2012 UC175
2012 VF8
2012 VY11
2012 VR14
2012 VG41
2012 VN87
2012 VR88
2012 VM104
2012 WA7
2012 WV12
2012 WL16
2012 WL33
2012 XD9
2012 XJ19
2012 XQ21
2012 XW30
2012 XW44
2012 XR49
2012 XP60
2012 XG138
2013 AQ16
2013 AA77
2013 BA31
2013 BV75
2013 BB79
2013 CQ11
2013 CT20
2013 CY30
2013 CK93
2013 CT104
2013 CN142
2013 CT221
2013 DH3
2013 EO53
2013 EK54
2013 EL65
2013 EN74
2013 ER98
2013 GH6
2013 GP32
2013 GV124
2013 HW40
2013 HY45
2013 HV47
2013 HE51
2013 HD53
2013 HQ53
2013 HT54
2013 HV54
2013 HR56
2013 HP66
2013 HQ66
2013 HZ66
2013 HK75
2013 HF79
2013 HQ86
2013 HR86
2013 HG88
2013 HE92
2013 HZ99
2013 HR103
2013 HT104
2013 HW113
2013 HA115
2013 HN115
2013 HE116
2013 HJ121
2013 HJ127
2013 HF131
2013 HK133
2013 HG134
2013 HR135
2013 HB142
2013 HJ143
2013 HK145
2013 HR147
2013 JA3
2013 PL56
2013 QF
2013 QW
2013 QK23
2013 QG51
2013 QX85
2013 QA88
2013 RF11
2013 RB13
2013 RW64
2013 RR69
2013 RG76
2013 RT76
2013 RW76
2013 RT88
2013 RU89
2013 SC19
2013 SP65
2013 SH73
2013 TH23
2013 TT26
2013 TZ40
2013 TO41
2013 TV58
2013 TB63
2013 TF71
2013 TH78
2013 TS78
2013 TW123
2013 TE150
2013 WH12
2013 WY72
2013 WX93
2013 WQ96
2013 YZ75
2013 YL142
2014 CX6
2014 DX36
2014 DV40
2014 DF53
2014 DO84
2014 EE6
2014 EN6
2014 ET30
2014 FP17
2014 GS4
2014 HG14
2014 HZ16
2014 HX72
2014 HO73
2014 HU73
2014 HF128
2014 JR8
2014 JC12
2014 JY12
2014 JD13
2014 JR35
2014 KU10
2014 KZ15
2014 LK4
2014 LW11
2014 MA22
2014 NS26
2014 OR13
2014 OF18
2014 OW40
2014 OL41
2014 OD46
2014 OW48
2014 OK49
2014 OY49
2014 OF50
2014 OP50
2014 OE51
2014 OF66
2014 OR76
2014 OW362
2014 OK108
2014 OS108
2014 OQ112
2014 OL115
2014 OH116
2014 OY118
2014 OS119
2014 OJ122
2014 OX124
2014 OW126
2014 OL130
2014 OM130
2014 OB136
2014 OK140
2014 OV146
2014 OS161
2014 OL186
2014 OE210
2014 OG242
2014 OX303
2014 OF305
2014 OJ305
2014 OU306
2014 OX309
2014 OC312
2014 OU313
2014 OG318
2014 OK318
2014 OM320
2014 OK326
2014 OC327
2014 OW328
2014 OQ330
2014 OF332
2014 OR347
2014 OB357
2014 PK12
2014 PO68
2014 QG103
2014 QM105
2014 QY112
2014 QW115
2014 QE116
2014 QY392
2014 QO416
2014 QX420
2014 QR435
2014 QT177
2014 QL201
2014 QH202
2014 QB209
2014 QP212
2014 QL214
2014 QS229
2014 QL303
2014 QW318
2014 RS3
2014 RF32
2014 RP47
2014 RX48
2014 SG25
2014 SB27
2014 ST88
2014 SV89
2014 SW89
2014 SA90
2014 SJ90
2014 SH91
2014 SO91
2014 SE92
2014 SD93
2014 SA96
2014 SE99
2014 SG101
2014 SV101
2014 SV102
2014 SN105
2014 SR113
2014 SO122
2014 SH126
2014 SC146
2014 SF154
2014 SV154
2014 SO155
2014 SV171
2014 SP205
2014 SH225
2014 SP254
2014 SR259
2014 SW259
2014 SQ291
2014 SA292
2014 SB314
2014 SX318
2014 SV333
2014 SH334
2014 SB338
2014 TP8
2014 TD59
2014 TX64
2014 UP12
2014 UT25
2014 UC36
2014 UU48
2014 UW76
2014 UP86
2014 UB99
2014 UO100
2014 UY138
2014 UT162
2014 UP188
2014 UT193
2014 VU15
2014 WF2
2014 WP16
2014 WC21
2014 WR26
2014 WC57
2014 WK63
2014 WQ78
2014 WU91
2014 WB178
2014 WP139
2014 WJ411
2014 WS429
2014 WB178
2014 WY271
2014 WW310
2014 YQ38
2015 AO27
2015 AQ27
2015 AC34
2015 AP40
2015 AE62
2015 AN76
2015 AA118
2015 AX164
2015 AL169
2015 AK180
2015 AV274
2015 BN18
2015 BA40
2015 BT73
2015 BM84
2015 BE88
2015 BC100
2015 BV102
2015 BQ109
2015 BV126
2015 BR132
2015 BX135
2015 BD398
2015 BW401
2015 BK147
2015 BP150
2015 BB421
2015 BY433
2015 BB436
2015 BB176
2015 BT176
2015 BG441
2015 BD187
2015 BE188
2015 BL189
2015 BR194
2015 BZ196
2015 BA463
2015 BG468
2015 BY220
2015 BQ488
2015 BZ489
2015 BP230
2015 BW241
2015 BB503
2015 BV250
2015 BV251
2015 BH253
2015 BE254
2015 BQ256
2015 BW349
2015 BG352
2015 CH3
2015 CA7
2015 CZ15
2015 CJ39
2015 DS26
2015 DK67
2015 DL67
2015 DZ73
2015 DW84
2015 DF87
2015 EE41
2015 FE50
2015 FH106
2015 FC142
2015 FB169
2015 FY230
2015 GO2
2015 GC22
2015 GT30
2015 GC35
2015 HR62
2015 HQ66
2015 HP71
2015 HA72
2015 HN76
2015 HQ77
2015 HR86
2015 HA90
2015 HU168
2015 HH182
2015 KK21
2015 KA39
2015 MP73
2015 MQ74
2015 ML76
2015 NP17
2015 OX17
2015 OD24
2015 OH41
2015 OV70
2015 OX70
2015 PF38
