id
229
1467
1579
2891
3024
14560
17587
19513
25797
29071
54567
54825
56881
59888
61102
62483
63973
68497
83477
96068
110476
111029
111520
115700
116952
118431
121943
129080
135315
152111
162969
165914
168837
171745
174044
181226
194038
214099
239908
247763
249194
254367
257839
278106
278923
279308
284937
296813
307642
331882
340822
346884
367249
375133
375653
381335
395297
399117
400750
421928
426762
426879
430354
432937
433021
434631
438295
439403
2007 RG16
2007 RH322
2007 UF62
2008 SH118
2008 UE26
2009 AJ42
2009 QU53
2011 SQ248
2011 UF271
2012 DO9
2013 QW8
2013 XD
2014 OM223
2014 UQ209
2015 DD145
2006 SD384
2008 UJ165
2008 UE321
2011 BY9
2013 PH32
2014 BV45
2014 HX109
2014 TN60
2015 AL181
2015 MA65