id
2762
5062
5460
6528
7998
8771
9622
10151
10182
10295
10454
10469
10470
11041
11225
11294
14321
15150
15362
15455
16336
16407
16867
16987
17286
17718
17784
18621
20105
20437
21759
25309
25317
27760
27774
27930
28210
29134
29282
29358
30063
30350
30558
30599
30668
31106
31374
31394
31443
31938
32862
33038
33045
34331
34458
34527
34852
34863
35160
35170
35268
35465
35897
36539
38726
38790
38988
39040
39868
40054
40474
41348
41529
41568
41579
41628
41638
41746
43253
44574
45243
45804
46144
46345
47970
49195
49298
49493
50540
52383
52482
52898
52912
53113
53672
54156
55579
55981
56519
56643
57308
58142
58315
58374
58668
59110
59151
59237
59284
59348
59359
60791
60851
60951
61341
61392
61581
61629
61995
62945
63519
63642
63657
63662
63920
63958
64415
64428
64464
64470
64599
64894
65027
65066
65900
65914
66925
67400
67743
67807
67948
68069
68752
68840
69415
69728
70623
72054
72108
72169
72270
72303
72674
77009
78834
78882
85144
85175
85642
85706
86682
86844
86851
86959
88571
88737
88812
88955
88959
89346
89463
89475
89493
89643
90730
90812
90930
90961
90965
91003
92542
92571
92582
92642
92804
93070
93102
94343
94382
94385
94514
94666
94702
94804
94811
94888
94925
94969
94978
94983
94984
94987
94997
95068
95077
95104
96057
96094
96371
96390
96399
96426
96436
98057
98163
98186
98211
98372
98541
98596
99121
99456
99598
100359
100882
101591
102750
103656
105426
105460
105709
105750
105971
106423
106424
106500
107916
108052
108179
109333
111659
111712
112145
112709
112905
116149
117313
119563
120541
121014
121041
121075
121082
121098
121101
121118
121922
122010
122182
122360
122374
122492
122808
123308
124125
124325
124389
124406
124410
124434
124460
124686
124690
124746
124867
124899
124903
124923
125030
125152
125165
125182
125360
125366
125392
125426
125478
125534
125562
125587
125624
125644
125673
125682
125805
125835
125891
125997
126017
126054
126071
126118
126133
126197
126235
126298
126370
127580
127624
127675
127701
127856
128352
128358
128450
128504
128661
128825
128923
128994
129029
129574
129619
129751
130454
130473
130516
130569
130630
130636
130682
130701
130703
130815
130850
130881
130928
131542
131712
131713
131732
131766
131769
131799
131897
131924
131947
131963
131976
132077
132082
132185
132207
132352
132548
133301
133912
133941
133949
134055
135322
137461
141056
141455
143024
144990
145278
145961
148551
149794
152891
153346
153374
154302
155619
155630
155977
156117
157790
158224
158297
158349
158606
159541
159637
160094
160097
160667
160709
160722
160782
160798
160985
160989
161002
161019
161023
161306
161979
162524
162713
162771
163087
163101
163211
163275
163306
163976
164338
164490
164563
165179
165629
165765
166155
166194
166218
166289
167098
167514
167827
168024
168095
168149
168540
168742
168887
169436
169673
169686
170611
170635
171466
172612
172631
172914
173340
174569
175261
176663
176704
177950
178549
180874
182469
183291
190273
190814
190819
191244
191751
192278
192325
192383
192433
192525
192532
192553
192578
193252
193375
193419
193662
193797
193818
193848
193929
193937
193956
193967
193996
194075
194123
194183
194241
194245
194250
194440
194496
194656
194661
194664
194695
194714
194737
194738
194747
194754
194782
194793
194845
194900
194978
195051
196183
196235
196242
196243
196274
196361
196494
196842
197815
198994
199042
199053
199078
199099
199168
199201
199208
199285
199320
199338
199376
199407
200098
200212
200359
200372
200562
200571
200575
200576
200587
200593
200612
200641
200668
200683
200709
200710
200723
200725
200780
200782
200787
200797
200805
200809
200849
200852
200853
200882
200893
200894
200920
200936
200954
201007
201048
201052
201076
201460
201463
201477
201499
201963
202005
202063
202134
202186
202289
202447
202500
202517
202864
202896
203115
203133
203138
203253
203278
203298
203301
203322
203329
203338
203358
203424
203482
203484
203485
203508
203523
203534
203535
203537
203541
203550
203606
203614
203618
203631
203639
203660
203985
204289
204345
204384
204465
204648
204683
204764
205007
205270
205275
205301
205302
205325
205332
205336
205612
205696
205718
205732
205736
205776
205788
205800
205934
206468
206544
206599
206958
207003
207060
207086
207144
207410
207538
207787
207910
208053
208205
208307
208546
208568
208623
208627
209129
209573
209641
209681
209746
209831
209934
209969
209974
209991
210325
211325
211588
211597
211664
212124
212434
212712
212724
212843
212854
213499
213622
214559
214584
215084
215318
215405
216035
216038
216074
216930
217211
218042
218188
218788
220509
221376
222212
223599
225487
228214
228860
229844
232032
232385
232786
232968
233283
233605
234026
234155
234171
234414
234422
234468
234635
234989
235017
235018
235035
235093
235589
235593
235639
235644
236192
236236
236242
236262
236718
237111
237185
237205
237497
237626
237648
237659
237681
237792
237795
238060
238065
238080
238437
238470
238471
238478
238506
238532
238868
238890
238892
238899
238913
238927
238967
238998
239312
239367
239562
239877
239893
240084
240094
240104
240112
240585
240808
240822
240858
240870
240916
241395
241532
241892
241910
241938
242157
242173
242204
242489
242865
243785
243788
244005
244048
244071
244134
244158
244204
244213
244237
244245
244305
244657
244802
245161
245669
245673
245696
245697
245715
245720
245722
245731
245732
245749
245770
245795
245923
246196
246584
246585
246636
246688
248063
249018
249743
250293
250988
251376
252848
253453
253559
253656
254463
255541
255596
255950
256641
257442
258799
258899
259389
259609
260537
260724
261899
261911
261944
261979
263784
263843
263880
264219
265276
265933
266064
267137
267938
267989
268752
269616
271315
271439
271481
271507
272558
273280
273359
275084
275439
275627
275810
276210
276425
276427
276453
277360
278065
278250
279970
280444
280851
281166
282504
282648
282926
283491
283492
283597
284156
284161
284191
284456
284691
284717
285010
285192
285229
285325
285587
285661
285787
285950
285987
285999
286029
286105
286266
286282
286283
286287
286296
286410
286414
286522
286532
286593
286689
286726
286749
287470
287729
287747
288055
288712
288720
288746
288781
288823
288827
288934
288959
289121
289153
289204
289284
289396
289406
289447
289549
290013
290074
290759
290921
290931
291027
291048
291079
291190
291217
291245
291272
291319
291356
291394
291566
291594
291634
291993
292279
292282
292613
293709
293725
293741
293749
294040
294126
294401
294574
295278
295559
295564
295798
295925
295962
295971
295993
296014
296035
296088
296226
296948
297285
297290
297344
297454
297569
297615
297617
297670
297679
297684
297691
297698
297770
297774
297779
297859
297906
297911
297922
297925
297934
297951
298329
298341
298471
298472
298483
298770
298796
298803
298804
298806
298811
298820
298826
298840
298868
298878
298883
298886
298890
298894
298895
298897
298902
298926
298931
298938
298950
298958
298970
298973
298993
299041
299048
299065
299146
299192
299448
299462
299497
299498
299520
299544
299545
299554
299579
299592
300282
300289
300319
300326
300370
300385
300490
300568
301016
301044
301126
301128
301134
301156
301160
301164
301177
301202
301207
301219
301232
301279
301385
301688
301702
301921
302171
302265
302391
302444
302445
302458
302582
302936
303016
303098
303255
303266
303322
303345
303390
303414
303418
303483
303507
303523
303524
303528
303558
303565
303578
303585
304072
304103
304108
304817
304971
305030
305155
305220
305604
305607
305652
305678
305686
305726
305729
305741
305770
305874
306054
306086
306118
306125
306212
306222
306333
306749
306948
306996
307142
307275
307369
307661
307702
307730
307742
307758
307767
307988
307999
308233
308706
309355
309377
309480
309509
309866
309875
309945
310090
310299
310768
310982
311280
312571
312827
312832
313342
313950
314673
314841
315488
316052
317196
318429
318459
318461
318617
318623
319013
319192
319297
319375
319397
320256
320551
321154
321237
321292
321310
321330
322432
322583
322673
323050
323674
323725
323748
324328
324969
325078
325319
325403
325413
326401
326630
327147
327725
327742
328214
329228
329699
329718
329991
330051
330098
330256
330494
330567
330663
331594
331678
332681
332848
333029
333104
333140
333188
334967
335725
336852
337910
338937
340927
341852
344674
345151
345338
345379
347544
347631
347942
348479
348488
348494
348621
348648
348650
348675
348701
348726
348731
349249
349564
349686
349979
350134
350640
350690
350727
350759
350792
350802
350815
351246
351291
351310
351603
351625
351626
351634
351656
351658
351698
351705
351718
351720
351748
351753
351760
351761
351772
351776
351777
351781
351786
351802
352134
352188
352196
352653
352657
352667
352751
352752
352755
352756
352774
352775
352780
352801
352804
352807
352818
352827
352912
352972
353004
353190
353276
353445
353944
353975
353989
354000
354043
354063
354080
354084
354085
354096
354104
354105
354140
354166
354200
354335
354340
354537
354578
354625
354729
354804
354811
354822
354823
354830
354845
354849
354850
354872
354882
354883
354886
354892
354926
354932
354963
354996
355308
355385
355784
355785
355805
355812
355850
355854
355859
355865
355866
355871
355879
355881
355885
355898
355900
355901
355906
355909
355915
355934
355938
355945
355948
356029
356293
356474
356479
356492
356498
356511
356515
356519
356522
356636
356686
356743
356973
357092
357099
357101
357103
357111
357120
357123
357128
357134
357521
357534
357539
357543
357545
357567
357583
357606
357941
357992
358013
358024
358044
358056
358059
358083
358101
358487
358547
358608
358617
358964
358997
359006
359017
359026
359053
359057
359061
359070
359122
359164
359185
359193
359220
359254
359266
359304
359373
359387
359638
359642
359652
359662
359676
359792
359801
359918
360044
360045
360052
360053
360055
360119
360158
360184
360344
360389
360405
360552
360699
361032
361077
361081
361139
361541
361998
362021
362034
362052
362066
362072
362073
362083
362146
362153
362620
362626
362639
362968
362969
362997
363193
363264
363630
363736
364159
364240
364586
364612
365092
365100
365118
365149
365191
365536
365821
365841
365873
366467
366662
367057
367060
367094
367254
367260
367273
367489
367681
368430
368656
368662
369461
369463
369503
369694
369821
369929
370285
370608
370625
370917
370918
371651
371864
371901
371913
371983
372340
372362
372406
372429
372803
372884
373165
373211
373244
373246
373391
373446
373892
373953
374242
374741
374758
375126
375129
375254
375678
376070
376384
376467
376496
376554
376663
376668
376696
377181
377684
378029
378102
378114
378156
378581
379185
379643
379994
380034
380432
380511
380519
380523
380658
380973
380975
381018
381043
381081
381418
382037
382053
382381
382403
382851
383151
383160
383419
383427
383489
383496
384302
384605
384620
384673
384681
389783
392475
393222
395352
396205
396851
397162
397431
397807
1994 SP1
1995 QP5
1999 TZ70
1999 UW18
2000 BH33
2000 CA141
2000 EP51
2000 HG17
2000 ST
2000 SJ298
2001 FR107
2001 PH17
2001 QA59
2001 RB39
2001 RV85
2001 RX132
2001 ST127
2001 SJ208
2001 TA109
2001 TD176
2001 TF187
2001 UR177
2001 UO178
2001 UX189
2001 VX26
2001 VX51
2001 WM102
2001 XQ228
2002 AY75
2002 CW295
2002 DK
2002 EO44
2002 JD58
2002 JH128
2002 NE72
2002 PV160
2002 QG27
2002 QO56
2002 QP104
2002 RL177
2002 RU274
2002 TR34
2003 AJ79
2003 BS52
2003 GD57
2003 LE5
2003 ST27
2003 SB41
2003 SX360
2003 SO394
2003 SW400
2003 SP407
2003 SU190
2003 SA245
2003 SA324
2003 SR325
2003 SE327
2003 TX26
2003 UC102
2003 UW151
2003 UM191
2003 UZ277
2003 UR333
2003 UE334
2003 WP115
2004 BT149
2004 CO119
2004 DY38
2004 EB10
2004 EC13
2004 EW72
2004 FA30
2004 HR43
2004 PC1
2004 PA96
2004 RL5
2004 RN31
2004 RM184
2004 RC186
2004 RE242
2004 RG342
2004 SR25
2004 TQ34
2004 TX40
2004 TS49
2004 TZ100
2004 TL107
2004 TZ239
2004 TX298
2005 EQ247
2005 GP55
2005 QZ69
2005 SF284
2005 TJ108
2005 TE182
2005 TB191
2005 UP34
2005 UJ405
2005 UQ151
2005 UE453
2005 UG467
2005 UV308
2005 VQ16
2005 VX45
2005 WN28
2005 WE69
2005 WF109
2005 WF177
2005 WT181
2005 WJ205
2005 WN211
2005 XR16
2005 XZ39
2005 XU80
2005 YA11
2005 YB21
2005 YK26
2005 YD31
2005 YW53
2005 YZ83
2005 YY84
2005 YZ115
2005 YB116
2005 YP117
2005 YV138
2005 YK151
2005 YT218
2006 AW2
2006 AS18
2006 AS19
2006 AN50
2006 AL76
2006 AB95
2006 BE17
2006 BR32
2006 BQ35
2006 BC39
2006 BB67
2006 BX75
2006 BN94
2006 BY109
2006 BE128
2006 BX136
2006 BX139
2006 BS164
2006 BZ177
2006 BU184
2006 BQ186
2006 BY189
2006 BH199
2006 BP226
2006 BJ229
2006 BM244
2006 BD257
2006 BN264
2006 BF265
2006 BC279
2006 CV11
2006 CP27
2006 CX46
2006 CA47
2006 DE53
2006 DT70
2006 DM86
2006 DL89
2006 DV101
2006 DX123
2006 DD133
2006 DT138
2006 DA143
2006 DD148
2006 DM205
2006 DE215
2006 EK6
2006 EJ9
2006 EZ21
2006 EW24
2006 ES44
2006 GB14
2006 GV14
2006 GR25
2006 GK28
2006 HP
2006 HL1
2006 HK10
2006 HC26
2006 HT45
2006 HR82
2006 HS84
2006 HB99
2006 HJ101
2006 KZ8
2006 KG40
2006 KP46
2006 KZ60
2006 KL62
2006 MA8
2006 QQ68
2006 QU124
2006 QN148
2006 QH178
2006 QU179
2006 RJ21
2006 RG24
2006 RU49
2006 RP74
2006 RA77
2006 RN80
2006 RE83
2006 SJ7
2006 SR7
2006 SR14
2006 SH68
2006 SH82
2006 SC97
2006 SN98
2006 SL376
2006 SR165
2006 SD170
2006 SM175
2006 SL196
2006 SP221
2006 SB223
2006 SJ250
2006 SW263
2006 SJ294
2006 SA296
2006 SW307
2006 SB310
2006 SM310
2006 SW330
2006 SF344
2006 TB19
2006 TH25
2006 TT35
2006 TY102
2006 TS112
2006 TE122
2006 TF122
2006 UG13
2006 UT34
2006 UF51
2006 UP57
2006 UC91
2006 UC94
2006 UW95
2006 UF97
2006 UF103
2006 UV131
2006 UX147
2006 UJ163
2006 UP180
2006 UF212
2006 UY226
2006 UK265
2006 UK268
2006 UY269
2006 UW277
2006 UZ287
2006 UT331
2006 UB336
2006 VO8
2006 VH12
2006 VY15
2006 VN18
2006 VS21
2006 VM82
2006 VO122
2006 WK29
2006 WW30
2006 WQ31
2006 XK49
2006 XN52
2006 YZ28
2007 BX45
2007 BP76
2007 EJ4
2007 PJ49
2007 QF10
2007 RW5
2007 RB45
2007 RE141
2007 RK157
2007 RX251
2007 RC265
2007 RT286
2007 SD6
2007 TD41
2007 TD107
2007 TT118
2007 TE379
2007 TA152
2007 TS425
2007 TU432
2007 TK435
2007 TN191
2007 TD273
2007 TM276
2007 UB22
2007 UK74
2007 UG94
2007 UX121
2007 UC130
2007 VG30
2007 VS67
2007 VX81
2007 VP122
2007 VL201
2007 VT260
2007 VS273
2007 XW42
2007 YE74
2008 AM33
2008 AJ61
2008 AC64
2008 BY34
2008 CR91
2008 DG17
2008 ET142
2008 EH146
2008 EF160
2008 GV10
2008 GX75
2008 HQ8
2008 HM66
2008 KZ5
2008 QF8
2008 QP13
2008 QA32
2008 RB8
2008 RM43
2008 RU73
2008 RK78
2008 RB138
2008 SZ15
2008 SS31
2008 SJ40
2008 SM65
2008 SE119
2008 SX123
2008 SQ162
2008 SP237
2008 SS237
2008 SV259
2008 TN27
2008 TN36
2008 TQ84
2008 TA89
2008 TZ89
2008 TL106
2008 TV163
2008 TH171
2008 UO22
2008 UN37
2008 UR45
2008 UW54
2008 UR76
2008 UE87
2008 UM87
2008 UD367
2008 US115
2008 UE131
2008 UM140
2008 UX146
2008 UO208
2008 UQ221
2008 UF227
2008 UZ228
2008 UX240
2008 UY275
2008 UA283
2008 UH284
2008 UZ299
2008 UD315
2008 UH329
2008 UD330
2008 UZ335
2008 UC336
2008 UD336
2008 UJ342
2008 UT343
2008 UA344
2008 UO354
2008 UY356
2008 UD359
2008 VV22
2008 VE62
2008 VF71
2008 WH19
2008 WL22
2008 WA39
2008 WK42
2008 WC62
2008 WU69
2008 WX102
2008 WF111
2008 XJ17
2008 XV29
2008 XW39
2008 XG52
2008 YS10
2008 YP11
2008 YK75
2008 YO90
2008 YV90
2008 YF100
2008 YP102
2008 YL106
2008 YE114
2008 YA120
2008 YJ121
2008 YY121
2008 YX122
2008 YY126
2008 YA146
2008 YT154
2008 YM170
2009 AH1
2009 AH10
2009 AL33
2009 AZ44
2009 AP46
2009 BS11
2009 BN20
2009 BH27
2009 BO31
2009 BF38
2009 BG40
2009 BH40
2009 BB41
2009 BM48
2009 BJ68
2009 BM71
2009 BR80
2009 BL87
2009 BQ89
2009 BZ93
2009 BK94
2009 BO100
2009 BB123
2009 BY126
2009 BR133
2009 BV163
2009 BD174
2009 BH177
2009 BZ181
2009 CW15
2009 CC20
2009 CS22
2009 CL27
2009 CN28
2009 CM29
2009 CH43
2009 CZ46
2009 CU62
2009 CG64
2009 DD2
2009 DN54
2009 DN70
2009 DT105
2009 DL112
2009 DP114
2009 DF115
2009 DP115
2009 DH120
2009 DT126
2009 ED19
2009 EB23
2009 EM29
2009 FV6
2009 FC35
2009 FQ42
2009 FN58
2009 FP60
2009 FE66
2009 FB71
2009 FY72
2009 FY73
2009 FO76
2009 HW20
2009 HK22
2009 HM23
2009 HT31
2009 HN36
2009 HW56
2009 HM65
2009 HM79
2009 HY94
2009 JN
2009 KG
2009 KY11
2009 KA13
2009 PW5
2009 QJ63
2009 RA36
2009 RH43
2009 RL48
2009 RV48
2009 RW64
2009 RY75
2009 SL59
2009 SA78
2009 SR107
2009 SB278
2009 SE293
2009 UX79
2009 WQ29
2009 WS160
2010 CV49
2010 DZ74
2010 EL77
2010 EC87
2010 EY107
2010 FU14
2010 FX31
2010 GE66
2010 GR106
2010 GP108
2010 HP79
2010 JZ1
2010 JG48
2010 JF79
2010 JJ82
2010 OA103
2010 PP73
2010 QG3
2010 RP50
2010 RT59
2010 RY60
2010 RG67
2010 RZ102
2010 RE115
2010 RP138
2010 RK146
2010 RK160
2010 RM165
2010 RW180
2010 SC19
2010 SY26
2010 SS27
2010 ST35
2010 TK72
2010 TY137
2010 TZ140
2010 TR167
2010 TY186
2010 UT9
2010 UK10
2010 UQ45
2010 UY72
2010 UG91
2010 UL101
2010 VJ5
2010 VD25
2010 VJ71
2010 VE78
2010 VM78
2010 VR118
2010 VQ138
2010 VP150
2010 VT162
2010 VO218
2010 WS7
2010 WT53
2010 XB23
2010 XT76
2011 AN27
2011 AB33
2011 AF38
2011 AX42
2011 AS44
2011 AR56
2011 AE57
2011 BJ7
2011 BS18
2011 BF58
2011 BW88
2011 BA92
2011 BW108
2011 BM115
2011 BZ118
2011 BB129
2011 CS2
2011 CQ3
2011 CZ13
2011 CR16
2011 CP27
2011 CX43
2011 DY9
2011 DO11
2011 DG12
2011 DB51
2011 EX6
2011 ED23
2011 EY55
2011 EN67
2011 ED70
2011 EW70
2011 FF7
2011 FD15
2011 FS32
2011 FR36
2011 FS45
2011 FJ81
2011 FX87
2011 FJ137
2011 GA30
2011 GV42
2011 GQ49
2011 KD20
2011 PL7
2011 QH2
2011 QE7
2011 QE27
2011 QB92
2011 RK14
2011 SK35
2011 SR55
2011 SR65
2011 SB68
2011 SN70
2011 SA80
2011 SR84
2011 SW86
2011 SJ87
2011 SR103
2011 SL109
2011 SE119
2011 SC133
2011 SE165
2011 SR195
2011 SF211
2011 SM232
2011 SX242
2011 SX254
2011 UG1
2011 UM22
2011 UY42
2011 UL56
2011 UV58
2011 UK65
2011 UW66
2011 UA100
2011 UP101
2011 UK364
2011 UZ105
2011 UK113
2011 UB124
2011 UL135
2011 UQ135
2011 UZ398
2011 UY404
2011 UF203
2011 UC263
2011 UE283
2011 UX283
2011 UB296
2011 UX312
2011 UO317
2011 UA337
2011 UG344
2011 UF354
2011 WO4
2011 WH6
2011 WN18
2011 WN28
2011 WP71
2011 WM103
2011 WE123
2012 AD15
2012 BR8
2012 BG117
2012 BE118
2012 CG40
2012 DO53
2012 DV68
2012 DQ77
2012 DJ80
2012 EJ
2012 FG4
2012 FF5
2012 FF11
2012 FG12
2012 FS79
2012 GW2
2012 GG3
2012 GD32
2012 HT31
2012 HC42
2012 JR2
2012 JE34
2012 JE59
2012 MC3
2012 PJ3
2012 VQ84
2012 WU11
2012 WP32
2012 XG34
2012 XQ34
2012 XF96
2012 XG105
2012 XD106
2012 XU144
2013 AZ8
2013 AN11
2013 AE12
2013 AA26
2013 AJ32
2013 AB36
2013 AM40
2013 AD43
2013 AD45
2013 AG46
2013 AN61
2013 AD69
2013 AJ75
2013 AV79
2013 AT89
2013 AC91
2013 AR91
2013 AD95
2013 AW99
2013 AS103
2013 AH106
2013 AM119
2013 AJ121
2013 AH123
2013 AH126
2013 AP130
2013 BN9
2013 BF11
2013 BL11
2013 BK22
2013 BQ33
2013 BR49
2013 BR52
2013 BC55
2013 BA62
2013 BN62
2013 BR62
2013 BU63
2013 BV63
2013 BH75
2013 BY75
2013 BL79
2013 CW2
2013 CX2
2013 CG6
2013 CB8
2013 CO9
2013 CX12
2013 CF16
2013 CU16
2013 CC17
2013 CM18
2013 CG22
2013 CR22
2013 CW28
2013 CS33
2013 CK39
2013 CZ41
2013 CX46
2013 CF48
2013 CX49
2013 CG52
2013 CN55
2013 CO68
2013 CZ68
2013 CA71
2013 CA74
2013 CB74
2013 CC76
2013 CQ78
2013 CN93
2013 CJ95
2013 CJ107
2013 CX109
2013 CC119
2013 CG120
2013 CY123
2013 CB127
2013 CG131
2013 CX136
2013 CR142
2013 CA143
2013 CE143
2013 CJ145
2013 CS147
2013 CV164
2013 CE171
2013 CE172
2013 CS175
2013 CC179
2013 CP180
2013 CH181
2013 CV185
2013 CN190
2013 CC191
2013 CN192
2013 CZ204
2013 CU209
2013 CD213
2013 CC214
2013 CE218
2013 CK220
2013 DQ5
2013 DR5
2013 DE7
2013 DF12
2013 DM12
2013 DP15
2013 EN1
2013 EC2
2013 EN5
2013 EO5
2013 EO10
2013 EW12
2013 EA13
2013 EO14
2013 EE16
2013 EL16
2013 EP21
2013 EC22
2013 ER25
2013 EP26
2013 EK34
2013 EV41
2013 EM48
2013 EH70
2013 EJ72
2013 ER89
2013 EL105
2013 EM125
2013 EA130
2013 FU9
2013 FG16
2013 FF20
2013 FO22
2013 FZ25
2013 GN1
2013 GS5
2013 GZ10
2013 GP13
2013 GD32
2013 GD38
2013 GA43
2013 GE46
2013 GG49
2013 GR70
2013 GF81
2013 GF88
2013 GF105
2013 GF109
2013 GB110
2013 GM127
2013 GN129
2013 HL2
2013 HU4
2013 HX13
2013 HL27
2013 HM27
2013 HE53
2013 HX59
2013 HL73
2013 HH95
2013 HA98
2013 HQ102
2013 HK112
2013 HD119
2013 JM2
2013 JS6
2013 JZ7
2013 JJ9
2013 JS11
2013 JH19
2013 JX21
2013 JG28
2013 JR31
2013 JM39
2013 JN39
2013 JA48
2013 JQ48
2013 JA53
2013 JE61
2013 KB1
2013 KR16
2013 LH1
2013 LY8
2013 LM25
2013 LC35
2013 MN2
2013 MO2
2013 MR9
2013 NR3
2013 NR7
2013 NC8
2013 NE10
2013 NF12
2013 NX15
2013 NK18
2013 NR19
2013 PB5
2013 PY7
2013 PX19
2013 PY21
2013 PU24
2013 PC25
2013 PE38
2013 PW44
2013 PP47
2013 PK49
2013 PG50
2013 PD52
2013 PC53
2013 PO68
2013 PS68
2013 QV2
2013 QM5
2013 QS7
2013 QY12
2013 QU14
2013 QV14
2013 QL22
2013 QX38
2013 QR41
2013 QB44
2013 QJ53
2013 QA57
2013 QS61
2013 QW65
2013 QO67
2013 QL72
2013 QL81
2013 QW81
2013 QG88
2013 QE89
2013 QH89
2013 RT4
2013 RK6
2013 RJ8
2013 RJ9
2013 RT11
2013 RW29
2013 RZ37
2013 RP39
2013 RL42
2013 RP42
2013 RE48
2013 RA50
2013 RH50
2013 RM62
2013 RQ66
2013 RC71
2013 RN79
2013 SL
2013 SM15
2013 SM21
2013 SQ23
2013 SD27
2013 SN32
2013 SX35
2013 SL38
2013 ST41
2013 SY51
2013 SV53
2013 SR54
2013 SN56
2013 SD67
2013 SP75
2013 SA80
2013 SU86
2013 TC12
2013 TF12
2013 TA18
2013 TF33
2013 TT34
2013 TU34
2013 TL36
2013 TS42
2013 TF62
2013 TU80
2013 TG82
2013 TD93
2013 TF100
2013 TR101
2013 TZ103
2013 TX104
2013 TC105
2013 TK109
2013 TB113
2013 TT114
2013 TP115
2013 TN128
2013 UL7
2013 VK3
2013 VM10
2013 WG28
2013 WG30
2013 WD34
2013 WO35
2013 WP35
2013 WL43
2013 XP2
2013 XX19
2013 XA25