id
7787
8216
8583
8685
8725
10184
10364
10558
10598
10797
10815
10873
11336
11338
11344
11583
11669
11671
11679
11918
12019
12120
12314
12382
12770
12833
12880
13210
13404
13550
13623
13624
13975
14027
14043
14234
14676
14930
15306
15328
15361
15429
15452
15506
15629
15885
15924
15982
16000
16164
16174
16274
16562
16566
16567
16571
16574
16637
16871
16987
17050
17498
17504
17505
17506
17507
17545
17551
17761
17878
17879
17896
17904
18018
18080
18128
18166
18388
18396
18419
18422
18528
18529
18578
18584
18602
18755
18760
18781
19208
19312
19432
19542
19563
19574
19765
19849
20026
20029
20032
20033
20035
20079
20147
20173
20203
20215
20270
20286
20442
20480
20556
20590
20609
20839
20846
20849
20851
21092
21098
21099
21124
21171
21174
21175
21197
21201
21202
21214
21315
21350
21443
21446
21458
21482
21613
21636
21752
21778
21820
21821
21825
21870
21897
21937
21953
22057
22063
22341
22381
22425
22426
22511
22563
22592
22614
22625
22645
22723
22725
22781
22797
22809
22823
22829
22840
22882
22942
22954
22961
22967
22987
22995
23038
23082
23098
23165
23168
23238
23289
23292
23503
23519
23664
23739
23749
23772
23780
23789
23859
23889
24079
24098
24106
24146
24186
24251
24352
24378
24386
24526
24739
24747
24760
24853
24862
24895
24942
25082
25087
25116
25144
25170
25206
25212
25259
25300
25362
25366
25388
25457
25514
25561
25619
25955
26239
26300
26330
26409
26544
26728
26733
26848
27094
27197
27330
27384
27409
27540
27785
27998
28105
28178
28197
28268
28332
28366
28397
28496
28536
28542
28554
28592
28678
28700
28710
28714
28737
28769
28777
28828
28832
28866
28893
28924
29219
29233
29237
29241
29245
29468
29673
29728
29766
29783
29804
29874
30071
30250
30548
30864
30865
30869
30871
30876
30940
30965
30987
31069
31196
31378
31403
31424
31437
31452
31474
31479
31643
31878
31965
31973
31976
31981
32000
32010
32065
32085
32088
32097
32103
32187
32295
32296
32426
32522
32593
32611
32826
32830
32832
32834
32847
32905
32931
32953
33042
33109
33175
33221
33384
33388
33389
33406
33463
33464
33494
33612
33621
33663
33695
33723
33740
33761
33917
33965
33971
33996
34023
34084
34089
34109
34197
34214
34272
34273
34342
34351
34356
34433
34449
34451
34552
34592
34616
34740
34756
34871
35113
35131
35133
35135
35172
35290
35323
35449
35453
35538
35667
35695
35833
35850
35864
35887
35936
35968
36072
36109
36166
36245
36298
36324
36358
36390
36394
36492
36550
36563
36627
36633
36637
36749
36814
36824
36873
36914
36959
36982
36988
37000
37006
37011
37052
37061
37068
37073
37084
37112
37115
37129
37149
37193
37372
37381
37423
37602
37605
37635
37659
37758
37782
37812
37836
37875
37951
37962
38032
38109
38117
38198
38245
38250
38253
38282
38285
38302
38330
38363
38366
38438
38466
38612
38624
38675
38680
38718
38857
38963
39168
39171
39248
39261
39298
39545
39546
39547
39548
39549
39550
39551
39552
39555
39556
39558
39617
39721
39764
39927
40001
40056
40102
40308
40323
40438
40459
40468
40495
40510
40526
40601
40621
40692
40744
40775
40819
40820
40839
40857
40887
40893
40907
40922
40938
40944
40954
41072
41077
41086
41094
41183
41246
41253
41322
41474
41499
41518
41577
41580
41657
41673
41740
41810
41813
41856
41947
41997
42056
42093
42120
42158
42161
42205
42297
42360
42499
42693
42730
42733
42736
42746
42748
42769
42829
42874
42966
43071
43079
43109
43116
43154
43189
43471
43536
43574
43578
43580
43610
43615
43928
44082
44156
44219
44242
44297
44387
44457
44470
44577
44586
44822
44960
45295
45354
45494
45516
45518
45521
45598
45717
45791
45858
46168
46174
46191
46216
46224
46228
46243
46290
46327
46352
46431
46575
46583
46589
46592
46593
46787
46791
46873
46883
46887
46912
46930
46976
46993
47031
47269
47294
47297
47348
47482
47501
47602
47618
47620
47713
47714
47715
47727
47739
47900
47988
48038
48088
48159
48257
48280
48297
48484
48490
48492
48616
48903
48941
49000
49139
49242
49320
49364
49450
49702
50019
50095
50161
50229
50259
50374
50406
50517
50523
50561
50575
50671
50732
50766
50880
50886
50889
50891
50910
51030
51031
51097
51174
51247
51270
51278
51409
51567
51617
51718
51724
51776
51903
52050
52061
52320
52330
52331
52336
52341
52342
52412
52414
52646
52700
52701
52737
53012
53049
53202
53278
53530
53694
53773
53774
53831
53846
54864
54953
55058
55107
55114
55161
55190
55222
55244
55248
55281
55300
55336
55360
55368
55394
55423
55512
55514
55516
55539
55763
55766
55768
55770
55771
55932
55942
56056
56070
56236
56252
56275
56296
56361
56367
56677
56796
56861
56872
56877
56896
56898
57035
57161
57188
57386
57444
57497
57549
57550
57558
57606
57704
57711
57937
57956
58193
58211
58212
58215
58218
58297
58313
58528
58540
58740
58744
58851
58876
59234
59276
59305
59364
59391
59437
59547
59691
59728
59851
59853
59930
59935
59966
60023
60031
60045
60076
60077
60085
60129
60233
60368
60410
60465
60475
60493
60539
60575
60656
60688
60707
60759
60896
60931
61108
61118
61298
61624
61841
61862
61864
62027
62120
62263
62282
62333
62336
62345
62384
62505
62590
62648
62668
62741
62781
62807
62808
62849
63040
63084
63378
63473
63564
63571
63626
63677
63738
63842
63848
64052
64157
64179
64216
64273
64432
64453
64479
64485
64520
64545
64609
64628
64654
64657
64685
64755
64764
64769
64862
64911
64958
65076
65108
65154
65203
65219
65239
65377
65388
65430
65441
65704
65707
65709
65713
65860
66135
66155
66263
66625
66636
66713
66772
66780
66841
66880
67035
67160
67177
67329
67363
67398
67453
67660
67803
68039
68064
68075
68314
68409
68413
68457
68513
68803
68882
68886
68987
69000
69047
69087
69297
69301
69303
69372
69388
69431
69754
69765
69772
69809
69945
70002
70004
70126
70184
70199
70478
70600
70618
70652
70754
70875
70881
70908
70920
70932
70953
70976
70981
71147
71178
71201
71276
71338
71406
71507
71527
71535
71551
71568
71575
71586
71590
71593
71659
71662
71707
71723
72395
72417
72558
72574
72604
72681
72687
72735
72741
73343
73396
73403
73470
73517
73519
73711
73714
74110
74117
74242
74321
75410
75517
75816
75878
75973
75986
76010
76068
76182
76184
76186
76223
76288
76303
76439
76542
76592
76682
76787
77089
77304
77438
77558
77728
78102
78210
78337
78351
78354
78421
78555
78617
78659
78681
78772
78876
78893
78943
79672
80097
80366
80787
80830
81273
81382
81698
81792
81900
81951
81970
81971
81981
81989
82026
82047
82396
82425
82573
82634
82767
82807
83126
83221
83313
83332
83375
83425
83505
83540
83676
83677
83743
83771
83861
83881
84065
84239
84397
84794
84847
84868
84934
85204
85208
85211
85212
85213
85280
85343
85464
85958
86118
86133
86271
86282
87179
87239
87388
87479
87663
87832
87867
88007
88048
88078
88147
88156
88177
88955
89011
89053
89104
89180
89395
89402
89414
89645
89771
89961
90156
90241
90264
90286
90349
90353
90359
90365
90563
90727
91447
91514
91609
91679
91732
91792
92978
93250
93816
94008
94172
94241
95058
95446
95468
95556
95611
95650
95722
95994
96206
96276
96592
96597
97385
97504
97534
97579
97655
97672
97702
98673
98740
98822
99034
99287
99338
100056
100057
100075
100269
102082
102190
103009
103193
103648
103958
104091
104108
104224
104279
104713
104782
104944
105047
105092
105306
105374
105555
105588
105710
105781
105837
105911
106044
106254
106282
106721
106777
107879
107982
108374
108841
109526
109745
110318
110394
111289
111327
111663
111834
112347
112448
112619
112787
112888
112970
113073
113086
113090
113101
113627
113708
113794
113834
113928
114371
114387
114520
114529
114560
114614
114663
115141
115191
115252
115366
115433
115665
115694
115819
115854
115939
116184
116197
116700
116831
117086
117580
118178
118880
118908
118913
119754
119855
120355
120727
121812
121856
122340
123989
124754
125543
125598
126538
126744
126859
127422
127435
127664
128136
128139
128195
128205
128270
128274
129116
130277
131262
131299
131333
131367
131373
132887
132989
133280
133333
133457
133482
133708
133714
134291
134867
134892
135234
135379
135481
135492
136091
136523
136585
136838
138584
138656
138738
138780
138833
139908
140357
140574
140621
140636
140655
140692
140938
140970
141019
141024
141182
141304
141319
142996
143340
143499
143535
143538
144870
144876
145446
145448
145472
146655
147410
149051
149937
149945
151032
152489
152781
153276
154247
157036
157377
157852
158150
158757
158769
158775
158795
159706
159815
159834
160137
160248
161115
162363
163583
164410
164798
165677
165721
166805
169168
169263
171202
175366
180112
181244
181861
185898
186636
186988
187885
188340
188343
188346
189197
189786
189946
190474
191344
191534
193293
193501
194512
195738
196809
197053
197150
197160
197553
199455
199745
200445
200684
203884
207835
209022
209029
209369
209483
216002
220382
221414
221502
223403
226446
229795
233016
235003
242304
249027
258005
272011
274588
285785
297342
316253
316981
404977
434009
2006 BF208