id
186
619
1466
3643
5046
6949
8860
9296
9986
14688
15898
16394
18049
18685
18834
19320
19722
19974
20299
20504
22392
23261
24048
24399
25327
25329
26299
27306
28187
28311
29845
30086
30180
30787
31664
33180
34763
34872
35038
35522
35595
35767
36122
37687
37931
37967
38403
39203
39662
40011
40063
40420
40568
40983
41596
41911
42057
42148
43353
43667
43925
44217
44227
45419
45446
46236
46607
47219
47396
47586
48007
48075
48203
48423
48530
49277
49898
50090
50927
51047
51593
51807
52330
52339
53085
53239
54128
54437
54945
55542
55583
57180
57890
59422
59535
59599
61511
61644
62158
63342
63541
64066
64965
66162
66729
67514
67944
68133
68848
69693
70141
70155
70593
70642
70761
70829
71979
72333
72634
72641
72755
73324
73859
75036
75708
75934
75945
76199
76322
76398
76401
77205
78589
78883
79531
81011
81036
81154
81469
81724
82898
83037
84213
84438
84484
84762
84774
84899
85555
85580
85881
85923
86783
86925
87580
87763
87918
88764
88951
89111
90283
90835
92995
93013
93079
93512
93648
93907
94998
95343
95999
96871
97710
98468
98883
101622
102154
102744
103503
103612
103689
103889
105181
106441
106775
107032
107383
107542
107834
108076
108101
108102
108957
108982
109105
109383
109412
109557
110219
110294
110550
110679
111556
112343
112892
114204
114286
116900
117417
117821
118366
118519
118747
118781
118788
119320
119678
120588
122408
122457
122726
122852
123071
125123
125276
125601
126223
126252
126315
126490
126707
127123
127644
127869
129194
130106
131017
131310
132014
132305
133239
133299
133512
134518
134825
135723
137085
137324
137913
138048
138066
138345
138931
139747
142282
142393
142627
142807
142907
142926
142928
144124
144167
144280
145242
145854
146408
147274
147827
148593
148734
150406
150922
151236
151278
151772
151846
152316
152344
154476
154500
155757
155777
157269
158021
159216
159766
160786
160814
160830
161793
161852
163154
163807
163912
164449
164459
165635
167389
168607
168992
169040
169057
170538
170553
170594
172108
172290
172649
173753
174910
177533
179074
182437
183855
183969
185682
185860
185865
186205
186790
188277
188730
189541
189554
190516
191262
191316
192000
193315
193453
193459
194470
195174
195292
195307
198358
198419
199533
199733
200485
202034
202228
204727
207274
208753
211217
211235
211277
212198
212229
212984
212993
213906
214348
214950
215910
215919
216574
216602
217549
217897
219415
221264
221290
222522
222643
223119
223239
223253
223626
227430
227544
229736
231755
233291
233349
235257
236266
236395
237779
238093
238576
239044
239103
239161
239379
239847
240396
242441
244275
244757
245234
246041
246551
247602
247857
249819
250461
252239
253803
254031
255844
259112
259246
260066
260888
262163
263325
263439
263485
264016
264696
264983
265622
265743
265754
266367
266434
267198
268453
269977
271541
272466
274364
276896
279920
281507
283113
283121
283796
285567
285571
286122
286851
287930
287952
288102
288168
288606
289266
289811
290004
292413
293459
294259
294513
294937
295691
297040
297993
298935
299091
299133
300387
300431
301381
301412
301780
302093
302904
302977
303491
303534
304081
304950
305212
307098
309928
311253
311703
311792
313534
315431
316286
318018
318701
319911
319984
320247
320604
320713
320781
321732
321858
322624
322886
323435
324604
325129
325233
326148
326531
326935
328895
328994
329361
330920
331966
332124
332328
332818
333384
333462
334058
334340
334375
334432
334795
334924
337112
337285
338677
340201
340217
341143
342245
342513
342619
342664
344040
344964
345047
347033
347034
347097
347553
348777
350029
350569
352209
354922
355011
356071
357275
357677
359145
359246
360567
360731
361360
367381
368451
368975
369109
369548
370696
374450
374943
375838
375918
376143
376541
376894
377098
377713
378283
380052
381180
382079
382764
383152
383231
384452
386812
386990
387227
388566
388575
389957
390089
390635
391201
391906
392470
393590
394588
396528
397623
397957
398706
400067
400589
401093
401137
401612
401640
401722
401807
403072
403122
405957
406645
407301
407813
408169
409961
410268
410414
410517
411428
413838
413883
413898
414223
414461
414837
415180
417582
419287
420800
421437
421530
422087
422502
422623
423634
424181
424623
424769
425210
425215
425657
425871
425901
425981
426164
426923
427979
428008
428642
428693
429625
430749
430930
430935
430938
430974
431848
433048
434899
435655
436232
436580
436596
436875
437901
438796
438900
438925
2001 SX255
2001 SG290
2002 EB58
2002 LW56
2002 RS164
2003 JH6
2003 KO
2003 TR9
2003 UQ49
2004 BL146
2004 GX53
2004 KF17
2005 JK41
2005 MB50
2005 TA120
2005 UV285
2005 VW131
2005 XB72
2005 YP13
2006 PQ
2006 QR101
2006 SA219
2006 SX385
2006 SA219
2006 SE303
2006 SC317
2006 TY103
2006 TY118
2006 UZ337
2006 VL3
2006 VS108
2007 BG67
2007 CT1
2007 RF296
2007 TE15
2007 TC59
2007 TV309
2007 VZ147
2007 WO9
2007 XQ51
2008 CC110
2008 UV106
2008 UA180
2008 WE96
2008 WK109
2008 YK96
2008 YL101
2008 YN122
2008 YL137
2008 YX160
2009 BT52
2009 BS187
2009 CX37
2009 CU57
2009 HX47
2009 QL58
2009 SH35
2009 SR286
2009 UC92
2009 VH113
2009 WL242
2010 CK178
2010 JS80
2010 TF142
2010 XA76
2011 BD146
2011 CX87
2011 CO110
2011 DJ3
2011 DS22
2011 ED66
2011 GC3
2011 GA5
2011 HM11
2011 HC42
2011 KH12
2011 QR19
2011 SC66
2011 SL212
2011 SN212
2011 UD101
2011 UK392
2011 UK204
2011 UM312
2011 WZ153
2011 YM7
2012 BG125
2012 DA64
2012 EH4
2012 JM59
2012 KX20
2012 SG30
2012 TO42
2012 TV221
2012 TK288
2012 TK310
2012 UC133
2012 VB38
2012 WN34
2013 BL4
2013 BQ71
2013 CS52
2013 CR162
2013 CE191
2013 EA49
2013 FU15
2013 GC96
2013 QT37
2013 QT92
2013 SP45
2013 XU19
2013 YE36
2013 YR92
2013 YF109
2014 AB43
2014 BW6
2014 DZ8
2014 DC24
2014 DB87
2014 FB66
2014 JJ16
2014 JD79
2014 KV59
2014 NJ44
2014 OY106
2014 OJ386
2014 OW187
2014 PR1
2014 PV38
2014 QN66
2014 QV392
2014 QW284
2014 TA44
2014 UZ27
2014 UJ57
2014 UG134
2014 UA193
2014 WM339
2014 WC349
2015 AK241
2015 BH64
2015 BV263
2015 CJ1
2015 DD26
2015 DK216
2015 EO63
2015 FC72
2015 FY74
2015 FJ340
2015 GZ36
2015 HV43
2015 HW155
2015 KF4
2015 KN15
2015 KD118
2015 LX8
2015 MV83
2015 MA95
1995 SC70
2000 VR38
2001 FK208
2001 FQ212
2002 AD190
2002 GP191
2003 AA93
2003 ME13
2004 RA241
2004 VK59
2005 JE58
2005 QR122
2005 SU206
2005 UN249
2005 VJ52
2005 VR108
2005 VA136
2005 WP58
2005 WJ92
2006 AH26
2006 KC144
2006 LY
2006 QR34
2006 SB387
2006 UF119
2006 VJ135
2006 WK
2007 RH131
2007 TU269
2007 XN50
2008 AE14
2008 CH164
2008 EJ68
2008 GU4
2008 LL4
2008 SF175
2008 UT91
2008 UE238
2008 YP115
2009 BD96
2009 BU145
2009 FB59
2009 KJ32
2009 RP37
2009 VJ42
2010 AY84
2010 AL96
2010 AN125
2010 AF131
2010 AF135
2010 BT10
2010 BS14
2010 BE15
2010 BC16
2010 BP42
2010 BQ76
2010 BB86
2010 BO87
2010 BA115
2010 BS124
2010 CS11
2010 CV13
2010 CQ212
2010 CG233
2010 DY26
2010 DN31
2010 DF68
2010 DT77
2010 DV86
2010 DD91
2010 EU6
2010 EF19
2010 EF149
2010 EW154
2010 FK7
2010 FP44
2010 FU44
2010 FV50
2010 FC59
2010 FK64
2010 FD70
2010 FR115
2010 GL2
2010 GC12
2010 GP13
2010 GY13
2010 GP86
2010 GK95
2010 GY152
2010 HR15
2010 HB28
2010 HF43
2010 HZ44
2010 HB53
2010 HX65
2010 HD87
2010 HX87
2010 HD91
2010 JU6
2010 JS31
2010 JN52
2010 JJ56
2010 JB65
2010 JY65
2010 JT100
2010 JJ104
2010 JH108
2010 JC109
2010 JL129
2010 JA139
2010 JO142
2010 KO31
2010 KW33
2010 KJ43
2010 KO49
2010 KD57
2010 KY64
2010 KJ75
2010 KV76
2010 KT85
2010 KV92
2010 KO93
2010 KW100
2010 LU18
2010 LA22
2010 LV50
2010 LX54
2010 LB79
2010 LS89
2010 LY98
2010 LG125
2010 MP15
2010 MG34
2010 MS56
2010 MY59
2010 MX65
2010 MM84
2010 MQ87
2010 NM63
2010 NS80
2010 NO97
2010 NA117
2010 OG23
2010 OK29
2010 ON60
2010 OU96
2010 OA100
2010 PX7
2010 PQ17
2010 PS20
2010 PW43
2010 TL186
2010 VH72
2010 VN141
2011 FB95
2011 HM78
2011 TG14
2011 UM61
2011 UN73
2011 VZ21
2011 WB63
2012 JW2
2012 SM25
2013 AU111
2013 AX138
2013 AL140
2013 AD144
2013 AU170
2013 AX175
2013 CL23
2013 DU14
2013 EK68
2013 GZ83
2013 HO43
2013 HZ77
2013 HC144
2013 HW149
2013 TK12
2013 WM17
2013 YP32
2014 AH15
2014 HV194
2014 NB16
2014 OJ85
2014 OB92
2014 OS358
2014 PR13
2014 WC297
2015 AB120
2015 AA207
2015 AW247
2015 BQ82
2015 BH416
2015 BR215
2015 BE485
2015 BE260
2015 CK9
2015 DY132
2015 DO170
2015 DB196
2015 FF43
2015 FO150
2015 FM286
2015 GU22
2015 HT48
2015 HS76
2015 KA42
2015 KD56
2015 KQ132
2015 MF83
2015 OD55
2015 PY32
2015 PB33
2015 PE34
