id
44
548
750
901
937
1147
1190
1376
1378
1559
2391
2392
2446
2513
2710
2952
2954
3227
3326
3350
3461
3463
3718
3857
3993
4026
4042
4214
4219
4425
4465
4538
4678
4682
5165
5181
5545
5586
5608
5666
5862
5891
5991
6034
6195
6451
6525
6612
6769
6840
7166
7172
7218
7227
7251
7315
7399
7408
7460
7529
7552
7553
7698
7727
7733
7744
7846
7931
8047
8178
8274
8454
8525
8637
8745
8752
8920
9137
9151
9347
9375
9606
9626
9822
9839
9870
10014
10057
10088
10218
10276
10308
10468
10528
10529
10676
10735
10749
10803
10858
11013
11026
11148
11152
11281
11283
11378
11546
11580
11598
11736
11878
12061
12111
12147
12196
12208
12306
12429
12509
12699
12751
12752
12776
12798
12802
12843
12910
12931
12945
13103
13152
13173
13217
13272
13320
13395
13524
13572
13656
13880
13941
13951
14003
14058
14132
14150
14215
14296
14481
14505
14516
14674
14677
14708
14869
14910
14955
15121
15579
15693
15794
15894
15962
16065
16097
16167
16193
16359
16526
16554
16570
16645
16696
16837
17002
17294
17311
17404
17475
17639
17851
17914
17925
18203
18211
18286
18297
18425
18601
18602
18660
18782
18789
18851
18891
19040
19142
19146
19246
19310
19390
19403
19430
19497
19753
19765
19835
19914
19961
20205
20239
20251
20278
20291
20303
20472
20532
20541
20591
20926
20950
21060
21174
21177
21314
21332
21335
21343
21400
21403
21446
21493
21494
21696
21809
21860
22224
22294
22358
22378
22381
22382
22462
22574
22633
22856
22940
22981
23040
23308
23365
23393
23456
23483
23528
23643
23652
23659
23681
23754
23851
24002
24069
24153
24156
24206
24494
24591
24621
24647
24768
24886
24924
24932
24945
25020
25023
25049
25211
25212
25383
25418
25448
25516
25521
25584
25648
25693
25698
25751
25779
25903
25961
26191
26402
26493
26505
26543
26707
26726
26728
26837
26884
26942
26947
27092
27115
27233
27279
27284
27439
27457
27465
27492
27522
27724
27778
27811
27817
27841
27845
27870
27925
27933
27937
27995
28058
28093
28242
28254
28284
28426
28446
28453
28471
28506
28584
28605
28653
28680
28816
28828
29065
29188
29226
29279
29328
29387
29672
29724
29726
29980
30004
30005
30039
30092
30179
30200
30280
30551
30574
30839
30863
30972
31041
31133
31134
31156
31164
31363
31371
31389
31403
31408
31416
31438
31465
31466
31483
31563
31632
31660
31727
31784
31846
31873
31880
32044
32080
32181
32183
32196
32683
32787
32789
32805
32815
33021
33033
33065
33195
33390
33412
33437
33502
33504
33561
33580
33804
33931
34106
34326
34338
34402
34484
34589
34606
34644
34675
34913
34924
34948
35078
35126
35137
35297
35376
35391
35401
35475
35692
35783
35787
35817
35832
35865
35922
35995
36004
36286
36328
36373
36401
36495
36549
36610
36658
36755
36804
36996
37057
37080
37137
37352
37381
37441
37453
37502
37531
37557
37625
37681
37815
37818
37823
37826
37890
37913
38111
38440
38716
38734
38781
38810
38893
38905
39082
39109
39130
39134
39406
39521
39540
39559
39712
39846
39853
39881
39883
39919
39931
40019
40384
40473
40508
40589
40765
40871
40898
40937
41330
41696
41749
41761
41790
41837
41882
41886
42084
42361
42507
42522
42558
42575
42613
42639
42640
42650
42667
42684
42943
42976
43005
43315
43352
43452
43465
43557
43834
43985
44029
44111
44128
44190
44654
44726
44806
44867
44888
44890
44910
44932
44935
45353
45395
45748
45779
45824
45827
45925
45957
46006
46066
46082
46365
46415
46445
46448
46460
46490
46599
46658
46687
46697
46711
46814
46815
46966
47026
47255
47257
47274
47277
47344
47353
47361
47428
47448
47527
47753
47756
47992
47998
48009
48097
48129
48256
48325
48334
48473
48488
48526
48583
48690
48691
48853
48914
48942
48949
48959
49006
49029
49042
49081
49113
49126
49167
49246
49273
49299
49302
49374
49621
49739
49744
49746
49789
49811
49831
49859
49896
50024
50039
50142
50169
50170
50294
50374
50375
50496
50547
50644
50686
50697
50700
50911
50978
51010
51021
51120
51404
51408
51431
51508
51514
51528
51530
51555
51563
51710
51739
51803
52046
52049
52055
52156
52159
52205
52231
52232
52324
52333
52334
52348
52379
52498
52508
52516
52538
52786
53061
53081
53087
53119
53175
53509
53534
53644
53699
53752
53770
53772
53863
53925
54033
54045
54072
54122
54125
54157
54159
54164
54179
54275
54669
54693
54738
54783
54909
54952
54985
55013
55145
55244
55298
55304
55369
55384
55440
55447
55644
55675
55755
55811
55876
56002
56009
56014
56029
56051
56091
56100
56128
56322
56333
56388
56460
56638
56670
57071
57240
57254
57324
57418
57423
57430
57447
57490
57493
57594
57632
57730
57752
57982
58358
58618
58831
58842
59017
59035
59051
59120
59146
59164
59253
59277
59288
59321
59322
59350
59351
59363
59391
59397
59414
59420
59426
59440
59442
59608
60138
60188
60210
60220
60259
60274
60282
60499
60586
60645
60651
60652
60720
60743
60778
60829
60853
60874
60923
60939
61129
61159
61217
61310
61334
61437
61455
61597
61609
61696
61782
61807
61826
61847
61867
62155
62183
62207
62216
62529
62558
62830
62933
63308
63435
63439
63550
63652
63665
63849
63855
63890
64057
64123
64185
64198
64430
64436
64450
64457
64466
64531
64652
64820
64829
64927
65306
65559
65594
65678
65798
65832
65835
65887
65919
65923
65927
66181
66235
66288
66321
66339
66353
66496
66641
66746
67351
67352
67431
67440
67632
67658
67729
67823
67953
68018
68239
68281
68454
68478
68494
68588
68616
68665
68702
68704
68740
68815
68823
68846
68850
68892
69223
69241
69244
69426
69448
69471
69511
69523
69567
69662
70062
70116
70185
70212
70241
70381
70405
70418
70499
70667
70681
70695
70706
70840
70842
70855
70971
71068
71813
71822
71871
71924
71927
71969
72139
72177
72182
72183
72253
72254
72273
72344
72371
72400
72455
72539
72561
72564
72738
72905
72930
72958
72961
72974
73021
73039
73054
73058
73083
73203
73250
73251
73338
73379
73385
73393
73560
73621
73660
73680
73706
73819
73874
73922
74046
74059
74238
74580
74743
74830
74931
74944
74945
74946
75026
75034
75123
75148
75168
75224
75248
75257
75259
75268
75322
75333
75359
75398
75473
75533
75547
75565
75635
75641
75810
75840
75850
75856
75892
76470
76563
76876
76909
76985
76986
77049
77051
77075
77077
77082
77145
77275
77281
77300
77421
77424
77476
77486
77534
77552
77560
77650
77654
77949
78567
78747
78810
79001
79014
79077
79089
79151
79233
79302
79308
79312
79396
79408
79414
79415
79552
79562
79594
79615
79686
79716
79728
79740
79838
80147
80148
80189
80285
80322
80369
80378
80384
80429
80434
80466
80467
80470
80485
80523
80568
80630
80651
80753
80799
80808
80815
80817
80902
80932
80935
80947
80973
80999
81116
81125
81166
81277
81346
81355
81356
81547
81596
81598
81610
81632
81714
82179
82196
82203
82205
82212
82397
82465
82503
82800
82836
83015
83306
83326
84095
84288
84467
84529
84657
84782
85066
85102
85205
85232
85452
85461
85493
85524
85615
85649
85701
85739
85744
85751
85834
85899
85907
85912
85957
86483
86522
86568
86616
86623
86630
86632
86638
86683
86684
86704
86720
86750
86781
86796
86805
86806
86892
86913
86943
86950
86968
86985
87017
87027
87050
87131
87408
88364
88422
88447
88562
88609
88618
88658
88663
88665
88718
88835
88836
88837
88868
88907
88957
89006
89115
89201
89207
89223
89292
89418
89473
89511
89548
89586
89602
89628
89653
90001
90107
90123
90125
90171
90178
90200
90413
90445
90460
90591
90621
90654
90919
90935
90948
90975
90977
91000
91012
91048
91064
91239
91301
92404
92430
92451
92455
92634
92649
92710
92717
92749
92777
92820
92835
92895
92943
93006
93042
93055
93129
93135
93137
93347
93350
93363
93366
93413
93436
93460
93544
93545
93689
94542
94548
94562
94581
94681
94709
94715
94725
94729
94749
94795
94797
94798
94806
94807
94822
94830
94837
94860
94863
94913
94926
94949
94986
95015
95040
95048
95052
95089
95097
95102
95103
95124
95158
95164
95186
95259
95268
95334
95366
95371
95374
95376
96076
96221
96358
96366
96408
96417
96446
96458
96462
96464
96666
96670
96777
96829
96882
96923
97803
97846
97879
97936
97964
97975
98102
98133
98165
98227
98290
98312
98366
98399
98411
98457
98494
98498
98530
98583
98640
98725
98736
98741
98797
98816
98850
98937
98985
99469
99482
99495
99556
99596
99620
99641
99660
99668
99717
99719
99765
99805
100018
100141
100172
100182
100310
100372
100407
100454
100559
100561
100709
100780
100831
100867
100879
100909
100934
100975
100992
101043
101046
101145
101161
101174
101193
101194
101224
101239
101394
101418
101785
101839
101855
101919
101986
102077
102232
102240
102244
102266
102274
102290
102424
102443
102553
102723
102756
102804
102875
102920
102963
102979
103155
103465
103473
103509
103604
103633
103651
103654
103718
103749
103758
103789
103808
103809
103872
103971
104031
104042
104048
104177
104613
104620
104756
104803
104817
104938
105237
105459
105731
106090
106265
106446
106476
106522
106559
106561
106569
106698
106732
106833
106877
106881
106980
106983
106995
107021
107118
107157
107163
107200
107230
107245
107246
107251
107267
107297
107307
107313
107320
107329
107398
107456
107458
107472
107485
107525
107577
107582
107614
107619
107672
107827
107828
107845
107847
107881
107925
107948
107960
108008
108769
108850
108859
109294
109389
109449
109697
109769
109786
110040
110073
110228
110472
110536
110570
110664
110668
110743
110757
111094
111194
111428
111631
111758
111768
111794
111865
111896
111952
111962
111967
112014
112062
112265
112354
112457
112492
112601
112628
112688
112834
112927
112947
113326
113341
113359
113453
113528
113609
113639
113983
114176
114195
114264
114305
114328
114376
114477
114479
114493
114497
114523
114861
115129
115192
115343
115495
115522
115609
115612
115778
115782
115852
115914
115976
116161
116203
116224
116235
116275
116283
116527
116586
116687
116745
116822
116852
116968
117435
117481
117510
117516
117525
117560
117563
117581
117658
117718
117934
117958
118202
118216
118222
118299
118318
118327
118341
118482
118490
118599
118601
118609
118888
118923
119084
119153
119178
119321
119416
119451
119527
119613
120157
120213
120281
120398
120441
120492
120678
120709
120886
120955
120970
120989
120997
121022
121026
121088
121091
121112
121137
121140
121149
121867
121942
121995
122050
122071
122079
122095
122123
122155
122218
122241
122369
122401
122425
122476
122483
122565
122594
122729
122765
122996
123064
123150
123160
123212
123395
123489
124155
124157
124207
124211
124226
124287
124290
124320
124441
124498
124505
124586
124593
124786
124818
124836
124864
124911
124924
124935
124941
125023
125208
125227
125263
125311
125317
125423
125430
125505
125640
125699
125709
125716
125718
125722
125751
125767
125774
125780
125797
125820
125830
125847
125884
125892
125897
125898
125967
125994
126008
126053
126098
126172
126253
126284
126359
126523
126539
126564
126567
126586
126596
126639
126643
126645
126680
126746
126817
126868
126874
126913
127588
127606
127653
127674
127697
127698
127699
127786
127788
127835
127886
127895
127905
127925
128306
128310
128483
128491
128531
128537
128805
128882
128933
129067
129175
129211
129224
129274
129395
129501
129509
129587
129591
129603
129608
129623
129755
129806
129812
129861
129918
129925
130004
130407
130450
130505
130532
130536
130540
130602
130633
130637
130638
130660
130668
130689
130693
130695
130774
130879
131049
131205
131505
131567
131631
131722
131748
131806
131809
131814
131834
131842
131854
131859
131884
131932
131954
131996
132000
132018
132021
132023
132032
132043
132058
132080
132081
132085
132088
132091
132101
132109
132116
132143
132149
132179
132210
132219
132248
132280
132283
132316
132322
132339
132398
132435
132437
132468
132483
132516
132554
133130
133156
133182
133223
133251
133312
133445
133465
133483
133617
133712
133951
134031
134214
134246
134300
134347
134386
134387
134525
134531
134571
134646
134665
134692
134703
134723
134756
134977
134984
135174
135228
135598
135618
135619
135639
135648
135755
135781
135830
135900
135901
136184
136220
136255
136256
136353
136407
136428
136589
136598
136607
136639
136648
136694
136790
136801
136815
136816
136821
136924
136957
137003
137072
137201
137256
137265
137276
137338
137353
137368
137374
137431
137443
137470
137471
137490
137529
137546
137569
137589
137594
137668
137703
137798
137839
137840
137878
137909
137922
137953
137957
137991
138118
138184
138239
138253
138369
138390
138474
138974
139002
139052
139113
139118
139177
139178
139179
139199
139231
139240
139267
139307
139315
139320
139681
139926
140009
140161
140242
140253
140272
140293
140543
140662
140783
140880
141006
141219
141469
141550
141688
141708
141780
141839
141843
141854
141907
141940
141947
141983
142025
142089
142120
142139
142179
142185
142291
142309
142373
142403
142462
142496
142532
142711
142804
142927
142947
142948
142984
143006
143109
143238
143245
143370
143448
143559
143642
143766
143927
143952
144005
144062
144066
144068
144083
144098
144139
144157
144163
144231
144232
144233
144259
144277
144278
144306
144316
144327
144368
144498
144602
144623
144923
144937
145020
145324
145347
145378
145399
145495
145504
145520
145740
145748
145765
145799
145938
145970
145993
146013
146022
146039
146046
146275
146279
146286
146317
146319
146342
146607
146985
147092
147110
147132
147161
147181
147195
147369
147473
147531
147535
147576
147615
147632
147666
147852
147893
147945
147983
148179
148231
148241
148244
148247
148248
148249
148266
148270
148277
148282
148285
148294
148298
148493
148603
148614
148692
148695
148809
148811
148919
148982
149205
149252
149365
149584
149595
149610
149611
149649
149650
149697
149797
149868
149905
149940
149971
150125
150205
150243
150376
150431
150693
150695
150697
150759
150807
150840
150865
150954
150992
151005
151147
151168
151202
151516
151588
151708
151801
151911
151912
151991
152026
152247
152380
152403
152609
152700
152906
152932
152976
153060
153321
153516
153532
153642
153683
153725
153779
153803
153831
153861
154396
154397
154402
154413
154414
154447
154456
154460
154518
154540
154734
154786
155023
155035
155085
155200
155304
155414
155422
155443
155493
155638
155643
155660
155671
155915
155940
155945
155984
155989
155996
156040
156143
156218
156244
156255
156263
156285
156433
156506
156525
156793
156796
156801
156818
156856
156866
156875
156890
156916
156921
156927
157098
157129
157143
157204
157226
157251
157309
157519
157530
157539
157545
157557
157577
157581
157817
157820
157878
158082
158160
158180
158209
158225
158234
158291
158390
158465
158625
158650
158652
158657
158660
158698
158710
158852
158865
158868
158883
158899
159034
159052
159200
159207
159217
159259
159479
159540
159576
159588
159615
159722
159733
159735
159737
159757
159760
159762
159953
160012
160020
160307
160408
160429
160520
160706
160729
160746
160749
160778
160795
160938
161015
161237
161250
161469
161531
161550
161614
161663
161871
161985
161997
162163
162286
162292
162509
162511
162529
162573
162578
162587
162588
162622
162624
162634
162670
162675
162677
162700
162702
162715
162736
162744
162885
162901
163107
163114
163120
163222
163283
163290
163827
163907
163922
163928
164005
164078
164101
164278
164280
164290
164297
164302
164452
164496
164519
164545
164736
164789
164793
164812
164832
164871
164890
165165
165187
165207
165213
165271
165286
165303
165307
165338
165347
165359
165412
165422
165448
165467
165477
165488
165490
165493
165520
165543
165568
166006
166026
166079
166111
166132
166156
166171
166191
166192
166210
166224
166245
166333
166521
166998
167000
167056
167206
167307
167355
167362
167752
167754
167763
167766
167774
167858
167902
168105
168136
168142
168366
168407
168482
168509
168538
168844
168872
168926
168935
168969
168976
168978
168979
168983
169001
169009
169039
169068
169427
169558
169572
169629
169638
169652
169653
169657
169658
169786
170196
170261
170263
170361
170434
170443
170487
170569
170600
170940
170948
170988
170997
171000
171007
171011
171043
171063
171164
171396
171546
171558
171560
171615
171686
171758
171768
171789
171812
171815
171820
172109
172136
172206
172212
172278
172431
172467
172472
172499
172622
172657
172691
172716
172839
172843
172858
172877
173106
173175
173185
173308
173574
173592
173605
173626
173637
173658
174128
174195
174216
174247
174385
174578
174700
174704
174721
174807
174811
174849
174857
174867
174870
174996
175187
175223
175228
175298
175307
175421
175457
175470
175489
175656
175827
175832
175838
175880
176130
176161
176169
176172
176218
176402
176665
176684
176708
176725
176918
177174
177198
177225
177229
177230
177233
177311
177392
177418
177446
177451
177579
177661
177690
177716
177753
177787
177842
177948
178100
178146
178174
178182
178265
178333
178341
178413
178498
178502
178504
178508
178509
178539
178574
178575
178793
178800
178822
178829
178852
179072
179134
179140
179610
179643
179662
179767
179803
179827
179962
180036
180199
180288
180295
180313
180318
180336
180342
180381
180397
180406
180463
180475
180486
180516
180524
180538
180541
180615
180815
180895
180940
180944
180981
181033
181052
181357
181443
181515
181556
181720
181734
181766
181776
181888
181973
182038
182041
182213
182227
182246
182283
182285
182362
182484
182649
182655
182656
183035
183090
183199
183236
183273
183305
183592
183714
183759
183791
183895
183910
183912
183986
184072
184380
184403
184424
184433
184782
184815
184935
185018
185026
185312
185315
185374
185393
185420
185512
185596
185623
185647
185705
185728
185779
185798
185813
185823
186012
186176
186182
186238
186423
186461
186498
186530
186561
186696
186700
186704
186705
186710
186712
186736
186749
186753
186799
186803
186820
186828
186831
186843
187071
187111
187131
187154
187189
187397
187498
187527
187539
187606
187624
187695
187696
187699
187726
187738
187772
187784
187796
187818
187828
188222
188405
188412
188415
188420
188424
188445
188614
188628
188676
188697
188879
188881
188890
188892
189014
189085
189106
189170
189446
189656
189689
189704
189783
189844
190007
190075
190174
190241
190247
190575
190716
190771
190801
190829
190855
190874
190875
190915
190947
190949
190960
190977
191001
191010
191022
191076
191284
191288
191640
191687
191782
191909
191998
192020
192026
192335
192496
192564
192611
193142
193196
193202
193308
193333
193433
193875
193879
193885
193890
193947
193960
193971
193975
194012
194015
194026
194046
194076
194087
194092
194099
194117
194182
194199
194233
194242
194312
194324
194327
194364
194377
194382
194394
194437
194457
194489
194558
194574
194577
194596
194604
194666
194669
194680
194684
194687
194711
194712
194716
194719
194723
194744
194756
194767
194773
194791
194794
194805
194808
194819
194867
194875
194876
194921
194947
194952
194969
194994
195020
195045
195066
195070
195100
195122
195128
195136
195156
195180
195201
195274
195293
195333
195344
195487
195491
196249
196263
196266
196275
196280
196281
196288
196330
196347
196365
196370
196397
196406
196436
196475
197627
197671
197673
197703
197745
197797
197872
197883
197894
197954
198042
198083
198108
198122
198299
198345
198386
198433
198514
198621
198650
198952
199069
199070
199079
199109
199163
199172
199287
199321
199391
199476
199523
199638
199765
199808
199902
199971
200080
200084
200087
200147
200615
200616
200640
200706
200756
200760
200784
200791
200802
200887
200909
200915
200917
200921
200971
200976
201002
201009
201022
201041
201050
201061
201156
201459
201473
201493
201990
202023
202043
202101
202131
202153
202310
202450
202489
202492
202509
202541
202549
202643
202913
202939
202948
203085
203098
203114
203359
203446
203473
203514
203538
203556
203558
203593
203633
203646
203650
203693
203916
204060
204312
204340
204346
204372
204379
204381
204411
204412
204415
204424
204468
204501
204522
204549
204664
204699
204713
204721
204759
204961
205021
205027
205230
205247
205249
205285
205319
205335
205659
205733
205757
205814
205863
205869
205872
205904
205950
205951
205959
206304
206319
206324
206331
206334
206361
206527
206570
206937
206969
206980
207007
207022
207024
207038
207042
207089
207094
207101
207113
207120
207135
207137
207138
207197
207226
207265
207477
207478
207498
207520
207539
207655
207923
207938
207991
208030
208040
208060
208131
208233
208269
208277
208602
208629
208655
208679
208693
208694
209117
209555
209561
209593
209616
209617
209623
209629
209655
209693
209696
209706
209708
209723
209734
209826
209833
209932
209939
209976
210090
210293
210448
210496
210497
210501
210502
210553
210567
210612
210690
210748
210759
210760
211155
211157
211166
211182
211198
211249
211285
211582
211583
211624
211698
211723
211740
211754
211813
211964
211970
212000
212014
212024
212025
212028
212032
212038
212040
212044
212045
212047
212057
212091
212165
212242
212362
212723
212728
212813
212816
212868
212983
213096
213097
213476
213536
213546
213569
213616
213627
213813
213824
213890
213911
213922
214007
214048
214121
214139
214148
214152
214153
214156
214184
214199
214228
214229
214503
214937
215051
215245
215402
215486
215505
215666
215670
215849
215875
215903
216138
216139
216203
216334
216342
216445
216469
216577
216672
216717
216924
216941
217399
217409
217514
217701
217727
217889
218148
218200
218335
218589
218594
218813
218824
218854
219018
219064
219078
219202
219250
219654
219992
220004
220015
220063
220080
220098
220122
220179
220231
220249
220271
220272
220496
220501
220514
220994
221041
221066
221130
221149
221244
221584
221643
221670
221814
221840
221895
221930
221954
222019
222039
222201
222233
222422
222545
222715
222752
222997
223002
223118
223150
223198
223200
223206
223209
223276
223295
223299
223519
223539
223543
223556
223600
223613
223997
224012
224040
224069
224077
224108
224111
224143
224233
224256
224268
224287
224333
224349
224383
224399
224876
224921
224961
225125
225305
225434
225477
225724
225760
225830
225943
225951
225962
226133
226193
226248
226266
226277
226286
226287
226294
226296
226303
226307
226310
226314
226324
226342
226607
226626
226664
226688
227093
227105
227110
227115
227176
227200
227209
227230
227237
227272
227284
227296
227307
227311
227347
227373
227395
227424
227605
227788
227789
227795
227805
227817
227825
227837
227862
227876
227882
227887
227891
227943
228166
228209
228241
228244
228253
228308
228517
228528
228612
228791
228814
228836
228844
228855
228864
229087
229119
229319
229378
229400
229422
229473
229474
229517
229524
229578
229689
229713
229715
229854
229978
230131
230172
230179
230267
230287
230348
230352
230357
230562
230591
230592
230600
230602
230615
230619
230623
230860
231139
231161
231174
231199
231213
231240
231327
231449
231451
231478
231761
231964
232015
232041
232042
232043
232095
232114
232120
232201
232213
232423
232437
232441
232445
232459
232811
232830
233146
233243
233348
233360
233407
233583
233588
233806
233818
233824
233834
233898
233991
234183
234499
234503
234506
234508
234530
234573
234579
234615
234619
234665
234723
234983
235047
235155
235187
235191
235616
235618
235623
235835
236218
236231
236238
236243
236249
236251
236252
236261
236271
236277
236409
236428
236438
236501
236563
236606
236742
236788
236807
236835
237134
237175
237207
237209
237258
237351
237395
237406
237709
237743
237747
237753
237770
237776
237784
237816
237856
238097
238186
238229
238452
238462
238508
238569
238636
238822
238862
238866
238946
238970
238976
239049
239063
239076
239084
239130
239138
239171
239291
239331
239535
239572
239633
239766
239785
239795
240037
240076
240098
240290
240345
240369
240416
240545
240581
240592
240606
240620
240795
240813
240825
240828
240836
240844
240935
240941
240953
240971
241125
241137
241161
241182
241463
241941
241973
242221
242654
242755
242783
242799
242808
242827
242842
242852
243188
243581
243603
243739
244008
244023
244098
244175
244242
244246
244256
244266
244291
244321
244672
244692
244743
244764
244829
244860
244864
245156
245224
245542
245663
245693
245736
245759
245805
245830
245837
246168
246177
246220
246307
246353
246358
246661
246759
246767
247546
247700
247751
247769
247792
247880
248628
248633
248857
248995
249048
249059
249421
249733
249792
249808
250058
250089
250100
250298
250350
250394
250408
250990
251037
251047
251107
251406
251446
251565
251644
251659
251687
251722
251731
251901
251902
251916
252039
252083
252158
252198
252317
252326
252523
252873
252971
252972
253153
253172
253401
253406
253495
253508
253539
253561
253631
253654
253668
253689
253699
253703
253715
253792
253793
253825
253828
253830
253832
253838
253861
253865
253888
253915
253918
254016
254063
254459
254474
254498
254610
254642
254657
255518
255599
255603
255614
255694
255699
255801
255811
255826
255834
255856
255909
255910
255938
255945
255968
255975
255994
255999
256036
256051
256119
256148
256168
256201
256222
256330
256644
256663
256674
256698
256709
256711
256777
256790
256806
256846
256971
256977
257020
257237
257274
257346
257481
257504
257507
257534
257539
257622
257627
257632
257645
257672
257705
257717
257813
257842
257851
257888
257955
257965
258134
258195
258580
258652
258733
258801
258888
258958
259052
259444
259489
259551
259569
259584
259593
259599
259623
259639
259662
259667
259725
259727
259778
259795
259856
259886
259895
259926
259932
259986
259995
260076
260481
260516
260530
260583
260604
260616
260632
260650
260664
260668
260740
260775
260805
260865
260915
260960
261382
261431
261585
261913
261959
261987
261998
262000
262010
262021
262074
262109
262166
262230
262263
262353
262366
262370
262416
262567
262587
262628
262646
262660
262705
263112
263125
263143
263270
263297
263415
263544
263648
263854
264316
264319
264366
264398
264522
264557
264611
264639
264710
264866
264892
264917
265201
265208
265240
265260
265265
265273
265298
265311
265377
265529
265557
265577
265593
265606
265638
265656
265664
265692
265702
265727
265793
265808
266074
266118
266125
266212
266232
266239
266274
266282
266371
266386
266524
266541
266569
266574
266604
266718
266749
267008
267040
267077
267104
267156
267327
267408
267437
267584
267585
267590
267652
267692
267693
267971
268005
268011
268141
268247
268309
268362
268428
268480
268510
268761
268843
268851
268877
268882
268884
268896
268928
268960
269004
269023
269089
269172
269185
269521
269529
269643
269671
269687
269780
269858
269889
270127
270139
270144
270277
270454
270839
270843
270952
270958
270962
270997
271382
271409
271416
271453
271530
271549
271554
271704
272147
272201
272247
272318
272328
272341
272368
272423
272428
272436
272477
272489
272552
272579
272601
272629
272654
272719
273335
273457
273467
273523
273531
273532
273542
273543
273556
273579
273580
273632
273642
273692
273707
273772
273793
273882
274097
274126
274132
274136
274173
274244
274246
274300
274459
274676
274858
274903
275119
275196
275369
275374
275417
275450
275472
275651
275782
275871
275907
275994
276031
276109
276375
276682
276762
276777
277133
277191
277236
277313
277335
277402
277416
277453
277467
277504
277574
277598
277619
277640
277642
277644
277667
277722
277899
277965
278022
278037
278073
278125
278130
278233
278238
278255
278293
278317
278533
278556
278600
279131
279229
279399
279449
279462
279493
279627
279683
279743
279897
280008
280044
280049
280082
280086
280484
280501
280574
280791
280827
280848
280872
280892
280950
281164
281177
281187
281198
281221
281383
281389
281406
281431
281446
281449
281480
281513
281515
281687
281768
281796
281830
281875
282137
282235
282358
282391
282491
282647
282692
282777
282873
283059
283186
283384
283497
283537
283850
284171
284177
284201
284424
284703
284711
284731
284734
284736
284737
284762
284925
285128
285187
285241
285310
285368
285565
285623
285663
285677
285708
285761
285776
285820
285846
286123
286128
286193
286207
286281
286312
286365
286393
286498
286546
286652
286703
286748
286878
286882
286929
287079
287097
287132
287146
287500
287580
287596
287619
287625
287629
287654
287671
287882
288012
288065
288071
288099
288164
288253
288295
288351
288357
288397
288407
288431
288441
288591
288657
288835
288836
288931
289020
289129
289144
289201
289239
289246
289321
289351
289426
289537
289552
289561
289575
289585
289587
289597
289613
289658
289683
289698
289721
289752
289798
289829
289943
289962
290422
290606
290714
290754
290806
290823
290883
290898
290909
290919
290971
291090
291141
291224
291340
291355
291357
291455
291601
291602
291737
291787
291883
291915
291954
292007
292057
292112
292159
292193
292400
292423
292520
292582
292668
292808
292816
292936
292944
293079
293099
293254
293260
293306
293374
293513
293589
293668
293686
293742
293765
293780
293794
293857
293868
293877
293921
293934
293969
294036
294179
294269
294440
294466
294488
294529
294557
294602
294686
294735
294736
294759
294802
294821
294847
294857
294876
295015
295046
295228
295279
295523
295544
295551
295709
295721
295729
295760
295772
295775
295795
295848
295849
295956
296002
296049
296125
296144
296179
296193
296210
296227
296405
296645
296719
296798
296901
296972
297202
297223
297313
297451
297531
297584
297666
297768
297792
297797
297862
297869
297888
297930
298396
298515
298653
298766
298769
298771
298783
298786
298819
298825
298830
298833
298891
298918
298966
298980
298986
298990
299001
299004
299016
299030
299064
299104
299125
299417
299418
299459
299460
299469
299623
299640
300360
300674
300775
300780
301178
301198
301235
301257
301310
301380
301423
301594
301605
301682
301690
301799
301922
301969
302056
302166
302408
302410
302450
302460
302477
302489
302603
302884
303006
303039
303224
303235
303237
303304
303335
303339
303372
303378
303382
303393
303402
303403
303424
303430
303448
303457
303532
303538
303581
303619
303966
304083
304131
304314
304846
304882
304893
304931
304968
304969
304972
305024
305102
305124
305582
305597
305642
305644
305681
305724
305744
305757
305759
305790
305848
305855
305912
305941
305945
306021
306050
306089
306138
306208
306249
306308
306342
306363
306374
306458
306591
306846
306916
307168
307177
307186
307243
307388
307439
307632
307662
307750
307777
307849
307920
308025
308109
308176
308186
308259
308284
308685
309003
309176
309238
309260
309291
309311
309334
309362
309380
309386
309456
309510
309514
309564
309578
309813
309823
309825
309861
309864
309905
309936
310056
310081
310114
310148
310217
310273
310327
310471
310487
310545
310746
310761
310772
310941
310974
310984
310986
311035
311056
311070
311080
311103
311116
311202
311236
311243
311244
311258
311713
311732
311733
311878
312049
312065
312090
312118
312158
312207
312220
312410
312505
312815
312818
312846
312857
312867
312905
312954
313031
313711
313731
313745
313782
314023
314103
314177
314188
314255
314752
314778
314924
315309
315326
315362
315394
315416
315423
315515
315574
315577
315780
316027
316079
316083
316089
316178
316306
316316
316330
316341
316415
316416
316494
316645
316681
316708
316771
316781
316866
316916
317020
317065
317084
317132
317182
317338
317353
317428
317773
317815
317816
317952
318054
318419
318444
318545
318576
318615
318728
318777
318903
319109
319269
319434
319460
319468
319479
319569
319623
319683
319692
319705
319709
319719
319778
319870
319883
319897
319910
320503
320504
320522
320546
320595
320601
320616
320617
320626
320678
320693
320799
321153
321848
321872
321883
321910
322049
322118
322278
322317
322355
322503
322512
322597
323344
323351
323384
323390
323394
323728
324333
324362
324383
324424
324435
324452
324924
324932
324936
324943
324954
324972
324990
325000
325016
325053
325088
325130
325192
325227
325281
325979
326178
326218
326268
326521
326584
326612
326860
326862
326867
326869
326897
326928
327134
327145
327168
327171
327185
327234
327309
327310
327646
327737
327904
328153
328174
328176
328180
328261
328275
328485
328490
328527
328624
328894
328966
329014
329206
329358
329461
329572
329719
329737
329762
329895
329904
330032
330035
330277
330352
330465
330552
330572
330603
330613
330615
330624
330684
330863
331358
331462
331682
331737
331874
332005
332094
332121
332369
332476
332481
332482
332493
332500
332512
332700
332726
332731
332754
332783
332863
332879
333100
333184
333512
333514
333545
333554
333631
333735
333960
334286
334388
334421
334542
334659
334669
334951
335105
335251
335254
335264
335312
335346
335351
335353
335363
335369
335377
335547
335559
335570
335579
335742
335779
335833
336062
336104
336196
336237
336307
336581
336594
336613
336627
336632
336654
336668
336819
336832
336851
336880
337082
337086
337208
337464
337583
337700
337714
337742
337823
337938
337952
338084
338171
338221
338266
338355
338415
338421
338460
338660
339615
339677
339690
339708
339709
339724
339726
339744
339773
339808
339810
339843
339845
339857
339892
339893
339922
339923
339986
340001
340005
340057
340112
340131
340140
340142
340155
340188
340196
340240
340249
340316
340380
340412
340481
340531
340873
340958
340975
340994
341014
341090
341848
341868
341912
341968
342051
342128
342182
342327
342349
342388
342408
342456
343199
343227
343288
343325
343391
343407
343488
343549
343568
343700
343774
343811
343815
343833
343942
343964
344142
344144
344223
344309
344347
344407
344577
344583
344622
344950
345096
345123
345236
345262
345269
345282
345309
345320
345329
345356
345384
345389
345895
345902
346266
346341
346400
346444
346448
346532
346568
346571
346596
346636
347074
347159
347185
347199
347219
347262
347277
347430
347486
347693
347765
347767
347900
348000
348017
348148
348151
348229
348465
348555
348579
348620
348634
348636
348640
348677
348694
348732
348741
348754
349076
349291
349524
349529
349601
349615
349657
349939
350126
350464
350519
350656
350670
350683
350688
350697
350707
350717
350738
350756
350766
350778
350982
351293
351297
351321
351567
351615
351632
351651
351668
351735
351752
351773
351775
352170
352220
352232
352272
352318
352689
352726
352738
352803
352851
352867
352906
352932
352957
353002
353071
353090
353245
353254
353258
353277
353300
353495
353611
353772
353850
354057
354069
354123
354124
354169
354224
354388
354502
354533
354607
354834
354844
354911
354962
354972
354976
354978
354986
355331
355362
355400
355439
355759
355787
355815
355868
355927
355947
355951
355999
356049
356051
356145
356327
356475
356565
356664
356678
356690
356726
356779
356781
356937
356956
357046
357540
357571
357997
358053
358057
358061
358062
358108
358158
358584
358601
358621
358630
358744
358984
359063
359093
359107
359130
359157
359276
359393
359807
359830
359865
360080
360247
360263
360265
360359
360364
360395
360553
360667
360786
361152
361159
361220
361338
361753
362139
362143
362169
362340
362519
362723
362774
363085
363256
363473
363533
363593
363599
363749
363761
364618
364824
364851
364924
365064
365115
365119
365123
365136
365143
365145
365146
365175
365214
365226
365495
365589
365852
365855
366180
366249
366499
366567
366622
366654
366701
366715
366824
366842
367085
367314
367478
367488
367503
367682
367696
367709
367764
367892
368014
368154
368641
368668
368756
368919
369031
369316
369527
369530
369555
369670
369804
369901
370014
370274
370280
370330
370353
370387
370438
370499
370865
370903
370970
371064
371094
371340
371361
371388
371393
371394
371421
371457
371458
371475
371492
371524
371578
371579
371732
371873
371924
371940
372337
372349
372350
372353
372411
372474
372485
372699
372830
372869
372966
372996
373151
373156
373226
373249
373264
373448
373642
373748
373992
374011
374026
374030
374264
374312
374711
374770
374817
374824
374829
374848
374853
374857
374881
374889
374903
374904
374908
374915
374931
374995
375162
375194
375217
375227
375246
375672
375722
375773
375794
375968
376058
376179
376219
376244
376271
376451
376471
376571
376602
376801
377088
377253
377311
377588
377693
377716
377769
377784
377874
377968
377982
378006
378030
378051
378099
378184
378192
378202
378211
378226
378247
378256
378276
378571
378590
378591
378619
378643
378696
379186
379210
379260
379563
379572
379623
379646
379851
379942
379993
380254
380960
380982
381029
381062
381095
381109
381122
381154
381394
381825
381838
381943
382015
382043
382069
382211
382348
382687
382711
382744
382754
383065
383097
383455
383466
383509
383557
383566
383600
383604
383948
383964
384026
384057
384277
384368
384403
384404
384410
384415
384420
384432
384678
384704
384732
384752
385108
385399
385403
385628
385642
385663
385719
385815
385980
386021
386036
386066
386074
386077
386081
386288
386417
386623
386642
386648
386686
386714
386808
387074
387077
387100
387101
387231
387289
387345
387553
387675
387690
387711
387714
387757
387831
387853
388007
388025
388047
388063
388105
388134
388168
388190
388435
388450
388476
388499
388524
388525
388537
388549
389035
389092
389120
389349
389375
389381
389412
389592
389641
390019
390020
390042
390137
390147
390184
390193
390462
390540
390572
390717
391136
391162
391174
391222
391439
391485
391791
391814
391827
391913
391924
391975
391995
392099
392232
392250
392260
392334
392347
392707
392714
392837
392901
392949
392968
393015
393325
393416
393609
393659
393978
394085
394097
394107
394114
394139
394427
394488
394509
394518
394562
394925
394941
395027
395126
395129
395130
395131
395173
395714
395716
395720
395768
395788
395814
396013
396080
396208
396238
396250
396330
396349
396430
396454
396472
396473
396798
396874
397140
397208
397212
397218
397459
397517
397814
397882
397985
398137
398149
398171
398380
398655
398821
399127
399209
399241
399270
399305
399392
399396
399398
399443
399681
399710
399935
399962
399980
399983
400254
400324
400396
400758
400783
400797
400800
401027
401194
401197
401252
401331
401350
401358
401371
401381
401386
401429
401490
401621
401910
401912
401957
402039
402120
402162
402222
402362
402504
402547
402620
402857
402870
402893
402929
402937
402957
403007
403325
403348
403550
403798
403809
403827
403851
403912
404139
404200
404256
404284
404394
404412
404463
404644
404667
404709
404760
404814
404834
404915
405499
405881
405901
405903
405968
406066
406333
406354
406402
406507
406528
406543
406584
406607
406865
406870
406903
406913
406941
407688
407709
407751
407808
407897
408034
408104
408120
408127
408272
408294
408549
408661
408725
408953
408960
409162
409222
409318
409346
409386
409401
409790
409792
409873
410178
410206
410208
410232
410237
410250
410272
410298
410365
410382
410403
410440
410484
410533
410572
410728
410734
411179
411343
411732
411738
411743
411749
411753
411754
411821
411865
411869
411900
411914
412027
412116
412458
412475
412676
412884
412951
413321
413338
413367
413437
413477
413620
413827
413872
413915
414055
414073
414150
414164
414172
414179
414409
415051
415085
415103
415112
415136
415171
415353
415535
415559
415628
415783
416137
416297
416361
416398
416432
416520
416715
416808
416810
416984
417109
417597
417600
417609
417626
417809
417968
417995
417997
418064
418099
418161
418164
418197
418205
418227
418236
418239
418256
418260
418306
418323
418356
418952
419274
419591
419604
419633
419650
419763
419826
420337
420346
420355
420384
420437
420477
420504
420513
420684
420855
420898
421043
421130
421141
421268
421478
421482
421609
421634
421661
421762
421838
422162
422272
422298
422345
422407
422412
422503
422603
422745
422920
423051
423085
423116
423132
423145
423157
423168
423343
423358
423369
423562
423854
423871
423902
423916
423944
423975
423981
424004
424019
424105
424112
424164
424289
424403
424410
424417
424464
424467
424481
424500
424524
424537
424544
424558
424561
424565
424576
424630
425026
425036
425080
425213
425270
425596
425615
425653
425655
425690
425729
425738
425756
425760
425786
425793
426153
426159
426165
426205
426208
426312
426438
426472
426520
426526
426621
426645
427060
427250
427253
427554
427680
427843
427991
428006
428009
428017
428174
428179
428190
428193
428198
428207
428218
428237
428238
428239
428522
428543
428598
428599
429079
429088
429168
429489
429502
429514
429541
429577
429790
429980
430006
430182
430205
430932
430941
431253
431314
431326
431404
431642
431659
431669
431738
431755
431757
431771
432386
432643
432663
432666
432695
432705
432710
432719
432872
432955
433057
433300
433380
433387
433411
433561
433712
433790
433798
433871
434012
434143
434157
434177
434180
434295
434472
434488
434535
434546
434549
434594
434626
434720
434723
434732
434739
435077
435081
435099
435110
435139
435527
435741
436110
436165
436472
436484
436493
436776
436850
436983
436995
437164
437350
437611
437894
437922
438031
438125
438178
438216
438228
438234
438237
438286
438514
438697
438922
439024
439034
439048
439055
439066
439314
439361
439535
439596
1989 UP
1995 FG15
1995 UC72
1996 XW9
1997 BN6
1997 ND
1998 TU13
1998 XG20
1999 FR5
1999 RQ28
1999 TZ53
1999 TT60
2000 WB105
2001 FF220
2001 PJ65
2001 RL97
2001 SB4
2001 SY30
2001 SM95
2001 SK323
2001 SJ337
2001 SB356
2001 TE3
2001 TV251
2001 UY96
2001 UA147
2001 UP164
2001 VD63
2001 VO125
2001 WT53
2001 WC56
2001 XD229
2001 XR251
2002 CE195
2002 CZ195
2002 DO3
2002 EU113
2002 EW119
2002 NL75
2002 NO78
2002 QK71
2002 QM74
2002 QL82
2002 QX91
2002 QN127
2002 QZ143
2002 RU210
2002 RM266
2002 RV291
2002 SN63
2002 TG353
2002 VG137
2002 VZ145
2002 XD120
2003 CV17
2003 FT35
2003 HW10
2003 HJ13
2003 HH23
2003 QO48
2003 SS14
2003 SG27
2003 SC428
2003 SL429
2003 SO181
2003 SH196
2003 SJ209
2003 SG238
2003 TD47
2003 UB15
2003 UX38
2003 UB126
2003 UD210
2003 UU232
2003 VP12
2003 WU17
2003 YF136
2004 EP2
2004 FY15
2004 FK67
2004 PH29
2004 RS2
2004 RL36
2004 RF54
2004 RG174
2004 TD18
2004 TO18
2004 TY203
2004 TA277
2004 TS337
2004 VO51
2004 VH80
2004 XM89
2005 BS48
2005 EH89
2005 EN98
2005 EP173
2005 EZ223
2005 GJ8
2005 GR96
2005 HY
2005 JV1
2005 JU23
2005 JW165
2005 NH10
2005 NJ76
2005 QY18
2005 QY40
2005 QU55
2005 QX175
2005 QL177
2005 RN47
2005 RL51
2005 SZ27
2005 SW59
2005 SA64
2005 SC81
2005 SU97
2005 SV109
2005 SR113
2005 SA117
2005 SQ136
2005 SP197
2005 SD205
2005 SM258
2005 SO263
2005 SU263
2005 SJ280
2005 SV285
2005 TL32
2005 TJ122
2005 TD149
2005 TK175
2005 UC53
2005 UH88
2005 US183
2005 UA102
2005 UF433
2005 US183
2005 UB201
2005 UF463
2005 UJ223
2005 US490
2005 UA237
2005 UK246
2005 UM529
2005 UN282
2005 UX311
2005 UJ335
2005 UF347
2005 UC355
2005 VF37
2005 VQ95
2005 VX109
2005 VD117
2005 WU18
2005 WR21
2005 WB170
2005 WY172
2005 XO1
2005 XJ18
2005 XB36
2005 XY66
2005 XT99
2005 YD2
2005 YC18
2005 YA31
2005 YK31
2005 YC57
2005 YJ59
2005 YP63
2005 YB145
2005 YO188
2005 YJ199
2005 YR200
2006 AV28
2006 AK30
2006 AL52
2006 AE92
2006 BY7
2006 BN87
2006 BV152
2006 BK210
2006 BD237
2006 CF2
2006 CR59
2006 CL67
2006 DS16
2006 DQ42
2006 DV105
2006 DN107
2006 DO123
2006 DL136
2006 DT214
2006 EM49
2006 GJ28
2006 HS15
2006 HK20
2006 HF21
2006 HT21
2006 HX47
2006 HF74
2006 HH97
2006 HQ129
2006 JA32
2006 JY53
2006 JQ81
2006 KR20
2006 KK28
2006 KS32
2006 KU46
2006 KY58
2006 OG21
2006 PK33
2006 QP55
2006 QG90
2006 QW98
2006 QH129
2006 QW136
2006 QU158
2006 RU45
2006 RF69
2006 RW75
2006 RL113
2006 SA37
2006 SW52
2006 SH80
2006 SD97
2006 SC103
2006 SX373
2006 SS396
2006 SO401
2006 SB407
2006 SO154
2006 SE229
2006 SY231
2006 SQ233
2006 SC251
2006 SR297
2006 SO307
2006 SJ321
2006 TF9
2006 TQ48
2006 UV35
2006 UO43
2006 UO44
2006 UE60
2006 UT69
2006 UC126
2006 UH158
2006 UG170
2006 UD197
2006 UK278
2006 UY331
2006 UF334
2006 UX339
2006 UU359
2006 VV58
2006 VB91
2006 VR143
2006 VU150
2006 WZ3
2006 WA9
2006 WL44
2006 WB92
2006 WH94
2006 WD188
2006 WE195
2006 WE200
2006 XD26
2006 XX71
2007 AR10
2007 AO11
2007 AF30
2007 BB41
2007 BK47
2007 BJ61
2007 CZ21
2007 CO32
2007 DM50
2007 DZ98
2007 DJ101
2007 DC116
2007 EA23
2007 EE23
2007 EK32
2007 EY41
2007 EQ47
2007 EB70
2007 EE99
2007 EL126
2007 EG167
2007 EW210
2007 GZ20
2007 GU35
2007 GK47
2007 GB70
2007 HD13
2007 HS30
2007 HH64
2007 JS36
2007 KB6
2007 MK5
2007 PO46
2007 PN48
2007 QU10
2007 QA18
2007 RV4
2007 RX41
2007 RG44
2007 RT44
2007 RC134
2007 RH139
2007 RK152
2007 RB210
2007 RG221
2007 RJ227
2007 RH292
2007 RJ293
2007 TN36
2007 TG47
2007 TA53
2007 TW63
2007 TQ72
2007 TL77
2007 TN102
2007 TP366
2007 TZ131
2007 TP140
2007 TG405
2007 TE165
2007 TX166
2007 TY176
2007 TP444
2007 TX450
2007 TH194
2007 TP197
2007 TB308
2007 TC308
2007 TM319
2007 TH332
2007 UV53
2007 UD67
2007 UQ82
2007 UD83
2007 UT87
2007 UO101
2007 UO128
2007 UM140
2007 VC7
2007 VU32
2007 VK74
2007 VQ74
2007 VD78
2007 VU114
2007 VF145
2007 VX155
2007 VS203
2007 VS220
2007 VB233
2007 VF264
2007 VA277
2007 VK299
2007 YQ66
2007 YG69
2007 YJ69
2008 AA9
2008 AU20
2008 AS36
2008 AG46
2008 AS131
2008 BE
2008 BW4
2008 CL28
2008 CM34
2008 CT34
2008 CJ43
2008 CW87
2008 CG209
2008 DK1
2008 DE69
2008 EM40
2008 EM86
2008 EK131
2008 FM4
2008 FS51
2008 FC52
2008 FE54
2008 FZ64
2008 FB73
2008 FS83
2008 FZ106
2008 FS108
2008 GD26
2008 GD69
2008 GX90
2008 GW96
2008 GF138
2008 GP143
2008 HF33
2008 HN46
2008 HQ51
2008 JS36
2008 LJ6
2008 QT6
2008 QE36
2008 RE115
2008 RB142
2008 RT143
2008 SJ6
2008 SN72
2008 SP149
2008 SH152
2008 SS161
2008 SO202
2008 SF223
2008 SD233
2008 SD258
2008 SS261
2008 SQ265
2008 SH273
2008 SE288
2008 SN297
2008 SG303
2008 TY31
2008 TV35
2008 TN71
2008 TG88
2008 TM135
2008 TY150
2008 TK174
2008 TO186
2008 TC187
2008 TT187
2008 UT24
2008 UA43
2008 UO60
2008 UT70
2008 UJ81
2008 UC166
2008 UY112
2008 UY172
2008 US175
2008 UY207
2008 UV222
2008 UO258
2008 UC268
2008 UF287
2008 US289
2008 UA305
2008 VD4
2008 VV6
2008 VV15
2008 WG11
2008 WH12
2008 WN39
2008 WQ80
2008 WV81
2008 WS91
2008 WU117
2008 WA141
2008 XD43
2008 XU51
2008 XY54
2008 YE
2008 YB6
2008 YX15
2008 YZ35
2008 YT43
2008 YW52
2008 YO93
2008 YV100
2008 YK102
2008 YB112
2008 YX123
2008 YB153
2009 AN6
2009 AF20
2009 AM26
2009 AK47
2009 BS15
2009 BF31
2009 BS33
2009 BE49
2009 BL49
2009 BS49
2009 BJ89
2009 BN95
2009 BU97
2009 BR111
2009 BS125
2009 BF129
2009 BY154
2009 BP157
2009 BH160
2009 CM2
2009 CP14
2009 CT34
2009 CD42
2009 CK58
2009 DK8
2009 DT23
2009 DK49
2009 DP52
2009 DU53
2009 DG82
2009 DT84
2009 DW127
2009 DZ139
2009 EH17
2009 EJ30
2009 FR17
2009 FS25
2009 FK45
2009 FU49
2009 FE50
2009 FB65
2009 FF70
2009 FB74
2009 GA5
2009 HK1
2009 HR15
2009 HW37
2009 HW41
2009 HT43
2009 HA44
2009 HE52
2009 HA60
2009 HH76
2009 HM90
2009 JH13
2009 LA6
2009 PO15
2009 QV6
2009 RC36
2009 RS65
2009 SD
2009 SG70
2009 SN90
2009 SR92
2009 SH126
2009 SV282
2009 SX307
2009 SV352
2009 SG356
2009 TP23
2009 UQ37
2009 UV39
2009 UC65
2009 UU68
2009 UU100
2009 UR147
2009 VO30
2009 VN63
2009 VX98
2009 VJ107
2009 WL21
2009 WE28
2009 WA49
2009 WW120
2009 WS161
2009 WS171
2009 WO182
2009 WQ208
2009 WY242
2009 WP254
2009 XA11
2009 XW19
2010 AG4
2010 AB55
2010 AG64
2010 BE2
2010 CJ33
2010 CV113
2010 CG149
2010 CE153
2010 CB163
2010 DS35
2010 EH21
2010 EY35
2010 EJ67
2010 EE127
2010 EH131
2010 FC27
2010 FT85
2010 FE87
2010 GW25
2010 GL65
2010 GA104
2010 GN111
2010 GW135
2010 HV58
2010 HJ106
2010 JA78
2010 JV111
2010 MT33
2010 NE
2010 NN67
2010 OP13
2010 QU
2010 RW3
2010 RA48
2010 RX115
2010 RM125
2010 SH3
2010 SG32
2010 TD4
2010 TY14
2010 TK17
2010 TY29
2010 TC57
2010 TZ75
2010 TA89
2010 TJ97
2010 TV105
2010 TJ116
2010 TS140
2010 UR15
2010 UJ28
2010 UD50
2010 UN58
2010 VJ12
2010 VA27
2010 VY38
2010 VG53
2010 VR78
2010 VE90
2010 VM90
2010 VR93
2010 VL97
2010 VD115
2010 VC119
2010 VG130
2010 VN170
2010 VQ179
2010 VT193
2010 VY211
2010 WX4
2010 WG45
2010 XM
2010 XS16
2010 XB69
2010 YB
2011 AP11
2011 AY42
2011 AR43
2011 AP48
2011 AZ55
2011 BM27
2011 BV33
2011 BC45
2011 BU55
2011 BS57
2011 BM78
2011 BK92
2011 BZ100
2011 BA125
2011 CE35
2011 CQ52
2011 CN91
2011 CL112
2011 DG10
2011 DN14
2011 DX23
2011 DJ49
2011 EW24
2011 EB26
2011 EU27
2011 EA55
2011 FM11
2011 FY13
2011 FE14
2011 FK24
2011 FF35
2011 FT55
2011 GY12
2011 GU30
2011 GF32
2011 GY48
2011 GB60
2011 KP44
2011 OH5
2011 OE18
2011 OA32
2011 PS
2011 PH10
2011 RU4
2011 RU10
2011 SS21
2011 SP48
2011 SJ56
2011 SB71
2011 ST84
2011 SU90
2011 SX119
2011 SF131
2011 SY160
2011 SH179
2011 SM181
2011 SH182
2011 SW187
2011 SR199
2011 SY211
2011 SP216
2011 SJ225
2011 SW230
2011 SU245
2011 SS272
2011 UD15
2011 UB27
2011 UO53
2011 UP67
2011 UM74
2011 UL85
2011 UH94
2011 UX403
2011 UF178
2011 UM178
2011 UA199
2011 UV201
2011 UP204
2011 UL236
2011 UU248
2011 UD263
2011 UG266
2011 UO267
2011 UD275
2011 UD301
2011 UP314
2011 UK315
2011 UR337
2011 VT12
2011 WJ55
2011 WY117
2011 WP129
2011 YG25
2012 AW17
2012 AA24
2012 BP52
2012 BD55
2012 BU63
2012 BA100
2012 BS106
2012 BN126
2012 BX126
2012 BC152
2012 BL152
2012 CV10
2012 CV23
2012 DX7
2012 DN9
2012 DY34
2012 DS45
2012 DQ63
2012 DN68
2012 DX94
2012 ED2
2012 EQ13
2012 FH6
2012 FQ24
2012 FT34
2012 FF45
2012 FW45
2012 GT21
2012 GH29
2012 GU39
2012 HF29
2012 HN57
2012 HJ70
2012 HO71
2012 HW80
2012 JF13
2012 KR12
2012 KY24
2012 KX32
2012 QT41
2012 QP49
2012 RN6
2012 RQ13
2012 RN14
2012 RT21
2012 SL
2012 SA14
2012 SF26
2012 SZ53
2012 TD36
2012 TJ56
2012 TD91
2012 TD93
2012 TS93
2012 TD104
2012 TV117
2012 TP120
2012 TD121
2012 TU135
2012 TQ156
2012 TM159
2012 TU176
2012 TB181
2012 TE224
2012 TR225
2012 TS225
2012 TC243
2012 TS272
2012 TZ273
2012 TL276
2012 TD294
2012 US50
2012 UU50
2012 UU51
2012 UW141
2012 UZ150
2012 UZ158
2012 UB162
2012 VK16
2012 VJ31
2012 VB58
2012 VK68
2012 VS72
2012 VU94
2012 WE25
2012 WR29
2012 WD30
2012 XO13
2012 XU136
2013 AN3
2013 AO8
2013 AZ13
2013 AS88
2013 AX108
2013 BO29
2013 BL30
2013 BL43
2013 BR47
2013 BJ79
2013 CV1
2013 CU13
2013 CE15
2013 CV24
2013 CL65
2013 CM86
2013 CE90
2013 CY94
2013 CP106
2013 CM139
2013 CG152
2013 CX153
2013 CC157
2013 CY168
2013 CE169
2013 CL172
2013 CD195
2013 CB201
2013 EB9
2013 EX34
2013 EJ37
2013 EM83
2013 EW99
2013 ET104
2013 EO113
2013 EX117
2013 ED121
2013 FD7
2013 GM1
2013 GD2
2013 GQ9
2013 GY9
2013 GG27
2013 GL29
2013 GC42
2013 GU44
2013 GE60
2013 GU63
2013 GH73
2013 GV102
2013 GX112
2013 GR113
2013 HP1
2013 HG16
2013 HN17
2013 HY20
2013 HZ27
2013 HF54
2013 HR72
2013 HN79
2013 HJ89
2013 HU94
2013 HY96
2013 HF121
2013 JP2
2013 JB5
2013 JQ8
2013 JH11
2013 JG37
2013 JH39
2013 JP54
2013 KM13
2013 KB14
2013 LQ6
2013 MT4
2013 OD6
2013 PH21
2013 PV23
2013 QN3
2013 QJ27
2013 QY41
2013 QU49
2013 QY91
2013 RB11
2013 RE16
2013 RP34
2013 RX46
2013 RK62
2013 RZ68
2013 RZ78
2013 RM83
2013 SH28
2013 SY37
2013 SS50
2013 SK51
2013 TU21
2013 TG53
2013 TT70
2013 TR80
2013 TE84
2013 TC113
2013 TB132
2013 VX4
2013 VT8
2013 WM9
2013 WR71
2013 XD15
2013 YU15
2013 YT16
2013 YB33
2013 YG73
2013 YW86
2013 YG95
2013 YG125
2013 YJ149
2014 AP1
2014 AY6
2014 BR10
2014 BY16
2014 BC17
2014 BD17
2014 BT33
2014 BD35
2014 BS60
2014 BU60
2014 CY
2014 CX15
2014 CF20
2014 DQ7
2014 DJ9
2014 DT20
2014 DE26
2014 DQ30
2014 DR33
2014 DA61
2014 DK65
2014 DR77
2014 DA84
2014 DR84
2014 DQ90
2014 DL101
2014 DO110
2014 DV117
2014 DJ134
2014 ES4
2014 EU5
2014 EP13
2014 EB19
2014 EM19
2014 EW19
2014 EE27
2014 EF29
2014 FF20
2014 FR39
2014 FW46
2014 FQ51
2014 GG6
2014 GE12
2014 GZ13
2014 GX15
2014 GE16
2014 GV33
2014 GD36
2014 GV46
2014 GE47
2014 HN7
2014 HB9
2014 HF13
2014 HP13
2014 HH24
2014 HU30
2014 HB41
2014 HK42
2014 HE50
2014 HA52
2014 HE78
2014 HV87
2014 HT124
2014 HV130
2014 HX131
2014 HW136
2014 HK138
2014 HG148
2014 HW175
2014 JV5
2014 JX11
2014 JQ12
2014 JB39
2014 JL50
2014 JE53
2014 JS60
2014 JZ64
2014 JJ66
2014 JM71
2014 JG77
2014 KZ8
2014 KF18
2014 KM30
2014 KX62
2014 KQ78
2014 KY81
2014 KF98
2014 KJ98
2014 MD12
2014 MP30
2014 MT30
2014 MT36
2014 MX45
2014 MC46
2014 MO49
2014 MA57
2014 ND11
2014 OG22
2014 OM34
2014 ON372
2014 OQ116
2014 OS378
2014 OL379
2014 ON121
2014 OY381
2014 OE384
2014 OQ138
2014 OV143
2014 OD163
2014 OW175
2014 OH180
2014 OX197
2014 OR201
2014 OK208
2014 OG296
2014 OK296
2014 OQ296
2014 OF302
2014 OE311
2014 OJ317
2014 OU317
2014 OL329
2014 OC335
2014 OC338
2014 OR345
2014 OM348
2014 OU352
2014 PH1
2014 PK9
2014 PD20
2014 PA21
2014 PC27
2014 PU29
2014 PE30
2014 PP35
2014 PE37
2014 PK45
2014 PK49
2014 PZ62
2014 PW63
2014 QP22
2014 QV26
2014 QJ35
2014 QZ52
2014 QJ60
2014 QJ369
2014 QT371
2014 QT117
2014 QT377
2014 QD378
2014 QY125
2014 QM141
2014 QB409
2014 QV413
2014 QF419
2014 QV420
2014 QD172
2014 QX176
2014 QZ177
2014 QJ199
2014 QC205
2014 QH207
2014 QP209
2014 QK231
2014 QJ235
2014 QQ269
2014 QM270
2014 QO327
2014 QP335
2014 QO338
2014 QG340
2014 RU41
2014 SZ15
2014 SL31
2014 SO31
2014 ST57
2014 SM89
2014 SP93
2014 SJ175
2014 ST179
2014 SN206
2014 SX231
2014 SX298
2014 SY314
2014 SH338
2014 SK339
2014 TK21
2014 TL21
2014 TD29
2014 TY43
2014 TP53
2014 TX58
2014 TH70
2014 TK73
2014 TT73
2014 UA5
2014 UA7
2014 UH19
2014 UT37
2014 UV37
2014 UL43
2014 UO53
2014 UT53
2014 UU59
2014 UC68
2014 UF68
2014 UG82
2014 UU87
2014 UH95
2014 UX132
2014 UC133
2014 UW161
2014 UB170
2014 UJ204
2014 VB11
2014 VV28
2014 VT32
2014 WL
2014 WZ62
2014 WW67
2014 WH99
2014 WM99
2014 WT230
2014 WS362
2014 WV107
2014 WE144
2014 WG408
2014 WV165
2014 WM234
2014 WS239
2014 WK349
2015 AS41
2015 AD179
2015 AM181
2015 AT239
2015 AX249
2015 AG253
2015 AS273
2015 AK275
2015 BA2
2015 BF3
2015 BZ19
2015 BX24
2015 BD66
2015 BZ86
2015 BG88
2015 BF89
2015 BY93
2015 BD120
2015 BT129
2015 BQ136
2015 BZ158
2015 BA165
2015 BB426
2015 BU168
2015 BG436
2015 BC443
2015 BA202
2015 BJ221
2015 BR252
2015 BW278
2015 BO298
2015 BU299
2015 CW4
2015 CW8
2015 CD30
2015 CL30
2015 CQ30
2015 CA33
2015 CV44
2015 CC49
2015 CX49
2015 CS50
2015 CG53
2015 DY36
2015 DM82
2015 DK85
2015 DU145
2015 DL148
2015 DN153
2015 DL205
2015 DZ222
2015 EF24
2015 EU64
2015 FH42
2015 FF107
2015 FD139
2015 FX139
2015 FY146
2015 FK170
2015 FE251
2015 FM333
2015 FW335
2015 HW11
2015 HV61
2015 HW95
2015 HC134
2015 HF163
2015 HB170
2015 HY172
2015 KL55
2015 KT58
2015 KW107
2015 ME12
2015 MP44
1995 SD45
1995 SM57
1996 TX11
1998 TZ13
1999 FH97
1999 FL97
1999 TB24
2000 JC8
2000 SN106
2000 VN
2001 FY199
2001 FM201
2001 FK206
2001 FS212
2001 FZ226
2001 NH4
2001 QV332
2001 TQ156
2002 CY86
2002 CX262
2002 CV311
2002 EQ36
2002 QR12
2002 QJ63
2002 QL98
2002 QP130
2002 QO138
2002 QC145
2002 RG251
2002 RX286
2002 RW287
2002 SE2
2002 TO18
2002 TJ217
2002 UX76
2002 WU3
2002 XE4
2002 XW120
2003 DL16
2003 FX59
2003 KU6
2003 QA4
2003 QJ92
2003 SL370
2003 ST289
2003 SO344
2003 TR41
2003 UJ90
2003 UD375
2003 UY350
2003 WH140
2003 YP7
2004 AA16
2004 RN37
2004 RR341
2004 TM11
2004 TV158
2004 TC250
2004 UL9
2004 UM9
2004 VH19
2004 VG120
2005 AV25
2005 BX29
2005 BK42
2005 CB11
2005 ES77
2005 GR26
2005 GN47
2005 GM103
2005 GV181
2005 GP194
2005 JF40
2005 JT49
2005 JM50
2005 JJ51
2005 MO20
2005 QU24
2005 QS57
2005 QQ124
2005 QM134
2005 SG15
2005 SC37
2005 SQ80
2005 SH128
2005 SU175
2005 SG290
2005 TQ147
2005 UX40
2005 UK367
2005 UA377
2005 UV378
2005 UV119
2005 UA135
2005 UJ135
2005 UL403
2005 UT145
2005 UB152
2005 US163
2005 UN176
2005 UW452
2005 UU193
2005 UG462
2005 UE227
2005 UA252
2005 UC253
2005 UX271
2005 UU283
2005 UF321
2005 UW358
2005 VW12
2005 VW54
2005 WH30
2005 WK45
2005 WF52
2005 WF63
2005 WW82
2005 WP205
2005 XX58
2005 XT82
2005 YY62
2005 YM69
2005 YK87
2005 YS115
2005 YC199
2005 YV264
2006 AG23
2006 BT4
2006 BB10
2006 BL69
2006 BY87
2006 BV192
2006 CY2
2006 DE23
2006 DL99
2006 DW137
2006 DH141
2006 EY5
2006 FA33
2006 GP23
2006 HZ25
2006 HQ45
2006 HZ61
2006 JH60
2006 KP5
2006 KF35
2006 OC29
2006 QQ35
2006 QC144
2006 RF25
2006 RV80
2006 RH105
2006 SV21
2006 SV69
2006 SF407
2006 SW162
2006 SH344
2006 TP97
2006 TY127
2006 UF4
2006 UR4
2006 UQ51
2006 UZ94
2006 UJ121
2006 UE159
2006 UY165
2006 UZ246
2006 VL5
2006 VN16
2006 VX35
2006 VH110
2006 VB173
2006 WF94
2006 WM175
2006 XY19
2006 XG22
2007 AA7
2007 BY
2007 BR90
2007 CE48
2007 DG17
2007 DA24
2007 DP71
2007 EE24
2007 EZ134
2007 EP146
2007 EZ147
2007 EE148
2007 EV152
2007 EY152
2007 EY188
2007 GD31
2007 HB42
2007 HP80
2007 KF
2007 PG11
2007 RC50
2007 RJ161
2007 RA208
2007 RD210
2007 RL286
2007 RF300
2007 TL45
2007 TY48
2007 TU87
2007 TC370
2007 TO388
2007 TZ310
2007 TW336
2007 TE349
2007 UT77
2007 UO90
2007 VE53
2007 VR68
2007 VV131
2007 VH211
2007 VD233
2007 VM274
2007 VM282
2007 VL284
2007 WH4
2007 WB23
2007 YH52
2008 AL15
2008 AH122
2008 BX9
2008 CF55
2008 CU55
2008 CY63
2008 CB113
2008 CG214
2008 EF113
2008 FW2
2008 FD109
2008 GF8
2008 GJ27
2008 GQ48
2008 GQ64
2008 GO82
2008 GT136
2008 HC51
2008 RR13
2008 RO16
2008 RX39
2008 RW50
2008 RO84
2008 RN100
2008 RD119
2008 RR119
2008 RD133
2008 SJ9
2008 SQ22
2008 SV64
2008 SC78
2008 SO114
2008 SO134
2008 SC138
2008 SN152
2008 SX199
2008 SR210
2008 SL260
2008 SC261
2008 SQ306
2008 SX306
2008 TP61
2008 TL65
2008 TP86
2008 TH107
2008 TL112
2008 TP119
2008 TQ120
2008 TK125
2008 TK146
2008 TS169
2008 TV186
2008 TZ186
2008 UT28
2008 UA31
2008 UW45
2008 UJ57
2008 UX69
2008 UP84
2008 UV105
2008 UW105
2008 US134
2008 UC166
2008 UU177
2008 UT217
2008 UX217
2008 UU265
2008 UD266
2008 UW271
2008 UD278
2008 UG280
2008 UU285
2008 UP297
2008 UR321
2008 UM357
2008 VS60
2008 WQ14
2008 WE31
2008 WG43
2008 WX76
2008 WK88
2008 YZ15
2008 YF57
2008 YL93
2008 YN95
2008 YC114
2008 YK136
2008 YJ161
2009 AV42
2009 BP83
2009 BO86
2009 BX119
2009 BL169
2009 DH13
2009 DY31
2009 DH47
2009 DC82
2009 DG84
2009 DD92
2009 DO97
2009 DD99
2009 DY117
2009 DU131
2009 EF18
2009 FS7
2009 FL8
2009 FG38
2009 FQ40
2009 FB49
2009 HX66
2009 HA105
2009 JB18
2009 KF7
2009 KA25
2009 PO1
2009 RO23
2009 SE62
2009 SV63
2009 SU112
2009 SR146
2009 SV174
2009 SX189
2009 SC244
2009 SA280
2009 SJ290
2009 TO19
2009 UU11
2009 UM100
2009 US142
2009 VH9
2009 VN18
2009 VJ65
2009 VB69
2009 WN31
2009 WG32
2009 WO49
2009 WQ118
2009 WG165
2009 WR181
2010 AY20
2010 AS67
2010 BR51
2010 BG109
2010 CS41
2010 CN100
2010 CM127
2010 CG154
2010 CR181
2010 CJ195
2010 DG9
2010 DB21
2010 DX87
2010 ER16
2010 EY77
2010 EV79
2010 ED117
2010 FO52
2010 FG73
2010 FE109
2010 GM3
2010 GB107
2010 GS113
2010 GG153
2010 HX68
2010 HT99
2010 HZ112
2010 JJ55
2010 JA105
2010 JV106
2010 JS136
2010 JX139
2010 JP159
2010 KR24
2010 KT69
2010 LT17
2010 LT30
2010 LP37
2010 LJ97
2010 MM17
2010 MC30
2010 MB54
2010 NE27
2010 NS33
2010 NV59
2010 NK111
2010 OB7
2010 ON9
2010 OX24
2010 OO78
2010 OK95
2010 OB114
2010 OT125
2010 RN1
2010 RL5
2010 RZ65
2010 RH104
2010 RF157
2010 TL2
2010 TU13
2010 TR31
2010 TW77
2010 TG127
2010 TR131
2010 TV140
2010 TY146
2010 UT61
2010 VE26
2010 VZ95
2010 VG105
2010 WS20
2011 AK61
2011 AK64
2011 AB71
2011 BG31
2011 BQ48
2011 BC71
2011 BG129
2011 BK158
2011 CU12
2011 CC79
2011 CN83
2011 CH101
2011 CR101
2011 CB102
2011 DA27
2011 EQ7
2011 EB52
2011 EC52
2011 FP8
2011 FE20
2011 FF30
2011 FD47
2011 FA54
2011 FE65
2011 FY68
2011 FW134
2011 GA39
2011 HU1
2011 HS47
2011 HN77
2011 HK84
2011 KF2
2011 OK3
2011 OM34
2011 PB12
2011 QP24
2011 SC29
2011 SR36
2011 SJ38
2011 SZ49
2011 SM50
2011 SA65
2011 SU87
2011 SF96
2011 SC151
2011 SC168
2011 SS175
2011 SB180
2011 SE190
2011 SV204
2011 SZ208
2011 UJ19
2011 UN42
2011 UH44
2011 UP47
2011 UU77
2011 UG131
2011 UC140
2011 UM407
2011 UV166
2011 UQ205
2011 UD219
2011 UG219
2011 UO225
2011 UR269
2011 UR311
2011 UY331
2011 WW15
2011 WP40
2011 YD34
2012 AU13
2012 BK2
2012 BX4
2012 BV6
2012 BU8
2012 BQ79
2012 BB129
2012 CM18
2012 CO55
2012 DM45
2012 DS51
2012 DW56
2012 DS59
2012 FY24
2012 FL29
2012 FP69
2012 FQ69
2012 HG37
2012 JR39
2012 JJ58
2012 KW1
2012 OS
2012 PT12
2012 QR2
2012 QW11
2012 QM25
2012 RV1
2012 SX18
2012 TP34
2012 TE40
2012 TA43
2012 TP50
2012 TV107
2012 TL163
2012 TW163
2012 TM200
2012 TA207
2012 TM218
2012 TB284
2012 UP5
2012 UR16
2012 UR20
2012 UV46
2012 UO58
2012 UH75
2012 UV127
2012 VJ3
2012 VB13
2012 VX48
2012 VY92
2012 XJ18
2012 XN19
2012 XM28
2012 XS49
2012 XE58
2012 XS106
2013 AC18
2013 AO40
2013 BH25
2013 BM53
2013 CD5
2013 CL18
2013 CL19
2013 CB72
2013 CA78
2013 CP102
2013 CR113
2013 CQ145
2013 CP156
2013 CJ221
2013 CN221
2013 ES5
2013 EN47
2013 EO71
2013 ET73
2013 EO99
2013 ET151
2013 FO15
2013 GN17
2013 GX46
2013 GC58
2013 GJ71
2013 GS132
2013 HR40
2013 HW43
2013 HZ44
2013 HG49
2013 HJ56
2013 HT58
2013 HN77
2013 HY82
2013 HB84
2013 HJ90
2013 HW96
2013 HN100
2013 HO101
2013 HR103
2013 HT104
2013 HF107
2013 HC109
2013 HU111
2013 HW113
2013 HJ116
2013 HU119
2013 HY119
2013 HH120
2013 HF122
2013 HM123
2013 HW131
2013 HS139
2013 HR147
2013 HS149
2013 KX8
2013 KK13
2013 LQ1
2013 PA19
2013 PJ28
2013 PR55
2013 QT
2013 QE22
2013 QP51
2013 QG71
2013 QQ93
2013 RH20
2013 RO66
2013 RA67
2013 RG73
2013 RM74
2013 SS72
2013 TD8
2013 TK9
2013 TN33
2013 TC144
2013 WS8
2013 WJ14
2013 WU28
2013 WY40
2013 WG62
2013 YC8
2013 YM15
2013 YO47
2013 YF67
2013 YS73
2013 YF79
2013 YK82
2014 AE39
2014 BF2
2014 BH20
2014 BT34
2014 BA36
2014 CN16
2014 CW16
2014 DL1
2014 DO42
2014 DW76
2014 DA78
2014 DG86
2014 DB108
2014 DL128
2014 DA133
2014 DB133
2014 DX135
2014 EX2
2014 EW9
2014 EQ19
2014 EZ26
2014 FK1
2014 FB13
2014 FB42
2014 FF55
2014 FP63
2014 GO
2014 GO5
2014 HD8
2014 HL9
2014 HD19
2014 HF42
2014 HN51
2014 HZ56
2014 HU75
2014 HH96
2014 HK101
2014 HO134
2014 HA146
2014 JG6
2014 JF7
2014 JV18
2014 JW31
2014 JM35
2014 JQ41
2014 JD46
2014 JC60
2014 KZ6
2014 KD81
2014 LJ4
2014 LR12
2014 MY27
2014 MQ56
2014 MT65
2014 NA14
2014 OA34
2014 OK41
2014 OU46
2014 OG47
2014 OX49
2014 OF61
2014 OJ88
2014 OM364
2014 OV376
2014 OP122
2014 OC126
2014 OZ146
2014 OK148
2014 OV151
2014 OK153
2014 OM185
2014 OG204
2014 OO213
2014 OU215
2014 OH237
2014 OU252
2014 OU254
2014 OE306
2014 ON306
2014 OV312
2014 OH316
2014 OY317
2014 OM320
2014 OP320
2014 OV329
2014 OQ356
2014 PE25
2014 PU33
2014 PC49
2014 QL37
2014 QG60
2014 QG101
2014 QD370
2014 QS379
2014 QF382
2014 QE388
2014 QE133
2014 QU397
2014 QK402
2014 QE423
2014 QH423
2014 QT434
2014 QP435
2014 QN217
2014 QJ218
2014 QW226
2014 QL238
2014 QG296
2014 QU305
2014 QL358
2014 RF34
2014 SP99
2014 SJ104
2014 SY119
2014 SA159
2014 SB161
2014 SR203
2014 SN306
2014 TW5
2014 TT19
2014 TK83
2014 UU4
2014 UG31
2014 UD53
2014 UH61
2014 UY86
2014 UZ130
2014 UJ150
2014 UJ171
2014 UH194
2014 VS15
2014 WS1
2014 WR20
2014 WZ20
2014 WS23
2014 WZ54
2014 WD88
2014 WW95
2014 WZ177
2014 WF105
2014 WD134
2014 WM136
2014 WO406
2014 WU175
2014 WT230
2014 WO311
2015 AM34
2015 AV38
2015 AD41
2015 AO75
2015 AL85
2015 AM102
2015 AL177
2015 AN177
2015 AU177
2015 AD180
2015 AD275
2015 BS7
2015 BW18
2015 BV20
2015 BY58
2015 BA89
2015 BQ97
2015 BU382
2015 BR127
2015 BA132
2015 BS133
2015 BV134
2015 BB146
2015 BK147
2015 BN149
2015 BR161
2015 BO162
2015 BW422
2015 BP175
2015 BS440
2015 BO445
2015 BD187
2015 BS192
2015 BQ195
2015 BM458
2015 BE201
2015 BE202
2015 BG206
2015 BM211
2015 BV214
2015 BB215
2015 BZ492
2015 BK497
2015 BK250
2015 BS272
2015 BH331
2015 BS332
2015 BO342
2015 BR345
2015 CV1
2015 CF29
2015 CU29
2015 CZ37
2015 CF38
2015 CJ39
2015 DE17
2015 DO25
2015 DN66
2015 DE68
2015 DU73
2015 DF76
2015 DP77
2015 DD86
2015 DX96
2015 DM97
2015 DZ151
2015 EB2
2015 EX7
2015 EM26
2015 FM115
2015 FF122
2015 FD144
2015 FE168
2015 FJ168
2015 FN170
2015 FV178
2015 FZ234
2015 GG5
2015 GH14
2015 GF20
2015 GD36
2015 GK40
2015 GN44
2015 HE34
2015 HA72
2015 HF87
2015 HY92
2015 HY94
2015 HR160
2015 HW162
2015 HA166
2015 HO174
2015 KM20
2015 LN9
2015 MV
2015 MG26
2015 MN64
2015 MR76
2015 MW95
2015 MP101
2015 MY104
2015 ND8
2015 NH19
2015 OS15
2015 OJ44
2015 OG67
2015 PS35
2015 PD38
2015 PD39
2015 PC40
2015 PJ50
