id
1992
2619
3291
3515
4079
4098
4120
4316
4345
4393
4454
4506
4530
4876
5061
5303
5428
5497
5582
5583
5791
5923
6221
6275
6300
6553
6739
6826
6903
7051
7142
7155
7210
7446
7521
7535
7551
7602
7623
7626
7639
7766
7807
7821
8010
8052
8066
8171
8185
8227
8231
8499
8501
8564
8586
8774
8829
8950
8990
9201
9293
9306
9381
9410
9444
9449
9544
9709
9742
9759
9859
9889
10033
10116
10144
10353
10384
10412
10492
10734
10793
10814
10929
10994
10996
11002
11209
11226
11389
11409
11618
12135
12357
12362
12397
12567
12569
12625
12766
12902
13146
13219
13377
13501
13565
13684
13687
13726
13739
13925
14254
14259
14315
14612
14648
14666
14789
14822
14877
15110
15191
15200
15408
15451
15480
15519
15589
16153
16194
16337
16368
16433
16457
16563
16686
16942
16951
17135
17137
17184
17543
17618
17780
17788
17809
17838
17854
17868
18041
18050
18134
18479
18724
18831
18847
19086
19671
19686
19688
19712
19845
20096
20402
20409
20674
20705
20708
20722
20820
20845
21366
21368
21714
21878
22068
22291
23328
23544
23617
23934
23946
23948
24100
24178
24314
24362
24404
24510
25000
25270
25295
25731
25846
25893
26117
26370
26373
26625
26647
27158
27182
27222
27656
27667
27920
27922
27992
28016
28022
28036
28348
28372
28773
28904
29216
29582
29879
30434
30501
30503
30507
30588
31300
31306
31341
31499
31743
31762
31788
31809
31864
32353
32444
32474
32511
32528
32602
33003
33732
33748
34668
34711
34868
35347
35656
36081
36093
36198
36243
36730
38909
40165
40197
40207
41308
44295
44513
45020
46231
46442
47104
47907
48462
48475
49591
49628
49630
49662
51244
51761
51808
51814
51919
51920
51989
52068
52743
53420
55059
55956
58721
59840
60288
65374
65677
70008
72911
73418
73457
75757
86061
95952
99877