id
26510
32794
37790
38598
39287
39793
41342
52275
60313
61896
63205
63291
65150
65223
65240
68112
77916
89886
89935
89938
97973
105746
111819
116134
122733
124696
125048
135540
136557
152519
153464
154990
154992
156185
158601
162352
162822
164208
164210
168362
182445
182487
182541
184306
185906
186125
188020
188966
190268
190351
190681
191060
191107
192223
192388
192929
195218
195230
195337
197620
197624
197630
199791
200024
201040
212694
213360
214508
214511
215319
218070
219057
219837
219958
220335
221542
221915
221917
222859
223268
226361
231631
233578
236878
237710
241582
243504
247102
247297
247341
247946
248183
248186
248986
248996
249180
249476
249545
257411
258683
263831
264157
269621
274566
283402
284047
284436
291385
293486
295021
296809
297052
299572
304770
310027
312707
316550
321611
335567
343159
350109
356934
369886
377224
420253
427346
2004 YF37
2012 BW133
2012 TJ124
2013 AZ31
2014 ET26
2010 HQ21
2010 VM164
2011 QQ47