id
11466
18726
19127
32827
33073
34912
36336
38238
39702
39965
40651
43840
45286
48431
57004
58285
59801
61187
65782
65930
66045
74017
75868
81866
82676
85006
85398
85518
85578
85720
85803
86063
86072
86212
87005
87634
87752
90740
91390
91530
92253
93751
93870
100802
100935
101083
101972
104444
104963
105219
108251
108356
109601
112245
113190
114760
117163
117213
121675
123086
123881
125086
129203
130896
130901
131077
131774
132988
134220
134503
135028
135671
138481
139021
139438
142557
143331
143533
144753
146356
146358
148374
151816
156610
158356
159417
159770
160660
161984
162393
162819
163628
164604
173772
175460
176028
176585
181287
182186
182698
186264
186993
188081
189970
190602
197401
201182
202951
202992
203131
203167
210104
213761
214498
214910
217101
217114
225899
227049
233878
238138
241376
241663
241688
242694
242961
243811
244443
245851
247943
249604
251966
254105
254370
255409
263035
268197
275773
281285
282621
297864
308592
313171
314388
318223
328831
332316
333333
335613
345529
351216
351447
360722
367234
377597
392183
393656
396738
438231
2001 RJ16
2005 UU8
2005 UG80
2006 TU102
2007 UC9
2010 BS78
2010 MA46
2011 OO58
2010 AW95
2010 AN130
2010 BS90
2010 BL103
2010 BL111
2010 CD212
2010 EG150
2010 FE75
2010 HG14
2010 HQ26
2010 JQ3
2010 JK52
2010 JA86
2010 KM6
2010 KK60
2010 KN106
2010 LS59
2010 LU77
2010 LQ97
2010 LG109
2010 LT129
2010 MP70
2010 NB21
2010 NT97
2010 NJ110
2010 OB8
2010 PB17
2010 VB175
2011 CN19
2012 SS47