id
19673
25315
26957
36348
39263
39781
42039
45989
48809
49136
49196
50185
52015
52806
53025
54760
55538
56313
58625
60689
60714
60948
61043
66668
67368
70828
78969
81409
85016
86056
86860
87612
90960
92257
95055
98302
100626
100688
107780
109175
109573
109778
112481
112827
114708
114795
119450
119464
127496
127911
128222
128841
136096
136831
138580
139507
148034
148500
152534
153009
155857
157176
157829
159882
161001
163385
163873
166044
167071
168972
172811
172991
174022
174337
174605
175993
176013
177839
178657
181525
183675
185493
186005
193324
193724
194366
195650
197923
199010
200189
203368
205004
206455
208054
210811
212748
213290
218016
226730
230089
232733
232768
234766
235373
242113
242311
243921
244397
244625
245054
249596
250968
252282
263614
264497
268548
283717
288049
302795
307054
310892
313638
314714
322009
326288
326580
335126
338173
339781
342611
347912
349366
350251
352983
362401
372282
373413
376721
382551
386242
393406
393517
394170
400833
405467
408760
425715
430474
435359
438666
1997 SB33
2001 SB95
2004 RH334
2004 TO279
2006 UG189
2008 AO2
2008 TN4
2010 RY18
2010 RG79
2010 XY42
2014 QQ368
2014 TS59