id
28144
37343
38185
38752
39870
40245
41655
42677
44032
44044
44046
44058
44078
44090
44106
44616
44622
44638
44642
44660
44666
44722
44756
44784
44805
44831
44832
44834
44841
44876
44884
44959
45005
45879
45971
45985
45992
46032
46049
46098
46438
46748
46753
46754
46764
46768
46769
46781
46801
46847
47152
47156
47173
47181
47193
47202
47206
47217
47225
47247
47260
47275
47341
48026
48031
48032
48055
48103
48126
48341
48844
48849
48852
48859
48868
48879
48884
48933
48959
48962
49330
49677
49682
49685
49686
49687
49704
49730
49734
49786
49813
49872
49885
50028
50518
51395
51411
51452
51454
51462
51517
52033
52746
52769
52830
52873
52875
52919
52953
52959
52960
52965
53081
53119
53522
53616
53649
53652
53708
53715
53733
53738
53860
53967
53990
53991
54015
54020
54043
54136
54736
54886
54914
54948
55092
55977
55981
55985
56004
56014
56018
56019
56342
56366
56368
56381
56398
56405
56407
56410
56418
56419
56429
56441
56466
56475
56478
56507
56544
56547
56551
56555
57099
57103
57113
57117
57145
57193
57207
57244
57261
57266
57283
57366
57381
57972
58698
58885
58936
58986
59023
59025
59031
59052
59061
59062
59063
59074
59139
59223
59260
59979
60046
60151
60206
60335
60374
60461
60485
60536
60624
60718
60849
60870
60878
60881
60898
60967
60982
60996
61213
62519
62533
63502
63527
63556
63595
63644
63741
63802
63939
64009
64280
64534
64744
65306
65476
65923
65940
65970
66108
66109
66117
66166
66273
66563
66593
66720
66752
67119
67204
67265
67266
67278
67331
67352
67659
67780
67847
67871
67990
68100
68365
68383
68403
68438
68485
68593
68649
68678
68743
68748
69078
69098
69104
69576
69581
69638
69668
69676
69686
69688
69755
69849
70092
70124
70150
70161
70164
70170
70192
70231
70259
70274
70317
70403
70405
70930
71736
71853
71856
71875
71883
71898
71910
71940
71942
71985
72001
72009
72064
72083
72129
72148
72254
72383
72754
72916
72951
72955
72958
73026
73038
73042
73067
73071
73083
73099
73123
73140
73162
73178
73239
73252
73349
73381
73980
73985
73997
73998
74011
74018
74019
74021
74023
74034
74036
74038
74048
74055
74057
74059
74061
74068
74380
74661
74673
74683
74699
74768
74773
74837
74855
74867
74908
74910
74917
74932
75026
75027
75028
75041
75115
75136
75192
75295
75662
76008
76323
76846
76885
76891
76921
76933
76947
76949
76994
77000
77002
77003
77039
77052
77094
77149
77176
77236
77394
77516
77554
77560
77931
77975
77993
77994
78004
78084
78141
78196
78290
78291
78413
78450
78463
78515
78523
78580
78595
78710
78833
78843
78868
78894
78952
79511
79513
79528
79541
79544
79545
79546
79553
79564
79571
79575
79582
79583
79585
79592
79608
79619
79624
79632
79648
79650
79677
79684
79697
79709
79712
79723
79737
79758
79761
79787
79841
79879
80113
80127
80194
80198
80215
80219
80243
80269
80310
80345
80416
80449
80454
80480
80493
80519
80536
80640
80643
80650
80658
80685
80714
80737
80752
80777
80784
80790
80795
80799
80801
80811
80861
80879
80891
80892
80893
80929
80947
80955
80965
80973
81015
81051
81067
81081
81084
81100
81115
81118
81123
81169
81187
81189
81293
81444
81523
81840
82101
82107
82128
82156
82183
82196
82211
82212
82223
82231
82232
82235
82236
82255
82279
82304
82432
82482
82874
84009
84073
84139
84144
84157
84247
84263
84273
84283
84321
84394
84409
84411
84428
84450
84467
84499
84504
84529
84537
84556
84619
84645
84657
84689
84732
84742
84786
84815
84824
84993
85579
85599
85611
85612
85617
85639
85683
85699
85737
85748
85753
85777
85799
85810
85819
86347
86349
86395
86423
86441
86451
86461
86477
86480
86483
86488
86495
86502
86505
86535
86540
86562
86585
86590
86615
86627
86634
86641
86647
86655
86659
86695
86724
86726
86844
86908
86942
87001
87055
87378
87515
88258
88272
88280
88311
88319
88340
88348
88353
88364
88399
88401
88450
88481
88592
88627
88645
88683
88853
89029
89056
89345
89365
89640
89982
90037
90039
90049
90078
90079
90105
90109
90170
90178
90473
90504
90517
90529
90996
91008
91018
91036
91041
91043
91090
91203
91208
91257
92036
92205
92378
92569
92645
92709
92717
92740
92745
92765
92773
92815
92824
92865
92883
92885
92891
92917
92918
93025
93082
93083
93115
93172
93173
93364
93367
93373
93412
93480
93485
93515
93560
94332
94349
94352
94364
94365
94366
94446
94448
94472
94602
94736
94868
95043
95064
95104
95135
95139
95143
95153
95163
95192
95286
95290
95319
95357
95407
95415
95437
95808
96010
96380
96381
96384
96393
96402
96404
96406
96408
96410
96414
96415
96428
96433
96465
96468
96470
96518
96780
96934
97063
97068
97166
97208
97444
97559
97991
98029
98084
98095
98131
98142
98170
98177
98226
98251
98278
98292
98313
98331
98348
98367
98437
98483
98491
98513
98526
98528
98557
98558
98742
98781
99170
99230
99260
99263
99324
99388
99502
99552
99556
99584
99593
99624
99641
99679
99689
99716
99720
99725
99731
99771
99772
99787
99794
99805
99886
100241
100715
100717
100739
100749
100752
100761
100764
100765
100770
100776
100779
100780
100782
100783
100785
100787
100795
100798
100804
100808
100811
100817
100822
100824
100825
100828
100831
100837
100849
100860
100870
100875
100890
100892
100894
100899
100900
100901
100909
100913
100920
100930
100939
100941
100942
100943
100944
100945
100946
100950
100957
100958
100962
100966
100968
100983
100989
100990
100992
100995
100998
101001
101004
101005
101010
101026
101044
101047
101048
101049
101051
101055
101062
101070
101073
101078
101084
101095
101104
101106
101113
101126
101128
101134
101139
101140
101142
101145
101148
101150
101152
101162
101170
101172
101173
101186
101190
101193
101202
101204
101211
101221
101222
101223
101228
101230
101237
101240
101252
101254
101265
101267
101270
101279
101280
101281
101289
101291
101292
101300
101304
101305
101309
101311
101316
101320
101323
101345
101355
101357
101365
101371
101375
101377
101379
101380
101385
101391
101392
101394
101397
101400
101401
101407
101417
101422
101436
101439
101448
101450
101452
101459
101460
101462
101468
101476
101478
101479
101484
101491
101497
101504
101508
101509
101512
101513
101514
101568
101918
101949
101978
101989
101991
101998
102005
102012
102016
102020
102043
102065
102066
102073
102076
102127
102166
102215
102236
102241
102259
102303
102380
102387
102395
102399
102460
102462
102468
102502
102504
102515
102567
102594
102673
102680
102682
102701
102751
102769
102793
102828
102844
102853
102854
102878
102939
102942
102984
103063
103162
103183
103234
103239
103291
103301
103352
103360
103464
103484
103495
103522
103609
103628
103688
103709
103721
103759
103765
103828
103835
103859
103861
103917
103920
103973
103985
103996
104000
104051
104074
104117
104186
104233
104235
104259
104469
104488
104501
104539
104553
104562
104587
104613
104620
104641
104643
104702
105083
105222
105386
105431
105449
105478
105595
105632
105696
105712
105750
105800
105903
105940
105944
105991
106090
106148
106149
106204
106218
106288
106305
106321
106322
106368
106374
106406
106424
106451
106466
106468
106477
106501
106507
106530
106578
106582
106601
106607
106611
106686
106698
106724
106733
106748
106758
106782
106784
106790
106794
106888
106892
106893
106902
106918
106919
106922
106929
106937
106938
106947
106950
106955
106976
106985
106997
106999
107026
107043
107048
107081
107082
107083
107120
107142
107160
107162
107164
107166
107172
107199
107241
107254
107257
107265
107304
107311
107314
107342
107350
107359
107361
107367
107404
107409
107420
107436
107478
107489
107546
107551
107628
107685
107738
107787
107801
107810
107840
107853
107934
107938
107940
108003
108005
108058
108069
108102
108132
108137
108168
108182
108183
108204
108232
108265
108268
108279
108297
108300
108309
108333
108354
108363
108368
108369
108378
108390
108414
108449
108451
108480
108512
108526
108535
108555
108685
108704
108767
108797
109006
109141
109226
109252
109366
109488
109492
109510
109606
110040
110218
110275
110490
110793
110880
111211
111598
111627
111763
111769
111790
111793
111794
111799
111800
111860
111862
111942
111943
111961
111965
112014
112048
112057
112063
112089
112108
112122
112131
112138
112144
112157
112165
112166
112176
112183
112192
112198
112203
112222
112229
112235
112240
112247
112250
112251
112261
112264
112265
112291
112292
112301
112303
112311
112323
112326
112334
112354
112361
112365
112370
112389
112404
112424
112457
112483
112486
112506
112515
112534
112544
112551
112576
112592
112598
112624
112654
112679
112688
112714
112718
112761
112824
112851
112873
112877
112878
112883
112893
112894
112926
112961
113000
113032
113039
113043
113045
113066
113071
113095
113139
113152
113166
113184
113321
113350
113458
113461
113502
113511
113518
113519
113596
113606
113611
113709
113758
113788
113843
113846
113856
113871
113984
114040
114057
114098
114113
114158
114188
114220
114224
114233
114247
114252
114271
114299
114301
114302
114308
114311
114320
114341
114344
114347
114349
114354
114358
114360
114363
114377
114406
114411
114422
114474
114478
114483
114489
114492
114494
114507
114510
114523
114525
114539
114603
114792
114840
114845
114846
114892
114918
114973
115046
115050
115063
115101
115125
115162
115206
115208
115216
115227
115276
115283
115346
115383
115407
115418
115478
115504
115553
115590
115606
115610
115698
115758
115799
115837
115848
115863
115878
115884
115905
115906
115911
115940
115975
115993
116026
116034
116058
116071
116119
116151
116235
116279
116309
116322
116343
116404
116431
116438
116454
116467
116470
116471
116531
116673
116674
116723
116727
116728
116734
116739
116744
116746
116755
116808
116809
116810
116847
116877
117006
117031
117156
117194
117393
117400
117412
117420
117448
117457
117467
117485
117495
117499
117517
117554
117564
117573
117575
117576
117577
117581
117592
117605
117619
117644
117719
117737
117763
117772
117797
117803
117819
117842
118274
118275
118277
118278
118280
118283
118284
118285
118287
118289
118291
118292
118294
118296
118298
118300
118302
118304
118305
118308
118309
118311
118315
118316
118317
118318
118320
118321
118322
118325
118328
118330
118396
118486
118502
118509
118580
118590
118597
118614
118617
119045
119053
119060
119062
119063
119073
119075
119112
119113
119123
119141
119150
119173
119176
119203
119204
119229
119249
119276
119334
119335
119416
119418
119477
119958
119971
119994
120003
120007
120014
120018
120028
120037
120047
120052
120054
120062
120064
120070
120227
120246
120249
120250
120297
120352
120356
120365
120372
120395
120776
120783
120794
120796
120801
120811
120817
120818
120822
120838
120840
120846
120854
120867
120869
120873
120883
120887
120889
120895
120901
120910
120911
120916
120924
120930
120932
120937
120950
120952
120966
120972
120977
120984
120994
120996
121139
121230
121231
121350
121365
121395
121589
121660
121726
121772
121805
121846
121868
121879
121898
121944
121967
121969
122357
122389
122490
122540
122640
122715
122739
122970
123089
123266
123269
123301
123321
123355
123373
123503
123947
124085
124137
124149
124176
124180
124183
124184
124187
124191
124201
124210
124213
124234
124237
124239
124242
124244
124261
124263
124267
124281
124289
124291
124293
124300
124308
124337
124343
124349
124355
124361
124376
124388
124403
124410
124412
124422
124445
124457
124469
124486
124489
124496
124505
124515
124517
124525
124531
124559
124584
124667
124703
124710
124776
124777
124891
124932
124951
124974
124982
125085
125089
125094
125104
125133
125135
125278
125343
125355
125409
125781
125879
125880
125901
125914
125965
126244
126269
126272
126275
126324
126361
126472
126483
126520
126529
126539
126546
126553
126594
126611
126637
126684
126691
126706
126760
126789
126805
126827
126830
126836
126858
126880
126927
126952
126953
126965
126999
127001
127133
127144
127161
127287
127297
127476
127479
127480
127490
127531
127558
127574
127575
127576
127585
127597
127625
127634
127636
127645
127697
127741
127750
127810
128158
128300
128330
128336
128337
128338
128349
128353
128361
128364
128380
128384
128437
128494
128815
128903
128991
129023
129148
129196
129218
129221
129229
129266
129270
129271
129272
129274
129306
129311
129611
129615
129620
129623
129626
129627
129635
129640
129644
129645
129662
129663
129665
129677
129685
129687
129691
129736
129765
129812
129853
129957
129963
129983
130010
130091
130133
130153
130166
130243
130422
130617
130624
130659
130663
130720
130727
130730
130782
130786
130850
130854
130940
130970
131046
131193
131469
131571
131706
131801
131849
131868
131879
131966
132012
132016
132158
132190
132243
132244
132256
132258
132280
132286
132288
132291
132298
132304
132318
132345
132346
132359
132364
132372
132374
132398
132400
132431
132437
132453
132483
132484
132486
132488
132523
132552
132578
132583
132600
132651
132665
132678
132719
132799
132940
132964
133102
133185
133195
133198
133215
133275
133290
133302
133379
133710
133759
133807
133828
133829
134025
134038
134154
134283
134414
134415
134416
134418
134431
134438
134440
134443
134448
134462
134463
134466
134469
134477
134485
134654
134671
134777
134797
134933
134949
134960
134969
135140
135487
135554
135569
135653
135654
135701
135705
135713
135774
135790
135809
135844
135873
135945
135971
136122
136185
136186
136212
136236
136312
136396
136440
136450
136851
136859
136862
136864
136865
136871
136872
136883
136893
136899
136901
136918
136921
136924
136930
136934
136940
136943
136948
136957
136964
136966
136968
136970
136977
136979
136984
136999
137004
137008
137010
137016
137020
137025
137030
137033
137035
137038
137040
137042
137048
137051
137069
137072
137078
137079
137086
137087
137122
137139
137224
137298
137310
137353
137376
137380
137503
137565
137644
137645
137704
137831
137906
137914
137923
137939
137965
138011
138030
138059
138070
138075
138111
138129
138174
138193
138212
138213
138256
138264
138292
138302
138353
138448
138450
138702
138891
138896
138907
138910
138915
138927
138938
138949
138959
138961
138965
138966
138967
139023
139048
139050
139067
139101
139113
139178
139180
139196
139205
139228
139230
139247
139287
139318
139319
139555
139628
139993
140071
140244
140690
140747
140953
141014
141483
141576
141606
141728
141733
141736
141743
141748
141763
141815
141821
141892
141896
141912
141971
141990
142080
142130
142135
142145
142156
142159
142190
142210
142245
142246
142248
142253
142276
142304
142320
142359
142366
142382
142389
142399
142408
142411
142415
142416
142419
142437
142458
142463
142472
142480
142486
142499
142510
142520
142522
142529
142556
142570
142588
142600
142617
142633
142641
142643
142678
142690
142693
142749
142752
142779
142803
142829
142891
142924
142946
142951
142989
143109
143145
143189
143214
143281
143292
143297
143440
143488
143744
143761
143766
143795
143827
143885
143896
143902
143915
143922
144006
144033
144067
144141
144345
144526
144539
144662
144666
144710
144712
144761
144801
144921
144923
144930
144952
144965
144966
144969
144970
144989
145003
145006
145014
145026
145050
145054
145055
145074
145075
145091
145092
145130
145140
145142
145197
145206
145253
145276
145305
145329
145350
145460
145467
145475
145581
145782
145793
145799
145800
145807
145819
145822
145827
145828
145832
145839
145881
145938
146038
146079
146270
146300
146325
146563
146657
146658
146663
146732
146748
146833
146876
146894
146980
147065
147071
147089
147090
147093
147103
147109
147113
147125
147143
147146
147149
147162
147166
147171
147172
147179
147181
147182
147184
147196
147202
147205
147210
147214
147216
147217
147226
147231
147235
147241
147264
147269
147271
147275
147288
147316
147322
147488
147515
147530
147532
147536
147696
147715
147931
148024
148025
148029
148036
148037
148038
148043
148045
148047
148048
148049
148072
148103
148173
148184
148272
148279
148315
148342
148667
148968
148970
149101
149176
149216
149235
149247
149259
149264
149298
149316
149326
149339
149341
149345
149362
149376
149393
149561
149591
149601
149603
149630
149648
149649
149653
149664
149666
149802
149822
149824
149837
149861
149866
149901
149903
149936
149950
149968
149977
150012
150181
150189
150190
150191
150196
150200
150207
150218
150220
150223
150225
150226
150229
150230
150231
150235
150236
150239
150381
150393
150753
151145
151172
151173
151195
151258
151268
151505
151555
151566
151592
151614
151644
151658
151664
151666
151667
151674
151678
151686
151698
151719
151860
151865
151871
151920
151934
151950
151967
151996
152058
152072
152147
152151
152167
152175
152195
152205
152219
152221
152290
152526
152666
152675
152686
152695
152697
152927
152937
152985
153091
153158
153303
153369
153370
153472
153474
153510
153748
153882
153888
153906
153939
153956
153963
153989
154096
154313
154322
154329
154347
154348
154365
154375
154381
154394
154409
154416
154429
154687
154866
155005
155006
155027
155058
155113
155229
155247
155258
155280
155443
155491
155532
155653
155927
156027
156033
156104
156190
156276
156300
156369
156410
156416
156436
156443
156447
156454
156455
156481
156494
156495
156580
156742
156744
156745
156750
156764
156771
156775
156776
156801
156809
156896
156909
157023
157293
157309
157320
157386
157392
157477
157532
157541
157564
157584
157642
157649
157833
157838
157842
157853
157892
157903
157915
158083
158161
158399
158403
158416
158425
158427
158431
158433
158436
158444
158453
158800
158837
158965
158970
159238
159243
159250
159271
159279
159289
159303
159353
159380
159395
159400
159615
159623
159652
159656
159785
159794
159905
159994
159997
160075
160078
160184
160191
160463
160491
160546
160576
160584
160610
160657
160739
160790
160879
160902
160921
160940
160974
160986
161004
161015
161046
161048
161065
161069
161089
161091
161135
161163
161170
161212
161230
161244
161329
161358
161387
161425
161461
161542
161562
161635
161638
161650
161713
161715
161716
161726
161750
161813
161944
162084
162094
162095
162114
162132
162136
162150
162254
162299
162395
162414
162576
162601
162611
162627
162638
162697
162710
162716
162760
162879
162886
162907
163178
163185
163192
163221
163281
163286
163288
163296
163297
163306
163308
163312
163314
163327
163329
163331
163355
163401
163413
163483
163792
163839
163868
163959
163997
164030
164044
164053
164080
164090
164181
164329
164356
164388
164392
164565
164701
164707
164711
164712
164715
164728
164730
164731
164733
164736
164745
164746
164748
164750
164759
164761
164925
164998
165016
165260
165261
165276
165289
165335
165360
165370
165379
165385
165395
165412
165467
165632
166139
166178
166183
166241
166248
166267
166269
166274
166280
166302
166305
166308
166319
166330
166331
166336
166341
166380
166421
166426
166430
166443
166451
166525
166565
166606
166964
166993
167045
167091
167103
167157
167175
167223
167236
167241
167290
167309
167346
167357
167371
167372
167375
167376
167403
167412
167436
167437
167445
167451
167470
167553
167731
167742
167763
167810
167837
167839
167845
167847
167902
167924
167941
167961
168045
168103
168168
168198
168205
168230
168251
168272
168284
168401
168403
168405
168412
168415
168429
168430
168441
168444
168446
168480
168641
168687
168710
168892
168896
169042
169063
169097
169568
169608
169612
169639
169647
169657
169659
169702
169706
169714
169721
169743
169749
169766
169776
169794
169801
169822
169834
169844
169859
169956
169971
169986
170001
170021
170246
170334
170337
170484
170491
170523
170524
170535
170571
170626
170629
170670
170676
170685
170701
170883
170886
170907
170936
171058
171114
171125
171130
171192
171219
171325
171342
171350
171407
171441
171444
171506
171507
171606
171652
172038
172103
172130
172152
172153
172162
172186
172200
172212
172214
172235
172245
172277
172288
172456
172508
172525
172567
172602
172637
172648
172652
172658
172690
172757
172830
172831
172859
172915
172919
172935
172948
172969
172996
173002
173187
173198
173206
173208
173210
173221
173222
173223
173224
173226
173231
173234
173355
173413
173414
173419
173423
173583
173612
173625
173648
173666
173667
173805
174110
174111
174112
174131
174134
174146
174154
174168
174185
174187
174205
174229
174236
174245
174247
174258
174288
174326
174328
174372
174374
174376
174377
174443
174734
174751
174825
174826
174860
174875
174901
174903
174967
174970
174976
174984
175008
175057
175060
175063
175111
175143
175161
175381
175391
175420
175443
175486
175543
175547
175629
175630
175645
175733
175734
175741
175744
175751
175752
175757
175762
175766
175767
175768
175770
175771
175772
175773
175779
175855
175966
176387
176497
176678
176695
176701
176730
176733
176735
176736
176739
176743
176786
176789
176795
176796
176797
176819
176825
176835
176839
176844
176846
176847
176851
176852
176900
176983
177025
177077
177119
177294
177345
177377
177429
177432
177450
177463
177471
177649
177654
177730
177751
177968
177989
177995
178022
178056
178136
178391
178400
178402
178407
178410
178413
178415
178421
178427
178428
178429
178430
178431
178434
178435
178436
178440
178552
178782
178866
178896
178980
179088
179248
179254
179407
179603
179671
179699
179715
179721
179778
179809
179816
179831
179836
179851
179860
179863
179889
179891
179928
179930
179932
179948
179972
179983
180086
180192
180344
180346
180350
180371
180542
180543
180546
180549
180567
180825
180844
180911
180925
181131
181387
181503
181561
181585
181656
181667
181787
181789
181792
181794
181809
181814
181819
181822
181823
181835
181839
181844
181845
181849
181851
181952
182139
182251
182630
182717
182758
183102
183110
183131
183136
183164
183183
183194
183209
183220
183229
183235
183243
183278
183281
183285
183303
183311
183317
183334
183393
183400
183484
183488
183499
183590
183913
184092
184104
184174
184292
184293
184308
184316
184483
184499
184515
184584
184594
184674
184679
184745
184864
184919
185128
185275
185521
185556
185706
185712
185721
185731
185734
185911
185973
185974
186186
186469
186471
186485
186520
186526
186537
186541
186550
186556
186569
186575
186588
186599
186769
186771
186815
186917
187030
187098
187147
187163
187166
187244
187282
187345
187347
187449
187764
187765
187782
187788
187867
188120
188143
188236
188238
188244
188249
188253
188256
188262
188264
188265
188266
188350
188477
188482
188645
188733
188753
188809
188822
188888
188904
188922
188935
188978
188999
189087
189178
189265
189296
189300
189319
189324
189440
189443
189446
189573
189688
189736
189744
189783
189839
190046
190077
190093
190179
190202
190222
190266
190319
190329
190338
190346
190355
190545
190631
190779
190780
190794
190835
190873
191024
191065
191077
191083
191086
191105
191121
191134
191161
191164
191380
191458
191560
191608
191639
191771
191782
191843
191898
192023
192030
192070
192124
192160
192212
192462
192463
192464
192465
192466
192475
192476
192480
192483
192485
192491
192492
192495
192496
192499
192501
192502
192503
192504
192505
192507
192514
192551
192560
192566
192567
192569
192577
192584
192751
192850
192925
192947
193264
193341
193348
193357
193372
193379
193400
193504
193846
193863
193953
193969
194052
194281
194853
194944
194953
194996
195073
195077
195085
195099
195102
195106
195135
195161
195170
195216
195220
195228
195233
195248
195261
195263
195285
195298
195350
195366
195370
195402
195403
195427
195440
195443
195461
195518
195522
195527
195541
195553
195555
195581
195582
195780
195791
195997
196202
196211
196523
196524
196628
196637
196681
196701
196733
196769
196813
196819
196836
196845
196847
196866
196924
196950
196962
196998
197014
197065
197074
197075
197085
197089
197114
197138
197140
197146
197236
197279
197329
197486
197564
197592
197943
197967
198076
198175
198180
198414
198488
198538
198578
198643
198664
198744
198965
199117
199241
199246
199257
199323
199333
199353
199382
199487
199542
199543
199552
199593
199616
199896
199981
200041
200143
200148
200163
200426
200463
200479
200488
200539
200581
200686
200971
201012
201080
201084
201106
201121
201122
201156
201162
201209
201580
201610
201634
201648
201666
201675
201698
201710
201718
201742
201810
202110
202234
202257
202265
202266
202297
202326
202498
202537
202543
202659
202663
202697
202742
202761
202835
202863
202869
202922
202923
202924
202925
202926
202929
202934
202935
203028
203031
203087
203265
203627
203641
203656
203657
203660
203666
203667
203671
203691
203702
203714
203720
203742
204039
204050
204070
204078
204090
204113
204132
204500
204543
204674
204694
204726
204736
204776
204779
204854
204889
204944
205024
205029
205032
205038
205047
205048
205101
205326
205333
205340
205409
205431
205435
205884
205914
205932
205936
205952
205958
205960
205972
205974
205976
205977
206029
206031
206033
206038
206116
206220
206296
206349
206416
206477
206482
206486
206586
206596
206625
206643
206644
206654
206676
206692
206825
207106
207143
207195
207202
207208
207217
207235
207264
207288
207322
207374
207448
207513
207721
207739
207768
207794
207799
207859
207895
208001
208008
208014
208016
208017
208018
208022
208108
208146
208259
208295
208507
208720
208727
208743
208762
208769
208771
208789
208790
208798
208813
208814
208830
208853
208856
208865
208979
209001
209063
209120
209193
209285
209319
209335
209499
209519
209630
209685
209703
209717
209725
209780
209786
209803
209827
209960
210029
210044
210222
210244
210260
210296
210334
210364
210374
210398
210429
210499
210510
210512
210520
210522
210526
210527
210623
210805
210826
210907
211199
211229
211263
211293
211298
211305
211328
211345
211379
211430
211453
211597
211624
211650
211655
211673
211688
211699
211702
211712
211729
211747
211751
211770
211915
212059
212098
212100
212133
212188
212283
212317
212327
212417
212457
212474
212529
212570
212581
212593
212638
212667
212751
212830
212860
212909
212929
212987
213045
213046
213048
213049
213051
213055
213123
213126
213262
213590
213600
213607
213609
213646
213650
213683
213691
213723
213811
213978
213982
213989
213994
214015
214023
214180
214218
214246
214249
214260
214607
214732
215022
215486
215495
215497
215514
215522
215737
215748
215795
215955
216028
216211
216334
216374
216387
216611
216736
216852
216862
216867
216882
216893
216895
216903
216926
216931
216959
216964
217183
217202
217212
217436
217442
217534
217611
217622
217647
217652
217671
217738
217743
217937
218002
218003
218006
218186
218214
218224
218225
218229
218252
218258
218313
218492
218502
218534
218604
218689
218701
218707
218755
218871
218879
218960
219076
219083
219093
219103
219105
219106
219107
219109
219143
219220
219222
219240
219282
219304
219365
219382
219422
219473
219492
219507
219544
219719
219735
219814
219819
219822
219864
219918
220021
220053
220119
220194
220212
220246
220261
220267
220448
220563
220578
220613
220692
220741
220797
220865
220887
220993
221041
221063
221078
221082
221141
221179
221205
221271
221344
221371
221468
221482
221489
221490
221495
221510
221659
221680
221873
221885
221899
222000
222001
222007
222011
222012
222017
222020
222022
222080
222236
222282
222409
222573
222604
222656
222687
222693
222717
222726
222778
222816
222849
222902
223081
223198
223414
223448
223518
223568
223636
223702
223704
223869
223902
223966
223979
223987
223996
224086
224124
224195
224306
224480
224547
224579
224599
224607
224619
224655
224676
224682
224696
225037
225090
225259
225322
225323
225324
225326
225333
225338
225350
225354
225393
225436
225443
225456
225772
225802
225826
225858
225877
225891
225914
225945
225946
225947
225964
225965
225966
225968
225975
225991
226019
226034
226208
226251
226280
226302
226425
226627
226672
226742
226773
227056
227213
227282
227294
227299
227454
227493
227662
227678
227690
227737
227739
227751
227753
227905
227923
228141
228177
228191
228225
228230
228233
228236
228250
228292
228406
228548
228606
228622
228624
228627
228640
228651
228665
228739
228787
228807
228922
228936
228983
229044
229057
229176
229228
229417
229493
229536
229592
229611
229619
229655
229695
229800
229817
229869
229949
229950
230050
230079
230140
230289
230301
230310
230329
230357
230377
230382
230390
230412
230532
230649
230672
230704
230902
230974
231122
231285
231293
231331
231341
231466
231511
231513
231534
231567
231622
231628
231629
231641
231648
231654
231694
231699
231700
231710
231767
231845
231941
231942
232117
232138
232179
232181
232182
232183
232221
232222
232223
232261
232325
232355
232553
232617
232620
232676
232736
232976
233064
233092
233208
233258
233286
233308
233340
233378
233401
233408
233412
233436
233577
233584
233594
233744
233782
233798
233860
233912
233951
234023
234031
234035
234257
234292
234325
234346
234593
234629
234677
234680
234700
234706
234710
234713
234721
234736
234740
234853
235041
235088
235132
235253
235313
235331
235341
235369
235388
235391
235397
235725
235798
235866
235934
235948
236430
236443
236560
236627
236634
236642
236658
236660
236741
236759
236765
236777
236798
236826
236876
236916
236940
236958
237085
237116
237182
237190
237270
237285
237405
237407
237416
237417
237418
237440
237560
237578
237766
237801
237818
237868
237901
237913
237916
237932
238126
238206
238217
238219
238271
238277
238289
238290
238324
238567
238649
238689
238704
238805
238851
239208
239285
239343
239351
239374
239381
239401
239417
239446
239566
239819
239821
239822
239829
239864
239947
239984
240126
240127
240131
240142
240164
240397
240460
240776
240998
241164
241183
241199
241231
241249
241250
241258
241264
241296
241298
241318
241356
241359
241411
241505
241670
241942
241962
241983
241984
242037
242039
242109
242124
242143
242279
242302
242337
242473
242503
242765
242866
242874
242879
242882
242900
243140
243167
243172
243215
243235
243250
243277
243432
243449
243503
243506
243591
243598
243610
244203
244298
244326
244328
244331
244356
244359
244368
244370
244395
244398
244410
244416
244423
244439
244472
244489
244505
244592
244686
244931
244939
244962
245027
245217
245326
245540
245821
245967
245995
246201
246208
246229
246260
246261
246308
246335
246349
246358
246360
246382
246407
246486
246551
246664
246692
246710
246713
246805
246903
246904
246907
246909
246910
246912
246913
246921
246923
247161
247239
247380
247381
247443
247450
247456
247472
247485
247583
247587
247639
247708
247799
247933
248053
248273
248353
248514
248577
248703
248731
248921
248936
249058
249357
249456
249473
249484
249550
250170
250175
250176
250178
250205
250229
250439
250563
250764
250769
250916
251064
251126
251458
251469
251488
251580
251630
251725
251726
251729
251740
251748
251749
252544
252547
252553
252557
252560
252600
252601
252950
252958
253053
253124
253141
253142
253149
253184
253187
253201
253204
253367
253937
253953
253987
254098
254122
254364
254386
254389
254591
254763
254847
254866
254977
255012
255064
255160
255306
255337
255447
255453
255613
255705
255895
255988
256160
256253
256509
256798
256896
256957
256993
257112
257145
257535
257540
257541
257543
257549
257553
257556
257565
257640
257715
257748
257755
257855
258262
258344
258399
258406
258482
258491
258504
258510
258513
258615
258658
258759
258955
258997
259008
259026
259108
259117
259135
259160
259186
259192
259201
259212
259309
259339
259378
259387
260225
260295
260317
260331
260478
260790
260862
261017
261181
261426
261434
261440
261503
261540
261645
261685
261775
261945
262238
262596
262861
262952
263013
263039
263350
263416
263574
263716
263867
263928
263943
264043
264070
264107
264281
264283
264285
264287
264298
264718
264719
264748
264914
264918
264919
264932
264949
264965
264968
265046
265067
265089
265322
265332
265342
265409
265448
265543
265743
265929
265935
265952
265963
265968
265981
266379
266414
266442
266610
266617
266719
266726
266755
266773
266826
266847
266857
266864
266901
266977
267042
267043
267045
267193
267427
267433
267454
267698
267700
267796
267803
268021
268096
268173
268178
268263
268284
268285
268335
268549
268560
268607
268608
268636
268671
268676
268861
268995
268998
269042
269076
269097
269104
269117
269118
269123
269277
269281
269282
269283
269285
269289
269303
269539
269583
269610
269707
269712
269717
269722
269724
269727
269738
269743
269745
269752
269792
269973
270313
270321
270381
270392
270459
270475
270488
270535
270587
270891
271000
271080
271102
271103
271105
271160
271171
271178
271181
271186
271199
271206
271252
271267
271468
271531
271624
271670
271672
271676
271677
271727
271957
271964
272543
272550
272651
272808
272862
272955
273072
273144
273192
273557
273835
273866
273976
273984
274240
274334
274361
274432
274458
274610
274612
274873
274961
275032
275089
275209
275231
275249
275425
275477
275532
275534
275537
275538
275876
276051
276053
276094
276095
276152
276156
276404
276499
276592
276741
276887
276997
277018
277022
277203
277349
277590
277654
277676
277762
277831
277852
278164
278170
278378
278465
278471
278622
278692
278825
278834
278843
278848
278891
278970
279113
279151
279181
279250
279256
279356
279388
279600
279648
279745
279746
279749
279752
279757
279864
279867
280042
280043
280052
280063
280096
280146
280299
280314
280352
280419
280570
280879
280977
281040
281055
281057
281250
281265
281268
281275
281296
281345
281447
281558
281622
281660
281701
281733
281738
281780
281804
281887
281916
282019
282037
282039
282041
282042
282046
282138
282231
282233
282247
282254
282260
282261
282263
282282
282356
282431
282701
282704
282736
282754
282781
282915
282925
283058
283068
283154
283192
283270
283279
283333
283484
283879
284074
284235
284287
284295
284558
284669
284778
284894
285013
285033
285038
285052
285246
285258
285271
285275
285277
285279
285303
285848
285902
286102
286488
286535
286795
286823
286828
286833
286846
286891
287087
287089
287099
287105
287131
287204
287291
287309
287320
287392
287437
287445
287502
287529
287563
287576
287606
287759
287777
287877
288014
288193
288197
288199
288257
288259
288279
288358
288487
288525
288542
288769
288771
288872
288926
288995
289075
289187
289237
289243
289250
289304
289332
289423
289466
289508
289606
289609
289653
289686
290182
290188
290827
290858
291042
291174
291350
291364
291375
291442
291540
291592
291690
291703
291913
291951
292018
292107
292439
292807
293064
293269
293325
293425
293463
293474
293496
293525
293540
293567
293571
293619
293633
293736
293864
293945
293946
293951
293957
293977
293987
293994
294008
294018
294199
294216
294288
294298
294423
294441
294649
294872
294966
295070
295117
295210
295284
295586
295601
295988
296015
296027
296079
296197
296216
296247
296252
296258
296261
296294
296326
296403
296554
296601
296617
296643
296814
296944
297024
297220
297292
297294
297296
297297
297298
297311
297312
297540
297954
297970
297973
297990
298015
298024
298047
298090
298095
298096
298106
298107
298140
298182
298303
298334
298422
298600
298632
298648
298668
299107
299203
299628
299644
299794
299846
299861
299870
299873
300049
300149
300401
300509
300574
300749
300824
300837
300841
300902
300915
301337
301349
301394
301404
301885
301889
301895
301897
301898
301902
301905
302539
302549
302568
302571
302685
302802
302841
303043
303070
303073
303094
303137
303186
303713
304441
304485
304626
304922
305065
305080
305176
305244
305248
305266
305326
305340
305376
305437
305627
305630
305810
305828
305928
305930
306100
306251
306272
306361
306418
306426
306427
306434
306438
306442
306443
306450
306453
306655
306976
307034
307081
307115
307183
307188
307209
307210
307238
307255
307339
307387
307394
307401
307405
307428
307549
307920
308135
308229
308742
308764
308814
308820
308969
309101
309413
309556
309902
309931
310118
310139
310228
310251
310296
310362
310391
310712
310713
310725
310753
310817
310828
310837
311043
311327
311336
311968
312146
312198
312361
312533
312693
312764
312895
312967
312972
313418
313457
313467
313480
313937
314238
314240
314555
315161
315164
315298
315604
315863
316136
316266
316724
316727
316731
316758
316880
316921
317046
317161
317191
317253
317286
317319
317412
317437
317623
317648
317701
317708
317744
317779
317807
317865
318038
318162
318299
318342
318353
318362
318455
318596
318720
318844
319049
319157
319164
319173
319304
319451
319649
319986
320040
320100
320106
320108
320157
320182
320226
320251
320282
320303
320383
320494
320699
321157
321182
321223
321232
321338
321350
321408
321503
321574
321673
321701
322636
322726
323191
323573
323601
323618
323972
323997
324033
324052
324180
324235
324250
324251
324599
324701
324737
324755
324796
324824
325149
325455
325486
325500
325503
325521
325544
325547
325643
325672
325741
325746
325754
326051
326128
326171
326210
326253
326292
326303
326688
327510
327528
327849
327926
327928
327946
327997
327998
328038
328047
328358
328455
328765
328784
329052
329067
329068
329111
329233
329263
329641
329666
329668
330179
330504
330697
330744
330852
330865
331022
331043
331484
331489
331792
331814
331815
331829
331834
331962
332386
332395
332407
332946
332983
333282
333447
333562
333606
333696
333833
333888
333896
334188
334385
334392
334401
334406
334454
334866
334875
334898
335339
335630
335776
335875
336017
336042
336112
336183
336523
336538
336539
336991
337066
337071
337096
337097
338004
338007
338015
338028
338512
338706
338765
340470
340500
341145
341148
341192
341202
341287
341295
341300
341445
341586
341665
341687
341704
341778
342359
342406
342432
342443
342554
342647
342819
342871
342928
342940
343061
343100
343128
343154
343290
343334
343443
343499
343611
343966
344430
344468
344738
344792
344801
344809
345545
345856
345858
345888
346011
346037
346054
346493
346806
346850
346855
346877
347404
347497
347498
347501
347666
348125
348341
348342
348766
349186
349244
349256
349304
349369
349398
349436
349811
349855
349893
350207
350268
350275
350399
350463
350900
350965
351006
351154
351349
351484
352165
352228
352449
352496
352635
353016
353109
353756
353776
353865
354237
354353
354825
354998
355465
355584
355588
355591
355618
355712
355736
356069
356149
356360
356481
356691
356828
356920
356944
356958
356964
356990
356992
357139
357271
357277
357306
357313
357655
357787
358119
358380
358433
358663
359272
359626
360452
360474
360867
361858
361923
361926
361927
362269
362271
362299
362304
362307
362317
362558
362799
362832
362874
362927
363029
363087
363731
364048
364116
364495
364537
364545
364559
365018
365268
365271
365326
365374
365432
365472
365746
365805
365961
366084
366112
366167
366198
366319
366347
366630
366645
366797
366997
367018
367396
367414
367568
367601
367670
367875
368001
368073
368384
368516
369163
369246
369342
369394
369433
369582
369760
369793
369835
369862
369875
369925
369982
370163
370481
370489
370557
370584
371719
372578
372648
373107
373590
374129
375026
375032
375057
375475
376445
376725
376726
377153
377278
377970
378795
378856
378961
379126
379833
379879
380129
380475
380633
380944
380964
381903
382228
382275
382305
382311
382414
382605
382874
383173
383612
383766
384129
384148
384162
384239
384253
384589
384753
384811
385326
385782
386237
386554
386570
386775
387825
387923
387979
388624
388679
388710
388735
388836
389245
389276
389713
389771
389799
389819
389857
390008
390420
390490
390495
390506
390636
390935
390967
391024
391036
391522
391727
392425
392719
392981
393143
393173
393493
393863
394471
394601
395104
395275
395516
395555
395582
395631
395718
396109
396280
396304
396482
396551
396677
396695
396696
396761
397093
397656
397744
398533
398977
398992
399320
399323
399471
399724
399725
399916
400694
400699
400714
400718
400720
400955
401405
401418
401466
401470
401526
401664
401752
401766
401805
401823
401826
401830
401831
401833
401996
402406
402440
402790
403174
403411
403421
403441
403481
403495
403753
403928
404080
404086
404472
404596
404654
404959
405348
405475
405804
405868
406967
406978
407000
407008
407027
407045
407085
407099
407103
407133
407169
407207
407254
407455
407810
407887
407931
407934
407965
408094
408344
408496
408525
408588
408766
408769
408770
408773
408802
408842
409681
410086
410125
410141
410159
410894
410955
410963
410992
411025
411038
411043
411060
411061
411083
411115
411524
411539
411555
411595
411927
411952
411990
412020
412434
412483
412655
413218
413219
413837
413981
414293
414575
414587
414637
414680
414702
414927
415227
415243
415570
415623
415705
415706
415709
416322
416337
417352
417824
417915
418608
418724
419248
419268
419281
419385
419425
420094
420238
420989
421026
421227
421408
421423
421591
421653
421708
421785
421830
421984
422039
422103
422133
422190
422330
422371
422453
422462
422534
422546
422612
422939
422979
423161
423761
424193
424655
425010
425449
425722
426306
426804
426863
426978
427092
427173
427322
427401
427403
427828
428357
428513
428959
428981
428983
429555
430218
430746
432119
432170
432201
433110
433620
433720
433789
433954
433958
434363
434527
435180
435878
435987
435989
436002
436014
436275
436283
436939
437026
437187
437336
438632
439429
439430
1998 FG48
1998 SR20
1998 SE34
1998 SJ60
1998 TN
1998 TH20
1999 VB129
2002 CB72
2002 NP7
2002 OP2
2002 PL139
2002 PT200
2002 PK202
2002 RG182
2002 TT114
2002 WK
2003 EP10
2004 CK63
2004 EU20
2004 EB32
2004 SE42
2006 AV31
2006 BB177
2006 CQ35
2006 JB29
2006 KO75
2006 SJ412
2006 SL202
2006 TG107
2006 UF332
2006 XM6
2007 AB
2007 BD37
2007 GR64
2007 RV100
2007 TC143
2007 TC143
2008 DS20
2008 RU58
2008 SP267
2008 TG127
2008 TD154
2008 WH85
2008 WV89
2008 YX126
2009 HA103
2009 QK19
2009 QN24
2009 QR46
2009 QY46
2009 QL52
2009 RU40
2009 RV74
2009 SO174
2009 SD221
2009 SN278
2009 SB298
2009 SC329
2009 UF72
2009 UD130
2009 VE111
2009 WU59
2009 WK63
2009 WM84
2009 WA234
2010 EJ140
2010 PZ36
2010 RJ184
2010 WG56
2011 AK1
2011 BF44
2011 BH54
2011 ER69
2011 FB27
2011 FM141
2011 FU150
2011 GF29
2011 QB55
2011 SG9
2011 SH116
2011 SE218
2011 TW13
2011 UN70
2011 UH108
2011 UW125
2011 UW263
2011 UH108
2011 UW125
2011 UW263
2011 UR309
2011 UO322
2012 BQ32
2012 BG81
2012 BC89
2012 BH89
2012 BC140
2012 CD47
2012 DY10
2012 DB14
2012 DF21
2012 EQ7
2012 HX19
2012 HO40
2012 PM13
2012 PK21
2012 QS37
2012 RF12
2012 SP62
2012 TK14
2012 TM16
2012 TG91
2012 TO126
2012 TV247
2012 VH81
2012 XN34
2013 AF32
2013 CF7
2013 CQ38
2013 CA132
2013 CL167
2013 CD205
2013 EN86
2013 EO88
2013 EA128
2013 FM20
2013 FQ23
2013 GF31
2013 GG95
2013 GO111
2013 JU10
2013 KR2
2013 LC16
2013 QZ69
2013 TX7
2013 WM2
2013 YO10
2013 YM40
2013 YY46
2013 YS51
2013 YL116
2014 BJ39
2014 CO2
2014 DW
2014 DO1
2014 DS73
2014 DF108
2014 FD4
2014 FL41
2014 FP41
2014 FD67
2014 GB17
2014 HP95
2014 JQ48
2014 JY58
2014 KJ53
2014 KC57
2014 KQ57
2014 KN59
2014 LO12
2014 NJ59
2014 OT65
2014 OC119
2014 ON212
2014 OB240
2014 OC119
2014 OB178
2014 OZ190
2014 OY195
2014 ON212
2014 OM239
2014 OB240
2014 PO46
2014 PD55
2014 QZ398
2014 SF12
2014 SZ111
2014 SY140
2014 SK287
2014 TM47
2014 UX79
2014 VZ
2014 WZ51
2014 WT73
2014 WJ96
2014 WU398
2014 WD224
2014 WB499
2014 YP41
2015 BK278
2015 DY5
2015 DB138
2015 DB197
2015 DM201
2015 DU206
2015 DD218
2015 ED10
2015 EQ30
2015 FB286
2015 HB61
2015 KG8
2015 KB155
2015 MC28