id
11100
12005
12796
13681
14978
15340
15901
17070
17131
17608
17611
17620
17805
18475
18477
18684
18839
18927
19016
19471
19780
20119
20125
20396
21920
22072
22075
22399
22765
23103
23573
24382
25262
25467
26515
27248
27499
27567
27569
29412
29544
29563
30349
30412
30478
31201
31257
31273
31326
31536
31739
31745
32169
32177
32236
32380
32489
32923
32937
32943
32947
33139
33999
34059
34098
34255
34436
34464
34679
35223
35296
35358
35928
36612
36830
36891
38395
38441
38910
39272
39281
39331
40387
40951
41295
42262
42543
43098
43272
44181
44517
45298
45449
45536
45996
46639
46640
46643
47604
47646
47726
47845
47873
48227
48285
48602
48671
49867
49993
50615
50654
50864
51138
51669
51787
53313
54519
54540
54844
55240
56837
56927
56984
57866
57950
58052
58344
58366
58636
58890
59678
60520
60605
61010
61655
62454
62486
62543
62566
62586
62892
62930
62966
63061
63138
64309
64682
64831
64906
65361
65446
65460
66445
66898
67186
67655
68006
68461
70461
70540
71165
71186
71613
71674
72244
72599
72655
73147
73793
73798
74370
74533
75374
75731
75796
76009
76204
76604
77595
78131
78318
78717
79260
79263
79268
83161
83668
83908
84326
84363
84442
84534
85318
85346
85356
86642
87484
88089
88891
90022
91979
92910
93876
93993
94094
95385
95643
95955
95995
96281
96304
96481
97324
97422
97654
99284
99813
100303
100315
100330
100338
100348
100358
100397
102551
102574
103007
103341
103897
103923
104928
105665
105896
105907
106188
106639
107442
107517
107722
108426
108623
108862
109289
109636
109683
110847
111095
111226
111315
111349
112527
113233
113402
113441
113736
113738
113907
113960
114815
114964
115806
116043
116226
116398
116558
116742
116984
116986
116987
117468
118201
120020
120179
120548
120554
120575
121819
123671
123675
123752
123845
125194
125393
126377
126600
126951
127474
127940
128207
128230
128458
128474
128758
128936
129169
129502
130171
130251
131041
132246
132724
132905
133026
133585
133604
133695
133863
134206
134446
135249
135299
135332
136652
136653
136707
136889
138684
138732
139362
140070
140145
140354
140450
140516
140531
140723
141075
141322
141372
141386
142783
143456
143564
143970
143971
144149
144352
144583
144665
144694
145455
145477
145524
147412
148979
149167
149391
149507
149758
150131
151103
151759
151813
152370
152435
154699
156929
157811
158111
159112
161133
161145
161260
161578
162166
162274
163376
163437
165531
166141
166580
166722
166883
167089
167645
167967
168649
169251
169298
170395
170714
170738
171153
171976
172067
172810
172883
173144
173576
175262
175484
175559
175684
176021
177075
177492
177920
178332
178687
178709
178720
179261
179325
181118
181351
182338
183369
183523
183921
184161
184457
187905
188123
188639
188974
189911
190070
190292
191178
191350
191426
191899
191907
192353
194834
195764
195992
196687
197046
197051
197148
197219
197991
198425
198697
199473
199529
199584
199772
199791
200099
201933
202983
203267
203677
203998
204125
205153
205414
206731
207960
207964
210130
212463
212526
212592
212654
212686
213944
214642
214730
214733
215103
215213
215298
215390
215770
215970
217923
218672
220425
220567
221681
221956
222176
223755
225078
225444
225835
226065
226533
226717
227013
227635
227742
230425
231464
232656
232931
233595
233635
234425
234701
234751
235442
235862
236063
236567
237380
238339
238395
239802
240196
240506
241045
241386
241572
241575
241576
241653
242341
242574
242832
242834
242993
243544
243568
243657
244046
245918
245920
245921
245999
246286
246410
247118
247872
247881
248372
249190
249721
249738
249866
250286
250452
251690
256918
258512
259173
259216
260062
261788
261828
262107
262675
263414
265133
265220
265479
265890
265975
267015
267023
267025
267602
268649
268733
269714
269997
270272
270472
270647
270705
271929
272818
273256
274243
274474
274513
274577
275324
275460
275500
277053
277099
278409
278952
279729
281171
281284
281302
281337
281467
281508
281751
284247
284701
284861
285109
285120
285127
285142
285153
285200
285255
286096
286276
287018
287486
287571
288693
291091
291102
291419
291595
292039
292197
292297
292333
292887
294109
294507
295456
296454
296900
297200
297266
297726
297923
298400
298402
298451
299795
299883
299889
300036
300608
301484
301859
301871
302721
304466
304528
304702
305363
305380
306275
306317
308317
308911
312642
312825
312860
313601
314480
315554
317148
318260
318751
321884
322338
322382
322459
323315
324231
327443
327462
327570
329080
329133
329654
330343
331173
331317
331625
332238
334485
335811
335883
335935
336304
337019
337971
338953
339016
339705
340650
340682
340694
340793
340810
341610
342206
343028
343135
343492
343498
343997
345637
347307
347643
347795
348516
348931
349771
350199
351900
351938
351941
351968
351988
352053
353397
353809
355684
356919
357050
358290
358805
358919
360180
362899
364884
365301
365800
366018
366109
366553
367036
367807
368650
368846
369427
369666
369968
370703
371471
372092
372357
372533
373046
373082
373370
373376
374083
375382
375862
377660
377958
378338
378909
380117
381311
381322
381877
381955
382642
382774
383786
384826
385596
387246
387370
387446
387496
387623
388770
388788
389195
390016
390521
391314
391347
392624
394267
395042
395062
395635
396966
397219
397355
397378
399081
399623
399835
399992
403429
404093
406721
406987
407517
407632
407969
408608
409638
409712
410985
411221
412413
412764
414548
414788
419689
419886
420070
423937
424220
424756
425392
427938
429931
429962
430407
430548
431158
433033
433222
433415
433482
433485
433947
434303
434811
434870
434873
434907
434987
435577
435978
435994
436006
436640
437183
438376
439087
1995 SW5
1995 UV41
1995 UT53
1995 VW11
2001 SC183
2001 UC110
2003 BZ73
2003 SW310
2004 SB1
2004 TR280
2005 UQ102
2005 UT436
2005 YW246
2006 QU127
2006 RY75
2006 SG313
2006 UM139
2006 UE154
2006 UE237
2006 UC258
2006 WR36
2007 NF3
2007 YN49
2008 EH11
2008 FW136
2008 GU105
2008 NU4
2008 RW43
2008 SD86
2008 ST290
2008 TB139
2008 YU26
2011 CG25
2011 HJ11
2011 HV87
2011 JG
2011 SS255
2011 SZ259
2011 UR66
2011 UH347
2011 UH347
2012 AY2
2012 BE59
2012 BS121
2012 BV124
2012 GR26
2012 HP41
2012 PD29
2012 QN49
2012 SA9
2012 TW8
2012 TR69
2012 TP84
2012 TE214
2012 UC134
2012 VA83
2012 XT124
2013 CK166
2013 EZ106
2013 OX4
2013 TO130
2014 AA50
2014 ON343
2014 ON343
2014 US47
2014 UK79
2014 WN495
2014 YN2
2015 BF368
2015 FD343
2015 FN343
2015 KW142
2015 LX39