id
1892
5326
5474
5982
6094
9255
9698
10077
10250
12907
12946
12950
13081
13458
14295
14304
14515
15558
15917
17322
17989
19176
19625
20341
22209
23805
23960
24055
24154
24215
24575
25678
26773
27637
27639
27642
29884
29979
30654
32683
32687
33924
36580
36990
38961
39114
39926
41905
42411
46480
47762
48086
48171
48221
48354
48355
50138
52150
55596
55674
58069
64457
70742
75693
78938
79022
81505
81982
86700
96779
98642
103603
117978
117982
117986
120183
129385
145669
145670
147627
163149
167818
172928
179672
185182
257873
280277