id
17180
19346
20493
21347
21502
21508
21515
21646
21674
21753
21770
21880
21995
22477
22611
22663
23661
23669
23672
23686
23692
24011
24105
24266
24920
24932
24935
24943
24944
25108
25153
25168
25573
25641
25903
25926
26202
26210
26351
26372
26460
26468
26734
26952
26968
26969
27146
27211
27263
27400
27445
27960
27962
27964
27978
28005
28013
28256
28319
28472
28594
28809
28849
28888
29449
29472
29484
29609
29740
29788
29823
29872
29999
30009
30212
30228
30280
30359
30369
30377
30409
30516
30552
31127
31143
31150
31176
31187
31191
31263
31268
31432
31520
31584
31604
31627
31630
31645
31752
32227
32321
32443
33055
33062
33070
33174
33475
33486
33497
33498
33511
33520
33538
33552
33584
33640
33806
33847
33987
34198
34534
34582
35409
35528
35642
35774
35792
35801
35889
35966
36207
36348
36384
36597
36635
36698
36750
36999
37294
37296
37328
38377
38947
39162
39263
39740
39749
39757
39778
39781
39871
40069
40275
40277
40460
40463
40695
41115
41256
41317
41842
41946
42047
42129
42143
42370
42374
42577
42695
42851
42992
43187
43524
43577
43948
43969
44021
44212
44274
44427
44503
44763
44854
44861
44904
44950
44996
45028
45033
45268
45355
45415
45725
45731
45754
45881
45963
46015
46028
46058
46061
46073
46091
46185
46257
46301
46357
46692
46696
46701
46886
46895
47239
47381
47573
48138
48162
48183
48310
48783
48788
48809
49123
49201
49343
49382
49507
49962
50032
50121
50213
50325
50408
50549
50595
50694
51056
51176
51529
51653
51674
51685
51717
51754
51794
51819
51917
51939
52573
52575
52577
52580
52583
52584
52597
52608
52612
52613
52620
52626
52644
52652
53194
53218
53300
53363
53483
53587
53779
53895
53915
53964
54044
54063
54174
54205
54261
54265
54322
54430
54768
54865
54964
54981
54999
55016
55055
55076
55085
55165
55195
55414
55468
55479
55885
55888
55898
56136
56138
56154
56209
56254
56260
56273
56329
56633
56664
57079
57208
57258
57277
57319
57329
57388
57401
57436
57437
57441
57487
57495
57514
57518
57539
57645
57669
57791
58005
58047
58520
58597
58619
58673
58696
58901
58948
59113
59256
59268
59273
59314
59393
59438
59457
59559
60194
60283
60325
60358
60447
60686
60698
60841
61046
61277
61317
61464
61588
61800
62209
62355
62462
62788
63276
63397
63672
63925
63937
63959
63976
64223
64236
64266
64442
64462
64495
64547
64593
64643
64680
64690
64978
65406
65846
65847
65856
65885
66059
66416
66482
66502
66506
66517
66532
66577
66584
66668
66677
66785
66932
67734
68437
68463
68502
68533
68594
68720
68993
69146
69498
69503
69508
69530
69539
69540
69545
69562
69568
69819
70409
70438
70445
70455
70503
70568
70612
70662
70674
70781
70931
71071
71145
71244
71383
72107
72175
72282
72307
72318
72323
72406
72491
72527
72548
72638
72912
73127
73346
73522
73908
73914
73918
73927
73940
74198
74223
74846
75300
75425
75556
75615
75817
75926
75958
76121
76658
77018
77038
77081
77098
77305
77317
77400
77448
77460
77483
77502
77559
77781
77880
78143
78661
78699
78968
78969
79385
79436
79440
79875
79957
79959
80239
80425
80932
80933
80994
81025
81031
81061
81077
81098
81299
81310
81359
81375
81451
81467
81514
81592
81616
81626
81662
81739
81742
81814
81903
82413
82881
82914
83795
84030
84174
84192
84214
84251
84517
84677
84754
84892
84952
85496
85507
85532
85542
85552
85568
85921
86056
86519
87044
87071
87079
87223
87283
87340
87498
88081
88164
88166
88377
88451
88488
88492
88550
88658
88761
88875
89014
89040
89089
89127
89237
89238
89253
89280
89332
89350
89352
89705
90094
90126
90203
90210
90510
90891
90899
90969
90985
91453
91595
91670
92257
92553
92688
92806
93331
93949
94573
94706
94728
94746
94776
94799
94803
94847
94957
94996
95166
95263
95898
96321
96333
96340
96436
96789
96897
97987
98306
98604
98619
98814
98864
98911
98917
99313
99427
99628
100513
100526
100550
100560
100566
100570
100608
100627
100635
100646
100650
100652
100654
100657
100662
100726
101079
101288
101699
101730
101796
101970
102281
103031
103177
103445
103884
104004
104153
104495
105013
105052
105985
107042
107060
107207
107321
107652
107699
108241
108291
108432
108461
108468
108599
108754
108776
108920
109027
109649
109654
109764
109894
109905
110116
110120
110122
110127
110267
110304
110331
110361
110368
110369
110470
110483
110517
110554
110559
110606
110626
110673
110764
110767
110769
110858
110996
111039
111062
111086
111208
111636
112422
112481
112625
112689
112827
112831
112940
113075
113083
113405
113541
113715
114170
114285
114504
114874
114902
115535
115767
115805
115835
116011
116451
116525
116584
116613
116707
117056
117197
117282
117529
117613
118232
118830
118903
119220
119279
119431
119488
119489
119568
119658
120723
120749
120758
120803
120806
120912
122268
122909
123570
123641
123733
123738
124385
124587
124809
125143
125146
125244
125274
125370
125407
125424
125506
125528
125583
125910
126308
126969
126977
127052
127196
127345
127665
127911
128070
128130
128665
128803
128905
129232
129570
131056
131070
131120
131170
131185
131913
131915
132289
132645
132761
132980
133581
133654
133673
133788
134058
134204
134244
134245
134261
134398
134498
134914
134987
135004
135025
135053
135670
135688
135803
135843
136058
136811
136824
136827
136837
137102
137902
137983
138513
138580
138932
139136
139209
139342
139369
139374
139395
139415
139468
139479
139514
139558
139783
139876
139937
139949
139963
139984
139996
140052
140439
140847
140920
142498
142575
142651
142817
142950
142971
143357
143364
143555
143863
143926
143993
144094
144349
144550
144668
144688
144695
144746
144799
144948
145005
145403
145562
145775
146090
146393
146418
146443
146452
146474
146477
146490
146597
146667
147384
147881
147907
148051
148620
148721
148781
149404
149735
150920
151019
151041
151231
151741
151757
151778
151780
152431
152644
153530
153584
153644
153675
153718
153781
153815
153928
153962
154583
155857
156118
156224
156320
156330
156386
156713
156904
157004
158325
158402
158622
158736
158826
159003
159344
159573
159676
160289
160464
161194
161777
162086
162238
162376
162847
163601
163954
164052
164063
164237
164322
164674
164682
164684
164698
164724
165414
165532
165534
165562
166222
167100
167315
167903
167919
167987
168147
169886
170537
170604
170677
170948
171042
171357
171363
171380
171595
171883
172311
172604
173623
173673
173680
174022
174458
174868
174937
175162
175993
176013
176353
176455
176503
177014
177324
178062
178075
178170
178369
178373
178382
178385
178386
178839
179253
179814
179942
180038
180452
180454
180521
180648
181449
181453
181565
182412
182579
183216
183464
183883
183909
184313
185061
185143
185186
185217
185288
185696
185697
186089
186584
186798
186827
186907
187552
188187
188895
190037
190238
190382
190658
190940
191536
191869
192187
192400
192402
192413
193617
193619
193724
194572
194590
194644
194697
194721
194725
195521
195629
195650
196072
196080
196301
196377
196378
196571
196930
197480
197519
197568
198675
199175
199306
199399
199436
199539
199708
199988
200007
200124
200129
200139
200141
200247
200264
200509
201088
201293
201920
202047
202260
202330
202590
202592
203227
203553
203724
204447
204767
204863
204919
205188
205379
205392
205429
206089
206155
206591
207205
207242
207541
207602
208148
208296
209323
209783
210118
210494
210605
211728
212010
212257
213690
214714
215810
215906
215925
216189
216205
216485
216729
217272
217925
218285
219069
219436
219540
219637
220030
220274
220549
221162
221392
222315
222464
222532
222641
223104
223603
223760
224292
224491
225764
225865
226323
226386
227265
227614
227917
228519
228950
229087
229388
229508
229609
230291
230403
231278
231747
232019
232485
232733
233317
233444
233630
233959
234072
234761
235209
235265
235305
235688
235953
236445
236510
236582
237062
237410
237443
238039
238162
238495
238965
239168
239811
240082
240165
240216
240641
240954
242045
242113
243335
243527
243883
244247
244421
244550
244607
244953
245054
245240
245323
246898
247075
248256
248732
248754
248839
248883
248893
249192
249206
249825
249844
250220
251038
251096
251125
251132
251149
251254
251283
252247
252268
252300
252655
253031
253198
253892
253911
255860
255863
256137
256144
256162
256188
256194
256312
256776
256836
256948
256978
257521
257780
258047
258198
258275
258316
258793
258942
259268
260595
260635
262268
262419
262699
263481
263964
264779
265659
265877
266608
267035
267037
267316
268387
268616
268879
269478
269769
270010
271832
272926
274029
275173
275710
275825
276143
276167
276315
276704
276981
277596
277967
278122
278837
279558
280589
280830
280893
280926
281347
281463
282264
282271
282389
282773
282983
283036
283326
283328
284278
284298
284350
284378
285221
285226
285524
285845
286589
287015
287075
288143
288438
288962
289367
289563
289945
290184
291310
291328
291420
291477
291591
291640
291967
292521
292530
292696
292763
292853
293231
293458
294004
294850
295067
295138
295379
295567
295595
295658
295874
296023
296394
297838
298017
298251
298274
298374
299024
299115
300747
300858
300927
301940
302124
302285
302987
303490
303494
303531
303618
304216
304962
305270
307708
307740
308839
308841
309176
309880
310365
311049
311194
311645
311716
311731
311746
311915
312057
312579
313503
313858
314199
316774
317336
317366
317407
317864
318062
318468
318660
318885
319672
319765
319804
319817
319899
320647
320864
321160
321556
321897
321998
322325
322861
323861
325846
325902
326408
326580
327825
328355
330358
330483
330681
331480
333021
333439
333667
333870
333876
334308
334491
334826
336635
337056
337856
338573
339308
341062
341120
341160
342062
342241
342508
343449
343835
344018
344975
345456
346387
346616
346655
347053
347912
348374
348960
349217
349313
349600
351008
351395
352939
352970
354161
354246
354324
354607
355483
357127
358242
358342
358958
359434
359547
360752
361190
361215
362446
363023
364371
364439
365012
365204
366385
367317
367896
368233
368578
368592
369846
369981
371249
371879
372231
372310
372475
373410
373413
374315
377265
377418
377642
378331
379321
379968
380654
384577
385861
386411
386795
386945
387208
387503
388213
389420
389480
389876
390486
391840
392355
392923
393000
393009
393549
395506
396478
397377
398442
399074
399577
400052
400404
400582
400676
401448
401605
401822
402647
404186
408687
411213
411440
411686
411881
412333
412481
414828
414939
415189
415410
417243
418537
419824
419989
420166
420175
420196
420547
420900
421492
422900
423691
424849
426463
427102
428675
428697
430956
431088
432365
434744
435068
435328
436310
436516
436858
437044
438852
439527
1997 WW
2001 SG100
2002 PM190
2002 QC99
2002 TO123
2005 QS123
2005 TJ108
2005 YL59
2005 YZ270
2006 DJ33
2006 DF92
2006 DC211
2006 JN77
2006 RW54
2006 SW44
2006 UU25
2006 UC86
2006 UP155
2006 VW5
2006 VM55
2007 DJ111
2007 PZ12
2007 UO27
2007 VB53
2008 AO2
2008 JO11
2008 UM103
2008 UW178
2008 UW350
2009 BO60
2009 DK68
2010 DQ43
2010 EB138
2010 FX48
2010 JU45
2010 JG78
2010 TX173
2010 UX78
2010 UH93
2010 VK184
2011 UN28
2011 UW39
2011 UD247
2011 UA133
2011 UD407
2011 UD247
2012 DT4
2012 DA90
2012 QA49
2012 RG17
2012 SU16
2012 WL7
2012 XL45
2013 CQ92
2013 ES20
2013 HU20
2013 JQ35
2013 QS16
2013 QP80
2013 RK87
2013 YS58
2013 YV58
2013 YE91
2013 YP115
2013 YG144
2014 CT3
2014 DM38
2014 DF67
2014 DM77
2014 HQ1
2014 JZ74
2014 KF67
2014 NV17
2014 OY14
2014 OJ194
2014 OQ212
2014 PB55
2014 QD378
2014 QL380
2014 QE130
2014 RW44
2014 SP155
2014 UC35
2014 UZ174
2014 UG198
2015 BW436
2015 BX261
2015 FK276
2015 GQ41
2015 MH97
2015 NP12