id
5246
6847
8355
12082
13989
14033
14319
14857
15490
15958
16635
18044
18321
19186
19952
20453
20630
21183
21632
22141
22303
22881
24626
24655
24967
25001
25547
25760
26124
26589
27815
30093
30555
30853
32629
34506
34892
35054
35141
35509
37576
40144
41199
41898
42144
42720
42768
43645
43750
43782
46439
47015
47371
47883
48714
53740
53802
55569
55619
55748
57049
58330
59922
62463
64676
66269
66556
66886
67856
68134
68303
69789
70171
73734
74428
74469
78009
78708
78946
79962
82189
83970
84892
85583
89908
91099
92170
93750
96514
96614
97482
101926
106989
112694
115032
121009
121794
123590
128121
135106
135929
136914
137014
137444
138597
138721
138932
140066
141345
145294
148371
154264
155884
156677
162256
180789
187799
189765
193234
197350
209281
218074
254425
2010 BH14
2010 BG39
2010 BF87
2010 BL108
2010 CQ196
2010 CB209
2010 CD225
2010 EO154
2010 FP59
2010 FV105
2010 HJ89
2010 JA1
2010 JY52
2010 JE64
2010 JN95
2010 KM89
2010 LZ21
2010 LO94
2010 LS96
2010 LQ124
2010 MV24
2010 MA39
2010 MS50
2010 NZ9
2010 NY76
2010 NR115
2013 BY44