id
52419
61559
62104
63560
67543
67571
67667
72087
72390
72526
73754
77154
78129
79273
80175
80201
80209
80827
82096
84228
85297
85670
86486
86497
86851
88297
88757
90788
90793
90915
90946
92319
92321
92334
92352
94400
94815
94830
95025
96012
96110
96249
97752
99410
100201
100216
100284
100343
100507
100571
100747
101059
102276
103168
104515
104625
104935
105217
105223
105292
105607
105763
105841
106162
107051
107315
108079
108288
108307
108336
108447
110034
111835
111990
111997
112078
112501
112670
112680
112705
112797
112963
113097
113494
113552
113616
113734
114090
114410
115164
115397
116642
117301
117611
117684
117915
117999
118049
118189
119050
119065
119115
119118
119122
119125
119213
119283
119351
120042
120270
120281
120289
120301
120354
120369
120398
120422
120441
120526
120532
120534
120695
120742
120947
121025
121888
121922
122006
122044
122066
122077
122145
122182
122212
122362
122744
124104
124236
124256
124320
124335
124406
124414
124439
124472
124484
124485
124534
124544
124577
124585
124613
124660
124686
124698
124728
124790
124912
124942
124955
125124
125271
125352
125381
125450
125461
125483
125533
125782
125805
125837
125849
127310
127447
127467
127648
127721
127755
127766
127850
127901
128327
128374
128643
128667
128668
128687
128805
128901
129243
129372
129395
129475
129514
129584
129801
130501
130523
130834
131497
131525
131527
131540
131541
131543
131569
131589
131674
131741
131786
131795
131800
131886
131889
132067
132080
132283
133046
133053
133064
133106
133212
133370
133456
133906
133916
134005
134320
134336
134338
134579
134586
134589
134627
134694
134769
134883
135001
135549
135597
135603
135632
135633
135640
136129
136141
136159
136247
136431
136676
136686
136711
136723
136888
136894
136972
137029
137226
137227
137246
137250
137302
137332
137374
137433
137437
137497
137524
137525
137536
137541
137546
137588
137632
137729
137918
138017
138197
138998
139236
140169
140209
141477
141505
141512
141578
141588
141589
141591
141603
141626
141633
141641
141657
141665
141666
141672
141674
141692
141694
141717
141723
141766
141783
141792
141794
141799
141814
141818
141822
141875
141932
141964
142021
142059
142113
142151
142222
142242
142325
142336
142347
142363
142409
142451
142620
143653
143657
143659
143663
143668
143672
143676
143681
143684
143700
143709
143714
143772
143792
143920
143933
144001
144096
144151
144390
144400
144520
144647
144936
144977
144987
144996
145013
145017
145157
145185
145200
145461
145504
145569
145676
145688
145758
145825
145830
145874
145901
145914
145925
145930
145935
145955
146020
146030
146295
146304
146983
146998
147008
147023
147034
147036
147044
147072
147073
147437
147695
147883
147896
147918
147936
147937
147941
147946
147974
148058
148115
148123
148150
148151
148179
148492
149187
149190
149208
149230
149234
149249
149268
149304
149575
149599
149611
149641
149650
149828
150051
150063
150083
150126
150192
150209
150217
150664
150679
150697
150729
150733
150765
150793
151579
151584
151635
151649
151882
151932
151933
151942
151980
151983
152150
152173
152266
152571
152591
152609
152631
152639
152700
152705
152723
152849
152935
152957
152992
153080
153307
153308
153335
153336
153388
153389
153395
153519
153521
153538
153554
153579
153741
154261
154270
154288
154310
154314
154326
154336
154343
154380
154392
154397
154428
154430
154669
154674
154702
154742
154995
155024
155035
155047
155075
155095
155479
155481
155634
155641
155929
156092
156111
156157
156209
156285
156319
156702
156715
156721
156724
156747
156749
156757
156772
157090
157092
157098
157129
157142
157156
157499
157644
157673
157847
157967
157972
157981
157993
158009
158012
158180
158202
158225
158260
158264
158297
158329
158357
158605
158610
158612
158632
158833
158858
158868
158875
158916
158931
158937
158941
158979
159051
159173
159185
159457
159464
159538
159559
159581
159603
159743
159867
159871
159893
159930
159980
160003
160027
160081
160176
160177
160310
160408
160409
160672
160692
160703
160785
160907
161084
161202
161237
161249
161510
161517
161525
161531
161611
161640
161755
161760
161795
161796
161914
161933
161941
162055
162163
162509
162529
162548
162571
162573
162584
162596
162607
162626
162631
162656
162660
162668
162676
162712
162738
162750
162840
163064
163104
163137
163706
163710
163736
164245
164246
164252
164257
164270
164288
164316
164411
164438
164472
164578
164595
164632
164666
164710
164854
164860
165143
165147
165154
165155
165157
165165
165168
165190
165198
165206
165228
165245
165248
165291
165292
165321
165457
165875
165958
166098
166208
166878
166921
166928
166938
166945
166951
166963
166969
167004
167026
167027
167058
167065
167075
167112
167125
167730
167766
167768
167806
167882
168046
168055
168070
168075
168084
168129
168136
168209
168293
168294
168302
168311
168476
168489
168723
168775
168788
168789
168792
168795
168797
168801
168822
168829
168846
168878
168929
169384
169490
169493
169543
170188
170199
170207
170240
170252
170263
170301
170307
170889
170894
170896
170904
170910
170940
170998
171262
171266
171269
171271
171275
171287
171303
171306
171324
171336
171428
171458
171466
171492
171530
171545
171589
171666
171672
171680
171691
171709
171713
171755
171763
171771
171775
172082
172097
172422
172432
172437
172449
172479
172517
172522
172523
172526
172536
172821
172822
172838
172852
172861
172882
173030
173105
173128
173157
173159
173168
173177
173251
173258
173262
173285
173301
173469
173473
173495
173574
173587
173619
173624
174055
174070
174104
174109
174118
174162
174188
174579
174627
174636
174639
174649
174650
174662
174750
174787
175123
175128
175135
175248
175405
175406
175431
175639
175649
175650
175735
175756
175792
175808
175827
175846
175878
176006
176010
176018
176044
176062
176156
176610
176620
176627
176646
176660
176674
176714
176770
177137
177138
177140
177152
177162
177173
177188
177257
177305
177328
177431
177653
177706
177728
177782
177957
177960
177966
177982
177998
178055
178145
178278
178280
178337
178409
178412
178456
178461
178482
178496
178502
178510
178532
178553
178573
178576
178579
178765
178790
178793
178799
178859
179227
179417
179592
179607
179624
179643
179644
179658
179662
179692
179704
179709
179751
179766
179785
179794
179797
179800
180189
180201
180216
180217
180228
180229
180232
180263
180277
180279
180281
180352
180356
180365
180376
180377
180379
180424
180807
180814
180845
180846
180847
180850
180882
180908
180934
180947
181003
181101
181293
181299
181313
181315
181333
181339
181341
181354
181366
181377
181511
181655
181677
181678
181735
181737
181770
181784
181812
181854
181881
181890
181895
181908
181926
181934
181945
181949
181957
181967
181969
181970
181980
181994
181996
181999
182005
182028
182097
182250
182278
182348
182455
182937
182965
182970
182973
182983
182984
182990
182998
183003
183011
183019
183031
183076
183101
183108
183116
183166
183168
183201
183205
183210
183236
183307
183312
183328
183346
183446
183568
183570
183588
183594
183608
183610
183617
183618
183620
183623
183625
183626
183641
183643
183646
183651
183696
183716
183733
183783
183788
183859
183941
184272
184281
184312
184333
184336
184362
184366
184375
184393
184430
184460
184461
184464
184479
184543
184582
184736
185003
185022
185026
185029
185054
185117
185133
185238
185252
185260
185266
185358
185516
185617
185729
185730
185753
185771
185805
185833
185863
185870
185966
186000
186022
186036
186042
186396
186397
186413
186420
186422
186423
186445
186459
186496
186514
186553
186651
186655
186673
186702
186704
186709
186746
186758
186768
186812
187051
187054
187055
187059
187063
187066
187068
187071
187089
187091
187099
187102
187160
187170
187176
187481
187483
187500
187558
187576
187587
187679
187680
187716
187744
187771
187772
187840
187855
187943
187960
187962
187968
187996
188011
188023
188195
188197
188201
188204
188215
188216
188218
188237
188338
188365
188404
188440
188576
188582
188598
188605
188606
188614
188635
188674
188676
188687
188766
188859
188872
188987
189002
189085
189164
189180
189226
189438
189444
189626
189646
189671
189719
189982
189998
190004
190132
190147
190148
190153
190162
190165
190168
190171
190183
190279
190330
190334
190336
190340
190493
190568
190582
190739
190742
190750
190781
190784
190786
190823
190825
190845
190847
190869
190906
190909
190920
190924
190957
191030
191032
191236
191254
191591
191604
191607
191612
191632
191643
191942
191943
191947
191948
191953
191956
191957
191996
192172
192264
192279
192296
192358
192364
192449
192524
192527
192530
192536
192537
192538
192540
192542
192544
192578
192583
192955
193008
193070
193073
193096
193099
193103
193123
193146
193150
193157
193165
193180
193182
193183
193184
193201
193206
193216
193227
193253
193403
193768
193770
193778
193781
193783
193784
193787
193792
193799
193802
193805
193806
193808
193809
193827
193832
193837
193848
193867
193872
193873
193875
193876
193885
193891
193903
193909
193919
193929
193965
193966
193970
193971
193978
193981
193989
193994
194015
194025
194026
194046
194063
194068
194090
194092
194099
194148
194156
194176
194188
194191
194197
194209
194221
194258
194260
194265
194297
194299
194307
194322
194346
194358
194375
194407
194427
194434
194438
194453
194465
194481
194489
194492
194539
194552
194569
194603
194610
194613
194617
194624
194635
194651
194726
194728
194730
194731
194748
194768
194811
194832
194922
195018
195139
196187
196213
196219
196242
196248
196313
196942
197229
197498
197502
197514
197523
197538
197560
197562
197567
197570
197578
197581
197583
197587
197591
197596
197598
197613
197635
197652
197655
197670
197673
197694
197695
197707
197713
197721
197724
197726
197736
197741
197752
197755
197759
197771
197779
197809
197810
197828
197835
197844
197853
197862
197899
197913
197914
197917
197918
197933
197939
197971
197981
198042
198190
198859
198862
198919
198922
198932
198970
199009
199014
199045
199061
199075
199080
199097
199104
199123
199133
199208
199374
199431
199489
199807
199812
199819
199837
199853
199855
199858
199875
199886
199994
200004
200048
200323
200338
200354
200366
200384
200386
200566
200569
200587
200590
200593
200608
200616
200619
200627
200628
200644
200645
200687
200692
200693
200700
200702
200718
200726
200741
200748
200791
200792
200794
200795
200808
200845
200855
200856
200912
200927
200950
200956
200990
201029
201059
201116
201439
201449
201466
201488
201902
201943
201953
201970
201972
201973
201977
201979
201980
201983
201987
201992
202008
202013
202027
202037
202072
202074
202104
202124
202426
202434
202443
202444
202451
202455
202491
202686
202694
202705
202727
202739
202787
202788
202828
202865
202897
203059
203071
203075
203078
203100
203250
203278
203280
203286
203289
203301
203317
203338
203359
203367
203376
203382
203420
203434
203456
203470
203511
203576
203581
203587
203619
203925
203936
204287
204291
204295
204306
204308
204315
204316
204317
204319
204320
204325
204338
204341
204342
204362
204372
204377
204383
204386
204405
204416
204636
204664
204737
204821
204951
204955
204967
205019
205084
205096
205106
205150
205236
205241
205250
205268
205272
205273
205277
205283
205290
205308
205312
205319
205447
205482
205550
205583
205609
205616
205623
205630
205632
205634
205649
205654
205655
205657
205663
205697
205704
205729
205742
205757
205849
205872
205887
205898
205927
206124
206326
206334
206337
206341
206346
206358
206912
206915
206919
206925
206931
206937
206943
206951
206961
206969
206976
206988
206993
207032
207062
207396
207404
207405
207414
207438
207439
207445
207446
207455
207480
207490
207655
207657
207662
207670
207671
207699
207769
207877
207977
207990
208028
208056
208187
208213
208224
208227
208234
208240
208249
208261
208503
208518
208523
208533
208545
208593
208610
208621
208629
208655
208702
209030
209034
209044
209059
209061
209069
209117
209128
209146
209176
209454
209515
209540
209550
209553
209555
209559
209567
209568
209583
209589
209591
209593
209601
209625
209929
209942
209954
209986
209997
210006
210037
210207
210208
210221
210227
210243
210299
210313
210373
210459
210523
210555
210556
210660
210663
210670
210673
210690
210691
210699
210700
210706
210736
210739
210794
210889
210995
211037
211040
211047
211080
211091
211093
211094
211095
211096
211133
211148
211172
211193
211201
211223
211316
211390
211500
211502
211512
211528
211530
211545
211563
211565
211579
211581
211594
211663
211838
211860
211910
211913
211926
211928
211936
211968
212362
212364
212370
212374
212386
212388
212403
212410
212421
212427
212431
212432
212485
212510
212688
212700
212725
212726
212734
212736
212769
212819
212897
213010
213015
213040
213071
213072
213080
213082
213083
213170
213178
213179
213218
213266
213639
213648
213657
213685
213716
213814
213850
213876
213879
213916
214092
214107
214148
214262
214287
214519
214524
214527
214533
214534
214556
214574
214579
214589
214613
214873
214875
214877
214879
214880
214919
215004
215075
215091
215137
215157
215215
215225
215398
215405
215408
215594
215596
215611
215616
215617
215625
215635
215644
215678
215679
215827
215828
215854
215874
215914
215965
216031
216041
216050
216063
216071
216078
216080
216114
216259
216422
216435
216477
216483
216484
216498
216508
216512
216515
216528
216543
216600
216617
216651
216695
216705
216725
216754
216774
216792
216831
216901
216911
216914
216929
216936
217134
217142
217143
217159
217178
217179
217180
217181
217186
217199
217304
217365
217398
217399
217506
217511
217515
217520
217528
217559
217610
217627
217633
217669
217673
217684
217688
217714
217725
217727
217748
217851
217915
218091
218096
218102
218118
218126
218131
218148
218156
218160
218166
218176
218196
218208
218216
218311
218312
218318
218485
218556
218568
218578
218583
218598
218821
218838
218839
218845
218851
218860
218907
218928
219018
219101
219114
219126
219153
219164
219181
219186
219189
219199
219228
219246
219251
219252
219266
219307
219402
219465
219491
219509
219512
219528
219570
219573
219580
219686
219721
219775
219984
219996
220022
220026
220028
220034
220039
220040
220063
220064
220065
220068
220079
220080
220081
220104
220109
220142
220150
220192
220193
220202
220216
220232
220234
220256
220447
220459
220469
220509
220566
220883
220916
220917
220918
220938
220940
220943
220947
220952
220961
220966
221004
221017
221376
221520
221522
221524
221532
221535
221552
221555
221563
221583
221585
221625
221632
221733
221792
221796
221804
221830
221831
221834
221839
221923
221941
221989
222014
222028
222029
222031
222035
222044
222045
222046
222050
222082
222088
222092
222106
222124
222130
222146
222158
222510
222512
222542
222593
222932
222934
222935
222941
222946
222957
222964
222965
222968
222978
222986
222988
222989
222994
223000
223017
223020
223045
223048
223062
223064
223069
223071
223091
223092
223101
223106
223108
223117
223120
223123
223146
223152
223167
223174
223193
223231
223387
223488
223516
223566
223613
223890
224010
224015
224025
224027
224029
224043
224048
224052
224056
224058
224070
224079
224107
224108
224114
224131
224148
224163
224190
224193
224201
224254
224786
224787
224814
224815
224816
224819
224822
224834
224854
224857
224858
224871
224887
225092
225108
225255
225256
225266
225273
225286
225317
225340
225344
225386
225411
225434
225489
225639
225644
225677
225682
225685
225686
225691
225739
225744
225771
225776
226089
226092
226096
226102
226103
226114
226127
226130
226135
226139
226159
226161
226173
226179
226190
226215
226256
226297
226327
226594
226606
226615
227028
227034
227069
227070
227071
227073
227090
227092
227094
227100
227105
227128
227136
227142
227146
227148
227149
227156
227176
227181
227184
227192
227194
227195
227201
227205
227219
227220
227222
227229
227276
227322
227440
227765
227774
227777
227797
227800
227819
227870
227891
227898
228014
228018
228041
228063
228146
228149
228166
228168
228175
228186
228234
228243
228265
228270
228281
228424
228432
228444
228452
228470
228475
228489
228506
228510
228511
228524
228598
228691
228733
228740
228748
228752
228761
228767
228784
228809
228859
229028
229040
229051
229058
229074
229317
229319
229333
229341
229343
229354
229373
229437
229441
229489
229494
229615
229700
229713
229765
229841
229913
229938
229941
229947
230013
230023
230028
230072
230135
230139
230147
230148
230155
230157
230158
230182
230187
230199
230201
230226
230381
230480
230485
230499
230504
230536
230540
230547
230552
230553
230581
230582
230806
230860
230863
230986
231061
231065
231070
231071
231082
231102
231107
231118
231132
231137
231150
231174
231175
231180
231403
231410
231481
231482
231486
231618
231678
231689
231704
231794
231796
231832
231848
231851
231881
231987
231991
231999
232001
232031
232101
232139
232166
232331
232362
232364
232367
232399
232403
232404
232410
232416
232424
232464
232465
232737
232743
232748
232775
232781
232789
232820
233083
233090
233095
233097
233111
233120
233124
233132
233152
233163
233169
233182
233186
233488
233507
233563
233704
233804
234040
234130
234173
234202
234214
234272
234388
234409
234422
234430
234435
234454
234456
234482
234488
234492
234493
234499
234513
234525
234534
234556
234565
234587
234613
234670
234960
234971
235000
235024
235034
235068
235091
235129
235141
235296
235370
235583
235600
235609
235616
235633
235651
235677
235678
235686
235752
235807
235963
236050
236097
236115
236117
236146
236193
236203
236216
236248
236276
236289
236290
236359
236702
236720
236742
236770
236791
236902
237346
237393
237401
237406
237422
237438
237466
237482
237485
237491
237538
237540
237606
237626
237647
237680
237744
237749
237760
237800
237844
237848
237865
237884
237888
238099
238108
238118
238172
238307
238435
238436
238447
238467
238484
238506
238512
238516
238530
238822
238893
238955
239030
239047
239260
239279
239281
239284
239291
239296
239300
239319
239346
239400
239467
239523
239533
239534
239831
239872
239907
239967
239970
239975
239998
240009
240054
240062
240145
240148
240254
240287
240314
240322
240323
240329
240337
240339
240342
240346
240374
240442
240551
240564
240567
240568
240575
240579
240588
240597
240603
240770
240805
240846
240854
240917
241098
241115
241117
241121
241125
241127
241130
241146
241162
241165
241179
241378
241403
241468
241711
241728
241736
241771
241878
241912
242009
242038
242064
242102
242104
242165
242221
242237
242252
242528
242650
242653
242774
242793
242805
242807
242821
242831
243052
243053
243099
243158
243163
243169
243177
243391
243439
243491
243541
243613
243665
243709
243725
243730
243739
243745
243758
243759
243773
243782
243794
243797
243803
243805
243810
243818
243879
243986
243994
244023
244058
244087
244180
244189
244248
244329
244347
244553
244669
244691
244696
244707
244714
244718
244721
244730
244752
244778
244794
244813
244827
244964
244985
245123
245127
245129
245136
245141
245156
245223
245265
245473
245571
245575
245645
245686
245708
245728
245743
245748
245763
245812
246095
246106
246126
246148
246157
246159
246177
246199
246204
246227
246245
246258
246306
246427
246537
246540
246863
246880
246914
246959
247084
247086
247088
247110
247137
247143
247242
247246
247353
247457
247497
247513
247532
247569
247573
247622
247631
247733
247741
247751
247768
247769
247770
247783
247791
247796
247797
247798
247805
247808
247831
247865
247866
247871
247873
247874
247875
247884
247888
247968
248178
248498
248527
248566
248598
248600
248628
248630
248633
248643
248646
248654
248673
248684
248723
248822
249011
249031
249037
249051
249078
249129
249184
249204
249380
249599
249601
249611
249661
249662
249673
249682
249711
249715
249716
249720
249729
249731
249732
249740
249743
249745
249747
249752
249753
249771
249782
250023
250097
250106
250117
250119
250120
250155
250202
250215
250277
250287
250290
250292
250298
250301
250304
250309
250313
250320
250325
250329
250330
250331
250334
250339
250342
250351
250389
250399
250403
250409
250411
250419
250429
250438
250446
250447
250579
250588
250622
250954
250964
250965
250983
251012
251019
251025
251028
251097
251134
251350
251369
251382
251435
251499
251551
251557
251595
251651
251683
251727
251737
251764
251768
251776
251778
251793
251818
251822
251853
251923
251939
251945
251951
252057
252058
252062
252063
252064
252075
252078
252115
252707
252719
252731
252750
252755
252771
252804
252820
252822
252851
252884
252898
252934
252961
252964
252965
252978
252989
253011
253013
253064
253104
253151
253154
253230
253263
253273
253394
253399
253407
253411
253434
253435
253437
253440
253457
253468
253483
253494
253512
253519
253520
253529
253539
253544
253561
253565
253587
253592
253594
253596
253610
253611
253614
253616
253621
253623
253629
253630
253631
253633
253642
253653
253654
253662
253664
253674
253676
253700
253701
253704
253750
253772
253783
253793
253796
253797
253805
253824
253830
253840
253886
253969
254042
254107
254238
254449
254460
254475
254483
254486
254493
255338
255353
255534
255536
255553
255556
255558
255566
255583
255589
255592
255596
255602
255618
255621
255637
255642
255658
255661
255679
255681
255722
255730
255744
255746
255752
255766
255797
255798
255819
255901
256195
256551
256568
256578
256625
256646
256654
256662
256707
256708
256840
257017
257253
257260
257262
257273
257280
257282
257310
257345
257348
257529
257586
257613
257622
257632
257644
257654
257663
257664
257668
257751
257790
257793
257858
257869
257883
257895
257911
257914
257974
258019
258031
258032
258151
258590
258696
258709
258719
258740
258741
258754
258769
258814
258816
258821
258826
258831
258842
258875
258882
258904
258922
258924
258925
258933
258934
258956
258966
258969
258973
258988
258990
259022
259097
259118
259196
259211
259390
259398
259410
259418
259422
259428
259433
259504
259521
259522
259526
259531
259535
259537
259546
259549
259550
259554
259590
259605
259638
259641
259662
259665
259682
259690
259695
259708
259718
259910
259963
259970
260427
260508
260557
260571
260600
260667
260719
260775
260815
261591
261695
261826
261877
261882
261891
261902
261903
261917
261924
261941
261949
261955
261973
261986
261996
262020
262027
262056
262081
262102
262104
262120
262134
262139
262143
262156
262173
262185
262197
262229
262230
262271
262312
262542
263090
263117
263126
263160
263196
263204
263447
263489
263846
263852
263861
263908
263975
263977
263981
264002
264213
264220
264248
264262
264290
264316
264318
264319
264325
264343
264385
264386
264467
264468
264479
264490
264496
264499
264507
264524
264550
264577
264747
264793
264818
264824
264839
264852
264854
264857
264888
264894
264895
264905
264910
264916
264938
264942
264976
264979
264981
264999
265085
265138
265148
265163
265165
265186
265229
265231
265236
265287
265334
265488
265510
265522
265526
265529
265553
265568
265569
265652
266085
266088
266102
266123
266134
266139
266150
266173
266242
266244
266314
266494
266524
266542
266568
266680
266688
266702
266721
266734
266951
266958
266975
267024
267054
267068
267074
267083
267104
267107
267225
267244
267254
267259
267278
267283
267288
267301
267308
267509
267598
267604
267607
267617
267663
267664
267666
267669
267670
267684
267685
267690
267702
267870
267879
267885
267899
267917
267918
267973
267984
268008
268068
268114
268252
268260
268292
268336
268380
268738
268753
268818
268873
269147
269156
269163
269164
269167
269171
269172
269176
269219
269380
269395
269466
269470
269642
269679
269715
269731
269805
269812
269842
269855
269895
269984
270045
270063
270067
270068
270082
270087
270114
270116
270121
270141
270150
270163
270167
270173
270184
270190
270200
270208
270210
270213
270218
270249
270254
270267
270268
270280
270283
270302
270347
270368
270373
270382
270405
270646
270691
270740
270750
270752
270757
270758
270790
270824
270832
270843
270878
270879
270880
270888
270895
270945
270951
270952
270953
270963
270964
270979
271004
271007
271008
271012
271019
271043
271126
271346
271349
271382
271396
271399
271407
271409
271450
271465
271504
271510
271547
271581
271611
271629
271729
272129
272132
272188
272206
272216
272234
272255
272266
272269
272270
272298
272299
272302
272303
272305
272313
272316
272328
272339
272341
272342
272343
272357
272375
272391
272403
272416
272421
272533
272554
272562
272563
272564
272604
272613
272677
272727
272730
273185
273286
273300
273331
273338
273399
273455
273599
273612
273626
273666
273712
274053
274055
274070
274085
274087
274092
274100
274109
274146
274217
274456
274571
274826
274901
274980
274984
274992
275004
275020
275074
275097
275152
275212
275658
275660
275722
275761
275766
275768
275816
275821
275824
275838
275861
275885
275901
275970
275991
276184
276233
276235
276236
276239
276247
276248
276282
276288
276291
276292
276321
276322
276365
276373
276376
276402
276423
276443
276470
276528
276562
276675
276712
276730
276753
276756
276774
276775
276777
276787
276806
276823
276832
276949
277081
277147
277173
277187
277190
277196
277200
277205
277228
277229
277239
277277
277304
277311
277313
277317
277326
277335
277344
277348
277420
277463
277489
277508
277940
277949
278060
278066
278104
278152
278242
278405
278500
278513
278533
278538
278554
278567
278594
278600
278602
278749
279066
279121
279122
279132
279137
279160
279232
279234
279426
279571
279632
279729
279730
279889
279897
279903
279907
279923
279970
279977
280010
280020
280035
280037
280039
280223
280474
280479
280482
280484
280492
280494
280497
280505
280520
280523
280526
280540
280553
280755
280757
280775
280818
280821
280839
280861
280889
280895
280899
280906
281126
281161
281207
281254
281377
281395
281402
281405
281409
281428
281430
281440
281511
281762
281768
281848
281884
281960
281993
282088
282092
282097
282098
282134
282207
282222
282360
282376
282418
282467
282481
282487
282495
282502
282503
282516
282524
282532
282547
282632
282645
282721
282790
282870
282880
282924
283059
283099
283101
283218
283321
283338
283339
283355
283375
283385
283388
283409
283410
283437
283440
283467
283491
283492
283493
283495
283624
283629
283647
283653
283755
283774
283782
283795
283826
283939
283960
283966
283972
283983
283996
284004
284007
284020
284070
284073
284428
284435
284481
284490
284500
284503
284508
284539
284683
284695
284696
284898
285077
285143
285284
285325
285358
285373
285376
285485
285546
285579
285593
285620
285622
285623
285624
285626
285639
285653
285654
285655
285667
285669
285688
285689
285695
285705
285708
285714
285719
285744
285855
285967
285995
286026
286085
286090
286125
286129
286164
286169
286271
286281
286283
286353
286403
286429
286431
286505
286511
286531
286656
286712
286725
286740
286769
286773
286805
286817
286818
286838
286866
286886
286971
286975
287080
287085
287102
287208
287286
287296
287315
287363
287418
287447
287470
287523
287653
287666
287671
287677
287684
287701
287717
287726
287731
287737
287765
287775
287784
287788
287794
287831
287850
287885
288006
288083
288089
288131
288174
288212
288242
288299
288362
288433
288473
288617
288635
288637
288644
288657
288696
288699
288706
288714
288716
288743
288795
288806
288811
288836
288848
288862
288873
288899
288984
288992
289018
289045
289051
289066
289079
289100
289123
289138
289141
289190
289193
289195
289246
289273
289481
289571
289576
289581
289614
289658
289775
289818
289834
289870
290008
290015
290067
290072
290073
290275
290585
290775
290797
290883
291031
291074
291112
291115
291125
291167
291188
291332
291443
291467
291474
291507
291573
291623
291639
291739
291772
291780
291781
291804
291821
291829
291835
291836
291850
291855
291857
291878
291879
291884
291895
291914
291915
291916
291918
291960
291962
292033
292078
292088
292166
292191
292207
292218
292219
292225
292440
292480
292546
292576
292674
292860
292871
292879
292907
292916
292976
293150
293196
293351
293384
293454
293527
293579
293606
293621
293627
293643
293646
293659
293664
293666
293686
293688
293696
293706
293744
293772
293786
293795
293802
293858
293939
293959
293997
293999
294016
294017
294024
294028
294057
294080
294116
294129
294238
294309
294474
294518
294533
294544
294584
294769
294927
294945
295001
295045
295074
295353
295774
295777
295955
295965
296008
296112
296132
296142
296176
296232
296244
296316
296369
296376
296408
296419
296467
296490
296527
296579
296612
296739
296767
296973
297018
297051
297162
297267
297291
297317
297321
297329
297333
297383
297385
297391
297398
297411
297416
297424
297425
297433
297448
297494
297501
297561
297569
297588
297595
297601
297603
297615
297620
297638
297687
297698
297703
297713
297773
297828
297853
297914
297917
298002
298154
298304
298319
298339
298371
298382
298388
298404
298434
298463
298464
298467
298507
298539
298554
298573
298770
298773
298774
298794
298799
298807
298809
298813
298837
298852
298859
298876
298879
298881
298888
298904
298908
298925
298942
298947
298960
298961
298964
298985
298988
298990
298995
299000
299009
299082
299147
299153
299178
299384
299432
299445
299446
299476
299493
299525
299633
300173
300241
300273
300315
300320
300328
300330
300456
300542
300570
300604
301050
301051
301078
301155
301163
301220
301237
301263
301308
301341
301410
301604
301607
301625
301632
301646
301826
301854
301909
301914
301986
301993
302017
302021
302028
302072
302082
302085
302090
302114
302115
302133
302167
302223
302224
302246
302375
302399
302479
302481
302739
302822
302884
302913
302927
302945
302949
302968
302990
303222
303229
303259
303275
303281
303296
303297
303299
303309
303314
303324
303326
303333
303346
303349
303357
303364
303365
303379
303419
303420
303434
303744
303943
303974
303979
303994
304047
304064
304128
304143
304646
304783
304792
304795
304796
304799
304800
304803
304804
304822
304823
304825
304828
304840
304853
304862
304877
304884
304892
304898
304923
304935
305053
305554
305570
305624
305628
305638
305649
305663
305687
305753
305777
305882
306008
306029
306031
306033
306040
306052
306079
306108
306131
306133
306160
306175
306217
306274
306281
306286
306287
306365
306404
306410
306430
306475
306493
306494
306500
306503
306512
306537
306574
306620
306621
306631
306640
306641
306645
306653
306698
306724
306728
306756
306828
306833
306851
306855
306891
306942
306944
306950
306975
306990
307022
307061
307169
307237
307408
307456
307461
307479
307568
307639
307684
307691
307699
307704
307728
307787
307826
307867
307967
307979
307997
308028
308057
308110
308111
308120
308154
308159
308182
308443
308453
308647
308666
308679
308736
308750
308772
308786
309157
309165
309178
309208
309218
309221
309223
309232
309237
309246
309259
309261
309265
309282
309283
309292
309294
309296
309326
309373
309389
309403
309483
309601
309852
309878
309911
309985
310028
310034
310197
310208
310257
310273
310287
310374
310423
310427
310443
310454
310455
310457
310468
310471
310476
310480
310487
310488
310491
310503
310518
310602
310607
310658
310679
310682
310724
310727
310735
310751
310875
310880
310884
310915
310933
310969
310987
311156
311159
311183
311190
311196
311204
311214
311216
311358
311491
311560
311573
311991
312007
312021
312026
312027
312031
312042
312044
312046
312065
312069
312076
312079
312082
312088
312103
312222
312329
312559
312647
312713
312751
312873
312964
312994
313017
313073
313074
313078
313081
313083
313089
313091
313098
313105
313145
313168
313189
313336
313341
313377
313392
313425
313438
313440
313455
313472
313497
313501
313510
313518
313605
313609
313610
313611
313612
313614
313618
313627
313629
313639
313649
313650
313662
313675
313678
313703
313710
313714
313722
313723
313737
313744
313766
313825
313838
313840
313844
313882
314026
314027
314031
314038
314043
314057
314060
314062
314150
314304
314318
314319
314431
314624
314638
314653
314656
314660
314701
315168
315183
315190
315201
315209
315253
315256
315265
315276
315292
315301
315308
315322
315334
315349
315365
315401
315595
315955
315966
315970
315980
315997
316011
316031
316074
316089
316213
316304
316576
316657
316678
316681
316696
316734
316744
316756
316760
316768
316815
316863
316864
316908
316909
316915
316916
316935
316946
316950
316970
316983
317015
317101
317129
317218
317290
317298
317308
317333
317396
317426
317427
317458
317460
317462
317478
317500
317503
317507
317530
317540
317543
317546
317560
317565
317581
317594
317677
317697
317713
317714
317716
317730
317747
317760
317777
317786
317791
317803
317824
317851
317870
317888
317903
317907
317948
318084
318142
318174
318257
318457
318490
318528
318530
318584
318616
318668
318850
318872
318922
319109
319459
319462
319475
319488
319494
319507
319516
319533
319534
319575
319588
319624
319639
319681
319701
319863
320295
320306
320324
320345
320366
320408
320427
320447
320478
320482
320552
320622
320655
320753
320776
320785
320787
320855
320862
321250
321317
321321
321355
321461
321525
321608
321669
321864
321879
321920
321925
322014
322049
322112
322125
322305
322433
322478
322608
322613
322659
322660
322742
322761
322772
322937
322955
322971
322990
323046
323062
323074
323214
323216
323241
323286
323301
323331
323365
323368
323374
323375
323386
323391
323420
323441
323467
323645
323646
323662
323704
323706
323711
323714
323722
323742
323752
323765
324047
324342
324348
324351
324360
324365
324368
324369
324375
324390
324411
324415
324436
324439
324457
324490
324532
324888
324947
324997
325006
325034
325060
325072
325161
325405
325409
325418
325423
325516
325704
325799
325814
325816
325946
326249
326294
326298
326305
326314
326334
326348
326351
326384
326505
326507
326529
326613
326626
326659
326675
326762
326776
326795
326799
326851
326855
326904
326911
326913
326956
327120
327136
327145
327186
327200
327407
327422
327444
327632
327646
327653
327655
327665
327676
327685
327697
327702
327706
327708
327719
327732
327750
327752
327757
327761
327771
327783
327784
327831
327856
328048
328065
328106
328118
328180
328209
328216
328224
328272
328291
328307
328471
328492
328494
328510
328520
328521
328554
328650
328722
328929
328933
329057
329183
329223
329267
329277
329298
329314
329334
329412
329443
329541
329573
329576
329591
329592
329645
329722
329737
329796
329808
329920
329930
329935
329945
329951
330066
330110
330271
330273
330282
330299
330302
330310
330323
330328
330331
330332
330370
330381
330515
330530
330599
330626
330638
330647
330652
330661
330849
330857
330858
330867
330873
330940
330954
331120
331145
331402
331403
331528
331547
331581
331589
331590
331602
331651
331667
331738
331754
331904
331919
331989
331995
332006
332016
332052
332053
332110
332269
332295
332312
332427
332465
332467
332468
332486
332509
332570
332693
332706
332746
332817
333115
333140
333205
333206
333215
333221
333325
333331
333339
333350
333396
333398
333406
333460
333476
333522
333546
333558
333600
333621
333636
333660
333728
333841
333873
333884
333892
333976
333989
334067
334074
334078
334083
334096
334097
334099
334103
334110
334121
334135
334138
334149
334160
334182
334185
334187
334191
334231
334237
334238
334274
334278
334304
334446
334463
334550
334554
334560
334610
334624
334636
334638
334657
334665
334684
334686
334688
334789
334793
334946
334982
334988
335000
335007
335027
335030
335032
335043
335044
335125
335132
335134
335142
335143
335149
335167
335254
335266
335276
335295
335301
335309
335310
335314
335316
335318
335336
335351
335352
335356
335359
335365
335385
335397
335402
335405
335411
335436
335499
335544
335584
335682
335687
335747
335918
336045
336047
336050
336060
336107
336110
336131
336221
336246
336263
336344
336471
336566
336633
336654
336771
336811
337008
337040
337086
337181
337211
337230
337257
337270
337307
337354
337365
337374
337377
337399
337410
337411
337448
337454
337461
337471
337479
337492
337503
337521
337536
337545
337611
337613
337635
337647
337687
337723
337732
337773
337815
337825
337888
337904
337919
337934
337946
338160
338210
338248
338250
338316
338323
338352
338361
338399
338456
338467
338484
338511
338960
338964
338966
338988
339014
339021
339027
339075
339080
339084
339089
339150
339164
339190
339192
339240
339262
339495
339617
339627
339641
339648
339678
339701
339704
339744
339766
339768
339777
339785
339787
339806
339808
339810
339830
339842
339875
339890
339897
339918
339949
339951
339986
340005
340016
340034
340080
340099
340100
340118
340139
340202
340246
340307
340312
340466
340467
340878
340880
340931
340974
341079
341119
341690
341908
341912
341927
341939
341942
341947
341993
342012
342024
342039
342074
342076
342081
342089
342291
342355
342472
342498
342502
342519
342713
342841
343165
343187
343190
343199
343201
343274
343294
343686
343700
343702
343714
343732
343769
343779
343782
343795
343815
343820
343862
344036
344051
344140
344156
344199
344201
344214
344253
344277
344285
344292
344326
344337
344345
344379
344550
344557
344583
344615
344816
344819
344958
345015
345118
345120
345133
345134
345156
345161
345165
345173
345184
345189
345197
345201
345209
345239
345246
345248
345261
345293
345297
345321
345332
345342
345392
345528
345738
345805
345859
345873
346194
346222
346249
346257
346288
346293
346324
346325
346343
346385
346409
346439
346902
347024
347164
347188
347194
347201
347226
347237
347356
347365
347427
347552
347587
347600
347605
347623
347661
347669
347692
347693
347700
347701
347728
347757
347778
347874
347918
347960
347962
347966
347981
347982
347987
348003
348046
348076
348167
348169
348176
348177
348179
348182
348186
348189
348200
348201
348202
348233
348242
348334
348412
348440
348504
348530
348559
348565
348577
348585
348599
348600
348621
348644
348663
348665
348703
348791
348792
348796
348804
348873
348890
349073
349088
349098
349526
349533
349564
349569
349591
349697
349713
350077
350245
350316
350350
350369
350376
350378
350467
350471
350473
350476
350477
350485
350488
350497
350510
350525
350534
350541
350560
350562
350585
350609
350619
350635
350643
350651
350658
350663
350667
350678
350688
350729
350752
350753
350782
350897
350943
350947
351012
351031
351035
351049
351050
351072
351075
351078
351079
351081
351203
351208
351226
351228
351233
351253
351261
351267
351281
351289
351290
351333
351498
351522
351543
351548
351573
351586
351606
351616
351622
351624
351644
351694
351749
351768
351783
351829
351868
351872
351904
352129
352194
352539
352623
352639
352647
352657
352677
352686
352691
352698
352748
352767
352826
352899
352901
352937
353214
353261
353293
353366
353371
353376
353386
353399
353440
353459
353626
353926
353963
353966
354003
354048
354102
354106
354113
354264
354340
354366
354369
354370
354432
354505
354534
354555
354567
354583
354586
354616
354673
354729
354804
354819
354823
354870
354874
354895
354906
354928
354931
354947
354955
354959
354960
355134
355141
355262
355267
355268
355280
355283
355303
355323
355367
355895
355931
355943
355949
355952
355989
356004
356512
356605
356925
356966
356985
357001
357034
357041
357042
357130
357141
357194
357214
357228
357235
357240
357334
357338
357345
357353
357364
357367
357376
357387
357391
357394
357403
357527
357530
357568
357569
357591
357608
357624
357665
357674
357781
357950
358028
358084
358104
358287
358372
358467
358474
358475
358494
358526
358533
358548
358550
358568
358633
359046
359103
359105
359119
359146
359473
359617
359619
359624
359640
359661
359672
359712
359751
359804
360009
360264
360269
360274
360329
360359
360365
360368
360369
360391
360425
360429
360435
360446
360510
360516
360518
360536
360538
360542
360548
360564
360566
360593
360709
360716
360721
360737
360740
360760
361218
361550
361552
361561
361593
361597
361606
361628
361636
361643
361671
361690
362005
362043
362049
362107
362148
362243
362408
362433
362457
362626
362937
363034
363054
363078
363081
363092
363097
363103
363151
363161
363168
363199
363248
363262
363296
363378
363382
363389
363411
363413
363414
363437
363449
363499
363523
363547
363770
363906
363914
364198
364199
364215
364229
364260
364313
364413
364438
364461
364576
364610
364621
364644
364665
364675
364685
364696
364718
364721
364766
364781
365020
365036
365056
365186
365207
365418
365425
365431
365447
365484
365495
365597
365690
365892
365933
366340
366359
366364
366388
366423
366439
366448
366555
366574
366587
366592
366651
366685
366732
366837
366878
366899
366967
367003
367068
367081
367086
367090
367093
367150
367298
367316
367346
367737
367772
367855
367874
368119
368122
368127
368183
368256
368267
368283
368396
368413
368478
368489
368509
368536
368545
368560
368561
368665
368669
368708
368757
368789
368803
368811
368862
368863
368867
368881
368923
368939
369022
369251
369261
369268
369277
369361
369380
369494
369498
369686
369735
369817
369974
370016
370083
370103
370128
370150
370160
370374
370408
370431
370551
370553
370565
370571
370623
370877
370908
370971
370995
371012
371024
371053
371062
371090
371158
371201
371215
371245
371357
371368
371372
371398
371442
371488
371493
371531
371542
371564
371638
371641
371866
371955
371980
372303
372330
372334
372335
372385
372417
372420
372421
372517
372602
372825
372873
373140
373165
373197
373394
373419
373587
373600
373689
373726
373759
373772
373790
373798
373816
373837
374043
374048
374139
374270
374272
374274
374286
374291
374296
374316
374321
374351
374408
374433
374447
374499
374591
374688
374779
374796
374801
374833
374838
374863
374927
374938
374957
375182
375240
375660
375682
375688
375695
375697
375703
375888
375891
376079
376093
376418
376448
376482
376546
376819
376877
376881
376890
376899
376923
376924
377041
377249
377319
377327
377361
377616
377667
377722
377749
377909
377993
378018
378118
378163
378195
378209
378551
378574
378638
378653
379174
379270
379285
379390
379519
379918
379923
380018
380074
380075
380092
380099
380156
380181
380183
380232
380238
380257
380309
380325
380340
380405
380442
380499
380544
380548
380556
380712
380721
380728
380739
380810
380990
380994
380996
381022
381074
381137
381375
381388
381512
381716
381751
381762
381775
381799
381916
382007
382057
382189
382312
382390
382417
382455
382491
382494
382498
382511
382526
382551
382554
382564
382621
382666
382715
382719
382744
382751
382878
382895
382902
382907
383013
383017
383031
383036
383042
383044
383049
383060
383074
383089
383096
383142
383156
383178
383220
383229
383260
383367
383401
383455
383458
383515
383602
383624
383828
383939
384279
384282
384287
384330
384348
384358
384365
384375
384378
384420
384458
384667
384726
384774
384785
384880
385214
385256
385271
385322
385379
385397
385411
385419
385526
385540
385595
385653
385796
385799
385800
385808
385934
385949
385953
385970
386020
386055
386275
386297
386358
386362
386642
386657
386710
386794
386989
387100
387497
387526
387535
387538
387540
387564
387583
387639
387693
387706
387707
387809
387838
387844
387862
387873
387879
387882
387886
387988
388005
388025
388039
388057
388069
388072
388092
388136
388199
388269
388460
388533
388588
388614
388927
389041
389329
389351
389354
389384
389397
389534
389535
389815
389931
390048
390061
390436
390592
390604
390640
390649
390700
390734
390822
390823
390828
390858
390973
390982
391074
391136
391173
391234
391256
391460
391489
391560
391781
391808
391827
391841
391862
391916
392127
392230
392270
392328
392487
392554
392737
392775
393114
393269
393387
393388
393392
393427
393430
393484
393486
393503
393567
393575
393579
393623
393636
393646
393730
393885
393909
393924
393970
394016
394041
394146
394156
394157
394233
394363
394424
394432
394444
394461
394514
394540
394807
394861
394879
394889
394893
394967
395136
395314
395331
395353
395376
395396
395444
395488
395547
395558
395701
395799
395807
396203
396261
396274
396571
396579
396580
396584
396598
396619
396646
396672
396683
396715
396741
396799
396803
396814
396860
396898
397068
397153
397166
397249
397328
397350
397353
397475
397665
397887
397891
397916
398126
398132
398144
398166
398228
398413
398453
398736
398782
398813
399116
399166
399346
399350
399376
399407
399419
399427
399462
399478
399509
399511
399531
399556
399567
399569
399773
399903
399979
399990
400042
400159
400176
400286
400304
400411
400418
400552
400832
400870
401047
401108
401189
401190
401304
401323
401421
401793
401810
401855
401914
401927
401945
401956
401967
401970
401981
402019
402236
402540
402559
402633
402667
402668
402693
402723
402744
402921
402932
403001
403353
403355
404601
404675
404722
404944
404955
405008
405035
405063
405064
405082
405117
405163
405211
405559
405697
405897
405929
406012
406027
406145
406161
406369
406372
406434
406489
406560
406889
407291
407303
407576
407743
408125
408365
408366
408717
408747
408777
408803
408882
409002
409016
409021
409169
409207
409406
409505
409562
409866
409954
409963
409974
409997
410039
410042
410052
410073
410078
410171
410172
410362
410417
411184
411192
411211
411230
411384
411415
411629
412059
412066
412070
412075
412080
412082
412130
412138
412155
412161
412440
412474
412478
412520
412523
412562
412682
412858
412996
413033
413087
413110
413120
413143
413187
413196
413224
413286
413457
413494
413505
413592
413919
414067
414085
414089
414112
414285
414432
414467
414742
414785
414869
414940
415024
415031
415327
415466
415515
415584
415657
415687
415691
415730
415731
415782
415795
415814
415829
415832
415836
415853
415869
415886
415890
415899
415910
415923
415935
415938
415956
416052
416069
416152
416287
416308
416336
416407
416478
416489
416494
416521
416541
416750
416881
416898
416942
417454
417463
417468
417469
417566
417636
417642
417684
417699
417742
417840
417897
417910
417911
417948
417950
417968
418013
418016
418030
418076
418108
418197
418201
418240
418244
418338
418943
418989
419001
419010
419400
419529
419555
419650
419690
419719
419727
419767
419778
419940
420217
420336
420648
420754
420781
420813
420828
420860
420862
421125
421127
421689
421745
421935
421948
421952
422153
422219
422222
422370
422511
422524
422564
422635
422683
422702
422705
422730
422750
422772
422795
422801
422828
422897
423005
423030
423176
423298
423425
423613
423672
423680
423835
423853
423862
423886
423888
423990
424088
424138
424374
424498
424533
424571
424642
424749
425040
425043
425141
425162
425164
425236
425242
425333
425468
425506
425519
425579
425647
426063
426132
426148
426343
426447
426621
426776
426829
426844
426968
427021
427138
427187
427249
427282
427337
427408
427432
427440
427483
427545
427574
427654
427696
427698
427734
428099
428107
428259
428288
429139
429180
429415
429472
429665
429770
429777
429978
430458
430463
430542
430565
430582
430596
430628
430633
430635
430693
430747
430775
430863
430874
430877
430894
430914
431029
431036
431390
431434
431575
431597
431656
431722
431754
431772
431901
431963
432245
432314
432332
432353
432684
432897
432932
432941
432958
433012
433083
433115
433133
433177
433323
433370
433957
433966
433968
433983
433985
434045
434046
434116
434138
434164
434201
434209
434213
434223
434274
434298
434308
434355
434484
434531
434593
434613
434659
434670
434686
434742
435059
435157
435169
435239
435253
435562
435621
435671
436046
436053
436070
436121
436126
436149
436449
436531
436626
436632
436859
436933
436977
437047
437079
437135
437381
437809
437860
437917
437942
437981
437990
437996
438009
438053
438061
438063
438072
438155
438247
438266
438269
438464
438503
438531
438538
438550
438576
438669
438768
438780
438782
438827
438843
438998
439006
439025
439046
439053
439063
439068
439070
439105
439106
439131
439138
439146
439149
439166
439324
439526
1981 EN35
1994 RP24
1994 UU9
1996 XE18
1996 XL24
1997 SN15
1998 HZ7
1998 SL6
1998 VR2
1998 XF7
1999 RZ239
1999 VX165
1999 VS206
1999 YN25
2000 QA148
2000 RQ80
2000 RH96
2000 SD11
2000 SL34
2000 SE60
2000 SO174
2000 SS113
2000 SQ164
2000 SZ231
2000 SZ243
2000 SS284
2000 SW291
2000 TU1
2000 TM11
2000 TV44
2000 TA45
2000 TV45
2000 TN56
2000 US64
2000 WW28
2000 WO68
2000 WK192
2001 BG29
2001 BL40
2001 KZ77
2001 OP2
2001 PO10
2001 PM34
2001 PE43
2001 PJ60
2001 QQ102
2001 QQ106
2001 QP110
2001 QM123
2001 QU158
2001 QK171
2001 QM172
2001 QF178
2001 QU190
2001 QP202
2001 QB207
2001 QO210
2001 QM226
2001 QA255
2001 QB262
2001 QT273
2001 RN57
2001 RN60
2001 RL98
2001 RT100
2001 RD104
2001 RO125
2001 SY1
2001 SY34
2001 SV38
2001 SL87
2001 SJ114
2001 SJ154
2001 SD182
2001 ST244
2001 TZ2
2001 TA5
2001 TN50
2001 TS50
2001 TA58
2001 TK71
2001 TP81
2001 TQ84
2001 TV95
2001 TH124
2001 TO140
2001 TY145
2001 TJ173
2001 TK237
2001 TA242
2001 TL257
2001 TA261
2001 UM40
2001 UN41
2001 UQ49
2001 UR54
2001 UU78
2001 UX93
2001 UN95
2001 UR177
2001 UC178
2001 UK199
2001 VX9
2001 WP36
2001 WB54
2001 WC71
2001 XL4
2001 XC6
2001 XJ104
2001 XU141
2001 XN227
2001 YW1
2001 YV158
2002 AG37
2002 DO1
2002 FG3
2002 GU26
2002 GQ86
2002 JJ14
2002 JH48
2002 JC116
2002 KT16
2002 LT62
2002 LK64
2002 LR64
2002 MK6
2002 NR1
2002 NN16
2002 NF21
2002 ND36
2002 NJ60
2002 NT76
2002 NT80
2002 OV7
2002 OM18
2002 OJ20
2002 OG24
2002 OW36
2002 PU
2002 PA7
2002 PP7
2002 PS8
2002 PE65
2002 PQ65
2002 PJ72
2002 PN72
2002 PW72
2002 PJ74
2002 PY79
2002 PD92
2002 PW100
2002 PT105
2002 PM138
2002 PX183
2002 QB6
2002 QR14
2002 QA22
2002 QO38
2002 QW100
2002 QH112
2002 QK155
2002 RD3
2002 RF4
2002 RG23
2002 RQ38
2002 RV48
2002 RG53
2002 RK53
2002 RJ66
2002 RX69
2002 RC138
2002 RD187
2002 RW197
2002 RF213
2002 RZ221
2002 RZ290
2002 RS291
2002 RT293
2002 SJ
2002 TF60
2002 TM73
2002 TO75
2002 TR88
2002 TC101
2002 TF215
2002 TK253
2002 TC101
2002 TQ376
2002 TM117
2002 TC124
2002 TA162
2002 TO177
2002 TV182
2002 TV212
2002 TF215
2002 TP233
2002 TK253
2002 UD5
2002 UF29
2002 UV37
2002 VT7
2002 VF11
2002 VM14
2002 VF24
2002 VV28
2002 VG37
2002 VY51
2002 VF65
2002 VT103
2002 VZ103
2002 VA125
2002 VA126
2002 WN13
2002 XO20
2002 YR12
2003 AA52
2003 AA67
2003 AQ85
2003 BM24
2003 DW17
2003 FW107
2003 GZ9
2003 GP53
2003 NF13
2003 OG30
2003 OP30
2003 QS31
2003 QV32
2003 QY35
2003 QQ56
2003 QW66
2003 QS72
2003 QV92
2003 QL104
2003 QG106
2003 SB38
2003 SE44
2003 SL53
2003 SH55
2003 SF61
2003 SX108
2003 SJ208
2003 SJ315
2003 SX108
2003 SJ115
2003 SD119
2003 SL138
2003 SQ400
2003 SW186
2003 SX190
2003 SX194
2003 SH196
2003 SJ208
2003 SO231
2003 SX232
2003 SR237
2003 SX305
2003 SJ315
2003 SQ332
2003 UR60
2003 UM61
2003 UO112
2003 UE125
2003 UN154
2003 UZ103
2003 UE125
2003 UP130
2003 UG143
2003 UH146
2003 UN154
2003 UP163
2003 UE171
2003 US230
2003 UO236
2003 UL271
2003 UM281
2003 WE5
2003 WU24
2003 WU34
2003 WU56
2003 WU108
2003 WR154
2003 WR156
2003 WG166
2003 XS2
2003 YA59
2003 YV97
2003 YE113
2003 YM140
2003 YZ180
2004 BY50
2004 BS75
2004 BA118
2004 CB89
2004 EP105
2004 FO48
2004 FL110
2004 GP2
2004 GK13
2004 HQ60
2004 LL30
2004 ND6
2004 NH26
2004 OA13
2004 PE7
2004 PB16
2004 PP26
2004 PC31
2004 PM47
2004 PA60
2004 PF68
2004 PO69
2004 PZ69
2004 PB72
2004 PX75
2004 PF88
2004 PA96
2004 PL107
2004 QY9
2004 RW
2004 RA3
2004 RC4
2004 RQ4
2004 RS15
2004 RZ19
2004 RT24
2004 RH38
2004 RS40
2004 RA66
2004 RG71
2004 RW71
2004 RO75
2004 RW87
2004 RH88
2004 RY89
2004 RX90
2004 RG94
2004 RS96
2004 RS103
2004 RR107
2004 RJ111
2004 RT123
2004 RM148
2004 RQ162
2004 RC179
2004 RF185
2004 RS188
2004 RV189
2004 RW191
2004 RG194
2004 RG208
2004 RH212
2004 RR224
2004 RF256
2004 RX307
2004 RA325
2004 RC332
2004 RF332
2004 RG342
2004 RE343
2004 RG346
2004 SO19
2004 SU34
2004 SU40
2004 SH58
2004 TE9
2004 TG16
2004 TV26
2004 TA51
2004 TX64
2004 TQ96
2004 TR100
2004 TR350
2004 TO101
2004 TK105
2004 TB108
2004 TE111
2004 TP126
2004 TP130
2004 TM132
2004 TX132
2004 TM137
2004 TL163
2004 TJ170
2004 TP200
2004 TV220
2004 TS262
2004 TC291
2004 TM326
2004 TR350
2004 UZ
2004 UB11
2004 VX1
2004 VB7
2004 VK37
2004 VD47
2004 XD10
2004 XK21
2004 XC61
2004 XC73
2004 XO106
2004 XT108
2004 XF144
2004 XS147
2004 XR170
2005 AA10
2005 AN27
2005 AM29
2005 AY44
2005 AE58
2005 AO60
2005 CF
2005 CU5
2005 CF20
2005 CR62
2005 EL28
2005 EB86
2005 EO137
2005 FV4
2005 GP22
2005 JQ20
2005 JM22
2005 JB81
2005 JU129
2005 KD12
2005 LB20
2005 MY5
2005 MR42
2005 NG1
2005 OK1
2005 OW7
2005 OQ27
2005 PO5
2005 PN6
2005 QC13
2005 QB21
2005 QV34
2005 QO35
2005 QS40
2005 QG42
2005 QM47
2005 QF59
2005 QM60
2005 QB66
2005 QQ66
2005 QG83
2005 QQ84
2005 QQ98
2005 QS106
2005 QO142
2005 QD171
2005 QT181
2005 RH1
2005 RK21
2005 RE25
2005 RX25
2005 RG31
2005 RC47
2005 SL12
2005 SL25
2005 SM53
2005 SD56
2005 SP72
2005 SE119
2005 SM148
2005 SZ204
2005 TC2
2005 TE14
2005 TF41
2005 TB46
2005 TL54
2005 TT75
2005 TH78
2005 TP151
2005 TS175
2005 TR176
2005 TF183
2005 TE191
2005 UX48
2005 UR78
2005 UY97
2005 UK411
2005 UJ160
2005 UB161
2005 UZ441
2005 UF442
2005 UK216
2005 UL484
2005 UR487
2005 UB232
2005 UQ502
2005 UH512
2005 UY296
2005 UV349
2005 VW15
2005 VX32
2005 VM124
2005 WA34
2005 WU54
2005 WY86
2005 WA89
2005 WB166
2005 WF190
2005 WO190
2005 YJ9
2005 YX41
2005 YN114
2005 YL129
2005 YT139
2005 YN174
2005 YE180
2005 YO209
2005 YO210
2005 YD214
2005 YG257
2006 AD9
2006 AN22
2006 BK59
2006 BF168
2006 BB208
2006 BD232
2006 DT32
2006 DA42
2006 DP65
2006 GW30
2006 GX52
2006 HU36
2006 JR58
2006 KM20
2006 OR5
2006 PZ4
2006 PK5
2006 PE14
2006 PZ41
2006 QQ12
2006 QG29
2006 QN51
2006 QG96
2006 QH99
2006 QY118
2006 QR138
2006 QZ169
2006 RZ4
2006 RG11
2006 RP21
2006 RQ22
2006 RX23
2006 RA27
2006 RZ37
2006 RB38
2006 RR39
2006 RY39
2006 RO41
2006 RU47
2006 RN101
2006 SR7
2006 ST13
2006 SE34
2006 SZ45
2006 SL110
2006 SB119
2006 SB121
2006 SL127
2006 SH128
2006 SX128
2006 SM413
2006 SQ286
2006 TF9
2006 TL13
2006 TT24
2006 TT31
2006 TD37
2006 TO76
2006 TM89
2006 TD96
2006 TP122
2006 TQ127
2006 UO62
2006 UX156
2006 UV200
2006 UA268
2006 UV334
2006 VQ18
2006 VL27
2006 VR31
2006 VJ39
2006 VO81
2006 VP84
2006 WQ
2006 WL40
2006 WO75
2006 WU107
2006 WW123
2006 WO128
2006 WW175
2006 WW183
2006 XG12
2006 XK12
2006 XA64
2007 BX7
2007 BM23
2007 BU38
2007 CZ12
2007 CX40
2007 CU53
2007 CM62
2007 DR116
2007 EN52
2007 EK65
2007 EY95
2007 ER193
2007 FU3
2007 FU35
2007 GR4
2007 HM66
2007 JO44
2007 KR1
2007 KC7
2007 LN11
2007 LA27
2007 OE11
2007 PK18
2007 PB44
2007 PF47
2007 QU2
2007 QN5
2007 QP6
2007 QU16
2007 RE8
2007 RK15
2007 RN30
2007 RV30
2007 RC32
2007 RY34
2007 RS35
2007 RA38
2007 RG42
2007 RG81
2007 RA93
2007 RM138
2007 RW145
2007 RD158
2007 RS187
2007 RW246
2007 RC247
2007 RX257
2007 RL262
2007 RJ281
2007 RD290
2007 RD310
2007 RN316
2007 SD3
2007 SH12
2007 SA21
2007 SW21
2007 TD12
2007 TE21
2007 TF23
2007 TZ24
2007 TG35
2007 TS41
2007 TD46
2007 TC56
2007 TR81
2007 TM238
2007 TC248
2007 TE367
2007 TM108
2007 TG109
2007 TX116
2007 TD120
2007 TU399
2007 TA145
2007 TP412
2007 TO428
2007 TT169
2007 TZ171
2007 TU443
2007 TY445
2007 TE188
2007 TM238
2007 TO242
2007 TC248
2007 UT2
2007 UF11
2007 UQ34
2007 UV47
2007 UH123
2007 VC8
2007 VN12
2007 VW88
2007 VE102
2007 VC243
2007 VK253
2007 VE279
2007 VQ294
2007 VO296
2007 VV298
2007 VZ302
2007 VX310
2007 VW322
2007 VJ328
2007 VV329
2007 VL333
2007 VD334
2007 WC6
2007 WR12
2007 WB38
2007 WR55
2007 WY61
2007 XM1
2007 XX15
2007 XJ24
2007 XD36
2007 XB40
2007 XB42
2007 XO42
2007 YU29
2007 YM34
2007 YB50
2007 YB73
2008 AP2
2008 AG5
2008 AW29
2008 AL54
2008 AU76
2008 AE129
2008 CX25
2008 CZ26
2008 CG94
2008 CH101
2008 CK179
2008 DY78
2008 ET
2008 EQ53
2008 EP128
2008 FM16
2008 FO110
2008 GS10
2008 GH137
2008 HZ17
2008 HM66
2008 HF68
2008 JC29
2008 LC8
2008 MH
2008 NV1
2008 OW3
2008 PD9
2008 PN11
2008 PL14
2008 PP15
2008 PR18
2008 QS
2008 QA2
2008 QB2
2008 QZ12
2008 QW14
2008 QR20
2008 QC22
2008 QB28
2008 RA24
2008 RO25
2008 RC52
2008 RN64
2008 SS4
2008 SZ7
2008 SD30
2008 SH39
2008 SA58
2008 SP66
2008 SS81
2008 SA90
2008 SN90
2008 SC107
2008 SZ139
2008 SE162
2008 SX207
2008 SX225
2008 SX254
2008 SW268
2008 SQ288
2008 SD290
2008 SU295
2008 SG297
2008 SW307
2008 TZ61
2008 TM65
2008 TJ109
2008 TB139
2008 TP157
2008 TW157
2008 TQ170
2008 UX2
2008 UH40
2008 UV54
2008 UA93
2008 UT364
2008 UR367
2008 UO108
2008 UN120
2008 UQ128
2008 UT157
2008 UH197
2008 UZ199
2008 UK202
2008 UR228
2008 UY241
2008 UO261
2008 UF290
2008 UT300
2008 UT309
2008 UL359
2008 VP1
2008 VS13
2008 VD18
2008 VM24
2008 VD35
2008 VK38
2008 VW49
2008 VN56
2008 VV64
2008 WJ54
2008 WK83
2008 WT134
2008 XA5
2008 XX37
2008 XE55
2008 YQ24
2008 YC25
2008 YX53
2008 YD105
2008 YT139
2008 YB143
2008 YS166
2009 BK7
2009 BC10
2009 BT39
2009 BZ50
2009 BE61
2009 BQ68
2009 BT76
2009 BA81
2009 BK90
2009 BX100
2009 BU147
2009 CL55
2009 DA
2009 DJ17
2009 DA73
2009 EZ2
2009 FL2
2009 FU32
2009 FT55
2009 GU3
2009 HJ3
2009 HU6
2009 HK52
2009 HK82
2009 JN2
2009 KQ
2009 KX28
2009 MP1
2009 OX1
2009 OT3
2009 OD20
2009 OV20
2009 OY23
2009 PW3
2009 PS9
2009 QD23
2009 QX30
2009 QZ54
2009 QS59
2009 RZ
2009 RS18
2009 RU30
2009 RX60
2009 SV15
2009 SR85
2009 SV296
2009 SU166
2009 SW220
2009 SF230
2009 SY230
2009 SA235
2009 SG239
2009 SA288
2009 SV296
2009 SC321
2009 SJ326
2009 SA327
2009 SU334
2009 SZ348
2009 SP351
2009 SW358
2009 TC18
2009 TJ34
2009 TR36
2009 TX36
2009 UN16
2009 UF53
2009 UB80
2009 US88
2009 UJ90
2009 UQ129
2009 US135
2009 UF148
2009 VK2
2009 VG12
2009 VV37
2009 VD43
2009 VK51
2009 VC72
2009 VV106
2009 VT113
2009 WT8
2009 WC10
2009 WK82
2009 WO112
2009 WQ152
2009 WV166
2009 WE234
2009 WE262
2009 YS5
2009 YN17
2010 AE8
2010 AN24
2010 AA38
2010 AF74
2010 BA2
2010 BE67
2010 BJ89
2010 CW31
2010 CV49
2010 CL138
2010 CB185
2010 DB52
2010 EU69
2010 EM139
2010 FB29
2010 GV21
2010 GS28
2010 GG97
2010 GS161
2010 JP7
2010 JM94
2010 JW130
2010 KU20
2010 KW81
2010 KY116
2010 LE65
2010 LH68
2010 LT101
2010 MA2
2010 MG15
2010 MD46
2010 MY106
2010 NP
2010 NM3
2010 NC49
2010 NA77
2010 OJ15
2010 OF35
2010 OQ51
2010 OF90
2010 OK101
2010 OZ102
2010 OW103
2010 OR107
2010 PD1
2010 PB24
2010 PC53
2010 PG77
2010 QJ3
2010 RC8
2010 RK9
2010 RW17
2010 RR90
2010 RH116
2010 RW117
2010 SA33
2010 SR38
2010 TY38
2010 TA56
2010 TE64
2010 TX110
2010 TN129
2010 TV150
2010 TD173
2010 TM174
2010 US33
2010 UM72
2010 US99
2010 UK106
2010 VZ36
2010 VQ120
2010 VH165
2010 VC176
2010 VF195
2010 VC200
2010 VN206
2010 WC70
2010 WD70
2010 XJ12
2010 XP45
2010 XB67
2010 YF2
2011 AE29
2011 BB57
2011 BZ91
2011 BL103
2011 CH73
2011 CV87
2011 DY39
2011 FO17
2011 FP67
2011 GM88
2011 HJ48
2011 HX83
2011 JD17
2011 KW3
2011 KK4
2011 KD32
2011 LN16
2011 LB21
2011 ME1
2011 MU7
2011 OE1
2011 OH10
2011 OS20
2011 ON27
2011 OP58
2011 QZ11
2011 QZ12
2011 QN13
2011 QS14
2011 QY31
2011 QS46
2011 QM63
2011 QY66
2011 QE96
2011 SV3
2011 SD20
2011 SY22
2011 SC33
2011 SV62
2011 SZ65
2011 SL67
2011 SM70
2011 SZ90
2011 SY102
2011 SJ104
2011 SR107
2011 SA110
2011 SX173
2011 SO174
2011 SF178
2011 SG182
2011 SM182
2011 SC192
2011 SE211
2011 SY213
2011 SF254
2011 SX254
2011 SH259
2011 SK273
2011 TJ3
2011 TB5
2011 TH16
2011 UH3
2011 UH12
2011 UV17
2011 UA30
2011 UL37
2011 UQ39
2011 UX45
2011 UT53
2011 UX56
2011 UF57
2011 UF58
2011 UD70
2011 UO82
2011 UP86
2011 UL90
2011 UE94
2011 UF99
2011 UU159
2011 UZ186
2011 UJ266
2011 UK114
2011 UQ117
2011 UE118
2011 UY120
2011 UB390
2011 UO153
2011 UH156
2011 UF157
2011 UJ166
2011 UQ179
2011 UF183
2011 UZ186
2011 UW189
2011 UO201
2011 UW234
2011 UV260
2011 UN265
2011 UJ266
2011 UH268
2011 UM322
2011 UZ349
2011 VH
2011 VH3
2011 WM13
2011 WQ42
2011 WG43
2011 WQ114
2011 XA
2011 YO4
2011 YK26
2011 YT38
2011 YU50
2011 YK64
2011 YN75
2012 AC1
2012 AY6
2012 AJ10
2012 AX10
2012 AF19
2012 BX125
2012 CF33
2012 DC36
2012 DP77
2012 EF14
2012 FV38
2012 FX67
2012 FX72
2012 GU20
2012 HD1
2012 HO17
2012 HN36
2012 HO39
2012 HA40
2012 HX78
2012 JE39
2012 KS1
2012 KZ15
2012 KR16
2012 KM46
2012 LX
2012 LC14
2012 OL3
2012 PQ7
2012 PD11
2012 PR15
2012 QY49
2012 RD2
2012 RQ7
2012 RE9
2012 RR17
2012 RS32
2012 RE41
2012 RQ42
2012 SG11
2012 SS30
2012 SZ46
2012 SJ66
2012 TD3
2012 TY23
2012 TE34
2012 TP53
2012 TO57
2012 TB126
2012 TZ130
2012 TJ145
2012 TM192
2012 TD195
2012 TK219
2012 TN294
2012 TD301
2012 TN306
2012 TV306
2012 TG314
2012 TJ321
2012 UM31
2012 UC58
2012 UA67
2012 UT81
2012 UP104
2012 UO127
2012 UT131
2012 UV131
2012 UX131
2012 UM167
2012 UE169
2012 VV10
2012 VG20
2012 VM98
2012 VS99
2012 VK107
2012 WC9
2012 WP16
2012 WP27
2012 WY34
2012 XV2
2012 XX6
2012 XA17
2012 XE40
2012 XM50
2012 XQ54
2012 XZ74
2012 XU102
2012 XZ107
2012 XJ110
2012 XK110
2012 XB117
2012 XK121
2012 XZ137
2012 XH146
2013 AU8
2013 AZ11
2013 AH18
2013 AY27
2013 AK37
2013 AD67
2013 AU75
2013 AR119
2013 BE16
2013 BX17
2013 BG26
2013 BH78
2013 BS80
2013 CJ47
2013 CO56
2013 CK79
2013 CW89
2013 CF117
2013 CM128
2013 CQ129
2013 CL189
2013 EK21
2013 EH91
2013 EA99
2013 EX102
2013 EQ103
2013 EY107
2013 EA114
2013 EP124
2013 GF22
2013 GQ35
2013 GT39
2013 GG42
2013 GA64
2013 GY107
2013 GF130
2013 HU4
2013 HB11
2013 HE23
2013 JP5
2013 JD16
2013 JF25
2013 KH7
2013 MR5
2013 OE4
2013 OX7
2013 OK9
2013 PB
2013 PL2
2013 PL4
2013 PD25
2013 PP26
2013 PQ43
2013 QB17
2013 QR44
2013 QS65
2013 QR74
2013 QQ82
2013 RH6
2013 RC15
2013 RZ17
2013 RL20
2013 RC25
2013 RZ25
2013 RR29
2013 RT29
2013 RH33
2013 RB41
2013 RP61
2013 RH69
2013 SH20
2013 SJ28
2013 SD30
2013 SA55
2013 SP64
2013 SS71
2013 SN81
2013 SV86
2013 TB7
2013 TW9
2013 TX31
2013 TG42
2013 TO53
2013 TD69
2013 TU73
2013 TQ90
2013 TA110
2013 TU136
2013 TL145
2013 UM
2013 UN
2013 UP3
2013 VS4
2013 VA20
2013 VT20
2013 VH22
2013 VU23
2013 WY54
2013 WG61
2013 WF63
2013 WH67
2013 WW78
2013 WC85
2013 WW85
2013 WW105
2013 WJ106
2013 XQ
2013 XZ6
2013 XU8
2013 XL10
2013 YQ11
2013 YT15
2013 YU41
2013 YN44
2013 YB69
2013 YQ104
2013 YD119
2013 YD121
2013 YE149
2014 AV11
2014 AY19
2014 AY26
2014 AA43
2014 BU2
2014 CQ3
2014 CJ21
2014 DJ2
2014 DT2
2014 DM6
2014 DW33
2014 DO140
2014 DO142
2014 EO23
2014 EO40
2014 FU6
2014 FZ49
2014 FF52
2014 FD68
2014 GZ15
2014 GU16
2014 GN32
2014 HY42
2014 HR44
2014 HJ128
2014 HA133
2014 HG138
2014 HP152
2014 HS176
2014 HP187
2014 JK21
2014 JZ22
2014 JQ38
2014 JB43
2014 JH43
2014 JR70
2014 JQ74
2014 KM1
2014 KN6
2014 KU25
2014 KR37
2014 KX61
2014 KF62
2014 KF94
2014 KM95
2014 LP21
2014 LJ27
2014 LA28
2014 MD4
2014 MH20
2014 MU24
2014 MP25
2014 MO31
2014 ME37
2014 MD38
2014 MS40
2014 MX48
2014 MJ51
2014 MZ60
2014 NV35
2014 NJ37
2014 NO56
2014 NN60
2014 OQ
2014 OM27
2014 OY72
2014 OS73
2014 OE389
2014 OO131
2014 OA393
2014 OZ183
2014 OH192
2014 OC215
2014 ON215
2014 OC230
2014 OV230
2014 OR243
2014 OT295
2014 OT306
2014 PL42
2014 PO47
2014 PD51
2014 PR69
2014 QQ
2014 QG5
2014 QR32
2014 QL59
2014 QN62
2014 QT381
2014 QF391
2014 QZ391
2014 QM392
2014 QY404
2014 QF151
2014 QT423
2014 QK166
2014 QW168
2014 QE179
2014 QR251
2014 QC297
2014 QK307
2014 QZ310
2014 QW327
2014 RQ11
2014 RV12
2014 RH18
2014 RG63
2014 SP
2014 SZ142
2014 SZ147
2014 SF151
2014 SJ157
2014 SZ160
2014 SM208
2014 SL211
2014 SU213
2014 SC215
2014 SB218
2014 SJ229
2014 SJ237
2014 SR263
2014 SY263
2014 SR278
2014 SM284
2014 SJ287
2014 SG303
2014 SB310
2014 SP312
2014 TD17
2014 TD34
2014 TG44
2014 TJ52
2014 TJ63
2014 TO63
2014 UH8
2014 UM23
2014 UN31
2014 UL41
2014 UM51
2014 UW92
2014 UN116
2014 UW117
2014 UW134
2014 UL148
2014 UW153
2014 UT163
2014 UY215
2014 UO223
2014 VG7
2014 VZ9
2014 VG15
2014 WT4
2014 WF306
2014 WN384
2014 WK398
2014 WK399
2014 WG415
2014 WR163
2014 WZ428
2014 WA235
2014 WZ498
2014 WG289
2014 WL289
2014 WA298
2014 XQ22
2014 XY30
2014 XD39
2014 YX8
2014 YE41
2014 YO42
2014 YR46
2015 AW
2015 AL20
2015 AU176
2015 BX4
2015 BR6
2015 BF10
2015 BX19
2015 BO40
2015 BH69
2015 BD124
2015 BC441
2015 BB467
2015 BH248
2015 BM248
2015 BP356
2015 CO6
2015 DL22
2015 DJ47
2015 DC99
2015 DK145
2015 DP204
2015 DD210
2015 DY211
2015 EN16
2015 EV63
2015 FS115
2015 FQ213
2015 FL302
2015 FB304
2015 FK314
2015 FA315
2015 GT13
2015 GS43
2015 HA29
2015 HM57
2015 HP61
2015 HA170
2015 HL173
2015 HP174
2015 HM175
2015 KE22
2015 KT28
2015 KV149
2015 LU12
2015 LT21
2015 LV23
2015 MM
2015 MZ102
2015 MZ109
2015 MS114
2015 MX116
2015 OK23
2015 ON23
2015 OK25
2015 OC36
2015 OK73
2687 P-L
1083 T-1
1131 T-3
1999 RW105
1999 TT21
1999 TK136
1999 TD218
2000 CC40
2000 QF144
2000 SZ57
2000 SM375
2000 SE156
2000 SO174
2000 SM194
2000 SG247
2000 TX
2000 TR10
2000 VY43
2000 WP156
2001 HE27
2001 NM2
2001 OC38
2001 PQ53
2001 QL253
2001 QL332
2001 RQ135
2001 SK42
2001 SU208
2001 SG308
2001 SA322
2001 TT181
2001 TL210
2001 UY66
2001 UW67
2001 UN104
2001 UU105
2001 UU129
2001 UG156
2002 AK45
2002 CL312
2002 EY109
2002 GD120
2002 JF53
2002 LZ49
2002 OY30
2002 PQ198
2002 QC50
2002 RA120
2002 RZ186
2002 RY190
2002 RE194
2002 SN49
2002 TB2
2002 TZ94
2002 TP235
2002 TA257
2002 TS263
2002 UF19
2002 UW30
2002 UM35
2002 VU95
2002 VH97
2002 WS30
2002 YK13
2003 BH50
2003 OW12
2003 QL36
2003 QM69
2003 QF115
2003 SD90
2003 SF150
2003 SV173
2003 SE288
2003 SQ298
2003 ST354
2003 UV97
2003 YA104
2004 BC26
2004 GX87
2004 KZ8
2004 NS18
2004 PO5
2004 PW6
2004 PX8
2004 PD11
2004 PO12
2004 PT30
2004 PQ46
2004 PA80
2004 PG82
2004 PH84
2004 PO93
2004 QL5
2004 RL8
2004 RY16
2004 RZ16
2004 RU35
2004 RO53
2004 RN67
2004 RA83
2004 RM97
2004 RX140
2004 RV215
2004 RD234
2004 RU286
2004 SZ8
2004 SY34
2004 TJ39
2004 TB118
2004 TV126
2004 TS201
2004 TB241
2004 TQ285
2004 TH308
2004 VJ11
2004 XZ18
2004 XF73
2004 XR82
2005 BX5
2005 CB17
2005 EB14
2005 EY42
2005 EC77
2005 EU158
2005 GQ192
2005 GS192
2005 GV206
2005 NN79
2005 QA71
2005 RC1
2005 RU5
2005 SH9
2005 SP205
2005 TF46
2005 TU57
2005 TC96
2005 TE161
2005 TT182
2005 UG75
2005 US98
2005 UT119
2005 UF123
2005 UE447
2005 UL187
2005 UP527
2005 UJ356
2005 VT1
2005 WW14
2005 WV55
2005 XJ4
2005 YR105
2006 AN2
2006 AO16
2006 AG58
2006 BT4
2006 BG44
2006 BC196
2006 DS63
2006 DS210
2006 HT90
2006 KT78
2006 KQ102
2006 QZ63
2006 QZ123
2006 QR187
2006 SW32
2006 SQ56
2006 SL110
2006 SZ111
2006 SZ127
2006 TV23
2006 TV56
2006 TT62
2006 UA114
2006 UG228
2006 VC6
2006 VD106
2006 VY173
2006 WF122
2006 WP171
2006 XJ52
2006 XU52
2006 XP65
2007 AV15
2007 AR19
2007 DB90
2007 EK16
2007 FB18
2007 HR97
2007 NY2
2007 OM1
2007 PW45
2007 RC41
2007 RY63
2007 RY112
2007 RB147
2007 RZ299
2007 TH151
2007 TJ158
2007 TH222
2007 TF287
2007 TW287
2007 UE3
2007 UH30
2007 UU33
2007 UQ38
2007 UL77
2007 UL105
2007 UT123
2007 VL35
2007 VF55
2007 VR104
2007 VB200
2007 VK274
2007 WF13
2007 WW37
2007 XE41
2007 XP52
2007 XE57
2007 YC61
2008 CN51
2008 EE155
2008 FY134
2008 GW21
2008 GY141
2008 HY19
2008 HH33
2008 HH47
2008 JM28
2008 PW18
2008 QU2
2008 QC23
2008 QD31
2008 RP55
2008 SB
2008 SN3
2008 SL30
2008 SP153
2008 SB180
2008 ST306
2008 TX5
2008 TR119
2008 UL20
2008 UK364
2008 UN108
2008 US138
2008 UB158
2008 UV195
2008 UF257
2008 UW260
2008 UX315
2008 VF11
2008 WR136
2008 WA138
2008 YU5
2008 YZ41
2008 YD83
2009 AQ31
2009 AU33
2009 BN70
2009 CE45
2009 DA48
2009 DH93
2009 EH13
2009 HJ74
2009 HR103
2009 JA14
2009 KL18
2009 MJ7
2009 MN9
2009 OG20
2009 QX21
2009 QQ24
2009 QU28
2009 QO29
2009 QN41
2009 QS53
2009 RX19
2009 RM47
2009 SB50
2009 SS98
2009 SR99
2009 SE119
2009 TD14
2009 TT34
2009 TD45
2009 UG83
2009 VK27
2009 VW109
2009 WK163
2009 WU208
2009 WC247
2009 WH247
2010 AD83
2010 AD100
2010 AO110
2010 AD122
2010 AP126
2010 AX126
2010 BD10
2010 BQ10
2010 BL13
2010 BC15
2010 BM23
2010 BL28
2010 BA34
2010 BP65
2010 BV88
2010 BE99
2010 BB103
2010 BD119
2010 BD126
2010 BO129
2010 CG17
2010 CW23
2010 CL55
2010 CR129
2010 CA133
2010 CH194
2010 CV194
2010 CM196
2010 CP201
2010 CS201
2010 CC202
2010 CT212
2010 CH214
2010 CY214
2010 CF215
2010 CR222
2010 CC233
2010 DS24
2010 DS27
2010 DP84
2010 EW37
2010 EB54
2010 EO57
2010 EB58
2010 EC60
2010 FU33
2010 FL39
2010 FT41
2010 FJ69
2010 FJ120
2010 GW1
2010 GE5
2010 GP6
2010 GL37
2010 GZ45
2010 GX50
2010 GK52
2010 GT81
2010 GV82
2010 GU83
2010 GU89
2010 GW126
2010 GP166
2010 HP19
2010 HM30
2010 HR40
2010 HS46
2010 HZ47
2010 HG49
2010 HH54
2010 HF60
2010 HQ62
2010 HE66
2010 HU72
2010 HE74
2010 HE75
2010 HC83
2010 HY87
2010 HH92
2010 HY93
2010 HM95
2010 HY109
2010 JR9
2010 JA20
2010 JM20
2010 JK24
2010 JL24
2010 JC57
2010 JL60
2010 JR66
2010 JK67
2010 JJ90
2010 JC95
2010 JW95
2010 JO99
2010 JT104
2010 JG126
2010 JM131
2010 JC132
2010 JO146
2010 KY4
2010 KM12
2010 KE17
2010 KL45
2010 KV54
2010 KY56
2010 KE57
2010 KM69
2010 KD87
2010 KL87
2010 KO87
2010 KM95
2010 KN102
2010 KA104
2010 KL124
2010 LL6
2010 LN8
2010 LR8
2010 LR9
2010 LD13
2010 LV41
2010 LO42
2010 LR44
2010 LG47
2010 LN49
2010 LG58
2010 LL66
2010 LN72
2010 LO73
2010 LW78
2010 LW81
2010 LN90
2010 LV94
2010 LY94
2010 LJ116
2010 LK116
2010 LY116
2010 LD119
2010 LO129
2010 MR4
2010 MT12
2010 MG16
2010 MP19
2010 MZ27
2010 MY32
2010 MJ39
2010 MO41
2010 MQ47
2010 MS47
2010 MA73
2010 MY79
2010 MB85
2010 MP86
2010 MZ87
2010 ME91
2010 MS91
2010 ML110
2010 MM110
2010 ND
2010 NN19
2010 ND37
2010 NT46
2010 NT48
2010 ND49
2010 NS49
2010 NA70
2010 NC72
2010 NY72
2010 NJ84
2010 NV87
2010 NW93
2010 NW97
2010 NL104
2010 NO104
2010 NL107
2010 NG116
2010 OC7
2010 OY7
2010 OA13
2010 ON13
2010 OU25
2010 OE28
2010 OG37
2010 OX58
2010 OF63
2010 OF65
2010 OX70
2010 OQ72
2010 ON77
2010 OP97
2010 OE114
2010 OU114
2010 PL2
2010 PW12
2010 PU13
2010 PN15
2010 PX15
2010 PA19
2010 PA21
2010 PM22
2010 PS27
2010 PE31
2010 PB33
2010 PX34
2010 PC35
2010 PG41
2010 PJ53
2010 QX4
2010 RE42
2010 RW68
2010 SR37
2010 TU175
2010 UA48
2010 UJ52
2010 VV28
2010 VT98
2010 VE184
2010 XJ40
2011 AM3
2011 BS41
2011 CY77
2011 CM78
2011 FG58
2011 FT99
2011 GM69
2011 HA1
2011 JW
2011 JB8
2011 JM8
2011 KC23
2011 LQ10
2011 LE14
2011 LP20
2011 MW
2011 MA10
2011 OA2
2011 OU18
2011 SZ28
2011 SL47
2011 SW113
2011 SA119
2011 SU126
2011 SU132
2011 SA223
2011 SL236
2011 UH63
2011 UY85
2011 UF190
2011 UW275
2011 VB6
2011 WJ19
2011 WD44
2011 WN49
2011 WD127
2011 YN63
2012 AV3
2012 BA105
2012 BE142
2012 CC55
2012 DS14
2012 EC3
2012 GP11
2012 GU13
2012 GH21
2012 GN21
2012 HN12
2012 HN58
2012 JD22
2012 JG42
2012 KF45
2012 LP9
2012 OO4
2012 RX5
2012 RE16
2012 RG16
2012 RE42
2012 SJ7
2012 SZ55
2012 TY6
2012 TV34
2012 TJ147
2012 TB170
2012 TR313
2012 UR22
2012 UP174
2012 VO38
2012 VV99
2012 VF112
2012 WT10
2012 XB11
2012 XZ24
2012 XE29
2012 XX43
2012 XW47
2012 XE86
2012 XF103
2012 XN111
2012 XX155
2013 AP68
2013 AM104
2013 AZ176
2013 BH25
2013 BJ32
2013 CX99
2013 CR129
2013 FD1
2013 GD80
2013 GS106
2013 GY116
2013 HM12
2013 HK22
2013 JH4
2013 JX33
2013 LS5
2013 MM3
2013 OC8
2013 QO17
2013 QJ78
2013 RZ16
2013 RG25
2013 RM70
2013 SA
2013 SG24
2013 SF34
2013 TP5
2013 TW34
2013 TJ41
2013 TO48
2013 TL52
2013 TX55
2013 TD57
2013 UK1
2013 VZ1
2013 VB5
2013 VO12
2013 VP16
2013 WG29
2013 WG67
2013 WT83
2013 YM17
2013 YG26
2013 YQ46
2013 YR50
2013 YA65
2013 YD133
2013 YE144
2014 AG14
2014 AG15
2014 AB28
2014 AO33
2014 AC52
2014 AN53
2014 BG
2014 BD63
2014 DY22
2014 DO80
2014 DN106
2014 DY111
2014 FZ30
2014 FS33
2014 HK130
2014 HJ131
2014 LF27
2014 MN
2014 MX13
2014 MU15
2014 ML23
2014 NT46
2014 OU234
2014 OA301
2014 QJ
2014 QV285
2014 SP1
2014 SF263
2014 SF293
2014 SQ334
2014 TQ34
2014 TM85
2014 UG52
2014 UC60
2014 UZ111
2014 UF157
2014 WC6
2014 WJ138
2014 WP138
2014 WB481
2014 WX498
2014 WF306
2014 YM6
2015 AO29
2015 AG37
2015 AC39
2015 AG80
2015 AE119
2015 AN247
2015 AC278
2015 BJ16
2015 BG66
2015 BA401
2015 BM149
2015 BJ434
2015 BC199
2015 BG228
2015 BR513
2015 BD261
2015 CZ5
2015 CJ43
2015 DO27
2015 DR53
2015 DA154
2015 DT223
2015 EM
2015 EA10
2015 ED43
2015 FO52
2015 FB79
2015 GB
2015 GT43
2015 HD9
2015 HU41
2015 HR66
2015 HX68
2015 HR79
2015 HX79
2015 HC80
2015 HW87
2015 HQ90
2015 JA3
2015 KR29
2015 KS42
2015 KU60
2015 KD101
2015 KH103
2015 LY29
2015 LS33
2015 MX2
2015 MA74
2015 ME124
2015 MJ127
2015 OG21
2015 OA31
2015 OT35
2015 OB66
2015 OJ73
2015 OS73
2015 PP3
2015 PJ33
2015 PC38
2015 PP50
2015 PX56
2015 PH57
6013 P-L
