id
94186
98928
98975
99136
99693
107132
107402
107431
107563
107610
107677
107750
107849
107996
108018
108129
108246
108262
108321
108593
108645
108763
108829
108917
108927
108928
108955
109032
109035
109052
109076
109078
109125
109132
109250
109271
109287
109296
109408
109499
109513
109566
109577
109665
109689
109749
109766
109770
109807
109864
109877
110018
110240
110285
110309
110336
110357
110358
110400
110425
110524
110546
110583
110662
110689
110690
110713
110804
110852
110940
110957
110990
111041
111058
111072
111155
111213
111290
111687
112504
113093
113222
113274
113385
113830
114052
114153
114337
114427
114472
114522
115094
115171
115508
115525
115891
115990
116168
116439
116504
116793
116797
117044
117048
117437
119052
119235
119404
119451
119533
119574
119610
119759
119824
120232
120350
123775
123882
124061
124398
124538
124621
124863
124868
124953
124965
125022
125050
125052
125088
125128
125150
125207
125242
125281
125285
125305
125377
125390
125401
125512
125521
125601
125607
125674
125675
125702
125786
125828
125905
125931
126106
126274
127131
127153
127530
127630
127651
127685
127748
127751
127859
127929
127985
127990
128016
128554
128590
128692
129120
131146
131248
131302
131330
131353
131365
131386
131420
131475
131523
131583
131591
131600
131629
132529
132698
132794
132963
133257
134230
134232
134947
134954
134996
135023
135034
135066
135072
135074
135192
135201
135295
135331
135455
135456
135462
135921
136024
136068
136092
136291
136329
138928
138952
138992
139116
139128
139152
139176
139358
139363
139497
139524
139527
139703
139725
139793
139797
139833
139882
139885
139957
139992
140018
140056
140113
140148
140193
140224
140256
140279
140334
140358
140372
140400
140403
140476
140528
140556
140583
140594
140672
140677
140713
140716
140725
140745
140753
140769
140772
140831
140884
141009
141096
141107
141141
141157
141242
141254
141293
141297
141333
141813
141866
141961
142003
142037
142220
142299
142345
142398
143042
143119
143188
143244
143270
143455
143466
143554
143598
143603
143735
143737
143781
144219
144423
144585
144728
144784
145071
145094
145161
145213
145589
145590
146312
146331
146388
146403
146415
146419
146488
146495
146510
146522
146550
146582
146637
146640
146641
146662
146664
146683
146729
146846
146870
147177
147463
147514
147626
148469
148491
148505
148523
148542
148565
148706
148793
148834
148890
148913
148980
148990
148997
149211
149398
149434
149719
149886
149984
150810
150812
150822
150824
150858
150900
150910
150921
150938
150942
150953
150968
150971
151003
151022
151051
151107
151126
151134
151160
151165
151191
151213
151485
151659
152010
152245
152251
152306
152376
153284
153327
153363
153442
153454
153501
153516
153605
153643
153695
153723
153753
153768
153855
153877
153889
154245
154415
154468
154707
155007
155103
155154
155286
155308
155894
155948
155976
156011
156062
156066
156083
156096
156121
156136
156199
156211
156254
156264
156301
156332
156425
156815
156874
156882
156885
156948
157042
157044
157060
157237
157339
157340
157512
157587
158130
158175
158194
158213
158252
158259
158269
158552
158593
158653
158801
159024
159158
159204
159259
159282
159550
159574
159745
159830
159936
160171
160185
160190
160261
160439
160449
160466
160865
160876
160885
161216
161598
161683
162857
162858
162860
162949
162962
163358
163600
163631
164409
164576
165480
165510
165552
165571
165594
165641
165702
165771
165846
165909
165972
166681
166737
166803
166838
166841
167101
167452
167661
167798
167920
167976
168015
168253
169000
169060
169156
169198
169221
169256
169273
169301
169318
169330
169434
169602
169904
170049
170058
170078
170113
170162
170350
170401
170423
170533
170667
170712
170732
170777
170858
171109
171150
171178
171265
171355
171369
171389
171397
171459
171868
171888
171902
171920
171971
171975
171983
171988
172000
172029
172035
172069
172070
172362
172386
172406
172421
172541
172762
172940
172959
173027
173046
173570
173571
173585
173586
173608
173702
173708
173729
173743
173758
173796
173806
173849
173908
173979
174080
174259
174435
174438
174489
174501
174670
174767
175022
175070
175115
175147
175196
175280
175281
175288
175516
175524
176115
176116
176119
176154
176214
176226
176231
176247
176278
176303
176304
176309
176310
176340
176361
176437
176489
177122
177187
177520
177838
178188
178828
179138
179156
179159
179160
179165
179224
179237
179271
179302
179307
179326
179652
179682
179741
180004
180057
180060
180222
180373
180479
180592
180622
180793
180913
180918
180988
181011
181015
181016
181175
181567
182364
182426
182427
182440
182470
182486
182498
182539
182574
182685
182723
182739
182789
182839
183144
183264
183383
183418
183425
183513
183632
183708
183797
183877
184050
184206
184512
184530
184559
184562
184586
184711
184981
185058
185095
185207
185220
185256
185333
185541
185600
185976
186065
186078
186116
186152
186206
186207
186236
186237
186258
186267
186568
186597
186602
186606
186675
187418
187492
187522
187531
187534
187588
187674
187703
187948
188007
188072
188079
188094
188099
188536
188575
188661
188773
188902
189120
189314
189320
189625
189835
189837
189842
189890
190795
190812
190916
191008
191530
191857
191911
192165
193634
193648
193658
193675
193725
194077
194119
194131
194161
194169
194198
194206
194274
194275
194294
194378
194415
194416
194422
194517
194524
194527
194529
194588
194589
194647
194658
194735
194763
194773
194823
194830
194929
195286
195591
195709
195940
196163
196205
196303
196537
196631
196716
196744
196764
197098
197295
197550
197554
197634
197654
197737
197738
197999
198005
198935
198942
198949
198963
199131
199137
199158
199221
199297
199347
199430
199433
199645
199674
199864
200063
200519
200523
200547
200624
200680
200717
200768
200800
200810
200827
200849
200850
201420
201426
201629
201897
201906
201919
202044
202062
202246
202259
202410
202478
202589
202651
202875
203187
203188
203189
203259
203263
203282
203285
203400
203461
203466
203484
203894
203996
204217
204237
204252
204328
204349
204505
204537
204562
204596
205402
205453
205467
205505
205521
205563
205587
205633
205694
205747
206168
206259
206263
206312
206472
206817
206859
207094
207162
207239
207386
207435
207504
207894
208297
208309
208340
208349
208367
208371
208378
208410
208542
208560
208788
208962
209011
209180
209187
209427
209476
209558
209669
209730
209999
210053
210070
210094
210146
210258
210405
210779
210801
210823
210894
210921
210929
210938
210947
210968
210990
210997
211266
211417
211471
211844
212130
212220
212447
212482
212486
212513
212560
212650
212653
212695
212799
212892
212904
212917
213269
213328
213377
213395
213413
213426
213430
213848
213883
214001
214130
214303
214400
214407
214575
214643
214662
214673
214686
214699
215275
215291
215302
215314
215324
215343
215361
215449
215701
215729
215780
216186
216209
216246
216329
216353
216526
216547
216873
217040
217050
217061
217079
217357
217425
217578
217839
217842
217867
217868
217872
217917
217922
217936
217978
217985
218547
218700
218810
219493
219543
219600
219629
219661
219707
220304
220310
220399
220546
220569
221091
221206
221241
221259
221401
221417
221697
221748
221812
221893
222381
222388
222390
222393
222398
222404
222413
222447
222495
222496
222502
222538
222552
222590
222611
222627
222647
222677
222681
222712
222843
223186
223484
223497
223588
223711
224320
224342
224402
224697
224765
224804
225060
225061
225139
225171
225205
225638
225703
225740
225799
225803
225805
225862
226004
226490
226586
226612
226619
226676
227020
227054
227127
227257
227260
227272
227385
227423
227648
227775
227967
227981
228170
228483
228799
229079
229096
229514
229544
230133
230192
230207
230211
230229
230231
230235
230236
230587
230618
231045
231176
231310
231355
231424
231979
232299
232560
232683
232704
232720
232732
232898
232965
233037
233198
233369
233394
233490
233506
233540
233636
233733
233879
233946
234324
234420
234433
234459
234494
234528
234542
234806
235013
235082
235218
235221
235225
235561
235870
236096
236228
236270
236274
236666
236672
236886
236942
236999
237036
237183
237221
237261
237585
237594
237605
237629
237640
237656
237689
237737
238040
238066
238285
238286
238287
238476
238725
238971
239155
239164
239326
239366
239442
239492
239504
239601
239689
239793
239949
240017
240041
240052
240187
240304
240321
240412
240650
240718
240872
241208
241349
241392
241453
241761
241795
241811
241856
242563
242718
242767
243128
243141
243173
243178
243217
243240
243513
243536
243920
243957
243984
244047
244056
244088
244107
244122
244137
244142
244168
244176
244642
245018
245096
245126
245144
245148
245430
245444
245654
245932
245973
246282
246346
246418
246466
246730
246764
247185
247202
247286
247337
247344
247354
247662
247702
248235
248807
248871
249034
249402
249872
249883
249922
249990
250338
250382
250896
251030
251160
251190
251270
251322
251408
251422
251445
252179
252186
252189
252203
252350
252359
252367
252496
252561
252621
253058
253229
253255
253307
253327
253818
253989
254078
254375
254407
254587
254700
254728
254825
255082
255527
255929
256031
256140
256198
256213
256332
256363
256396
256404
256466
256474
256483
256553
256595
256681
256722
256745
257030
257123
257203
257210
257390
258002
258132
258191
258244
258270
258368
258373
258444
258448
258483
259151
259229
259253
259296
259335
259654
259675
260180
260378
260690
260782
260852
260861
260863
260867
261123
261219
261370
261869
261978
262250
262318
262323
262335
262545
262550
262572
262681
262844
262880
262893
263245
263315
263405
263461
263475
263539
263734
264041
264054
264544
264586
264613
264629
264636
264645
264663
264855
265256
265425
265574
265762
265787
265942
265960
266091
266151
266262
266263
266265
266280
266417
266493
266502
266571
266712
266807
266932
266961
267277
267309
267400
267412
267426
267608
267706
268219
268274
268434
268483
268569
268878
269136
269192
269543
269612
270007
270100
270153
270161
270191
270207
270211
270225
270341
270350
270355
270378
270806
271189
271333
271359
271445
271515
271568
271570
272510
272585
272752
273032
273309
273570
273587
273615
273651
274559
274652
274659
274809
275102
275469
275776
275879
275922
275959
275996
276011
276013
276016
276261
276727
276783
277170
277360
277434
277449
277466
277730
277834
277930
277937
278030
278156
278163
278173
279281
279476
279483
279658
279668
279898
279900
280026
280291
280348
281205
281339
281712
281972
282143
282148
282193
282296
282421
282494
282562
282636
282659
282749
283000
283023
283070
283114
283288
283454
283528
283583
283902
284043
284044
284241
284274
284318
284479
284829
285825
285966
285991
286015
286018
286075
286113
286119
286124
286153
286171
286245
286274
286294
286314
286338
286340
286348
286350
286384
286951
286978
287030
287503
287931
288096
288105
288195
288530
288921
289040
289694
289740
289788
289802
290022
290112
290209
290285
290328
290417
290449
290818
291010
291043
291052
291111
291136
291240
291281
291448
291719
291763
291841
291968
292127
292317
292417
292459
292607
292622
292631
292687
292804
292837
292870
292990
293000
293002
293091
293122
293166
293186
293195
293257
293282
293452
293591
294177
294227
294668
295000
295025
295256
295288
295371
295372
295501
295518
295576
295610
295792
295865
295957
296016
296128
296135
296160
296286
296333
296387
296632
296689
297527
297600
297634
297640
297642
297669
297690
297694
297708
297720
297734
297750
297767
297793
297798
297821
298113
298670
299662
299713
299722
299729
299735
299772
299799
299822
299842
299847
299917
299993
300432
300442
300798
300826
301061
301389
301549
301711
302092
302110
302135
302146
302185
302250
302251
302260
302289
302295
302675
303241
303473
303475
303485
303630
303665
303667
304058
304349
304417
304616
305088
305559
305574
305941
306200
306267
306854
306893
306936
306954
307002
307041
307052
308220
308328
308435
308539
308545
308591
308868
308960
308978
309010
309041
309070
309161
309831
309993
310037
310599
310600
311333
311492
311570
311578
311821
311836
311971
312293
312395
312491
312497
312546
312570
312639
312864
313205
313208
313211
313229
313235
313250
313393
313812
314363
314578
315509
316240
316580
316973
317047
317048
317077
317098
317145
317164
317169
317171
317454
317476
317487
317898
317991
318082
318327
318691
319172
319216
319509
319906
320249
320289
320379
320818
320918
321021
321050
321520
321530
321554
321777
321820
322075
322395
322834
322864
322870
322872
322873
323069
323232
323770
324113
324150
324173
324174
324192
324194
324220
324253
324254
324592
324738
324952
325029
325042
325326
325421
325893
325955
325989
326003
326172
326173
326407
326452
326453
326459
326467
326718
326800
326965
327224
327572
327804
328246
328525
328640
328891
328952
329159
329366
329646
329657
329988
330389
330813
331183
331210
331363
331414
331466
331575
331802
332069
332114
332175
332217
332609
332936
333130
333216
333328
333548
333810
334059
334066
334107
334186
334205
334221
334226
334233
334292
334298
334902
335979
335988
336044
336232
336325
336546
336665
336804
336935
336981
337335
337460
337489
337511
337525
337548
337559
337584
337606
337685
337697
337720
337725
337764
337779
337789
337818
337870
338283
338331
338345
338400
338476
338954
338972
339044
339079
339179
339541
339552
339575
339780
339912
340191
340289
340477
340598
340629
340636
340663
340744
340941
341184
341257
341271
341396
341441
341442
341633
341640
341682
341734
341737
341796
342123
343011
343024
343092
343127
343318
343351
343454
343481
343515
343634
343764
343787
344187
344261
344265
344303
344327
344386
344392
344702
344993
345206
345692
345910
345950
345990
346023
346112
346132
346338
346360
346817
346866
346913
346915
346951
346974
347072
347115
347231
347340
347626
347674
347723
347730
347739
347807
348058
348281
348547
348957
349565
349587
349692
350413
350684
350701
350876
351411
351874
351963
352617
352797
353020
353067
353083
353119
353156
353283
353302
353685
353755
353757
353822
353873
354049
354088
354290
354861
355050
355072
355103
355302
355447
355455
355505
356015
356383
356671
356788
356793
357075
357091
357118
357386
357454
357980
358274
358360
359201
359216
359581
359616
359868
360320
360360
360719
361280
361386
361416
362213
362222
362267
362328
362391
362545
362884
363157
363190
363440
363563
363764
364146
364367
364515
364810
365069
365372
365507
365533
365562
365645
365827
365907
365934
366432
366497
366855
367198
367437
367752
367806
368058
368239
368682
368705
368968
369123
369128
369247
369733
369865
370118
370831
370959
371029
371264
371292
371813
371868
372878
373363
373531
373546
373550
374244
374312
374359
374560
375116
375366
375739
376159
376458
376513
376826
376873
376896
377094
377291
377640
377908
377946
378166
379105
379127
379210
379602
379652
379819
379904
380024
380234
380733
380795
381054
381280
381284
381362
381409
381559
381568
381614
381664
381850
381996
382324
382333
383308
383724
384091
384535
384718
384755
384786
385068
385110
385274
385729
385857
386430
386497
386624
386746
386749
386809
386871
387066
387099
387571
388294
388329
388812
388879
389133
389539
389607
389690
389821
389875
389914
390030
390107
390132
390177
390488
390500
390601
391531
391694
391700
392129
392481
392886
392914
393084
393292
393734
394044
394096
394196
394301
394561
394573
395174
395749
395755
396054
396199
396233
396399
396418
396893
396978
397043
397819
397970
398114
398788
399275
399387
399397
399406
399423
400086
401513
401581
401708
401735
403225
403616
403663
404071
404092
404217
404246
404250
404535
404563
405325
405653
406109
406232
406707
406906
407464
407490
407507
407726
408032
408093
408318
408391
408405
408522
408859
408904
408915
409708
410395
411231
411511
411556
411676
411729
411848
411868
411963
411996
412006
412247
412370
413261
413391
413764
413928
414166
414215
414224
414700
414745
414797
414807
414973
415102
415254
415383
415386
415810
415888
415906
416247
416277
416363
416860
416875
416908
416913
416921
417063
417087
417319
417955
418085
418148
418193
419258
419685
419845
420465
420478
420499
420542
420711
421095
421386
421502
421586
421617
421673
421788
421915
422113
422264
422319
422512
422559
422575
422725
422746
422817
422976
423475
423549
423560
423586
423593
424424
424484
424619
424682
425016
425460
426583
427044
427209
427340
427694
427816
427875
428687
428901
429047
429892
429897
429935
429950
430379
430507
431113
431520
431639
431710
432257
433050
433121
433178
433246
433543
433578
433855
433932
434071
434827
434853
434868
435137
436168
436434
436454
436635
436646
436664
437034
437260
437715
437718
438217
438687
438928
438948
439304
439318
439407
439537
439549
439625
439631
439663
439690
2001 CH25
2001 FP108
2001 FT185
2001 FG217
2001 QD107
2001 SJ198
2001 SO203
2001 SG293
2001 TJ55
2001 TW99
2001 TO163
2001 TT260
2001 TK262
2001 UE2
2001 UR4
2001 UW57
2001 UG88
2001 UV166
2001 UH191
2001 UN231
2001 XX187
2001 XA223
2001 YY2
2001 YW3
2002 AE129
2002 QO95
2002 TE98
2003 WB3
2005 ED213
2005 GB76
2005 GM177
2005 QV116
2005 SE80
2005 SD188
2005 TK191
2005 WW152
2005 YG45
2005 YG56
2006 AG30
2006 BV52
2006 BF153
2006 BK251
2006 HV9
2006 JQ29
2006 PK17
2006 QK67
2006 SW342
2006 SE411
2006 ST189
2006 ST241
2006 SV327
2006 SW342
2006 TD46
2006 TF56
2006 TM78
2006 UC29
2006 UA123
2006 UA123
2006 UM265
2006 VY59
2007 RZ
2007 TC134
2007 TU413
2007 TG439
2007 TK448
2007 TG216
2007 VP83
2007 VJ175
2007 VH214
2007 VV332
2008 CL134
2008 CZ196
2008 EP35
2008 EX44
2008 GN60
2008 GZ145
2008 HP22
2008 MO1
2008 QQ3
2008 SR221
2008 ST275
2008 UE82
2008 UF272
2008 UR209
2008 UY229
2008 UF272
2009 BQ6
2009 BF46
2009 DM53
2009 DQ54
2009 GC2
2009 QF13
2009 QR28
2009 SN52
2009 SO118
2009 SL148
2009 UM31
2009 UT85
2010 DJ6
2010 DU74
2010 EX97
2010 HM106
2010 RL10
2010 RB184
2010 SM8
2010 TK117
2010 UO81
2010 UW83
2010 UN88
2010 VR28
2010 VE32
2010 VE162
2010 VH211
2010 XM11
2010 XQ33
2010 XJ35
2011 AV33
2011 BY116
2011 CW27
2011 DN19
2011 DQ50
2011 ED4
2011 ER22
2011 EW23
2011 EH36
2011 GS79
2011 HW2
2011 KZ10
2011 MH9
2011 RZ8
2011 SL164
2011 ST212
2011 SK272
2011 TP4
2011 UR120
2011 UR120
2011 WZ58
2011 WT66
2011 YA58
2011 YH61
2012 BW8
2012 BY12
2012 BW93
2012 BQ147
2012 CS36
2012 DY72
2012 DR81
2012 EJ
2012 FY
2012 FR63
2012 FR67
2012 GH27
2012 HU19
2012 HQ71
2012 PO36
2012 SA17
2012 SC50
2012 TT6
2012 TR85
2012 TV96
2012 TX102
2012 TZ128
2012 TJ140
2012 TO217
2012 TH267
2012 TS286
2012 TW306
2012 UP52
2012 UO117
2012 UG125
2012 UG136
2012 UF158
2012 UF163
2012 UG173
2012 VO16
2012 VV34
2012 VD44
2012 VA70
2012 XC11
2013 AT
2013 AP21
2013 AO100
2013 AE163
2013 AT166
2013 BE1
2013 BV21
2013 BJ74
2013 BC77
2013 CY40
2013 CA55
2013 CV140
2013 CF179
2013 EJ7
2013 EF101
2013 FT11
2013 GM26
2013 GC71
2013 GW97
2013 HP43
2013 QP92
2013 SX74
2013 SR75
2013 WD62
2013 WD70
2013 WM99
2013 YB40
2013 YJ99
2014 BJ17
2014 BF47
2014 DQ23
2014 DO66
2014 DN99
2014 DX127
2014 EY10
2014 EG36
2014 FY18
2014 FP46
2014 FA56
2014 HS43
2014 KC67
2014 KM98
2014 LX3
2014 MJ7
2014 NS28
2014 OJ40
2014 OC43
2014 OT106
2014 OL138
2014 PZ10
2014 QH171
2014 QJ212
2014 QC260
2014 RS33
2014 SJ214
2014 UP32
2014 UF167
2014 UW167
2014 UB213
2014 WK37
2014 WS179
2014 WD478
2014 WE499
2014 XY28
2015 AT136
2015 AG189
2015 GG14
2015 GT15
2015 HZ59
2015 HA162
2015 KZ75
2015 KZ131
2015 LF3
2015 LC8
2015 NC7