id
112452
126779
127300
127871
131878
132078
132088
132352
132380
132684
133184
135772
135779
135820
135826
135954
141471
141474
141489
141494
141562
141570
142031
142133
142379
142505
142511
142531
142552
142561
142695
142727
142732
142798
142843
142916
143208
143365
143782
144191
144993
145039
145156
145226
145326
145333
145344
146943
146944
147683
147711
147871
149006
149063
149154
149171
149349
149554
149904
151297
151313
151370
151424
151431
151475
151477
151528
151624
151881
151966
152426
152453
154101
154146
154162
154181
154183
154198
154258
154268
154269
154302
154677
154803
154812
154853
156502
156592
156660
158571
159699
160207
160212
160492
161515
161834
163143
163211
163794
164438
164505
166007
166155
166231
166240
166289
166338
166354
166962
166981
167022
167036
167048
167159
168141
168149
169436
169686
169925
170013
170014
170292
170327
171034
171454
172174
172289
172611
172679
172683
172720
172768
172926
174135
174169
174224
174228
174278
174280
174284
174290
174301
174306
174307
174322
174333
174344
174356
174358
174382
174414
174430
174896
174897
174913
174943
174959
175009
175033
175041
175233
175237
175289
175432
175449
175588
175667
176660
176663
176708
176768
176793
176800
176809
176838
176842
176843
176864
176873
176874
176883
176896
176936
176939
176962
177403
177422
177477
177514
177518
178011
179487
179514
179725
179885
179911
179918
179926
179933
179994
180006
180033
180053
180159
180574
180621
180858
180874
180893
181269
181383
181424
181428
181658
182798
182860
182885
182908
182912
182946
182953
182960
183232
183918
184120
184254
184790
184863
185587
186284
186286
186292
186317
186328
186354
186366
186382
186640
186969
187014
187254
187297
187331
187356
187364
187366
187372
187374
187395
187557
187616
187627
187637
187652
187721
187728
188125
188144
188154
188155
188158
188162
188171
188173
188540
188655
188756
188771
188804
188914
188961
189150
189173
189338
190063
190135
191309
191929
194844
194949
194952
194978
195007
195009
195040
195045
195054
195071
195074
195103
195105
195215
195255
195259
195294
195353
195444
195538
195552
195838
195945
196029
196117
196242
196609
196756
196885
197394
197722
197875
197880
197909
197932
198091
198890
199369
199848
200894
200924
200930
200931
200934
200936
200940
200941
200954
200957
200982
200983
200990
200996
201016
201043
201048
201059
201060
201062
201076
201081
201185
201195
201204
201211
201296
201434
202012
202019
202111
202134
202395
202415
202516
202784
203482
203485
203498
203499
203510
203513
203523
203539
203541
203574
203581
203582
203585
203587
203589
203593
203606
203613
203617
203618
203619
203631
203686
203878
203985
204342
204378
204381
204418
204419
204421
204740
204745
204764
205732
205736
205739
205761
205782
205788
205820
205934
206013
206153
206184
206326
206457
206573
206913
206968
206993
206999
207003
207006
207010
207018
207086
208692
208700
208765
208839
209046
209530
209592
209697
209702
209720
209798
209821
209931
209964
210209
211204
211214
211284
211322
211372
211648
211737
212107
212109
212172
212176
212180
212228
212243
212260
212271
212438
212481
212495
212603
212984
213499
213548
213557
213577
213622
213662
213663
213670
213676
213678
213688
213695
213696
213697
213760
213983
213991
213995
214031
214062
214206
214208
214346
214357
214570
214605
214608
214774
214786
214811
214869
215492
215509
215518
215545
215550
215717
215741
215755
215758
216098
216194
216385
216579
216618
216678
216681
216768
216772
216797
216801
216808
216874
217125
217155
217211
217271
217314
217407
217469
218086
218291
218908
219911
219927
219934
219935
219950
220698
220719
220748
221337
221379
221555
221848
221898
221921
221933
222915
222967
223004
223492
223757
223793
223837
223871
223993
224064
225245
226015
226043
226869
227069
227230
227250
227947
228668
229668
229844
232172
233115
233121
233504
234960
234971
234976
234989
235525
236333
236717
236810
237053
237196
237793
237830
237941
237958
237984
238309
238934
239047
239188
239291
239312
240079
240083
240084
240087
240094
240099
240110
240112
240247
240252
240273
240617
240734
240877
240889
240943
241162
241272
241300
241418
241936
241938
241953
242083
242089
242090
242204
242205
242247
242309
242491
242734
242773
242968
243069
243393
244210
244237
244243
244272
244286
244305
244360
244491
244506
244512
244536
244636
244993
245031
245194
245271
245308
245424
245635
245749
245752
245782
245788
245856
245859
245944
246003
246686
246688
247439
247514
247517
247521
247526
247585
247597
247610
247611
247615
247644
247678
247680
247756
247937
247960
247973
247995
248135
248255
248437
248496
248726
248736
248738
248759
248775
248892
248971
249164
249238
249275
249512
250011
250033
250039
250043
250099
250109
250128
250132
250201
250231
250619
250747
250766
250772
250851
250882
250885
250929
250988
251033
251060
251208
251316
251320
251447
251586
252678
252685
252718
252754
252765
252766
252775
252784
252791
252801
252809
252819
252833
252835
252838
252839
252843
252845
252848
252864
252866
252877
252895
252906
252923
252969
252983
253011
253046
253062
253106
253112
253143
253273
253453
253656
254073
254173
254194
254233
254275
254326
254341
254403
254408
254412
254415
254504
254561
254678
254901
254920
254964
255081
255123
255149
255150
255178
255183
255186
255188
255238
255252
255261
255308
255327
255366
255372
255404
255424
255425
255564
255596
255640
255670
255753
255790
255800
255950
256436
256450
256461
256476
256478
257042
257050
257067
257088
257099
257109
257117
257265
257377
258522
258569
258593
258602
258618
258619
258625
258689
258699
258753
258792
258801
258818
258819
258821
258842
258893
258939
258959
258964
259003
259047
259120
259155
259159
259341
259375
259388
259609
259732
259801
259884
259888
259954
259988
260126
260144
260158
260283
260319
260464
260537
260557
260599
260900
261039
261169
261259
261380
261389
261475
261502
261520
261741
261944
261968
262047
262131
262217
262231
262247
262249
262886
262889
262924
262992
263222
263381
263571
263641
263667
263999
264023
264219
264791
265321
265330
265369
265510
266007
266541
267434
267458
267479
267522
267537
267656
267678
268514
268674
269057
269171
269268
269364
269407
269485
269582
269599
270418
270559
270613
270651
270684
270695
270709
270777
270803
270874
270890
270898
270915
270921
270982
271980
272020
272311
272495
272616
273238
273269
273474
273656
274005
274008
274009
274020
274687
274786
274866
275286
275314
276081
276177
276187
276210
276214
276254
276264
276311
276318
276360
276754
277047
277049
277131
277158
277808
277820
277850
277908
278207
278426
278558
278562
278579
278884
278954
279025
279046
279084
279087
279118
279435
279610
280058
280106
280118
280149
280180
280197
280886
282013
282017
282303
282530
282539
282920
282934
283605
283620
283626
283690
283735
283887
283890
283993
283995
284510
284539
284777
285016
286443
286463
286477
286493
286524
286530
286537
286579
286655
286701
286726
286749
286767
286786
286866
286869
286882
286921
286925
286931
286957
286961
286972
286980
286990
286993
287047
287161
287163
287223
287235
287237
287250
287333
287335
287361
287380
287450
287453
287747
287942
288235
288263
288284
288333
288506
288727
288785
288807
288932
288996
289030
289038
289131
289151
289168
289176
289178
289362
289396
289438
289503
289524
289541
289785
289793
289810
289811
290129
290317
290415
290451
290777
290856
290878
290956
291077
291135
291332
291553
291634
291648
291839
291928
291953
291987
292008
292023
292048
292058
292063
292094
292154
292235
292243
292279
292356
292357
292432
292613
293088
293266
293302
293709
293749
293766
293903
294218
294260
294313
294495
294574
294581
294601
294635
294943
294958
295011
295114
295144
295192
295214
295278
295365
295373
295375
295542
295925
295993
296000
296002
296035
296057
296226
296385
296432
296490
296536
296795
296876
297170
297809
297811
297830
297841
297856
297871
297873
297874
297879
297880
297886
297888
297897
297902
297911
297914
297922
297925
297926
297933
297934
297942
297948
297951
297991
297992
297993
297998
298029
298036
298038
298048
298133
298250
298256
298257
298259
298266
298272
298275
298357
298536
298586
298593
298604
298636
298651
298675
298686
298710
298715
298820
298843
298852
298857
298860
298898
298929
298954
298958
298965
298979
299013
299017
299168
299348
299400
299545
299563
299586
299598
299606
299623
299626
299747
300117
300196
300234
300282
300316
300319
300326
300423
300523
300568
300777
300964
301001
301044
301111
301155
301164
301207
301219
301234
301279
301622
302338
302347
302360
302362
302377
302391
302422
302444
302445
302484
302485
302532
302543
302560
302588
302603
302609
302613
302638
302641
302646
302649
302674
302694
302702
302720
302723
302727
302733
302744
302746
302764
302809
302984
303016
303053
303079
303098
303111
303120
303126
303145
303173
303185
303351
303401
303472
303515
303619
303625
303981
304065
304098
304108
304116
304169
304221
304227
304228
304279
304282
304289
304499
304571
304654
304682
304686
304721
304756
304851
305073
305084
305105
305124
305131
305199
305200
305224
305242
305246
305252
305255
305276
305288
305314
305349
305354
305525
305527
305531
305539
305573
305629
305648
305664
305706
305761
305974
305994
306054
306115
306143
306171
306190
307076
307106
307131
307132
307139
307148
307158
307180
307204
307207
307208
307233
307237
307252
307274
307296
307306
307310
307320
307346
307396
307407
307422
307435
307470
307487
307492
307495
307583
307831
307872
307875
307895
307909
307915
307917
308247
308359
308421
308557
308567
308598
308601
308616
308756
308773
308797
308811
308818
308833
308984
309028
309119
309128
309164
309231
309237
309257
309344
309459
309479
309498
309509
309514
309535
309546
309554
309555
309571
309573
309576
309592
309594
309651
309687
309714
309723
309727
309805
309866
309875
309904
309923
309928
309966
310019
310089
310109
310178
310203
310261
310297
310304
310630
310649
310654
310657
310693
310709
310719
310733
310736
310738
310741
310768
310780
310781
310788
310791
310814
310815
310816
310818
310821
310826
310827
310833
310836
310840
311016
311118
311369
311420
311425
311607
311608
311612
311630
311638
311640
311750
311775
311854
311901
311939
311948
311959
311963
311989
312238
312243
312268
312275
312292
312298
312309
312385
312398
312421
312428
312430
312438
312442
312699
312832
312856
312908
312927
312930
313287
313300
313302
313314
313333
313334
313337
313342
313375
313390
313398
313409
313419
313447
313469
313481
313488
313490
313497
313527
314178
314299
314358
314372
314409
314425
314533
314566
314670
314673
314697
314712
314723
314795
314841
314882
314889
314915
315012
315040
315042
315043
315081
315122
315148
315426
315547
315710
315842
315890
316052
316215
316367
316396
316481
316579
316588
316610
316623
316628
317218
317317
317322
317371
317394
317404
317427
317435
317493
317503
317527
317577
317597
318375
318429
318497
318498
318505
318557
318563
318607
318858
318939
318972
319167
319233
319394
319558
319560
319585
319724
319773
319784
320065
320153
320551
321000
321237
321250
321302
321326
321359
321618
321636
321808
321889
322066
322087
322092
322126
322249
322465
322566
322573
322583
322584
322947
322998
323002
323017
323021
323027
323050
323058
323077
323138
323406
323552
323721
324115
324261
324274
324464
324810
324856
325391
326103
326136
326517
326519
326532
326536
326590
326606
326624
326630
326633
326653
326657
326675
326689
327148
327173
327593
327718
327833
327922
327982
328352
328450
328483
328658
328720
329160
329416
329422
329436
329475
329497
329523
329726
329923
329945
330135
330145
330160
330232
330441
330501
330668
330758
331087
331232
331246
331623
331639
331644
331648
331650
331652
331656
331659
331661
331664
331672
331684
331685
331691
331703
331734
331740
331916
332193
332247
332280
332440
332604
332627
332636
332647
332648
332674
332681
332790
332883
332955
333109
333147
333173
333237
333386
333681
334393
334408
334409
334417
334474
334498
334569
334936
335199
335909
336419
336592
336754
336757
338049
338172
338186
338203
338302
338336
339107
340865
341208
341816
342068
343200
343704
344012
344414
344425
344432
344576
344906
345242
345420
345766
347243
347288
347743
347751
347752
347753
347779
347781
347793
347813
347818
347827
347834
347857
347886
348113
348200
348234
348268
348279
348494
348567
348765
348768
348849
349074
349430
349484
349590
349591
349628
349640
349711
349753
349774
350754
350767
350770
350775
350778
350779
350780
350782
350789
350792
350793
350795
350796
350802
350806
350815
350817
350818
350820
350822
350824
350827
350831
350835
350839
350843
350852
350856
350857
350858
350859
350861
350872
350882
350898
350904
350910
350920
350925
350926
350929
350938
350992
351092
351274
351291
351302
351466
351500
351555
351746
351748
351761
351775
351781
351789
351837
351868
351872
352028
352073
352103
352171
352188
352273
352299
352330
352333
352383
352585
352645
352709
352753
352786
352804
352816
352834
352865
352871
352903
352912
352920
352965
353018
353060
353069
353177
353319
353408
353409
353429
353445
353626
353709
353919
354114
354121
354122
354126
354128
354138
354139
354140
354141
354149
354150
354151
354152
354166
354168
354169
354170
354175
354181
354182
354192
354196
354203
354204
354205
354208
354210
354212
354214
354217
354218
354220
354226
354244
354249
354252
354255
354259
354271
354272
354275
354281
354296
354302
354305
354308
354312
354315
354319
354320
354325
354331
354463
354486
354503
354556
354562
354675
354682
354796
355004
355046
355081
355099
355164
355188
355197
355209
355210
355285
355474
355540
355552
355599
355711
355751
355823
355860
355874
355875
355881
355891
355900
355955
355965
355968
356065
356285
356363
356368
356384
356398
356435
356462
356479
356488
356493
356557
356617
356644
356659
356677
356685
356696
356720
356764
356782
356841
356851
356863
356868
356888
356961
357135
357138
357140
357150
357157
357160
357163
357171
357172
357173
357178
357187
357188
357191
357192
357195
357200
357209
357212
357213
357216
357219
357221
357222
357230
357237
357241
357250
357252
357253
357254
357257
357258
357265
357268
357275
357280
357285
357286
357287
357288
357289
357290
357294
357297
357298
357299
357301
357302
357304
357442
357444
357445
357455
357511
357540
357545
357568
357573
357579
357587
357588
357594
357646
357677
357717
357722
357774
357784
357792
357793
357795
357796
357808
357897
358009
358044
358059
358084
358101
358113
358130
358134
358215
358259
358309
358338
358364
358376
358387
358395
358409
358410
358416
358434
358444
358445
358485
358571
358647
358670
358678
358799
358833
358848
358862
358886
358892
358895
358904
358907
358938
358941
358942
358945
358947
358948
358960
358962
359003
359043
359045
359193
359230
359304
359324
359440
359449
359545
359589
359602
359669
359682
359688
359707
359719
359752
359811
359826
359862
359890
360012
360033
360062
360074
360091
360119
360126
360167
360177
360369
360373
360385
360389
360395
360398
360399
360400
360404
360405
360411
360415
360419
360433
360436
360454
360456
360459
360464
360465
360471
360473
360475
360486
360487
360490
360492
360494
360496
360497
360498
360499
360604
360621
360633
360733
360746
360792
360869
360890
360896
360920
360940
360941
360959
360961
360968
361004
361184
361200
361202
361226
361227
361228
361329
361344
361371
361415
361437
361448
361458
361460
361464
361502
361525
361530
361689
361743
361757
361831
361832
361883
361884
361895
361911
361924
361936
361938
362019
362027
362034
362043
362056
362061
362066
362072
362073
362105
362164
362216
362225
362226
362286
362397
362406
362430
362432
362434
362454
362492
362504
362520
362530
362538
362542
362573
362625
362626
362658
362665
362674
362675
362676
362698
362709
362712
362726
362764
362766
362787
362790
362796
362842
362956
362989
363250
363259
363263
363264
363266
363267
363274
363278
363298
363313
363327
363330
363337
363343
363346
363355
363367
363383
363583
363649
363736
363896
363927
363957
363964
363999
364003
364122
364189
364241
364242
364248
364273
364410
364455
364466
364488
364489
364531
364535
364554
364770
364781
364788
364814
364843
364844
364899
364940
365008
365064
365080
365092
365115
365131
365191
365207
365210
365285
365313
365409
365437
365523
365603
365617
365669
365741
365775
365820
365821
365844
365919
365931
365951
365980
366252
366320
366458
366463
366467
366472
366474
366476
366487
366488
366491
366500
366502
366509
366512
366536
366540
366568
366571
366810
366914
366949
367108
367243
367472
367482
367593
367885
368100
368106
368146
368266
368276
368277
368283
368284
368285
368313
368314
368318
368321
368336
368342
368343
368345
368346
368361
368375
368387
368391
368398
368404
368413
368430
368440
368610
368663
368725
368866
368874
368883
368998
369046
369364
369379
369441
369583
369622
369713
369914
369918
369924
370181
370185
370192
370208
370212
370215
370216
370217
370220
370232
370234
370247
370252
370256
370266
370269
370270
370272
370276
370280
370281
370285
370293
370309
370316
370319
370341
370352
370354
370411
370417
370430
370434
370437
370480
370523
370770
370851
370872
370877
370880
370903
370913
371181
371318
371391
371420
371467
371558
371763
371821
372019
372046
372171
372237
372264
372305
372306
372329
372342
372346
372354
372358
372362
372582
373080
373088
373144
373155
373189
373191
373258
373356
373375
373588
373609
373612
373621
373627
373635
373638
373639
373640
373647
373648
373656
373659
373666
373667
373669
373675
373707
373710
373713
373714
373741
373773
373785
373789
373792
374249
374485
374631
374644
374748
374851
374864
374983
375174
375284
375359
375412
375421
375528
375558
375579
375585
375663
375681
375685
376129
376208
376491
376703
376937
376955
376957
376964
376968
376973
376986
376988
377004
377006
377022
377031
377036
377039
377042
377058
377066
377067
377091
377287
377501
377561
377774
377936
378013
378100
378164
378209
378274
378370
378404
378436
378592
378662
378886
378912
378915
378971
379027
379057
379086
379147
379268
379462
379643
379745
379845
379862
379871
379934
379935
380296
380308
380329
380335
380343
380347
380355
380379
380416
380806
381105
382320
382571
382607
382652
382692
383070
383201
384013
384289
384306
384673
385362
385437
385996
388958
393222
396205
402223
403795
407666
418335
418928
420287
420750
2002 AK2
2002 AN11
2002 AU12
2002 AN50
2002 AO142
2002 AZ192
2002 AE209
2002 AG210
2002 BG25
2002 CD26
2002 CD44
2002 CX54
2002 CR67
2002 CG89
2002 CN113
2002 CG115
2002 CC116
2002 CL124
2002 CG129
2002 CH135
2002 CS149
2002 CR152
2002 CP154
2002 CF158
2002 CQ162
2002 CX174
2002 CY175
2002 CQ187
2002 CE195
2002 CP199
2002 CT208
2002 CU213
2002 CK218
2002 CZ224
2002 CV227
2002 CH229
2002 CY248
2002 CZ248
2002 CD251
2002 CY261
2002 CQ265
2002 CB267
2002 CD278
2002 CN291
2002 CF293
2002 CQ295
2002 CW295
2002 CJ297
2002 CR311
2002 CO316
2002 DK
2002 EH3
2002 EC13
2002 EY22
2002 EG24
2002 EM24
2002 EN27
2002 EO44
2002 EA48
2002 EU66
2002 EX66
2002 EW79
2002 ER106
2002 ES106
2002 EW119
2002 EY130
2002 EA131
2002 EO131
2002 EE141
2002 FF
2002 FT6
2002 FD7
2002 FK7
2002 FZ15
2002 FE24
2002 FB27
2002 GT2
2002 GO4
2002 GY5
2002 GS6
2002 GN15
2002 GT26
2002 GQ29
2002 GW31
2002 GL32
2002 GK35
2002 GN120
2002 GS152
2002 GG183
2002 GN183
2002 GS186
2002 GM189
2002 GX189
2002 HZ8
2002 HA13
2002 HM18
2002 HO18
2002 JA9
2002 JD58
2002 JC68
2002 JW100
2002 JH128
2002 JL134
2002 JH150
2002 KK8
2002 KM8
2002 LN24
2002 LQ24
2002 LT24
2002 LM56
2002 LW56
2002 LG62
2002 LD63
2002 LK63
2002 MP1
2002 MT1
2002 MO3
2002 MS3
2002 MY3
2002 MV6
2002 MG7
2002 NQ
2002 NN16
2002 NA48
2002 NE56
2002 NG58
2002 NW58
2002 NC66
2002 ND67
2002 NL69
2002 NG70
2002 NZ70
2002 NJ71
2002 NZ71
2002 NE72
2002 NQ73
2002 NL75
2002 NY75
2002 NZ75
2002 NM76
2002 NP76
2002 NV78
2002 NR80
2002 NW80
2002 OG5
2002 OE19
2002 OJ20
2002 ON25
2002 OW28
2002 OL29
2002 OP29
2002 OB34
2002 OS34
2002 OM35
2002 OT35
2002 OB36
2002 OS36
2002 OU37
2002 OW37
2002 PD1
2002 PN3
2002 PB4
2002 PT5
2002 PE6
2002 PJ7
2002 PO7
2002 PR7
2002 PY8
2002 PL20
2002 PF23
2002 PX51
2002 PP63
2002 PB64
2002 PR64
2002 PO75
2002 PD77
2002 PX79
2002 PH80
2002 PH81
2002 PQ88
2002 PX106
2002 PE120
2002 PZ120
2002 PP123
2002 PR139
2002 PD141
2002 PK141
2002 PL141
2002 PL157
2002 PS157
2002 PV160
2002 PJ166
2002 PV166
2002 PX167
2002 PA171
2002 PJ172
2002 PS172
2002 PA177
2002 PL178
2002 PX180
2002 PU185
2002 PV186
2002 PM188
2002 PE190
2002 PF191
2002 PE193
2002 PF193
2002 PZ193
2002 PL194
2002 PW196
2002 PY197
2002 PB198
2002 PV198
2002 PK199
2002 PZ200
2002 QC
2002 QU
2002 QX3
2002 QZ6
2002 QD7
2002 QM10
2002 QK13
2002 QB15
2002 QM15
2002 QJ17
2002 QZ22
2002 QN24
2002 QN32
2002 QO38
2002 QE44
2002 QX47
2002 QQ51
2002 QS52
2002 QE54
2002 QW54
2002 QF55
2002 QO56
2002 QP59
2002 QH62
2002 QD63
2002 QC68
2002 QO70
2002 QK71
2002 QX71
2002 QE72
2002 QY75
2002 QY79
2002 QL82
2002 QG83
2002 QQ89
2002 QS91
2002 QA95
2002 QT96
2002 QO98
2002 QD99
2002 QE100
2002 QJ100
2002 QK101
2002 QP104
2002 QX105
2002 QU107
2002 QE108
2002 QP112
2002 QC114
2002 QL115
2002 QN116
2002 QD117
2002 QK117
2002 QH118
2002 QO118
2002 QO121
2002 QV121
2002 QC122
2002 QP122
2002 QZ124
2002 QF126
2002 QJ126
2002 QN126
2002 QL127
2002 QR127
2002 QW128
2002 QG129
2002 QJ131
2002 QL131
2002 QW131
2002 QD132
2002 QB136
2002 QS136
2002 QW136
2002 QU137
2002 QA138
2002 QQ139
2002 QA140
2002 QE141
2002 QF142
2002 QO143
2002 QS143
2002 QB144
2002 QJ150
2002 QS151
2002 QQ153
2002 QZ153
2002 QQ154
2002 QF155
2002 RT
2002 RO2
2002 RR5
2002 RO6
2002 RX30
2002 RE34
2002 RA49
2002 RJ72
2002 RY75
2002 RV78
2002 RC89
2002 RW112
2002 RB120
2002 RY123
2002 RF130
2002 RO142
2002 RR142
2002 RJ146
2002 RV146
2002 RX150
2002 RT157
2002 RM164
2002 RA171
2002 RV173
2002 RL177
2002 RH181
2002 RN182
2002 RA188
2002 RO188
2002 RE189
2002 RS189
2002 RR191
2002 RW194
2002 RY194
2002 RW203
2002 RS209
2002 RY210
2002 RG220
2002 RK223
2002 RE227
2002 RP238
2002 RH240
2002 RR240
2002 RC241
2002 RF241
2002 RM241
2002 RM247
2002 RG252
2002 RA253
2002 RP254
2002 RT254
2002 RG255
2002 RO258
2002 RX258
2002 RO259
2002 RY259
2002 RV260
2002 RY262
2002 RL263
2002 RO264
2002 RB266
2002 RM266
2002 RM268
2002 RY268
2002 RH269
2002 RZ269
2002 RJ270
2002 RQ273
2002 RT274
2002 RU274
2002 RB275
2002 RQ280
2002 RM281
2002 RQ281
2002 RV289
2002 RE290
2002 RV290
2002 RQ293
2002 RU293
2002 SB17
2002 SD17
2002 SG17
2002 SG36
2002 SL47
2002 SE63
2002 SR63
2002 SN65
2002 SV65
2002 SN66
2002 SC67
2002 SE67
2002 SR67
2002 SV68
2002 SH70
2002 SH71
2002 SA73
2002 SU73
2002 SZ73
2002 SY74
2002 TE12
2002 TT18
2002 TR34
2002 TA55
2002 TV61
2002 TV64
2002 TV65
2002 TL68
2002 TY68
2002 TG69
2002 TM73
2002 TP91
2002 TA93
2002 TW101
2002 TY361
2002 TY367
2002 TS112
2002 TK377
2002 TU379
2002 TU381
2002 TC124
2002 TT126
2002 TU386
2002 TS132
2002 TZ134
2002 TF142
2002 TC151
2002 TU151
2002 TG154
2002 TL156
2002 TU158
2002 TT161
2002 TU165
2002 TM167
2002 TD193
2002 TX196
2002 TU209
2002 TQ212
2002 TC219
2002 TG223
2002 TQ224
2002 TV249
2002 TM260
2002 TB274
2002 TR278
2002 TP285
2002 TG291
2002 TN292
2002 TT299
2002 TX303
2002 TB304
2002 TX306
2002 TZ306
2002 TQ307
2002 TG313
2002 TX315
2002 TL318
2002 TZ320
2002 TU324
2002 TU326
2002 TB329
2002 TM333
2002 TA341
2002 TH346
2002 TA350
2002 TR355
2002 UA2
2002 UL3
2002 UV10
2002 UR12
2002 UG16
2002 UQ44
2002 UX50
2002 UK53
2002 UZ53
2002 UD56
2002 UN56
2002 UE58
2002 UU65
2002 UM72
2002 UG74
2002 UT75
2002 UM77
2002 VP4
2002 VN11
2002 VM14
2002 VN54
2002 VL63
2002 VP69
2002 VG71
2002 VV87
2002 VY88
2002 VX90
2002 VF96
2002 VF98
2002 VY101
2002 VW116
2002 VG118
2002 VV128
2002 VE130
2002 VB131
2002 VD131
2002 VV132
2002 VW140
2002 VM144
2002 VD145
2002 VD147
2002 VP147
2002 WU6
2002 WF22
2002 WV22
2002 WX23
2002 WU25
2002 WH29
2002 WD30
2002 WT30
2002 WX30
2002 WQ31
2002 WV31
2002 XP37
2002 XZ38
2002 XE51
2002 XF56
2002 XY69
2003 AQ85
2003 BN4
2003 QN45
2003 UZ118
2003 UY119
2003 WU58
2003 YN179
2004 BA67
2004 BQ134
2004 CQ27
2004 CJ119
2004 FX5
2004 FJ8
2004 PE84
2004 RN19
2004 RT52
2004 RA62
2004 RH146
2004 RO272
2004 RJ335
2004 TX41
2004 TP44
2004 TG51
2004 TK98
2004 TX155
2004 TN175
2004 TO176
2004 TW181
2004 TA191
2004 TY203
2004 TF215
2004 TX298
2004 TB341
2004 VM37
2004 XY103
2005 AS39
2005 BV49
2005 EZ247
2005 EC305
2005 EW318
2005 JB4
2005 JF89
2005 JB155
2005 JX172
2005 LK22
2005 NG16
2005 QB81
2005 QK109
2005 SV100
2005 SO116
2005 SS241
2005 TF33
2005 TC43
2005 TC58
2005 TR114
2005 TE123
2005 TH169
2005 TK175
2005 TA198
2005 UC8
2005 UW94
2005 UV103
2005 UC129
2005 UJ486
2005 UC519
2005 UK301
2005 US338
2005 VJ20
2005 VT113
2005 WN44
2005 XU19
2005 XX49
2005 YW81
2005 YM84
2005 YH161
2005 YC166
2005 YD177
2005 YK232
2005 YM264
2006 AA24
2006 AK66
2006 AE70
2006 AS74
2006 BP13
2006 BR21
2006 BX92
2006 BO93
2006 BO109
2006 BT111
2006 BO137
2006 BQ282
2006 CK18
2006 DK2
2006 DR8
2006 DE53
2006 DU58
2006 DM86
2006 DX86
2006 FT41
2006 HP
2006 HL1
2006 HF21
2006 HT21
2006 HS84
2006 HN102
2006 HN142
2006 JR53
2006 KW40
2006 KU46
2006 KD73
2006 MM6
2006 QB7
2006 QF19
2006 QA64
2006 RM74
2006 RB80
2006 SB1
2006 SR2
2006 SA37
2006 SH68
2006 SR70
2006 SC79
2006 SS85
2006 SB381
2006 SM406
2006 SX179
2006 ST182
2006 SR215
2006 SL254
2006 SU355
2006 TZ19
2006 TR26
2006 TV43
2006 TX67
2006 TF69
2006 TE73
2006 TG85
2006 TH86
2006 TV100
2006 TW105
2006 UY28
2006 UP37
2006 UU39
2006 UD63
2006 UT77
2006 US93
2006 UV94
2006 UP95
2006 UF97
2006 UN109
2006 UY119
2006 UV148
2006 UY161
2006 UE173
2006 US197
2006 UY200
2006 UQ222
2006 UH239
2006 UD254
2006 UQ285
2006 UC290
2006 UV334
2006 UX339
2006 VU63
2006 VG70
2006 VL98
2006 VO112
2006 WN26
2006 WO38
2006 WD85
2006 WK89
2006 WR105
2006 WV110
2006 WR111
2006 WH171
2006 WF177
2006 WK202
2006 XU1
2006 XG51
2006 XX71
2006 YG55
2007 AB13
2007 BB4
2007 BT10
2007 BD11
2007 BX39
2007 BC101
2007 BG102
2007 CN23
2007 CO27
2007 CD36
2007 CQ78
2007 DR4
2007 DP22
2007 DE44
2007 EH120
2007 EO183
2007 EZ222
2007 GJ73
2007 LD22
2007 OS6
2007 OE11
2007 RF11
2007 RK170
2007 RG190
2007 RT286
2007 RY325
2007 SV
2007 TJ47
2007 TU382
2007 TZ189
2007 TY214
2007 TJ238
2007 TC261
2007 TF346
2007 UN2
2007 UY72
2007 UJ75
2007 US113
2007 UU114
2007 UB131
2007 VF54
2007 VK99
2007 VP173
2007 VF183
2007 VT191
2007 VZ243
2007 VY320
2007 VD334
2007 XQ21
2007 XT51
2007 XU51
2007 XJ58
2007 YX1
2007 YX3
2007 YY20
2007 YG42
2007 YK46
2008 AR33
2008 AW35
2008 AS72
2008 AC98
2008 AE117
2008 BM9
2008 BN36
2008 BU40
2008 BR47
2008 CW18
2008 CV21
2008 CD101
2008 CU107
2008 CG161
2008 CU177
2008 CT190
2008 CX197
2008 CB204
2008 DL16
2008 DW79
2008 EN8
2008 EV117
2008 EP162
2008 FT
2008 FM42
2008 FJ46
2008 FS73
2008 FY102
2008 FA104
2008 GL
2008 GY51
2008 GG101
2008 GJ104
2008 GE113
2008 GX123
2008 HC17
2008 HW23
2008 HJ60
2008 KS15
2008 KJ18
2008 LJ5
2008 LN10
2008 PC5
2008 QC15
2008 RS103
2008 SR61
2008 ST119
2008 SZ183
2008 SO196
2008 SU252
2008 SJ261
2008 SM281
2008 SX287
2008 SE306
2008 SN306
2008 TU20
2008 TY43
2008 TP89
2008 TL97
2008 TY113
2008 TA155
2008 UE34
2008 UP39
2008 UG46
2008 UY59
2008 UR64
2008 UM364
2008 US366
2008 UZ112
2008 UU134
2008 UF145
2008 US149
2008 UA153
2008 UX168
2008 UK169
2008 UO208
2008 UJ221
2008 UL240
2008 UJ247
2008 UY250
2008 UD251
2008 UL255
2008 UO258
2008 UN260
2008 UN263
2008 UX271
2008 UC283
2008 UA289
2008 UD292
2008 UV298
2008 UQ301
2008 UH317
2008 UV327
2008 UF345
2008 UK355
2008 UC356
2008 UT359
2008 VP21
2008 VX22
2008 VJ25
2008 VR52
2008 VD61
2008 WZ8
2008 WC11
2008 WV26
2008 WM28
2008 WF30
2008 WK31
2008 WE47
2008 WO77
2008 WW77
2008 WP108
2008 WG109
2008 XJ17
2008 XG52
2008 XJ53
2008 YT3
2008 YX31
2008 YZ35
2008 YM58
2008 YE88
2008 YO90
2008 YL106
2008 YE107
2008 YB112
2008 YD150
2009 AH1
2009 AN6
2009 AQ10
2009 AA12
2009 AY20
2009 AS25
2009 AK44
2009 AP46
2009 AG48
2009 BU16
2009 BR34
2009 BB41
2009 BG43
2009 BM48
2009 BN55
2009 BN57
2009 BL87
2009 BG97
2009 BA112
2009 BZ117
2009 BD122
2009 BB123
2009 BY126
2009 BH143
2009 BQ157
2009 BG170
2009 BD174
2009 BB189
2009 CL27
2009 CS33
2009 CH43
2009 CR47
2009 CR48
2009 CG64
2009 DL112
2009 DF115
2009 DP115
2009 DZ121
2009 DS125
2009 EO14
2009 ED17
2009 EB23
2009 EN25
2009 FU4
2009 FZ8
2009 FC29
2009 FU32
2009 FC35
2009 FD49
2009 FP55
2009 FB64
2009 GX1
2009 GK2
2009 GH3
2009 GH6
2009 HO3
2009 HN9
2009 HM23
2009 HW41
2009 HA60
2009 HF78
2009 JZ2
2009 JF8
2009 KG
2009 OL1
2009 OZ6
2009 PY2
2009 PL11
2009 PW18
2009 PF19
2009 QH11
2009 QT19
2009 QO21
2009 QB25
2009 QO32
2009 QB36
2009 RA36
2009 RA42
2009 RH51
2009 RK58
2009 SC15
2009 SG17
2009 SA78
2009 ST99
2009 SE121
2009 ST145
2009 SW151
2009 SY223
2009 SG269
2009 SZ340
2009 TF28
2009 TM37
2009 UN107
2009 UP113
2009 VZ4
2009 VE26
2009 WD73
2009 WJ88
2009 WJ175
2009 WB245
2010 AD71
2010 CQ21
2010 DC58
2010 EO136
2010 HV37
2010 JU3
2010 JP36
2010 JJ82
2010 JO85
2010 JR93
2010 KJ125
2010 MS74
2010 MQ76
2010 NF61
2010 PR55
2010 PG60
2010 PS60
2010 PK65
2010 RP138
2010 RY152
2010 RF164
2010 RD182
2010 SQ2
2010 SS4
2010 SA36
2010 TP8
2010 TU10
2010 TP12
2010 TQ109
2010 TV149
2010 UO12
2010 UM93
2010 UR94
2010 UJ101
2010 VQ25
2010 VC31
2010 VV147
2010 VD183
2010 VZ184
2010 VB205
2010 VA215
2010 VD215
2010 VP218
2010 WE9
2011 AJ23
2011 AZ45
2011 AZ46
2011 BE11
2011 BX35
2011 BP62
2011 BV127
2011 CW16
2011 CF58
2011 CR106
2011 CM107
2011 CB108
2011 DS12
2011 DH19
2011 DK29
2011 DS51
2011 EF30
2011 FW78
2011 FF90
2011 GF56
2011 HO17
2011 HM20
2011 JK26
2011 OE10
2011 QS
2011 QF11
2011 QB20
2011 QO32
2011 QU38
2011 QE60
2011 QQ92
2011 RB1
2011 RM18
2011 SR1
2011 SN11
2011 SC33
2011 SH35
2011 SA80
2011 SW86
2011 SP87
2011 SL109
2011 SB116
2011 SQ126
2011 SJ159
2011 SG163
2011 SE167
2011 SX168
2011 SV179
2011 SV184
2011 SZ190
2011 SO197
2011 SW198
2011 SV241
2011 TX11
2011 TS15
2011 UT9
2011 UD10
2011 UL62
2011 UK66
2011 UN76
2011 UO82
2011 UX103
2011 UB369
2011 UH118
2011 UC383
2011 US385
2011 UB126
2011 UC126
2011 UA392
2011 UP394
2011 UJ135
2011 UZ397
2011 UJ142
2011 US405
2011 UD158
2011 UG161
2011 UE162
2011 UD163
2011 UQ175
2011 UA179
2011 UU195
2011 UP204
2011 UZ239
2011 UJ248
2011 UC272
2011 UH275
2011 UN283
2011 UW283
2011 UH321
2011 UB322
2011 UF327
2011 UF345
2011 UH351
2011 UX356
2011 VW9
2011 WH6
2011 WA13
2011 WG29
2011 WW30
2011 WG49
2011 WN60
2011 WO103
2011 WY126
2011 WT136
2011 WZ147
2011 YQ10
2011 YX23
2011 YX26
2011 YU30
2011 YO35
2011 YX53
2012 AT8
2012 AV23
2012 BR8
2012 BC25
2012 BL95
2012 BG117
2012 CE11
2012 CP43
2012 DS4
2012 DS23
2012 DN29
2012 EP9
2012 FF5
2012 FE14
2012 GS1
2012 GX13
2012 HR9
2012 HZ11
2012 HX31
2012 HC77
2012 JN1
2012 JS5
2012 JG22
2012 JE28
2012 JA38
2012 KD12
2012 KL30
2012 KF51
2012 LV
2012 PJ3
2012 QO20
2012 QW26
2012 TW57
2012 VG82
2012 VJ82
2012 WA6
2012 WB25
2012 XQ34
2012 XM94
2012 XG105
2012 XQ110
2012 YX4
2013 AD
2013 AH9
2013 AF12
2013 AQ14
2013 AY15
2013 AF22
2013 AU22
2013 AH23
2013 AY26
2013 AM32
2013 AD41
2013 AS47
2013 AB53
2013 AL57
2013 AT57
2013 AR58
2013 AV58
2013 AA59
2013 AC60
2013 AM60
2013 AQ67
2013 AX68
2013 AD69
2013 AJ70
2013 AN70
2013 AR80
2013 AA84
2013 AS88
2013 AF90
2013 AZ92
2013 AA95
2013 AD95
2013 AQ100
2013 AH106
2013 AD112
2013 AC113
2013 AQ115
2013 AB116
2013 AK118
2013 AN118
2013 AK120
2013 AU123
2013 AC126
2013 AD126
2013 AL127
2013 AK130
2013 AM130
2013 AV132
2013 AN138
2013 AZ142
2013 AC162
2013 AP173
2013 BN9
2013 BG12
2013 BX22
2013 BL23
2013 BV24
2013 BG26
2013 BE27
2013 BL40
2013 BP41
2013 BS41
2013 BS43
2013 BR49
2013 BC55
2013 BA56
2013 BY59
2013 BR60
2013 BH61
2013 BM61
2013 BT61
2013 BH62
2013 BT64
2013 BF68
2013 BX70
2013 BZ71
2013 BH74
2013 BM74
2013 BL79
2013 CN2
2013 CT4
2013 CU10
2013 CD12
2013 CF16
2013 CO17
2013 CE20
2013 CQ23
2013 CJ24
2013 CF29
2013 CV31
2013 CC37
2013 CR40
2013 CU42
2013 CD50
2013 CU53
2013 CK55
2013 CU61
2013 CZ62
2013 CL69
2013 CL70
2013 CA71
2013 CA74
2013 CB74
2013 CB75
2013 CG75
2013 CV75
2013 CS78
2013 CA83
2013 CM86
2013 CE94
2013 CK97
2013 CF98
2013 CJ98
2013 CZ103
2013 CL108
2013 CC116
2013 CB119
2013 CJ119
2013 CT120
2013 CE121
2013 CC122
2013 CM123
2013 CV125
2013 CQ129
2013 CV130
2013 CZ131
2013 CS132
2013 CH134
2013 CB135
2013 CF135
2013 CX146
2013 CO147
2013 CN149
2013 CS150
2013 CV162
2013 CG165
2013 CP165
2013 CH167
2013 CP171
2013 CZ175
2013 CC178
2013 CC179
2013 CK179
2013 CF180
2013 CJ180
2013 CN181
2013 CB182
2013 CB183
2013 CD189
2013 CP206
2013 CK212
2013 CM221
2013 DC2
2013 DP2
2013 DK6
2013 DT6
2013 DQ8
2013 DP10
2013 EZ
2013 EZ1
2013 EX3
2013 EN5
2013 EO5
2013 EU6
2013 EU7
2013 EB9
2013 ET9
2013 EP10
2013 EX16
2013 EB20
2013 EV24
2013 EV29
2013 ET31
2013 EA32
2013 EW32
2013 EX32
2013 EJ37
2013 ER40
2013 EU41
2013 EM48
2013 EW49
2013 EK50
2013 EL51
2013 EN56
2013 EK70
2013 EH72
2013 EZ79
2013 EV84
2013 EA86
2013 EY87
2013 ED88
2013 EA89
2013 EH101
2013 EO109
2013 EZ109
2013 EP110
2013 EM113
2013 EJ119
2013 ET119
2013 EL120
2013 EY120
2013 EW121
2013 EF122
2013 EB123
2013 ET146
2013 FL1
2013 FN2
2013 FJ4
2013 FL10
2013 FW10
2013 FU11
2013 FA14
2013 FQ17
2013 FQ21
2013 FS22
2013 FZ24
2013 FK26
2013 GC10
2013 GE17
2013 GD19
2013 GR22
2013 GU23
2013 GY32
2013 GD38
2013 GC42
2013 GT43
2013 GR53
2013 GA56
2013 GP56
2013 GX60
2013 GK64
2013 GA68
2013 GN68
2013 GQ68
2013 GQ91
2013 GN92
2013 GJ100
2013 GL100
2013 GQ100
2013 GG101
2013 GJ105
2013 GV106
2013 GT116
2013 GE123
2013 GX130
2013 GO132
2013 HP1
2013 HG8
2013 HE16
2013 HH17
2013 HN17
2013 HM18
2013 HX22
2013 HM46
2013 HK53
2013 HL73
2013 HN103
2013 HK112
2013 HU145
2013 JK8
2013 JJ9
2013 JY14
2013 JX21
2013 JE22
2013 JW33
2013 JG38
2013 JM39
2013 JP54
2013 KK7
2013 KP10
2013 KF12
2013 LH3
2013 LD4
2013 LP30
2013 MN4
2013 ME9
2013 MF9
2013 NE4
2013 NS5
2013 NR11
2013 NU12
2013 NW13
2013 NE20
2013 ON3
2013 OJ4
2013 OZ4
2013 OD8
2013 OK8
2013 OO11
2013 PW4
2013 PY7
2013 PO10
2013 PT10
2013 PU16
2013 PL19
2013 PY20
2013 PZ33
2013 PF39
2013 PW44
2013 PO49
2013 PU52
2013 PZ65
2013 PC74
2013 QV2
2013 QE3
2013 QJ3
2013 QS4
2013 QD9
2013 QK9
2013 QV9
2013 QA10
2013 QN26
2013 QF30
2013 QW31
2013 QG33
2013 QY36
2013 QC39
2013 QP39
2013 QC43
2013 QC46
2013 QV47
2013 QZ47
2013 QM50
2013 QD53
2013 QF53
2013 QA55
2013 QB61
2013 QY62
2013 QK66
2013 QB70
2013 QJ71
2013 QY74
2013 QX75
2013 QA76
2013 QQ78
2013 QY78
2013 QE79
2013 QQ83
2013 QG95
2013 RO3
2013 RN22
2013 RQ29
2013 RV34
2013 RT35
2013 RX36
2013 RG48
2013 RT53
2013 RG58
2013 RH63
2013 RH64
2013 RZ66
2013 RD67
2013 RO68
2013 RK69
2013 RT69
2013 RX69
2013 RX71
2013 RE76
2013 RE81
2013 RN82
2013 RM84
2013 RO88
2013 RN92
2013 SH19
2013 SW22
2013 SJ26
2013 SG27
2013 SL28
2013 SE37
2013 SH38
2013 SD42
2013 SB47
2013 SK53
2013 SG62
2013 SS64
2013 SK67
2013 SF70
2013 SD71
2013 SN73
2013 SJ79
2013 TB4
2013 TC7
2013 TL23
2013 TT25
2013 TS26
2013 TY32
2013 TU34
2013 TY34
2013 TY36
2013 TE45
2013 TJ46
2013 TL51
2013 TV65
2013 TT69
2013 TF72
2013 TG72
2013 TZ73
2013 TA75
2013 TD76
2013 TZ77
2013 TA78
2013 TH93
2013 TJ93
2013 TY93
2013 TD94
2013 TE97
2013 TM100
2013 TO101
2013 TX102
2013 TC105
2013 TA123
2013 TU126
2013 TG128
2013 TB132
2013 TZ138
2013 TP144
2013 VK2
2013 VG17
2013 VP21
2013 WW4
2013 WA24
2013 WB30
2013 WM45
2013 WH50
2013 WN54
2013 WS69
2013 WR79
2013 WU97
2013 WC109
2013 XS15
2013 YG52