id
1063
3912
4610
4634
5302
7484
8729
9062
9432
10161
10250
11877
12430
12604
12723
14301
16811
17063
17958
19809
20171
21283
21716
21781
22839
24052
24157
25577
27078
27646
28043
28132
28555
29233
29332
31508
31561
37231
42001
42548
43380
43955
44296
44823
45219
45812
46752
47208
47306
47453
48170
48191
48976
49072
49132
49712
50213
52041
53029
53661
53731
53793
53854
54067
55260
56510
57284
57390
57398
57939
57946
59268
59280
59384
62893
63915
64146
64566
65885
65955
65976
67734
67810
68401
68443
68783
71816
73155
73319
73550
75040
75290
75324
75593
77105
77317
77582
78661
78979
80750
81033
84112
84968
86596
86658
88459
89014
89070
90101
90157
91364
92599
92672
94538
95925
98018
98300
99572
100247
102824
107023
107428
107449
107463
108009
108888
109653
112183
112326
115305
115393
115799
115803
116977
119211
120264
121511
125319
128803
128831
130739
130906
132234
134604
136216
136490
139011
139232
142387
144246
145288
149631
150077
150445
152001
152147
152153
152915
153718
153719
155492
156023
156126
156234
160896
165301
165341
179749
181438
183890
183997
185077
186752
186802
188641
190157
194247
194387
194762
196348
196377
199004
199019
200881
205686
205708
207191
210396
216068
216349
217256
218343
219277
220211
223104
226671
228426
230000
231131
231445
232130
234560
235655
235732
237049
238520
240013
240082
244211
245615
245766
248223
250357
253686
254620
257353
257500
262223
263121
266577
266782
269050
273515
274953
275868
276704
277410
278182
279260
282669
282693
284157
284708
284941
285087
287217
291677
293007
294101
294530
294608
298963
299456
305025
308760
309814
309842
309859
311589
311602
312073
313752
314137
320585
321160
321985
324463
326940
328160
328190
328202
328950
331319
332463
332733
336582
339968
340151
341041
341062
341890
346368
348655
349527
352791
353267
353282
356045
359720
360179
361162
361717
364650
364746
365160
365582
368348
369699
369710
374840
379579
381397
383147
383494
384613
388509
391465
394091
397183
398677
400598
401339
402963
403301
403308
403320
404751
404761
408390
411145
412846
420453
422625
426144
427148
429482
433514
438903
439785
2004 QV28
2005 UZ202
2005 UW126
2005 WB164
2006 BQ57
2006 SD106
2006 YL48
2007 CQ12
2007 HV16
2008 UM103
2008 WM48
2009 SE342
2010 CT214
2010 FQ48
2011 HN22
2011 SN61
2011 US304
2012 BP109
2012 FO67
2013 CB54
2013 CA70
2013 CC92
2013 CV115
2013 EO111
2013 XH16
2014 BL36
2014 HZ73
2014 HC160
2014 JQ8
2014 LG14
2014 QW98
2014 UP176
2014 WA190
2015 BV129
1994 SO2
2003 FX70
2003 WO2
2005 JF170
2005 UZ202
2005 UN326
2006 BN110
2006 QE179
2006 WD123
2008 HQ21
2008 UT11
2008 UW114
2009 BO105
2009 HB31
2009 WA39
2010 AU120
2010 BK37
2010 BT56
2010 BU69
2010 CN224
2010 DB63
2010 DY68
2010 DN89
2010 EG152
2010 FJ1
2010 FQ33
2010 FN49
2010 FB114
2010 GX53
2010 GG63
2010 GO83
2010 HM32
2010 JV125
2010 LS39
2010 LB131
2010 MY23
2010 NF13
2010 ND16
2010 NM78
2010 OZ53
2010 OJ122
2010 PJ46
2010 PD47
2010 PG71
2010 UM82
2010 VL51
2011 CW94
2011 DK3
2011 GL75
2012 CU29
2012 DZ80
2012 FF15
2012 XZ28
2012 XE142
2013 EV81
2013 HL77
2013 HW89
2013 HZ116
2013 HE137
2013 SE55
2014 BA8
2014 DG115
2014 EG5
2014 OX156
2015 AS248
2015 BZ152
2015 BK169
2015 DP19
2015 FW183
2015 HK82
2015 HE149
2015 KG33