id
7680
8401
8719
9401
10393
10609
11093
11703
12775
13135
13140
13615
14520
14704
15380
15583
15932
16151
16158
16677
16776
16846
16901
17129
17136
17255
17568
17642
17666
17763
17810
18436
18461
18532
18591
18665
18810
18833
19323
19324
19718
19781
20090
20184
20698
20835
20858
21205
21215
21231
21437
21647
22547
22585
22603
22657
22690
22828
22909
22990
23600
23607
23691
23828
24535
24545
24810
25104
25138
25439
25497
25522
25589
25595
25834
25913
26228
27450
27550
27626
28253
28449
28629
28903
29311
29397
29912
30263
30417
30448
30938
30947
31043
31053
31066
31750
31803
31804
32110
32182
32468
32976
33125
33223
33233
33237
33336
33435
33484
33644
33664
33680
33992
34007
34105
34134
34182
34345
34380
34437
34596
34814
35190
35197
35286
35490
35896
35945
35996
36008
36014
36400
36414
36516
36705
36803
36804
36965
37179
37240
37303
37349
37405
37652
37653
37743
37827
37857
37869
37904
37909
38319
38444
38603
38646
38660
38667
38847
39152
39322
39995
40392
40648
40652
40745
41206
41523
41623
42337
42526
42589
42705
42761
42959
43174
43234
43603
43872
43873
43876
43965
43968
43971
43972
43973
43990
44244
44363
44390
44391
44505
44948
45442
45498
45780
46018
46130
46150
46162
46196
46198
46353
46432
46633
46636
46891
46948
46985
47006
47633
48226
48274
48337
48591
48599
49146
50201
50271
50817
50961
51060
51466
51730
51752
52411
53134
53315
53830
54508
54536
54976
55094
55187
55426
55465
55466
55478
55629
55840
55841
55843
56206
56211
56699
56743
56758
56760
56799
56807
56893
57340
57706
57741
57747
57810
57890
57897
58289
58290
58291
58293
58330
58335
58567
58629
58682
58686
58723
58725
58764
58972
59044
59316
59485
59486
59539
59630
59722
59731
59756
60483
60528
60606
60641
60772
60850
61054
61126
61226
61307
61435
61441
61442
61476
61487
61494
61599
61626
61656
61690
61693
61795
61807
61840
61861
61867
61899
61900
61901
61913
61939
61994
62030
62191
62318
62387
62500
62517
62916
63297
63359
63631
64062
64136
64176
64229
64231
64293
64299
64344
64357
64414
64417
64434
64451
64454
64473
64503
64504
64516
64726
64772
64814
64852
64916
64956
65032
65337
65405
65762
65892
66615
67084
67195
67606
68288
68293
68434
68581
69008
69358
69362
69363
69364
69365
69367
69542
69547
69770
70279
70740
70926
71054
71200
71203
71204
71247
71269
71336
71488
71920
72155
72217
72286
72405
72432
72528
72560
72619
72834
72851
72925
73052
73189
73191
73752
73771
73782
73785
73786
73787
73827
74070
74146
74161
74172
74265
74298
74396
75402
75560
75609
75725
75913
75965
76012
76083
76420
76550
77258
77303
77355
77367
77413
77538
78195
78279
78333
78433
78866
78973
79255
79421
79812
79850
79961
81191
81222
81272
81332
81663
81668
81762
82359
82893
82924
83463
83791
83985
84505
84774
84964
85310
85691
85733
85866
85947
86042
87104
87178
87344
87363
87380
87401
87420
87441
87446
87509
87660
87686
87739
87773
87779
88004
88861
89272
89336
89461
89587
89668
90237
90783
90785
91046
91094
91368
92927
92936
93121
93122
93138
93148
93183
93211
93249
93267
93290
93324
93499
93519
93567
93586
93613
93625
93633
93646
93683
93705
93798
93857
93896
93905
93980
95061
95454
95714
95769
95780
96015
96242
96246
96391
97764
98506
98587
98724
98761
98786
98808
98857
98919
99033
99075
99093
99575
99773
100179
100183
100189
100190
100254
100257
100261
100263
100405
100415
100443
100581
100741
100753
100800
101006
101109
101234
101272
101847
102100
102288
102845
102968
103073
103246
103306
103369
103425
103487
103504
103593
103814
103846
104223
105165
105167
106565
106717
106932
107439
107796
107815
107953
107969
107970
107985
108038
108065
108104
108141
108174
108229
108230
108274
108371
108894
108973
109198
109462
109647
109713
109893
109895
109937
110186
110303
110321
110383
110386
110522
110879
110925
110933
110934
110974
110978
110986
110992
111179
111180
111212
111235
111366
111384
111494
112316
112390
112426
112502
112517
112664
112912
113015
113297
114221
114606
114617
114799
114984
115182
115342
115368
115708
115732
115747
115851
115912
115932
115937
115945
116014
116079
116081
116103
116104
116286
116430
116626
117015
117090
117206
117295
117357
117622
117641
117732
117749
117787
118250
118262
118718
119398
119495
119520
119600
119602
119625
119635
119666
119671
119690
119698
119732
119826
120080
120124
120139
120157
120342
120364
120775
120780
121208
122380
122794
122965
123115
123189
123209
123272
123608
125064
125467
125638
125650
125829
125830
125913
125960
125982
125987
126066
126077
126151
126227
126357
126484
126516
126585
126727
126931
127047
127637
127737
127945
127947
128041
128240
129484
129486
129491
129658
129697
129908
130074
131117
131156
131271
132046
132104
132530
132625
132697
133445
133756
134772
135180
135292
135341
135342
135347
135413
135433
135463
135476
135494
135500
135505
135710
135720
135781
135864
135952
136044
136097
136107
136111
136357
136516
138076
138670
139285
139547
140448
140912
142358
142422
143439
143548
143563
143968
145464
145725
146461
146561
147402
147405
147647
147805
148327
148761
148798
148821
148824
148884
148959
148972
149009
149454
149506
149891
149892
149918
149923
149924
149948
150122
150169
150509
150886
150941
150949
151011
151058
151094
151150
151171
151184
151206
151259
151794
151796
151815
151839
152059
152152
152204
152227
152380
152574
152575
153038
153071
153148
153162
153164
153622
153636
153668
153770
153790
153863
153867
153903
153910
153916
154061
154554
154562
154570
154872
155000
155273
155396
155539
155697
155814
156268
156326
156354
156399
156415
156431
156432
156456
156486
156487
156513
156533
156550
156843
156951
156972
157153
157188
157194
157266
157363
157447
157610
157632
158959
159188
159218
159269
159290
159383
159407
160031
160032
160176
160302
160349
160516
160517
161327
161331
161426
161613
161618
161936
161964
162012
162013
162389
162868
162885
162892
163127
163270
163305
163797
163888
163898
163901
163963
163987
164013
164062
164078
164081
164161
164349
164504
164554
164566
164631
164633
164634
164635
164721
164986
165610
165611
165640
166376
166388
166461
167153
167189
167273
167279
167286
167338
167352
167353
167361
167380
167392
167425
167450
167507
167782
167856
167950
167963
168099
168138
168160
168246
168335
168338
168604
168615
168622
168624
168632
168637
168665
169054
169694
169798
169803
169810
169908
169913
170029
170407
170492
170507
170603
170614
170665
170669
170778
171431
171517
171615
171856
172228
172241
172618
172642
172673
172674
172688
172694
172780
172846
173020
173356
174176
174212
174424
174840
175537
175587
175674
175913
177245
178258
179131
179206
179927
181716
182144
182311
182555
182632
182652
182980
183695
183748
185522
185527
185662
185699
187085
187196
187428
188003
188055
188777
189007
189248
189297
190031
190061
190104
191328
191739
191743
191753
191754
191784
191802
191900
192260
192653
195063
195174
195439
195489
196480
196892
198027
198096
198183
198214
198468
198534
199318
199605
199851
199906
199975
201082
202181
202272
202288
202484
202720
202774
202812
203997
204006
204007
204495
204501
204547
204777
204814
204978
204979
205415
205419
205993
206055
206065
206543
206561
206585
206592
206624
207204
207207
207210
207256
207512
207714
207745
207755
207766
207767
207830
207955
208777
209213
209223
209264
209768
210275
210298
210301
210338
210348
210465
211250
211290
211300
211343
211351
211687
211762
212221
212553
212752
212851
212920
214273
214281
214922
215177
215699
216362
216667
217108
217553
218022
218030
218367
218629
218679
218680
218697
218699
218704
218716
218731
218749
218750
219027
219030
219340
219679
219842
221085
221114
221292
221297
221311
221321
221712
221722
222314
222649
222710
223244
223271
223300
224310
224412
224421
224424
224425
224428
224505
224530
224532
224551
224882
224922
224951
225008
225012
225032
225066
225194
225283
225284
225285
225505
225834
225883
225944
226761
227344
227411
227474
227476
227873
227877
227893
228364
229120
229127
229539
229709
229733
230070
230603
231674
232188
232282
232817
232894
233150
233718
233977
234126
234326
234725
235328
235340
236378
236552
236572
236831
236920
236931
237288
237369
237370
237402
237587
237896
238180
238245
239091
239125
239193
239331
239389
239398
239422
239436
239658
239959
240160
240186
240399
240420
241143
241190
241204
241257
241533
241758
242034
242040
242566
243165
243208
243221
243537
243560
243979
244404
244531
245345
245809
246058
246118
246432
246612
246643
247199
248164
249099
249122
249863
250257
251274
252363
256329
256403
256694
258135
258211
258267
258268
258333
258449
259379
260106
260567
260801
260825
261031
261040
261140
261250
261541
262072
262733
262867
263291
263619
264180
264237
264425
264434
264517
264585
264697
265695
265724
265730
266335
266341
266355
266385
266695
266845
267190
267270
267274
267387
267398
267466
267851
268028
268396
268414
268437
268438
268459
268506
268511
268982
269030
269046
269093
269196
269236
269398
269472
269498
269650
269651
269670
269938
270287
270317
270319
270410
270414
270424
270434
270441
271127
271699
271706
271765
271884
271919
272630
272648
272748
272790
273770
273792
273797
273823
273863
273918
273940
274291
274333
274448
274615
274892
274914
274950
275451
275464
275496
276074
276090
276520
276526
277385
277642
277648
277649
278172
278342
278357
278369
278476
278595
278974
279168
279242
279522
279673
279700
279714
280103
280317
280379
280388
280920
281217
281245
281406
281604
281794
281963
281980
282030
282772
282900
282932
282958
282993
283208
283871
284229
284523
284527
284528
284540
284804
285092
285096
285173
285853
286145
286345
286588
286815
286878
286930
287144
287530
287579
287943
287987
288094
288236
289181
289888
290091
290092
290183
290219
290551
290727
290793
291695
293014
293127
293335
293374
293402
293745
293809
293888
293914
293944
293958
293973
294011
294033
294042
294068
294072
294172
294238
294259
294297
294457
295123
295477
295654
295762
295984
296060
296220
296610
296968
297240
297244
297247
297272
297280
298587
298609
298623
298630
299155
299224
300333
300376
300392
300393
300394
300410
300428
300433
300448
300506
300507
300545
300551
300553
300583
300631
300640
300659
300680
300696
300760
300768
300784
300811
301235
301307
301317
301470
301498
301802
301851
301852
301853
301893
301951
302569
302581
302654
303062
303129
303528
305060
305136
305175
305193
305196
305221
305957
305964
306024
307293
307366
307856
308285
308775
309303
309531
309544
309598
310084
310253
310292
310349
310758
312200
313895
317482
317664
317732
317873
317893
317906
317934
317938
317957
318206
318523
318740
318812
319402
320355
320426
321226
321979
322024
322168
322212
322225
322280
322393
322480
323168
324580
325208
325314
325921
326006
326111
327028
327237
327372
327910
327932
328261
329014
329622
330279
330378
330402
330408
331121
331245
331379
332168
332351
332393
332519
332531
332884
332899
333031
333053
333255
333275
333637
333654
333658
334082
335823
336488
336800
336832
337012
337013
338035
338553
338588
338597
338768
340371
341101
341196
342119
342428
343358
343768
343789
344021
344716
344742
345028
345899
345911
345963
346029
347076
347264
347485
348004
348046
348081
348122
349278
350104
350280
350284
350439
351015
351115
352157
352229
352258
352259
352286
352292
353383
353849
354263
354634
355289
355300
355324
355327
355329
355342
355388
355422
355436
355464
356105
356622
356924
358544
358554
358575
358616
358641
359672
363833
365662
365925
367331
368990
369905
370470
370477
371069
371099
371658
371706
373325
374346
374492
374996
375843
376664
378245
378306
379299
380607
381177
382323
382948
383182
383616
384748
386088
387143
387181
387231
387235
387489
387761
388581
388698
389421
389484
389526
389533
389705
390515
391529
391567
391593
392545
392561
394165
394450
394473
394480
394516
394519
394555
394593
394991
395903
396922
398126
398161
398176
398425
398507
398804
399302
399467
400336
402761
403716
404249
406201
406228
406983
407504
408865
408866
408890
411821
413092
413106
413540
413551
415236
415818
416960
417749
417812
417851
420002
420010
421347
422258
422495
422789
423476
424119
424651
424727
425279
425683
425711
425784
425805
425824
425870
425889
426015
426283
426439
426868
427907
427987
428014
428335
428698
429625
429900
430385
430520
431037
431376
431810
432736
432804
433062
433126
433558
435166
435177
435179
435649
435740
436171
436535
436867
437610
437623
437710
438511
438561
438569
1994 RD7
1994 RP24
1994 SQ11
1994 WH4
1994 WA13
2000 AT221
2002 JA10
2002 QF144
2002 RD293
2003 QA108
2003 UW371
2003 WJ145
2004 BY64
2004 BK144
2004 TX82
2005 EC316
2005 GC36
2005 SV47
2005 YZ191
2006 SK287
2006 SK287
2006 WD47
2007 BX27
2007 CA16
2007 CF37
2007 DQ16
2007 EL111
2007 GK
2007 GV17
2007 PD43
2007 RX73
2007 RA177
2007 RN177
2007 RM203
2007 RN235
2007 RR258
2007 RB301
2007 RN318
2007 SV3
2007 SH12
2007 TV9
2007 TO34
2007 TD43
2007 TN262
2007 TB316
2007 TG333
2007 TF137
2007 TS403
2007 TK145
2007 TM232
2007 TN262
2007 TJ311
2007 TB316
2007 TF319
2007 TG333
2007 UX10
2007 UA91
2007 UX139
2007 VB28
2007 VN97
2007 VK221
2007 VU326
2007 VN327
2007 WN14
2007 WM15
2007 XG17
2008 SH108
2008 SH238
2008 YH136
2009 BB80
2009 CX64
2010 BL70
2010 GW101
2010 NS102
2010 RE20
2010 UL31
2010 UK93
2011 AP26
2011 AP77
2011 BA17
2011 BZ34
2011 BW46
2011 BR91
2011 CN18
2011 CU117
2011 EE5
2011 EL9
2011 JH26
2011 NQ3
2011 QN25
2011 QS77
2011 RD4
2011 RX8
2011 SZ2
2011 SZ173
2011 SB178
2011 SL206
2011 SM215
2011 SR233
2011 UX28
2011 UT39
2011 UF72
2011 UU159
2011 UJ114
2011 UD398
2011 UY147
2011 UU159
2011 UX182
2011 UP243
2011 UX245
2011 UV260
2011 UV295
2011 VG4
2011 WS39
2011 YM32
2012 FP36
2012 RR19
2012 TS28
2012 UJ106
2012 VA101
2013 AV20
2013 CX178
2013 EE83
2013 FG21
2013 GD122
2013 OU7
2013 QU13
2013 RJ39
2013 TZ78
2014 DA129
2014 DC129
2014 GQ46
2014 HC2
2014 HK45
2014 HL100
2014 OG181
2014 WN313
2015 BE78
2015 BH443
2015 EE4
2015 EH6
2015 KC58
2015 KX67
2015 MH69
2015 OK24