id
108
436
580
595
806
830
844
1015
1070
1101
1175
1315
1567
1901
2582
2846
3012
3071
3419
3660
3902
3967
4208
4436
4617
4663
4870
5570
6052
6079
6137
6355
6462
6697
7029
8030
8519
9072
9646
10265
10354
10388
10513
10555
10689
10773
10791
10934
10938
11082
11656
12291
12759
13297
13350
14039
14394
14964
15091
15457
15483
15493
15652
16093
16609
17384
17861
19284
19474
19784
19812
20063
20617
20635
20660
20676
20692
20743
21210
21543
22046
22095
22713
22717
22748
24282
25011
25181
25291
25559
25667
25852
25982
26482
26563
26702
26776
27206
27918
28041
28154
28335
28385
28423
28899
29107
29278
29521
29546
29580
29599
30401
30495
30737
30953
31309
31340
31694
31722
31796
31818
32254
32662
33008
34112
34428
34542
34670
34719
34984
35098
35659
36061
36137
36205
36221
36224
36253
36272
36833
37244
37245
37282
37628
37772
38005
38423
38491
38554
38584
39146
39249
39315
39372
40191
40213
40912
41036
41084
41397
42083
42103
42194
42202
42229
42756
42782
43033
43195
43220
43236
43517
43523
43546
43551
43853
43931
44353
44438
44552
45109
45389
45404
45618
45680
45684
46045
46067
46141
46160
46309
47136
47720
47735
47740
47784
47870
47946
48447
48573
48811
49447
49542
49606
49631
51254
51314
51790
51845
51854
51957
52187
52193
52720
52737
53174
53385
55283
55375
55522
55552
55627
55766
55830
55907
56299
56865
56884
57014
57290
57624
57672
57926
57948
58558
58808
59637
59781
59815
59897
59908
59919
60128
60205
60268
60473
60480
60691
62079
62308
62481
62629
62679
62760
62846
62880
62917
62922
62924
63125
63172
63347
64221
65116
65125
65155
65169
65278
65322
67114
67134
67166
67250
67258
67677
68023
68223
68266
68295
68297
68672
68903
69155
69851
70023
71425
71501
71550
71610
71661
71688
72440
72609
72694
72828
72849
72877
74403
74407
74550
76259
76318
76591
76690
76779
77595
78067
78203
78610
78693
78778
78863
79145
79502
80086
80087
81938
82058
82367
82737
82883
83046
83145
83183
83234
83362
83431
83547
83580
83659
83839
83899
83945
83951
84200
84388
84445
84618
84843
84856
84883
84884
84980
85339
86151
86214
86293
87764
87768
88032
88163
89230
89385
89803
89868
89912
89939
90278
91184
91199
91427
91652
91778
91800
91826
91927
91937
91943
91985
92007
92187
92248
94032
94181
94185
94241
94306
94317
94320
94321
94322
94333
95441
95596
97453
97516
97647
97688
99823
99875
99892
99906
100089
101841
102072
102490
102642
104120
104866
104892
105116
105618
105869
106036
106201
106318
106359
106464
106699
106786
106800
106801
107414
107448
108817
109064
109207
109446
109453
109489
109767
109768
109870
110030
110053
110531
110588
111010
111257
111376
111417
111422
111503
111578
111735
111866
113012
113286
113512
113551
113723
114187
114275
114647
114649
114676
114739
114907
115025
115235
115441
115625
115679
115714
115818
116035
116115
116627
117212
117546
117682
117778
117996
118036
118443
118896
118974
119034
119787
119864
119895
119900
120159
120719
120722
121357
121411
121578
121736
121803
121834
121849
121876
121917
121925
123727
123859
123925
124036
124046
125845
126514
127393
128056
128061
128139
128760
128768
129114
129162
129276
130366
130367
131412
131464
132638
132714
132786
132947
132986
133545
133596
133823
135428
135439
135448
135457
136080
136374
136577
136633
138692
138757
138767
138775
138828
138942
140686
140720
140736
140776
140900
140956
141132
141165
141299
141302
141370
141374
141404
141607
143302
143495
143497
143515
143522
143524
143605
143671
144267
144317
144584
144652
145406
145429
145456
145591
146226
146227
146854
146879
146908
147790
147804
147821
149129
149153
149169
149465
149689
149997
150037
151422
151465
151829
152080
152432
152512
153980
154835
155290
155583
156708
157211
157348
157377
157716
158782
158805
159093
159132
159289
159335
159356
161442
161450
161922
162934
162936
162968
162974
163537
163695
164375
165070
165944
166791
167569
167615
167633
167683
169316
169327
169355
169373
169439
169988
170164
170844
170849
170852
171141
171241
171242
172393
173513
173943
173988
173993
174006
174052
174059
174558
175378
176591
177038
177132
177915
178129
179572
179578
179581
181164
181172
181228
181838
181982
182535
182925
182939
183428
184676
184804
184823
184834
185377
185428
185483
187001
187348
187400
187648
188720
189195
189202
189210
189241
190262
191203
191226
191511
191893
191903
192137
192450
193158
195678
195814
196041
196049
196122
196135
196136
196164
196168
197316
198712
198776
198779
199440
199734
200026
200034
200352
201251
201303
201350
201360
201367
201377
201403
204623
206281
206814
206879
207284
207580
207584
207802
207835
209016
209029
210108
210161
210170
211469
212458
212561
212582
212667
212679
212997
213200
214391
214461
215134
215142
215384
215491
215988
216022
216030
216268
217597
218797
220383
220426
220750
220811
221380
221718
221771
223012
223359
223363
223403
223433
223933
223950
224737
224755
224774
225260
226438
226472
227692
228126
228157
229642
229829
229954
230505
230789
230794
231024
231648
232245
232292
232689
232693
232695
232698
233050
233475
233477
233620
233876
233954
233960
234432
234763
235530
235553
236085
236107
236517
237314
237696
237700
237708
238676
239117
239410
239457
239515
239519
239719
239736
240035
240528
241025
241032
241293
241511
241519
241593
241832
242004
242372
242425
242444
242595
242603
242714
242743
242828
242977
243153
243199
243248
243263
243538
244010
244145
244194
244570
244900
245143
245378
245607
245626
245911
246104
246388
246438
246609
246774
246788
247260
247385
247399
247423
247494
247689
248127
248199
248226
248260
248265
248299
248373
248862
248940
249123
249141
249240
249294
249348
250001
250084
250515
250532
250543
250545
250551
250563
250566
250748
250858
250884
250917
251221
251326
251517
251521
252876
254298
254363
254376
254377
254401
254415
254515
254574
255297
255383
255393
255499
255507
256425
257118
258782
258806
258833
259476
259514
260307
260379
260390
260470
261367
261692
261725
261747
261838
262726
262943
263023
263033
263780
263930
264028
264165
264858
265257
265451
266044
266652
266719
266939
267601
267866
269300
269302
269363
269603
269627
270786
270977
271377
271807
271984
272031
272098
274058
274061
274400
274487
274669
275128
275222
275276
275433
275609
276209
276227
277059
278003
278411
279029
279085
279348
279529
279961
281333
281344
281731
281742
282099
282173
282492
282850
283257
283283
284638
285234
285439
285468
286423
286724
287027
287521
287559
288353
288780
289052
289063
289090
289217
289346
290309
290470
290558
290915
291071
291174
291337
291679
292438
292498
292499
292606
293160
293184
293343
293525
293823
294087
294109
294369
294664
294903
294936
295102
295233
295252
295943
296168
296337
296401
296756
296849
297058
297205
297907
299325
299343
299354
299371
299711
300162
300167
300178
300179
300225
300925
300971
301441
301505
301564
302430
302464
302475
303802
303808
303858
303869
303886
303919
303937
303942
304752
305407
305450
305469
305536
305989
306312
307195
308015
308433
308516
308544
308551
308555
309170
309696
309725
310011
310121
311501
311533
311535
311545
311549
311897
311914
311954
311956
312456
312748
312794
312880
313601
313961
314613
314619
315850
315884
315912
316250
316503
316547
317856
318378
319340
319385
319388
319407
319735
320101
320224
320261
320337
320526
321187
321510
321567
321594
321697
321721
322027
322577
322978
323015
323268
323353
324296
324301
324783
324794
324816
324820
325488
325581
325661
325668
326015
326211
326235
326579
326581
326628
326802
327606
327614
328749
328856
329140
329171
329507
329872
330222
330751
330811
332232
332431
332575
332603
332606
332828
332992
334168
336010
337806
338979
340591
340649
340721
340731
340772
340794
340802
340820
342952
342988
342991
343039
343091
343124
343139
343326
343335
343616
343617
343661
343664
343830
344030
345597
345623
345703
346199
346262
346823
346862
346879
347230
347327
347742
348616
349003
349044
349471
351515
351595
351983
352566
352618
352629
352636
353689
353760
354189
355211
355221
355241
355619
355750
356325
356769
356877
356957
357219
358426
359455
359484
359601
359955
360059
360163
361069
361470
361474
361501
361516
361528
362406
362419
362531
362838
362876
362921
363489
363949
364098
364133
364540
365317
365964
366006
366102
366156
366202
366694
366810
367035
367587
367668
367830
367832
367842
367960
368030
368073
368109
368421
369017
369161
369226
369450
369563
369627
369637
372108
372239
372268
372313
372318
372743
372783
373071
373092
373117
374250
375083
375111
375114
376035
376047
376068
376338
378474
378539
379133
379806
379957
381270
381287
381312
381314
381318
381328
381650
381899
382240
382258
382387
383368
383372
383772
383807
383813
384161
384455
384756
385862
386239
386540
387602
388003
388419
388801
388837
388851
389091
389171
389723
389731
389767
389802
390367
390412
391090
391371
391766
392165
392527
392642
392980
392986
392997
393089
393167
393223
393265
393941
394014
394033
394040
394045
394345
394348
394350
394359
394759
394770
395205
395234
396188
396352
397014
397018
397057
397096
397102
397107
397116
397161
397756
397769
397779
398143
398623
398892
398913
399047
399901
399917
399928
399951
400214
400747
401060
401297
401443
401781
402441
402462
402503
402524
403452
403747
404669
404991
405808
405857
405864
405887
406785
407107
407162
407168
407217
407245
407995
409100
409579
409736
409811
409812
410628
410641
410648
410658
410665
410672
410680
410844
410887
410988
411102
411111
411168
411493
411571
411585
411602
411608
411983
412551
412940
413188
413805
413807
414346
414361
414752
415633
415750
415867
416538
416744
417383
417484
418468
418544
418638
418739
418763
418807
418832
419427
419516
420236
420246
420982
421161
421186
421401
421407
421486
421653
421790
421831
421936
422189
422279
423383
424331
424350
424357
424870
424981
424985
425003
425355
425357
425479
425497
426507
426707
426757
426973
427061
427348
427352
427818
428098
428119
428140
428143
428383
428458
428487
428499
428952
428992
429011
429065
429247
429260
429275
429922
429927
429960
429971
430127
431228
431251
431272
431564
431582
432205
432503
432538
433001
433158
433167
433243
433854
434540
434562
434945
434960
435006
435029
435038
435333
435370
436659
436956
437230
437692
437721
437969
439096
439172
439415
439432
439547
2002 ER158
2002 TC367
2003 SM399
2003 SA407
2003 TH46
2003 TS47
2003 UR374
2003 WP39
2004 BF79
2004 TL188
2004 TN244
2004 TL188
2004 TN244
2005 EL213
2005 LP14
2005 SN195
2005 SU223
2005 TK66
2005 TC80
2005 TQ97
2005 UF44
2005 UY375
2005 UC143
2005 UQ461
2005 UN245
2005 UU521
2005 UN273
2005 VB127
2005 WO12
2005 YJ99
2005 YK274
2005 YD279
2006 AB35
2006 BP86
2006 BV185
2006 DR80
2006 DQ205
2006 DA218
2006 KS83
2006 RS110
2006 SN167
2006 SR202
2006 SQ313
2006 SG318
2006 UY37
2006 VM33
2006 XG11
2006 XE63
2007 BK25
2007 CL38
2007 DK23
2007 DJ32
2007 DU39
2007 DA93
2007 EM50
2007 EU151
2007 EW217
2007 RF42
2007 RY51
2007 RE155
2007 RR163
2007 TK26
2007 TS27
2007 TY86
2007 TF106
2007 TR375
2007 TP174
2007 TK205
2007 UH110
2007 VR118
2007 VW154
2007 VX174
2007 VK315
2008 AA41
2008 CG65
2008 CV129
2008 DR71
2008 DQ87
2008 EK11
2008 GC96
2008 GC127
2008 HE8
2008 HB44
2008 KC13
2008 LF15
2008 RO29
2008 RB31
2008 SL125
2008 ST199
2008 SW290
2008 TE35
2008 TA73
2008 UF360
2008 WN75
2008 WA106
2008 YT73
2008 YQ143
2009 AA21
2009 BX69
2009 BZ175
2009 DN59
2009 DN88
2009 FQ49
2009 LK
2009 QB63
2009 RU40
2009 SS188
2009 SP258
2009 SD342
2009 SC345
2009 VK67
2009 WA178
2009 XR7
2010 AW90
2010 AH128
2010 BP86
2010 CT23
2010 CL80
2010 CM80
2010 CW167
2010 CB227
2010 DB69
2010 DU79
2010 HP84
2010 HG110
2010 LJ24
2010 ME68
2010 MJ92
2010 OA12
2010 OE104
2010 TL77
2010 TF141
2010 UQ36
2010 VZ48
2010 VK59
2010 VU170
2010 VO188
2010 WH41
2010 WO61
2010 WJ74
2011 AU10
2011 AL72
2011 BM77
2011 BA118
2011 BV149
2011 CT8
2011 CF18
2011 CZ41
2011 CY62
2011 CZ77
2011 CY102
2011 DE31
2011 FF50
2011 GZ4
2011 HZ91
2011 HO95
2011 KD7
2011 LT19
2011 UY28
2011 UZ99
2011 UC158
2011 UC158
2011 UM285
2011 VE22
2011 WL79
2011 WY81
2011 WF107
2012 AZ20
2012 BZ
2012 BY84
2012 BQ90
2012 DW24
2012 EG7
2012 FU65
2012 GX12
2012 GU27
2012 HV82
2012 TX3
2012 TG37
2012 UF104
2012 UN165
2012 VC10
2012 VM96
2012 XU1
2013 AK116
2013 AK118
2013 BP37
2013 BM56
2013 CL14
2013 CW25
2013 CB126
2013 CL167
2013 CA180
2013 DU8
2013 ED7
2013 EC90
2013 EZ104
2013 EN112
2013 FU7
2013 FM20
2013 GC12
2013 GJ64
2013 GM87
2013 HM30
2013 HY33
2013 HV108
2013 JW4
2013 JA32
2013 JU40
2013 KE14
2013 LY19
2013 LU31
2013 NA7
2013 NB20
2013 PR14
2013 PY44
2013 PL53
2013 QN33
2013 TB3
2013 TG15
2013 TS102
2013 YS13
2013 YD29
2013 YX60
2014 AP38
2014 DP24
2014 DK91
2014 GV27
2014 HB47
2014 HG122
2014 HU182
2014 JH21
2014 JZ35
2014 KQ23
2014 KJ52
2014 KU93
2014 LA10
2014 MA14
2014 MT31
2014 NZ21
2014 NG48
2014 NE58
2014 OP13
2014 OC46
2014 OC93
2014 OS175
2014 OP291
2014 OC352
2014 QW400
2014 QU174
2014 QX222
2014 QW229
2014 QP237
2014 QB244
2014 QR269
2014 QR276
2014 QH337
2014 QC348
2014 TH11
2014 TX29
2014 TA41
2014 UA28
2014 UA144
2014 UT168
2014 UB187
2014 VC22
2014 VK33
2014 WV91
2014 WZ267
2014 WN110
2014 WR388
2014 WA198
2014 WH495
2014 WB250
2014 WS302
2014 WH315
2014 WQ346
2014 WW349
2014 WV352
2014 WX354
2014 YF10
2015 AW181
2015 AX233
2015 AJ252
2015 BQ23
2015 BA81
2015 BW96
2015 BL281
2015 BO123
2015 BF256
2015 BR276
2015 BB315
2015 BN341
2015 CP52
2015 DT68
2015 DS98
2015 DY114
2015 DO135
2015 DS138
2015 DO210
2015 EU13
2015 FF45
2015 FK325
2015 FO329
2015 GW15
2015 HK35
2015 HX36
2015 HU81
2015 HO99
2015 HR122
2015 KP7
2015 KR14
2015 KK44
2015 KP67
2015 KF92
2015 ME11
2015 MK70
2015 ME89
2015 MU91
1996 XS12
1999 VH27
2001 FS201
2001 FV222
2001 FR229
2001 FK230
2001 SF223
2002 GE186
2002 QH137
2002 RC262
2002 RW269
2002 UU75
2003 QY83
2004 RM45
2005 EO131
2005 NZ41
2005 SK131
2005 SW286
2005 SU290
2005 UL35
2005 UP125
2005 UA458
2005 UV320
2005 VF29
2005 VZ127
2005 XQ6
2005 XB44
2006 BC69
2006 DQ94
2006 EX15
2006 JS81
2006 SQ268
2006 SD337
2006 TA128
2006 UH4
2006 UP172
2006 VH32
2006 VD40
2006 VR95
2006 XH72
2006 YR10
2007 FJ7
2007 GD39
2007 PT7
2007 RF19
2007 RW321
2007 TB310
2007 TC358
2007 VG247
2007 YM57
2008 AO88
2008 CU52
2008 ED144
2008 EA145
2008 GB31
2008 GD73
2008 HP25
2008 HX25
2008 HX29
2008 HV32
2008 SP68
2008 SC145
2008 TY40
2008 UE242
2008 UK303
2008 WA23
2008 YE163
2009 BZ29
2009 BK30
2009 BC180
2009 DS18
2009 DP132
2009 NR
2009 QW6
2009 QV62
2009 RZ9
2009 SY171
2009 SJ182
2009 VG36
2009 WT68
2009 WE87
2009 WB99
2009 WB121
2010 AX136
2010 BL26
2010 BF45
2010 BF80
2010 BD94
2010 BZ128
2010 CZ17
2010 CV85
2010 CZ87
2010 CC154
2010 CH182
2010 CW193
2010 CY225
2010 CV234
2010 DJ7
2010 ED9
2010 EF16
2010 EM27
2010 EN118
2010 EG155
2010 FM78
2010 FW107
2010 FE120
2010 GS55
2010 GM81
2010 GW168
2010 HQ40
2010 HV43
2010 HF54
2010 HT68
2010 JS81
2010 JY109
2010 JU145
2010 KN1
2010 KG18
2010 KC20
2010 KC21
2010 KE44
2010 KN65
2010 KR70
2010 KA99
2010 LV31
2010 LF47
2010 LA50
2010 LK84
2010 LR98
2010 MM67
2010 MW73
2010 MH74
2010 MS94
2010 NL10
2010 NN78
2010 NT105
2010 OV1
2010 OR16
2010 OV18
2010 OJ45
2010 RU155
2010 RE184
2010 TX21
2010 UF12
2010 VF59
2010 VC163
2010 VK205
2010 VV209
2010 VJ212
2010 VR214
2010 WM9
2010 XA50
2010 XH63
2011 AA65
2011 BJ47
2011 BC76
2011 BZ98
2011 BJ110
2011 CG96
2011 CN97
2011 CU102
2011 FA10
2011 FT22
2011 GO33
2011 HO93
2011 JA4
2011 KK42
2011 QB56
2011 SO11
2011 SQ163
2011 UP75
2011 UJ239
2011 UZ351
2011 VN4
2011 WQ85
2011 YS7
2011 YR13
2011 YU51
2012 BS65
2012 BA115
2012 CC14
2012 CJ20
2012 CY35
2012 HF77
2012 KR10
2012 PF5
2012 PU9
2012 SV61
2012 TD49
2012 TS103
2012 TC112
2012 TJ117
2012 TX126
2012 TN155
2012 TS181
2012 TA191
2012 TA233
2012 UL43
2012 UE46
2012 VU63
2013 AM17
2013 AM140
2013 AD147
2013 AO149
2013 AA151
2013 AT155
2013 AM160
2013 AB163
2013 AR164
2013 AS165
2013 AL171
2013 AM172
2013 AQ175
2013 AD179
2013 AF180
2013 BA33
2013 BT58
2013 BJ67
2013 CM28
2013 CQ49
2013 DL10
2013 EH26
2013 ET48
2013 EY115
2013 GB38
2013 HB3
2013 HX37
2013 HH40
2013 HE52
2013 HT65
2013 HX77
2013 HG130
2013 JG33
2013 NC11
2013 PK1
2013 PU1
2013 PF5
2013 PM23
2013 PZ29
2013 QO34
2013 RQ2
2013 RN57
2013 SG57
2013 TL96
2013 TH131
2013 TR133
2013 WG97
2013 WU104
2013 XB2
2013 YP84
2014 BM55
2014 CM1
2014 DQ83
2014 DM87
2014 EZ4
2014 FK61
2014 GV43
2014 HL31
2014 HF40
2014 HA49
2014 HP50
2014 HH97
2014 JL41
2014 KX15
2014 KE42
2014 KL71
2014 MX53
2014 MZ56
2014 OR41
2014 OT142
2014 OG161
2014 ON201
2014 OJ210
2014 OE212
2014 OJ225
2014 OE244
2014 OA270
2014 OO281
2014 OG305
2014 OZ322
2014 QC39
2014 QY40
2014 QV42
2014 QU103
2014 QQ120
2014 QY127
2014 QR148
2014 QR248
2014 QA310
2014 RJ58
2014 SJ25
2014 SH27
2014 SZ85
2014 SL89
2014 SY98
2014 SW125
2014 SQ264
2014 UW30
2014 VJ12
2014 WV66
2014 WY313
2014 WE346
2014 WF449
2014 WB196
2014 WN232
2014 WH249
2014 WZ267
2014 WC294
2014 WE346
2014 WX355
2015 AW36
2015 AQ183
2015 AH235
2015 BX9
2015 BT96
2015 BC124
2015 BH127
2015 BC129
2015 BV131
2015 BZ134
2015 BY146
2015 BN162
2015 BC454
2015 BD462
2015 BR472
2015 BG473
2015 BH216
2015 BB487
2015 BJ487
2015 BB243
2015 BN247
2015 BV306
2015 CU7
2015 CZ19
2015 CK26
2015 CT36
2015 DQ134
2015 DQ166
2015 ET57
2015 FQ19
2015 FK30
2015 FU181
2015 FB254
2015 GE21
2015 GH42
2015 HP67
2015 HX102
2015 HE175
2015 JD11
2015 KM19
2015 KM160
2015 ME103
2015 OU32
2015 PR52
