id
11326
11975
12407
12826
12860
13145
15886
15892
16039
16899
17023
17195
18589
18768
18858
19295
19572
19666
19807
20514
20545
20694
21250
21314
21477
21569
21616
21915
21920
22088
22158
22420
22423
22553
22599
22966
23021
23589
24006
24119
24148
24175
24997
25951
26424
26518
26756
27033
27042
27047
27248
27258
27520
27874
28062
28447
28550
28854
29345
29412
30070
30349
30394
30451
30978
30999
31004
31285
31689
31706
31726
31774
32935
33374
33482
33943
33999
34213
34255
34320
34557
34701
34879
36232
36429
36532
36709
36933
37062
37166
37933
38104
38189
38736
38879
39188
39195
39205
39222
39243
39604
40671
40676
40853
40908
41028
41510
41561
41846
42216
42605
42916
42987
43166
43404
43887
43916
44806
44951
44970
45195
45488
45895
45996
46016
46139
46277
46281
47360
47578
47737
47941
48046
48049
48067
48131
48275
48626
48642
48650
48657
48662
48669
48757
48836
49188
49610
49626
49693
49709
50036
50055
51074
51660
52083
52472
52489
52696
52719
53441
53720
53941
54162
54720
54825
55039
55379
55399
55411
55413
56569
57976
58414
58766
58806
58955
59507
60391
60404
60500
60535
60593
60956
61057
61158
61193
61512
61866
61908
62038
62163
62278
62357
62990
63062
63891
63955
63990
64107
64197
64367
64466
64514
64542
64753
64767
65137
65215
65800
68388
68660
69023
69027
69396
69403
70457
70464
70535
70905
70921
71327
71365
71517
72116
72220
72542
72582
72796
72943
73788
73815
75372
75488
75960
76025
76050
77055
77133
77178
77191
77263
77268
78307
78310
78352
78841
78945
79267
79278
79431
79519
79855
79885
80607
80672
80701
80798
81052
82095
82100
82110
82216
82253
83161
83193
83667
83682
84102
84194
84270
84372
84656
84756
85319
85340
85363
85364
85576
85934
86482
87329
87442
87726
87893
88019
88680
89108
89118
89150
89240
90021
90149
90185
90426
90499
90534
90811
90952
91038
92223
92873
93311
93396
93588
93788
93845
94048
94247
94307
94489
94827
94904
94928
95236
95285
95336
95351
96261
96278
96481
96948
97121
97125
97193
97327
97580
97792
97831
97978
98443
98912
99254
99302
99386
99480
100281
100284
100351
100360
100375
101132
101325
102292
102430
102827
102917
103319
103616
103652
103686
103849
103957
103964
104148
104410
105212
105527
105896
105925
106138
107077
107220
107633
107654
107783
107930
107964
108523
108801
108852
109020
109455
109530
110126
110513
110773
112414
112677
113239
113302
113445
113738
114126
114307
114542
114815
115172
115399
115726
115785
116203
116249
116358
116722
116817
116944
116987
117040
117280
117432
117793
118213
118920
119140
119840
119991
120026
120401
120551
120567
120596
120607
120610
120677
120788
121170
121923
121932
122979
123211
123418
125144
125195
125661
126114
126313
126407
126479
126600
126642
126928
127415
127988
128190
128289
128357
128379
128645
128766
129510
129516
129851
129920
129993
130171
130229
130251
130291
130682
130753
130881
131691
131885
132221
132317
132378
132596
132724
132911
133190
133962
135602
135810
136159
136652
136671
136685
136697
136701
136748
136749
137121
137537
137538
139086
139588
139653
139914
140165
140166
140331
140927
141408
141868
142045
142221
142342
142655
143767
143901
143977
144234
144285
144294
144414
144429
144511
144575
144937
145110
146056
146542
146747
147307
147600
147712
147841
148684
149300
149578
149628
149882
150073
150183
150490
150745
151279
151549
151813
151907
151994
152259
152326
152869
152879
153059
153139
153737
153890
154325
154358
154533
154692
154788
155395
156658
157088
157127
157394
157489
157548
157558
157662
157744
157765
157961
158024
158206
158538
159198
159212
159244
159264
159916
160188
160199
160226
160232
160779
160893
161486
161692
162657
162771
163167
163326
163869
165894
165952
166083
167871
169312
169486
169494
169578
171291
171821
172244
172310
172375
172453
172902
173996
174214
174516
175319
175677
175684
175704
176656
177355
177492
177850
178317
178325
178562
178715
179137
179593
179656
179674
179811
180351
180393
180404
180464
180491
180635
181211
181728
181912
182732
182902
183047
183080
183146
183582
183813
184528
184946
185081
185212
186417
186571
186698
186783
186895
187038
187330
188199
188617
188824
188850
189542
189925
190248
190462
191018
191037
191039
191115
191775
191891
192209
192329
192347
192350
192359
192725
193034
193542
194499
194788
194906
195260
195558
195603
196020
196100
196694
197824
198399
198401
198405
198918
199265
199613
199673
199817
200040
200048
200106
200181
200959
201432
201482
202242
202245
202463
202468
202797
202896
204238
204282
204639
204676
204762
204849
205414
205509
205559
205700
205743
205779
205890
207140
207166
207492
207906
208582
208587
209266
209832
210130
210186
210268
210366
210469
210478
210490
211073
211308
211524
211527
212395
212484
213952
214133
214837
215595
215756
215897
216161
216733
217064
217174
217634
217739
218954
219034
219643
219887
220089
220255
220298
220650
220885
221471
221474
221819
221966
221976
223035
223080
225303
225426
226598
226855
227830
227856
227896
228064
228777
229309
229807
229916
230006
230258
230340
231242
231252
231264
231683
231935
233101
233144
233298
233457
233464
233978
233981
233988
234065
234460
234698
235545
236250
236257
236418
236422
236453
237083
237379
237770
237871
238533
238944
240929
240974
241055
241539
241908
242398
242981
243544
243565
245016
245467
246031
246345
246879
247096
247349
248002
248689
249296
249721
250088
250583
250837
251599
251670
251696
251914
252654
253540
254857
255112
255740
255820
255837
256212
256769
256845
257320
257494
257770
257958
258872
259242
259831
259913
259997
260062
260566
260749
261811
261845
262388
262560
263136
263212
263480
263634
263668
263902
264282
265002
265220
265275
265938
266021
266043
266269
267704
267748
267876
268282
268613
269193
269198
269666
270458
270490
270556
270689
271062
271218
271281
271467
271507
272530
272827
272888
273044
273087
273236
273696
273829
274098
274227
274243
274852
274871
274983
275134
275348
275415
275938
276155
277184
277877
278409
278682
280457
281438
281928
282005
282358
282479
282682
283090
283252
284326
284618
284703
285069
285107
285114
285129
285142
285144
285153
285157
285412
286471
286738
287856
288368
288448
288454
288561
288979
289392
290566
290698
291121
291226
291450
291871
292485
292937
292969
293416
293447
293719
294707
294815
294932
295155
295666
295899
296026
296355
296685
296785
296900
296999
297148
297287
297353
298183
298469
298482
298919
298938
299858
299859
300247
300868
301053
301091
301421
301446
301859
302850
302916
303687
304435
304530
304674
305514
305811
306180
306317
306398
306509
307016
307142
307215
309085
309600
309647
309782
310122
310158
310284
312539
313364
313535
313782
313816
313883
314162
315924
316644
316673
316901
317583
317797
318494
318838
319080
319204
319234
319351
319365
320262
320457
320519
321031
321148
321655
321711
321849
321965
322261
322332
322618
322655
324120
324482
325240
325242
325316
325926
326063
326147
326190
326276
327603
328101
328159
329837
331105
332309
333813
333855
333863
334519
335272
336244
337032
337037
338018
338940
339613
340108
340140
340423
340611
340662
341110
342480
342550
343268
343296
343441
343445
343783
343806
343814
344060
344624
345489
345747
346270
346413
346706
346890
346968
347198
347410
347643
348446
348726
351544
351941
352234
352247
353440
353879
353949
354833
355184
355806
357380
357725
357999
358049
358384
358626
358977
360757
360786
361139
364647
364800
364999
366070
367984
368067
374150
376397
377393
378272
379131
379561
379994
382663
382826
384555
385075
385080
386803
386848
388216
388319
388788
389195
389583
389587
389739
389925
389937
390083
390111
390173
391174
391510
393808
394105
395321
396385
396962
397396
397680
398415
398754
399184
399304
400574
400821
402525
402534
402878
403927
404145
404191
404216
408756
408954
409638
409710
411406
411615
411677
412573
412669
413916
414094
414483
414554
414998
415451
417601
417757
420149
420483
421046
421202
421845
421928
423688
424055
424652
425560
426082
426250
426960
427103
427634
429489
429496
430664
432462
433585
433863
433941
434811
434991
435417
436525
436914
437013
438303
439087
439321
1995 QZ14
1995 SV79
2002 RT279
2002 RH289
2002 XP120
2003 KJ11
2003 SH58
2003 SD360
2003 UG33
2004 TP38
2004 TW234
2004 TZ239
2005 SS192
2005 SN213
2005 TC196
2005 YW246
2006 DU21
2006 EB37
2006 JK38
2006 RA72
2006 UO163
2006 UQ241
2006 UJ323
2007 DK71
2007 FY40
2007 SP19
2007 TY98
2007 VG5
2008 ER50
2008 FB75
2008 RE102
2009 WO36
2010 BE2
2010 EK130
2011 AZ57
2011 WD71
2011 YS71
2012 DE9
2012 GQ12
2012 GM15
2012 RD43
2012 TB228
2012 UF59
2012 XD29
2013 AR44
2013 BZ48
2013 CZ9
2013 ER25
2013 PH27
2013 QW7
2013 TT13
2013 TO114
2013 WD34
2013 YH27
2014 AA50
2014 BS60
2014 DY105
2014 JW11
2014 OE139
2014 OR166
2014 OG188
2014 QM370
2014 WN17
2014 WZ102
2014 WU490
2014 XY29
2015 BU511
2015 FM75
2015 FZ114
2015 FD293
2015 FN343
2015 GL23
2015 HL150
2015 KZ159