id
14274
22046
22094
24412
24952
25559
30344
31135
31484
32999
33018
33090
33132
33552
33776
34715
35321
35363
36348
36592
38215
39344
40147
41115
41418
42587
43998
44021
45463
45666
45749
45976
46730
47619
47710
48810
48833
49659
50419
50914
50940
51018
52632
54633
55538
55893
56273
57007
57613
57888
58902
58916
62759
62954
63410
65879
69540
69546
69550
70557
71022
71278
73510
73924
73977
76427
76601
77484
77564
77818
78328
78344
78504
79434
79436
82623
83475
83732
84185
85561
85931
87672
88541
88886
89895
90235
92107
95800
96345
96798
97479
98759
102062
104258
106146
107780
110361
115350
116011
116318
117010
117595
117639
119630
120702
120750
121733
123506
129602
133455
134245
136817
138580
140350
143377
144693
145759
146153
146707
148564
150598
152637
155516
161930
162068
165722
169130
172579
174120
175356
176593
178380
178460
179558
181200
182215
184111
185693
186089
186184
186849
189038
190310
192413
196120
197407
199656
201269
202857
203868
204852
209015
209024
210042
214511
216417
218068
218465
220876
222524
223419
224564
225796
227078
228077
228439
229645
232485
236680
237098
240789
245479
246900
247911
249155
251096
251509
255135
257337
257780
258275
258567
259843
260213
260369
261331
266900
267124
269795
270590
271130
281886
285221
285222
287510
291412
291519
292874
295421
302102
307015
314297
316878
319335
320965
324144
329093
331258
332659
334040
352557
353194
358916
358928
359675
361507
361945
365032
369695
391672
405854
409420
411604
412427
413012
418858
419465
422504
2001 RE155
2006 SM13
2006 TB70
2008 GD104
2008 GZ119
2008 JT21
2009 UE129
2011 RR19
2012 SH39
2012 TA316
2013 RK87
2013 YV115
2014 DF31
2014 HY35
2014 LC22
2014 VY
2014 WH201
2015 FA