id
15
70
98
201
569
632
997
1059
1178
1263
1384
1431
1458
1499
1516
1775
2692
2741
2790
2980
3037
3238
3387
3484
3488
3503
3805
4067
4175
4384
5007
5060
5199
5489
5692
5740
5890
5897
5913
6000
6128
6417
6463
6479
6561
6579
6633
6756
6858
6934
6982
7198
7318
7419
7628
7775
7954
8041
8111
8634
9054
9192
9442
9485
9532
9729
9772
9906
10262
10352
10383
10385
10567
10599
10607
10616
10645
10744
10779
11327
11439
11556
11797
12166
12222
12777
12937
13050
13083
13136
13396
13411
13693
13856
13942
13978
14337
14374
14401
14660
14999
15302
15419
15511
15709
15803
15869
15953
16276
16358
16373
16415
16693
16761
16847
16878
17006
17070
17241
17382
17395
17659
17949
18487
18520
18637
19113
19183
19314
19334
19491
19535
19635
19654
19755
19788
20023
20336
20417
20473
20619
20723
20816
20891
20903
20963
21087
21147
21148
21234
21527
21655
21906
21963
21997
22183
22978
23014
23090
23094
23322
23324
23557
23774
23775
23779
23780
23799
23807
23875
24198
24391
24694
25216
25305
25865
25873
26000
26292
26357
26432
26476
26582
26750
26912
27550
27786
27967
28056
28281
28366
28629
28654
29130
29382
29718
29791
30072
30135
30136
30143
30376
30579
30885
31045
31059
31256
31459
31837
31870
31903
32203
32326
33150
33284
33435
33718
33834
33977
33993
34076
34138
34286
34665
34757
35006
35101
35282
35813
35887
36014
36218
36439
36471
36521
36633
36782
37158
37742
37857
37951
38016
38229
38275
38331
38800
38853
38919
39057
39258
39383
39534
39544
39660
39753
39847
40137
40332
40707
40711
40771
41007
41066
41206
41366
41420
41511
41629
41656
41701
41739
41967
42178
42489
42714
42721
42931
43041
43169
43201
43314
43777
43872
43970
43972
44314
44317
44333
44347
44354
44363
44367
44403
45015
45034
45121
45192
45348
45352
45688
45690
45700
45710
45852
45978
46005
46022
46187
46230
46297
46354
46638
47032
47419
47539
47548
47634
47763
47766
48017
48427
48609
49146
49179
49263
49305
49462
49495
50028
50363
50365
50381
50736
50785
50814
50855
50860
50929
50993
51091
51164
51173
51239
51304
51315
51427
51527
51568
51684
51723
51732
51748
51772
51774
51818
52141
52271
52394
52574
52622
52624
52632
52783
53088
53199
53247
53308
53830
53835
53963
54127
54146
54167
54229
54263
54386
54432
54949
55078
55126
55428
55465
55593
55599
56199
56206
56235
56634
56758
56759
56775
56905
57008
57111
57151
57160
57332
57532
57677
57738
57755
58120
58274
58641
58655
58702
58907
59132
59335
59610
59638
59743
59789
59957
60280
60310
61225
61259
61266
61298
61407
61704
61715
61806
62081
62263
62329
62458
62496
62802
62892
63001
63120
63345
63352
63419
63438
63471
63539
63549
63646
63682
63768
63872
63916
64115
64412
64552
64624
64857
65325
65505
65684
65705
65796
65842
65938
65960
65984
66186
66438
66444
66515
66579
66588
66634
66649
66656
66665
66666
66745
66747
66830
66867
66919
66944
66997
67841
68128
68130
68181
68185
68231
68322
68621
68736
68883
68979
69332
69363
69752
69784
70214
70254
70488
70501
70538
70555
70631
70632
70717
70934
70935
70978
70994
71000
71009
71124
71178
71189
71202
71232
71312
71369
71406
71410
72124
72615
72654
73045
73259
73321
73440
73572
73617
73619
73784
73829
74086
74129
74136
74166
74176
74214
74259
74293
74303
74309
74361
74504
75161
75269
75291
75311
75388
75599
75606
75643
75667
75725
75801
75965
76236
76246
76332
76420
76477
76523
76549
76620
76664
76923
77020
77137
77172
77401
77647
77857
78082
78118
78219
78229
78274
78333
78728
78772
78895
78997
79322
79640
79788
79844
79878
80687
81006
81156
81203
81204
81225
81230
81341
81342
81454
81479
81509
81516
81519
81537
81578
81646
81737
81792
81848
81849
81926
81941
82142
82296
82387
82421
82520
82584
82603
82625
82698
82763
83208
83274
83933
84043
84050
84093
84120
84140
84182
84243
84346
84396
84413
84435
84557
84776
84830
84912
85000
85051
85097
85133
85151
85215
85432
85550
85582
85586
85597
85745
86002
86024
87057
87116
87154
87251
87274
87277
87425
87444
87487
87549
87668
87678
87680
87697
87820
87931
87954
87968
87985
88349
88522
88589
88980
89063
89126
89379
89464
89520
89888
90120
90231
90234
90301
90355
90507
90554
90601
90725
91141
91293
91322
91358
91359
91374
91411
91421
91484
92784
92870
92974
92977
93008
93014
93019
93036
93110
93154
93157
93241
93274
93300
93398
93412
93419
93484
93528
93564
93582
93646
93649
93712
93785
93792
93807
93811
93862
93897
93905
94025
94234
95470
95472
95713
95780
95790
95861
96277
96281
96508
96723
96737
96740
96751
96752
96773
96776
96836
96837
96841
96858
96875
96909
96932
96981
97340
97367
97764
98893
98903
99003
99083
99246
99450
99622
99900
100060
100066
100068
100073
100121
100143
100222
100235
100302
100402
100653
100953
101100
101142
101143
101226
101318
101359
101398
101412
101537
101566
101707
101714
101733
101769
101790
101793
102202
102337
102341
102420
102499
102530
102672
102777
102817
102960
102973
102998
103086
103090
103103
103220
103344
103452
103637
104257
104595
104708
104796
104831
104844
104897
105020
105128
105132
105196
105259
105282
106565
107028
107247
107341
107784
107796
107812
108059
108365
108557
108757
108881
108885
109001
109075
109171
109182
109437
109604
109618
109668
109677
109707
109708
109761
109775
109927
109983
109994
110003
110043
110147
110164
110179
110204
110263
110486
110552
110642
110675
110685
110714
110789
110834
110977
111177
111328
111341
111864
111966
112195
112476
113107
113188
113232
113285
113410
113818
113911
113938
113977
114049
114152
114184
114221
114263
114500
114516
114724
114737
114812
114829
114838
115036
115197
115378
115569
115880
116427
116933
117001
117120
117223
117238
117624
117835
117903
117922
118008
118012
118205
118352
118704
118800
119375
119388
119411
119458
119521
119525
119614
119711
120067
120361
120403
120466
120651
120743
120818
120838
120839
120841
120843
121256
121266
122214
122215
122223
122331
122412
122461
122497
122588
122670
122687
122694
122739
122796
122841
122870
122886
122918
122935
122959
123062
123076
123083
123224
123257
123260
123293
123350
123417
123521
123592
123593
124709
124751
124936
125491
125822
126019
126240
126290
126383
126708
126818
126886
127022
127057
127133
127197
127566
127570
127727
127780
128043
128343
128415
128559
128583
128606
128779
128891
129280
129349
129483
129513
129518
129568
129878
129973
130011
130016
130063
130088
130102
130130
130173
130980
130984
131234
131266
132294
132340
132402
132469
132472
132477
132490
132540
132562
132660
132676
132702
132711
132756
132769
132827
133186
133431
133591
133758
134309
134339
134402
134421
134442
134484
134493
135016
135319
135722
135812
135859
135918
135951
135991
136536
136538
136563
136579
136757
136819
136845
137060
137117
137134
138104
138105
138338
138393
139220
139340
139381
139405
139421
139448
139484
139618
139673
139698
140352
140368
140524
140572
140579
140598
141327
141880
142249
142466
142513
142573
142626
142649
142710
142868
142895
142999
143007
143011
143039
143066
143082
143142
143197
143300
143392
143576
143589
144160
144679
144836
145019
145064
145108
145132
145163
145168
145258
145280
145578
145619
145768
146338
146354
146398
146401
146424
146446
146618
146675
146827
147331
147348
147350
147518
147591
147665
147785
147854
147876
148314
148321
148507
148514
148568
148574
148597
148646
148666
148667
148771
148777
148785
148810
148847
149715
149760
149865
150059
150504
150529
150558
150562
150678
150823
150833
150855
150885
150948
150962
151144
151199
151276
151864
152305
152458
152530
153065
153130
153142
153179
153445
153567
153610
153798
153827
153838
153845
153977
153986
153999
154520
154521
154526
154527
155357
155451
155750
155754
156283
156353
156354
156401
156405
156454
156479
157191
157254
157319
157355
157384
157674
158080
158409
158459
158686
158726
158960
159186
159310
159385
159497
159627
160168
160220
160298
160302
160579
160628
160642
160652
160664
160666
160923
161048
161353
161390
161526
161687
161863
162007
162121
162224
162341
162346
162357
162370
162386
162826
163325
163780
163798
163840
163842
163850
163877
163965
163973
163994
164035
164046
164048
164071
164108
164381
164600
164635
164895
164918
164952
164975
164998
165627
165645
166336
166349
166365
166366
167108
167174
167202
167208
167237
167304
167317
167391
167394
167403
167504
167745
168064
168164
168171
168186
168189
168233
168335
168443
168594
168599
168610
169092
169712
169717
169732
169762
169793
170014
170479
170498
170532
170552
170558
170669
170704
170736
170860
171325
171328
171374
171594
171632
171658
172150
172165
172176
172277
172610
172682
172697
172984
173017
173204
173385
173414
174146
174163
174169
174175
174219
174226
174228
174268
174276
174290
174293
174330
174333
174386
174406
174436
174743
174948
175001
175055
175442
175449
175512
175615
175653
175725
175957
175978
176252
176776
176799
176802
176841
176848
176861
176870
177622
177799
177815
177977
178087
178175
178600
178640
178645
178873
178890
178898
178912
178921
178944
178960
179206
179336
179611
179856
179865
179923
179973
179994
180037
180529
180607
180637
180700
180877
180886
180931
181076
181203
181319
181379
181512
181718
182104
182112
182119
182297
182334
182345
182365
182366
182415
182473
182582
182588
182631
182979
183331
183377
183410
183975
184048
184086
184705
184785
184873
185025
185216
185365
185667
185899
186010
186069
186101
186158
186178
186192
186196
186199
186240
186550
186569
186845
186887
186894
187233
187794
187885
187920
187995
188052
188248
188252
188722
188725
188741
188918
189061
189064
189255
189388
189390
189528
189561
189780
189856
190038
190058
190099
190367
190376
190574
190604
190630
190643
190679
191083
191311
191667
191685
191699
191702
191719
191728
191739
191741
191753
191767
191771
191783
191796
191807
191808
191884
191888
192014
192238
192239
192341
192649
192651
192866
193215
193465
193517
193529
193538
193558
193569
193595
193621
193650
194973
195022
195085
195135
195190
195264
195367
195434
195489
195567
195599
196522
196562
197026
197278
197870
197987
198013
198066
198097
198186
198199
198210
198226
198252
198284
198295
198298
198332
198423
198439
198537
198549
198575
199349
199356
199381
199480
199658
199805
199907
199982
199997
200194
200197
200414
200478
200516
200520
201658
202051
202193
202252
202272
202767
202967
202976
203155
203212
203219
203238
203710
203940
203945
203953
203958
203961
203997
204118
204499
204729
204869
204921
204979
205029
205082
205094
205132
205136
205399
205428
206003
206097
206394
206404
206437
206486
206492
206493
207058
207177
207244
207254
207310
207532
207811
207833
207939
207969
208034
208303
208827
208834
208864
209105
209205
209277
209784
209802
209818
209830
209848
209892
210136
210275
210520
210521
210599
210602
210826
211349
211372
211414
211657
212193
212211
212217
212231
212251
212275
212276
212500
212508
212583
212714
212752
213044
213048
213109
213115
213135
213280
213647
213711
214289
214340
214346
214368
214787
214894
215092
215159
215173
215267
215281
215292
215728
215735
215921
216504
216607
216687
217009
217077
217423
217454
217929
217968
218313
218368
218371
218379
218596
218628
218635
218644
218645
218647
218648
218668
218670
218763
219148
219338
219622
219670
219671
219703
219768
219787
219819
220681
221051
221068
221096
221129
221176
221208
221220
221231
221300
221326
221817
221882
222251
222266
222321
222616
222633
222653
222679
222738
222809
222868
223628
223726
224216
224252
224392
224403
224439
224501
224526
224549
224621
224935
225133
225136
225175
225179
225245
225325
225372
225501
225505
225509
225521
225536
225538
225540
225542
225557
225871
225886
225922
225926
225944
226032
226709
226732
227334
227350
227499
227538
227615
227626
227946
228049
228205
228226
228345
228350
228377
228382
228385
228605
228613
228645
229084
229111
229133
229506
229585
229860
229883
230048
230061
230062
230067
230073
230345
230359
230375
230406
230865
230906
230913
231360
231680
231741
231760
231891
231933
231942
232159
232536
232798
232835
232839
232859
233323
233383
233432
233585
233666
233968
234031
234095
234112
234233
234315
234331
234754
235104
235116
235147
235196
235302
235303
235345
235384
235726
235742
235772
236415
236468
236508
236547
236585
236848
236991
237015
237033
237038
237204
237447
237458
237516
238133
238169
238541
238991
239082
239175
239206
239215
239506
239944
240153
240154
240239
240403
240436
240454
240612
240663
240734
240963
241038
241232
241234
241326
241338
241587
241628
241633
241679
241897
241951
241952
242000
242047
242078
242122
242323
242515
242573
242777
242877
242923
243206
243237
243307
243368
243664
244405
244560
244586
244773
244844
244923
245177
245270
245841
245873
245887
245906
245912
246032
246046
246058
246166
246643
247130
247160
247193
247235
247477
247561
247580
247650
247898
247973
248563
248712
248729
248775
248791
248884
249336
249406
249493
249498
249868
250159
250176
250210
250211
250230
250246
250610
251002
251072
251095
251136
251175
251189
251213
251278
251560
251617
251641
251755
252231
252232
252233
252242
252243
252250
252259
252279
252363
252377
252382
252383
252430
253235
253256
253315
253856
254596
254658
255914
255947
255989
256001
256042
256049
256064
256136
256170
256179
256187
256208
256284
256301
256307
256754
257289
257444
257467
258068
258094
258156
258160
258169
258173
258181
258192
258207
258217
258234
258257
258279
258323
258378
258407
258985
259011
259144
259153
259227
259240
259247
259252
259266
259269
259288
259333
259363
259887
260057
260081
260682
260725
260758
260799
260858
260864
261133
261194
262107
262589
262610
262687
262809
262899
262958
263381
263426
263542
263565
263763
263781
263979
264088
264197
264198
264514
264535
264553
264566
264597
264603
264605
264622
264644
264647
264681
264682
264701
265633
265641
265687
265706
265736
265752
266229
266325
266385
266539
266621
266661
267001
267182
267218
267345
267364
267422
268050
268066
268347
268378
268381
268382
268992
269068
269080
269935
269989
269996
270117
270217
270321
270339
270363
270377
270384
270397
270438
270549
271011
271082
271641
271679
271682
271690
271743
271754
271798
272123
272389
272393
272458
272461
272568
272588
272608
272646
272650
272659
272693
272723
272762
272779
273832
273924
273936
273939
273951
273952
274330
274334
274569
274581
274622
274775
274801
274802
274842
274865
274945
275153
275166
275168
275214
275532
275685
275694
275703
276032
276436
276483
276491
276494
276499
276848
276971
276994
276997
277385
277705
277979
277985
278347
278369
278372
278374
278742
278779
278819
278827
278875
279100
279220
279225
279370
279605
279638
279673
279708
279783
279784
280057
280093
280116
280307
280314
280325
280328
280604
280731
280824
280897
281011
281541
281805
281927
282239
282261
282383
282545
282778
282781
282899
282939
283167
283211
283305
283333
283352
283652
283791
283811
283878
284034
284277
284791
284868
285186
285297
285455
285458
285469
285880
285907
285911
286062
286225
286321
286343
286801
286822
286832
286857
286890
287062
287228
287291
287330
287709
287791
287901
287982
287989
288048
288118
288193
288238
288403
288985
289114
289203
289776
290172
290250
290399
290945
291110
291550
291563
291695
291766
291794
292023
292037
292063
292202
292215
292452
292710
293104
293149
293817
293870
293957
294168
294209
294278
295148
295343
295433
295451
295546
295571
295631
295765
295926
296185
296248
296272
296700
296712
297217
297368
297528
298003
298014
298020
298079
298116
298125
298140
298207
298387
298443
298461
298602
298682
298683
299149
299643
300364
300479
300576
300589
300602
300607
300617
300624
300646
300665
300748
301254
301332
301643
301667
301693
301889
301899
301900
301963
301983
302102
302108
302522
302533
302555
302572
302573
302576
302589
302604
302625
302692
302695
303053
303073
303145
303479
303535
304068
304162
304170
304212
304976
304979
304998
305055
305073
305129
305161
305165
305742
305984
306032
306220
306264
306504
306656
306784
306981
307290
307338
307396
307398
307450
307452
307513
307668
307883
307905
307908
308292
308519
308770
308774
308798
309092
309195
309290
309364
309498
309599
309719
310129
310243
310343
310363
310743
310762
310779
310780
310783
310785
310795
310807
310821
311061
311086
311617
311630
311651
311659
311720
311753
311791
312213
312240
312286
312313
312343
312973
313200
313444
313476
313494
313523
313526
313874
314192
314203
314285
314670
314743
314763
314837
314846
314903
314969
315453
315462
315549
315605
315615
315637
315683
315818
316258
317013
317014
317557
317602
317778
317906
318027
318051
318061
318093
318397
318483
318711
318740
318985
319022
319206
319697
319793
319797
319836
320822
320837
320945
321059
321119
321366
321512
321555
321614
321854
321878
321936
321959
322335
322422
322731
322811
323110
323531
323746
323767
323777
323784
323798
323806
323850
323863
323864
323873
323929
324029
324428
324469
325010
325167
325226
325282
325311
325347
325426
325885
325904
326183
326279
326392
326417
326713
326723
326724
326978
326979
326985
326991
327248
327399
327409
327410
327449
327457
327788
327835
327837
327839
327844
327853
327865
327889
327893
327900
327939
328241
328583
328586
328716
328971
328977
329179
329305
329310
329311
329324
329602
329607
329779
329795
329814
330146
330279
330322
330698
330992
330997
331066
331544
331546
331653
331896
331920
331924
332179
332329
332382
332386
332519
332682
332952
333011
333240
333424
333598
333638
333874
334382
334415
334443
334765
334855
335059
335076
335137
335140
335180
335502
335533
335728
335784
335803
335815
335818
335831
336141
336143
336202
336302
336417
336425
336630
336758
336833
336951
337134
337140
337141
337160
337176
337298
337302
337336
337979
337981
337988
338496
338505
338516
338521
338533
338613
338639
339345
339389
340216
340235
340319
340426
340427
340433
340438
340461
340526
340527
341044
341082
341129
341134
341155
342033
342037
342041
342112
342118
342148
342152
342193
342196
342228
342232
342264
342280
342319
342335
342344
342425
342437
342463
342491
342524
342594
342608
342677
342685
342752
342828
343330
343423
343682
344182
344197
344656
344658
344675
344697
344721
344904
344920
344977
345001
345029
345049
345056
345448
345454
345963
346447
346586
346602
346654
346722
346739
346804
347273
347465
347531
347588
347736
347833
347958
347972
348001
348032
348049
348158
348337
348344
348350
348760
348761
349145
349173
349224
349230
349263
349285
349673
349747
349823
350274
350282
350287
350391
350858
350865
350924
351010
351051
351080
351095
351120
351128
351152
351367
351379
351382
351393
351814
352178
352186
352205
352208
352229
352264
352281
352306
352342
352376
352885
352918
353079
353789
353876
353955
353973
354232
354236
354249
354258
354261
354281
354453
354465
354638
354645
354657
355020
355318
355412
355414
355467
356012
356085
356162
356169
356744
356999
357021
357261
357263
357274
357375
357392
357647
357660
358113
358146
358200
358214
358244
358559
358582
358620
358661
359273
359450
359476
359658
359977
360201
360246
360349
360473
360490
360497
360594
360623
360836
361188
361191
361289
361301
361414
361603
361649
361757
361846
362091
362224
362245
362646
363118
363139
363147
363312
363583
363589
363812
363821
363848
364008
364261
364451
364799
364862
364971
365342
365653
365843
366405
366407
366847
367534
367575
367796
367801
367951
368011
368180
368260
368710
368772
369070
369313
369328
369332
369573
369757
369890
369942
370030
370042
370189
370473
371010
371037
371054
371058
371108
371165
371191
371202
371665
371686
371709
371722
371953
372392
372432
372436
372439
372458
372586
372595
372619
372692
373185
373301
373472
373494
373603
374051
374082
374111
374320
374406
374448
374451
374460
374474
374489
374505
374554
374947
374996
375286
375742
375756
375861
375944
376211
376463
376792
376921
377329
377335
377339
377342
377409
377441
377813
377886
377912
378350
378688
379281
379312
379399
379499
379898
380010
380072
380108
380284
380319
380584
380853
380904
380927
381158
381172
381468
381471
381485
381621
381796
381829
382161
382195
382304
382380
382452
382603
382617
382949
382953
383241
383277
383290
383893
383911
383950
384044
384058
384069
384708
384807
384820
384837
384903
385000
385054
385254
385334
385336
385348
385444
385531
385578
385766
385801
386287
386294
386309
386331
386335
386342
386374
386421
386727
387427
387542
387550
387766
387911
388564
388573
388678
388943
388951
388966
389021
389023
389048
389715
389718
389730
389863
389874
389900
389938
390207
390427
390492
390517
390735
390746
390750
390763
390771
390772
390778
390893
390894
391547
391552
391776
391803
391972
392050
392297
392349
392393
392781
392785
392808
393286
393485
393523
393584
393586
393587
393737
393753
394147
394455
394472
394543
394557
394599
394606
394898
394923
394960
395213
395421
395542
395586
395719
395778
395795
395804
395835
396276
396373
396554
396696
396906
396911
397244
397315
397521
397577
397621
397643
397857
397988
398016
398024
398420
398533
398534
398647
398726
399063
399119
399362
399471
399476
399497
399510
399513
399753
399754
400036
400047
400110
400115
400121
400124
400138
400143
400172
400860
400865
401211
401804
402226
402231
402604
402607
402645
402705
402715
402730
403569
403639
403650
403923
403951
404023
404623
404777
405055
405079
405374
405377
405941
405971
405994
406021
406061
406072
406090
406094
406100
406123
406130
406181
406207
406613
406626
406653
406937
406945
407321
407437
407859
407862
408031
408197
408256
408399
408437
408473
408616
408626
408749
408820
408838
408847
408850
408855
408856
408870
408897
408906
408926
409020
409237
409242
409254
409441
409488
409964
409971
409973
409977
409979
409986
409996
410035
410807
411214
411276
411282
411377
411400
411418
412257
412326
412754
412941
413049
413101
413106
413135
413136
413209
413489
413501
413511
413927
413967
414251
414844
414852
414872
414881
414907
414911
415176
415183
415376
415813
415823
415827
415842
415843
415874
415880
415908
415957
415995
416008
416026
416239
416253
416267
416872
416886
416892
416929
416974
416980
417037
417046
417085
417106
417121
417139
417205
417563
417596
417635
417648
417732
417778
417787
417799
417818
418267
418307
418330
418331
419203
419228
419544
419756
419761
419820
419828
420008
420016
420066
420112
420206
420287
420556
420699
420891
420955
421321
421515
421874
422020
422216
422550
422551
422733
422763
422780
422789
422969
422971
423225
423258
423451
423479
423522
423555
423615
423626
423629
423685
423703
424515
425107
425128
425159
425202
425281
425960
426146
426321
426439
427043
427114
427199
427487
427492
427919
427922
427927
428264
428313
428314
428327
428686
428764
428791
428795
429111
429131
429147
429189
429225
429557
429574
429656
429658
429675
429678
429905
429993
429999
430094
430159
430279
430329
430384
430534
430548
430754
430766
430787
431002
431014
431023
431044
431051
431342
431398
431796
431852
431968
432002
432290
432417
432811
432820
432863
432891
432998
433027
433127
433362
433502
433515
433545
433646
433978
434100
434214
434352
434361
435191
435285
435590
435664
435734
435753
435787
435832
435841
435855
435861
436276
436663
436795
436874
437153
437163
437249
437732
437856
437977
438322
438516
438935
439098
439116
439459
1995 OA3
1998 VC43
1999 TT87
1999 TQ301
2000 EG4
2000 GO117
2000 UZ18
2000 WZ109
2001 FO191
2001 OM28
2001 QB5
2001 RY39
2001 SV223
2001 SJ224
2001 TK25
2001 TV212
2001 TK244
2001 TT261
2002 AZ202
2002 CQ162
2002 CL316
2002 EY22
2002 EC37
2002 GZ64
2002 GO74
2002 GE191
2002 MX5
2002 NT60
2002 NB77
2002 PN7
2002 PA68
2002 PV161
2002 PS200
2002 QE61
2002 QF75
2002 RQ225
2002 RZ248
2002 RE286
2002 SB17
2002 SV34
2002 SF63
2002 SR63
2002 TL156
2002 TW101
2002 TT114
2002 TV384
2002 TL156
2002 WQ31
2003 BS12
2003 BG72
2003 QL109
2003 SY36
2003 SD50
2003 SX68
2003 SL177
2003 SL399
2003 SL177
2003 SS206
2003 SR324
2003 SF345
2003 TZ38
2003 UX9
2003 UU32
2003 UH366
2003 UM119
2003 UD134
2003 UW180
2003 WZ2
2003 YY80
2004 AZ2
2004 BN148
2004 CA69
2004 CY108
2004 EH54
2004 RJ5
2004 TO149
2004 TS159
2004 WF4
2004 WA7
2004 XO109
2004 XD134
2005 CE11
2005 CU15
2005 CL64
2005 EZ43
2005 FE4
2005 GC178
2005 JJ99
2005 JZ135
2005 JP159
2005 MM5
2005 MR13
2005 NG3
2005 NY42
2005 NF45
2005 PR14
2005 QF20
2005 QL97
2005 QR104
2005 QS116
2005 QQ187
2005 SB11
2005 SV22
2005 SX67
2005 SW115
2005 SE121
2005 SX143
2005 SD176
2005 SZ210
2005 SX256
2005 TG6
2005 TH36
2005 TF71
2005 TX91
2005 TC127
2005 TX177
2005 TL183
2005 UQ38
2005 UG94
2005 UW104
2005 UT390
2005 UK178
2005 UD180
2005 UP185
2005 UM460
2005 UZ483
2005 UR498
2005 US510
2005 UU519
2005 UN281
2005 UA316
2005 VC5
2005 VU88
2005 VC125
2005 WX13
2005 WG114
2005 WB159
2005 WC182
2005 XH103
2005 YQ14
2005 YA62
2005 YJ132
2005 YF188
2005 YA204
2005 YV271
2006 AA6
2006 AA28
2006 AE55
2006 BA78
2006 BQ136
2006 BY237
2006 CY22
2006 CX45
2006 DG39
2006 DU68
2006 DK195
2006 DZ208
2006 EX42
2006 EB56
2006 EK69
2006 FA54
2006 GM37
2006 HF28
2006 HX69
2006 HH80
2006 KX91
2006 QE15
2006 QJ24
2006 QM126
2006 QD167
2006 RE30
2006 RE42
2006 RM75
2006 RD121
2006 SA2
2006 SS39
2006 SE79
2006 SJ361
2006 SF138
2006 SV144
2006 ST201
2006 SY205
2006 SR283
2006 SX287
2006 SB307
2006 SP353
2006 TN8
2006 TZ67
2006 TS115
2006 UE7
2006 UJ11
2006 UT15
2006 UL43
2006 UX76
2006 US85
2006 UJ176
2006 UR191
2006 UE200
2006 UN275
2006 UE277
2006 UR282
2006 VU83
2006 VG102
2006 WV14
2006 WF21
2006 WH31
2006 WM40
2006 WJ70
2006 WU104
2006 WW106
2006 XS1
2006 XG29
2006 XZ54
2006 YO9
2007 AX27
2007 CA16
2007 CR57
2007 DD40
2007 DD66
2007 DD93
2007 EG15
2007 EL111
2007 FQ12
2007 FS45
2007 GK
2007 GV49
2007 GT71
2007 HW70
2007 LD34
2007 PZ42
2007 QA8
2007 RV44
2007 RB47
2007 RQ58
2007 RR97
2007 RA131
2007 RK188
2007 RC295
2007 RT320
2007 SB13
2007 SL21
2007 TX3
2007 TO34
2007 TZ75
2007 TW86
2007 TC213
2007 TB275
2007 TS365
2007 TF137
2007 TV407
2007 TF423
2007 TD176
2007 TK198
2007 TC213
2007 TV229
2007 TF234
2007 TB275
2007 TX282
2007 TH288
2007 TJ333
2007 UH78
2007 UY97
2007 UG115
2007 UR121
2007 UL138
2007 UX139
2007 UE141
2007 VN9
2007 VS21
2007 VO38
2007 VQ56
2007 VN77
2007 VY107
2007 VG116
2007 VE171
2007 VR181
2007 VJ235
2007 VS240
2007 VL255
2007 VN283
2007 VM310
2007 VU326
2007 VV328
2007 XH8
2007 XB17
2007 XX57
2007 YZ18
2007 YY20
2007 YX42
2008 AA18
2008 AL63
2008 AT64
2008 AM96
2008 AH135
2008 BE24
2008 BD53
2008 CA37
2008 CL77
2008 CT92
2008 CK141
2008 DB22
2008 DC36
2008 DN48
2008 DO81
2008 ET3
2008 EF26
2008 ES41
2008 EA96
2008 FB65
2008 FM103
2008 GW11
2008 GX40
2008 GM69
2008 GK78
2008 GE100
2008 HD41
2008 HQ46
2008 HV48
2008 JO17
2008 JF20
2008 KY6
2008 KN18
2008 LV4
2008 OG18
2008 QY8
2008 QM40
2008 QC44
2008 RX44
2008 RX50
2008 RZ71
2008 RD86
2008 RC130
2008 RK130
2008 RM136
2008 RJ138
2008 SN6
2008 SN27
2008 SR30
2008 SL31
2008 SN33
2008 SC40
2008 SY88
2008 SY95
2008 SN102
2008 SB117
2008 SV162
2008 SA184
2008 SW194
2008 SU232
2008 SX244
2008 SD246
2008 SB255
2008 SJ286
2008 SZ299
2008 SV304
2008 TM29
2008 TR39
2008 TA63
2008 TW77
2008 TC82
2008 TR93
2008 TO157
2008 UA1
2008 UM45
2008 UO51
2008 UB80
2008 UA98
2008 UH127
2008 UC137
2008 UH147
2008 UU156
2008 UF174
2008 UQ190
2008 US198
2008 UO206
2008 UU215
2008 UG240
2008 UL254
2008 UT351
2008 VJ2
2008 VY12
2008 VD32
2008 VN36
2008 WL41
2008 WW50
2008 WL72
2008 WB73
2008 WC91
2008 WE94
2008 WC111
2008 WV122
2008 WQ126
2008 WZ138
2008 XD48
2008 XE53
2008 YA31
2008 YM45
2008 YX106
2008 YN125
2008 YK164
2009 AC45
2009 BK22
2009 BB43
2009 BV71
2009 BY75
2009 BT80
2009 BC107
2009 BB120
2009 BE147
2009 BQ175
2009 BP178
2009 BQ185
2009 BQ189
2009 CM28
2009 CM33
2009 CK48
2009 DB18
2009 DW45
2009 DE53
2009 DT62
2009 DC64
2009 DA98
2009 DH100
2009 DM117
2009 DA119
2009 FM
2009 FY27
2009 HP28
2009 JY6
2009 KL5
2009 KO9
2009 KO13
2009 OE21
2009 SU4
2009 SZ55
2009 SK129
2009 SX147
2009 ST176
2009 SW279
2009 SU303
2009 SV334
2009 SY347
2009 TX44
2009 UU17
2009 UK30
2009 UV36
2009 UN59
2009 UC146
2009 VO17
2009 VE29
2009 VG62
2009 WS3
2009 WG24
2009 WX102
2009 WP137
2009 WA147
2009 YQ7
2010 AO24
2010 AE59
2010 AT79
2010 CA103
2010 CJ184
2010 DH59
2010 DB79
2010 DN79
2010 EU87
2010 EZ102
2010 FG11
2010 GM114
2010 GG139
2010 GY145
2010 HX97
2010 JK3
2010 JZ73
2010 JT131
2010 KX84
2010 LN74
2010 NF
2010 NW3
2010 NQ113
2010 PL35
2010 PE61
2010 RO47
2010 RG60
2010 RD64
2010 RE104
2010 RL116
2010 RC162
2010 RL183
2010 SR2
2010 SZ9
2010 SE32
2010 TY18
2010 TB21
2010 TZ36
2010 TJ41
2010 TF78
2010 TN103
2010 TH108
2010 TB110
2010 TQ126
2010 TD169
2010 UR12
2010 UG16
2010 UK28
2010 UZ88
2010 UF92
2010 VY61
2010 VA70
2010 VX84
2010 VT91
2010 VR96
2010 VU128
2010 VY133
2010 VV134
2010 VP135
2010 VL215
2010 WF2
2010 WY66
2010 XV3
2010 XU69
2010 XF83
2010 YM1
2010 YT4
2011 AK6
2011 AB29
2011 AQ51
2011 AA66
2011 AG69
2011 BJ30
2011 BG52
2011 BW72
2011 BV93
2011 CP34
2011 CE49
2011 CJ91
2011 DX9
2011 DE19
2011 DZ19
2011 DK36
2011 ET3
2011 FX4
2011 FP23
2011 FP63
2011 GU4
2011 GJ34
2011 GC77
2011 HX66
2011 HR100
2011 JH22
2011 KP1
2011 KA8
2011 KJ11
2011 LC
2011 LE16
2011 MW4
2011 OK22
2011 PM9
2011 QG15
2011 QC25
2011 QN25
2011 QW34
2011 QP97
2011 SK7
2011 SD12
2011 SS59
2011 SG62
2011 SC72
2011 SE88
2011 SM105
2011 SS122
2011 SO135
2011 SE187
2011 SM207
2011 SP218
2011 SF228
2011 SW229
2011 SH232
2011 TZ
2011 TP15
2011 UG18
2011 UK24
2011 UL29
2011 UP49
2011 UW51
2011 UT56
2011 UJ149
2011 UC150
2011 UT172
2011 UK174
2011 UU273
2011 UU319
2011 UT356
2011 UD374
2011 UA386
2011 UA398
2011 UX400
2011 UY147
2011 UJ149
2011 UC150
2011 UU155
2011 UL159
2011 UB172
2011 UT172
2011 UK174
2011 UR198
2011 UL251
2011 UU273
2011 UO293
2011 UU319
2011 UQ355
2011 UT356
2011 VY3
2011 VY6
2011 VS7
2011 VS17
2011 WE27
2011 WW40
2011 WA69
2011 WX112
2011 YK1
2012 AR5
2012 AV20
2012 BZ77
2012 BO126
2012 BV141
2012 BB149
2012 CG8
2012 CH16
2012 CY30
2012 CF54
2012 DJ17
2012 DG62
2012 EM4
2012 FG3
2012 FO17
2012 FW39
2012 FL67
2012 GW4
2012 GX4
2012 GB29
2012 HY11
2012 HP28
2012 HV43
2012 HV57
2012 HC60
2012 HR65
2012 JK20
2012 JM22
2012 JG24
2012 JK24
2012 JG39
2012 PQ14
2012 PR25
2012 QX7
2012 QJ16
2012 QK36
2012 QE52
2012 RE32
2012 RC42
2012 SV57
2012 SQ58
2012 TS41
2012 TF42
2012 TC100
2012 TH108
2012 TY116
2012 TB125
2012 TQ125
2012 TE126
2012 TN130
2012 TT171
2012 TB282
2012 TD296
2012 UY20
2012 UD30
2012 UA31
2012 UO43
2012 UG58
2012 UC59
2012 UR132
2012 UF135
2012 UL168
2012 VR9
2012 VB11
2012 VN18
2012 VW57
2012 VU97
2012 VA101
2012 VX112
2012 XD1
2012 XD11
2012 XZ12
2012 XA51
2012 XC53
2012 XK62
2012 XR84
2012 XE106
2012 XD124
2012 XT151
2013 AP22
2013 AC72
2013 AS93
2013 AS123
2013 AA129
2013 AA132
2013 AE143
2013 AS163
2013 AX165
2013 BZ20
2013 BK23
2013 CS19
2013 CH21
2013 CK50
2013 CN65
2013 CY101
2013 CX131
2013 CP149
2013 CG193
2013 DN11
2013 DX12
2013 EL1
2013 EN29
2013 EJ30
2013 EF45
2013 EY79
2013 FC7
2013 FY8
2013 FW9
2013 FG15
2013 GS
2013 GP54
2013 GB73
2013 GW85
2013 GR89
2013 GY113
2013 GD128
2013 GR129
2013 HE4
2013 HZ102
2013 JB22
2013 JF41
2013 JK43
2013 JM52
2013 KO
2013 LE15
2013 LC16
2013 LR32
2013 MP9
2013 PR13
2013 PJ16
2013 PX26
2013 PX42
2013 QP15
2013 QZ33
2013 QE57
2013 QH65
2013 QD68
2013 QK95
2013 RA4
2013 RR10
2013 RE22
2013 RL26
2013 RB47
2013 RP60
2013 RT71
2013 RG83
2013 SB22
2013 SH42
2013 SA46
2013 SR51
2013 SV66
2013 SW76
2013 TK8
2013 TR39
2013 TE43
2013 TN62
2013 TK81
2013 TR83
2013 TC93
2013 TT110
2013 TK129
2013 UB6
2013 VS3
2013 VB15
2013 WW29
2013 WT47
2013 WH63
2013 WW68
2013 WD74
2013 WC89
2013 XO9
2013 XO11
2013 YU24
2013 YA31
2013 YK75
2013 YM95
2013 YQ95
2013 YY99
2013 YF104
2013 YH117
2013 YK117
2013 YB124
2013 YO125
2014 AW19
2014 AN42
2014 BR12
2014 BT12
2014 BC34
2014 BN36
2014 CB19
2014 CC22
2014 DX5
2014 DW6
2014 DQ18
2014 DR65
2014 DH66
2014 DN109
2014 DF119
2014 DP119
2014 DV120
2014 EH2
2014 EN23
2014 EJ27
2014 FN36
2014 FC50
2014 FK50
2014 GF38
2014 GE49
2014 HM7
2014 HL100
2014 HG169
2014 HW171
2014 HL175
2014 HC179
2014 JL6
2014 JJ12
2014 JV22
2014 JN24
2014 JB27
2014 JL58
2014 JA59
2014 JJ60
2014 JL63
2014 JM65
2014 JZ68
2014 KM11
2014 KS51
2014 KZ52
2014 KS77
2014 KS83
2014 KH94
2014 LA1
2014 LQ11
2014 LL27
2014 MF
2014 MW6
2014 MF22
2014 MN24
2014 MY32
2014 MX47
2014 MQ59
2014 MM67
2014 NR16
2014 NG21
2014 NO33
2014 ND46
2014 NE60
2014 NF60
2014 OS36
2014 OA47
2014 OP52
2014 OW53
2014 OY62
2014 OF64
2014 OD78
2014 ON79
2014 OC90
2014 OX390
2014 OK156
2014 OV156
2014 OP166
2014 OG181
2014 OR187
2014 OA191
2014 OF211
2014 OF294
2014 OE329
2014 OM358
2014 PG17
2014 PL31
2014 PG33
2014 PZ37
2014 PQ42
2014 PS42
2014 QX31
2014 QF38
2014 QN42
2014 QL100
2014 QQ113
2014 QD144
2014 QY414
2014 QX188
2014 QG205
2014 QM207
2014 QQ207
2014 QA268
2014 QE277
2014 QN290
2014 QF307
2014 QZ322
2014 QO324
2014 QE337
2014 QK337
2014 QX337
2014 RR15
2014 RU22
2014 RF23
2014 RN23
2014 RZ23
2014 SC126
2014 SG153
2014 SS163
2014 SF185
2014 SX246
2014 SP288
2014 TE5
2014 TW42
2014 TB47
2014 TN74
2014 UB10
2014 UN28
2014 UD41
2014 UE53
2014 UY61
2014 UJ74
2014 UQ106
2014 UQ133
2014 UF149
2014 UM156
2014 UK187
2014 UA195
2014 UC209
2014 VJ5
2014 VQ10
2014 WX7
2014 WP19
2014 WB23
2014 WA31
2014 WY59
2014 WJ141
2014 WJ416
2014 WQ424
2014 WV164
2014 WP429
2014 WJ450
2014 WC459
2014 WF207
2014 WG211
2014 WP222
2014 WL231
2014 WB319
2014 WM340
2014 XY3
2014 XB39
2014 YN32
2015 AK74
2015 AZ161
2015 AE254
2015 AH264
2015 BA22
2015 BN67
2015 BW87
2015 BX89
2015 BP422
2015 BS477
2015 BW226
2015 BQ249
2015 BQ299
2015 BW300
2015 CY16
2015 CK43
2015 DW96
2015 DB113
2015 DB159
2015 DN218
2015 EE4
2015 EH15
2015 EZ49
2015 EY64
2015 FX64
2015 FZ75
2015 FX93
2015 FS96
2015 FK212
2015 FB286
2015 FU302
2015 FF321
2015 FG335
2015 FG339
2015 GC3
2015 GG39
2015 HL2
2015 HP75
2015 HA82
2015 HU106
2015 JZ2
2015 KV7
2015 KV31
2015 KV36
2015 KC37
2015 KS39
2015 KC47
2015 KW51
2015 KE160
2015 LN3
2015 LH12
2015 LC34
2015 LM38
2015 MF52
2015 MC76
2015 OH38
1995 SB44
1995 SU44
1996 EO2
1998 SE39
1998 TY14
1998 YV33
1999 EL4
1999 TN70
1999 TA214
1999 TJ300
1999 VZ39
1999 VM128
1999 VM188
2000 SP58
2001 FF182
2001 FO198
2001 FK205
2001 FA207
2001 FP232
2001 FA235
2001 SR147
2001 SE217
2001 TS162
2001 TJ185
2001 YJ12
2001 YP31
2002 BH2
2002 GO3
2002 GV9
2002 GZ26
2002 GL28
2002 NA72
2002 NE79
2002 OP35
2002 PK34
2002 QQ71
2002 QZ95
2002 QP120
2002 QP143
2002 QH154
2002 RR118
2002 RL165
2002 RV193
2002 RP206
2002 RO227
2002 RY270
2002 RB271
2002 RD278
2002 RG288
2002 RZ291
2002 TW6
2002 TX345
2002 UU77
2002 VY2
2003 BA5
2003 BT5
2003 HR52
2003 SV5
2003 SD366
2003 SL368
2003 ST371
2003 SM376
2003 SK427
2003 TL45
2003 UY361
2003 UO403
2003 UH336
2003 UT337
2003 WJ51
2003 YY141
2004 BA82
2004 BY94
2004 BX141
2004 CJ67
2004 DS23
2004 FW79
2004 FK85
2004 FT86
2004 FK102
2004 HV11
2004 LA30
2004 RK127
2004 RY163
2004 RF272
2004 RJ340
2004 TU3
2004 TZ36
2004 TY41
2004 TG83
2004 TD86
2004 TM101
2004 TU101
2004 TJ130
2004 TO148
2004 TV187
2004 TJ215
2004 TJ238
2004 TO320
2004 VC46
2005 AN44
2005 BA30
2005 EV193
2005 FG7
2005 GD48
2005 GO80
2005 GK101
2005 JF50
2005 JB79
2005 JE87
2005 JX98
2005 MF6
2005 QQ64
2005 QQ112
2005 SD15
2005 SH17
2005 SJ18
2005 SF83
2005 SD84
2005 SO99
2005 SH126
2005 SG165
2005 SU184
2005 SY291
2005 TH13
2005 TM47
2005 TT89
2005 TX157
2005 TF162
2005 UE64
2005 UA126
2005 UK392
2005 UM137
2005 UM153
2005 UE416
2005 UK451
2005 UC205
2005 UP232
2005 UO321
2005 VF50
2005 VT50
2005 VU51
2005 VR127
2005 WX47
2005 YM111
2005 YE191
2006 AG12
2006 BX30
2006 BT36
2006 BQ63
2006 BC71
2006 BK87
2006 BU194
2006 CB49
2006 DD139
2006 DS159
2006 ET51
2006 HD21
2006 KR73
2006 ON24
2006 PU4
2006 QN72
2006 RM66
2006 RD88
2006 RY118
2006 SB366
2006 SH106
2006 SW383
2006 SU180
2006 SS187
2006 SY194
2006 SO219
2006 SS220
2006 SD242
2006 SJ308
2006 SO334
2006 SY348
2006 SD359
2006 TD94
2006 TY104
2006 TD113
2006 TC127
2006 UC14
2006 UM21
2006 UU95
2006 UC117
2006 UH118
2006 UG136
2006 UG179
2006 UY199
2006 UM202
2006 UN251
2006 UV264
2006 UM332
2006 VD52
2006 VA79
2006 VV82
2006 VY171
2006 WA77
2007 BO9
2007 BA15
2007 BL29
2007 BH31
2007 BB66
2007 BV83
2007 CD9
2007 DE62
2007 DC68
2007 EY5
2007 EF15
2007 EX85
2007 EX113
2007 HS15
2007 HC81
2007 MO10
2007 PC22
2007 RR34
2007 RG64
2007 RF74
2007 RL88
2007 RX114
2007 RM183
2007 RB292
2007 RZ308
2007 SQ2
2007 TV52
2007 TY80
2007 TQ105
2007 TN392
2007 TU133
2007 TL433
2007 TU439
2007 TX439
2007 TV443
2007 TZ280
2007 TN285
2007 TM312
2007 TA336
2007 UX29
2007 UX67
2007 UY94
2007 VE81
2007 VP159
2007 VN162
2007 YR10
2007 YW66
2008 AQ65
2008 AQ82
2008 AF93
2008 AW112
2008 AD130
2008 AF134
2008 BR1
2008 BR26
2008 CZ58
2008 CV153
2008 CA172
2008 CB213
2008 CN215
2008 DV18
2008 DT37
2008 DJ63
2008 EA22
2008 EW31
2008 EK82
2008 EX146
2008 EG158
2008 EC161
2008 FV39
2008 GW2
2008 GP18
2008 GX26
2008 GH46
2008 GK76
2008 GB92
2008 HR9
2008 JW34
2008 LW6
2008 OQ5
2008 PY5
2008 RA59
2008 SW17
2008 SZ23
2008 SN47
2008 SG86
2008 SY147
2008 SV221
2008 SC263
2008 TD99
2008 TV108
2008 TZ124
2008 UJ10
2008 UD15
2008 UW138
2008 UK190
2008 UG219
2008 US235
2008 UN308
2008 UR320
2008 UH339
2008 UN341
2008 VW28
2008 VZ35
2008 WH102
2008 YV73
2008 YO116
2009 BT32
2009 BM67
2009 BE112
2009 BM114
2009 BO116
2009 BG168
2009 BN177
2009 CD41
2009 CB54
2009 CW60
2009 DQ20
2009 DV23
2009 DR28
2009 DD38
2009 DX104
2009 FN37
2009 FX60
2009 FZ60
2009 FT74
2009 HD1
2009 KR15
2009 OR14
2009 PT6
2009 PO11
2009 QA52
2009 RO1
2009 RK3
2009 RY47
2009 RL55
2009 SQ12
2009 SV71
2009 SS89
2009 SK99
2009 SX118
2009 SA154
2009 SJ226
2009 SE232
2009 SW337
2009 UW25
2009 UZ153
2009 WG15
2009 WX25
2009 WB142
2009 WH142
2009 WC153
2009 WL173
2009 YW5
2010 AP
2010 AS10
2010 AF41
2010 BP110
2010 CN50
2010 CK75
2010 CF97
2010 CN99
2010 DC29
2010 EA31
2010 EY79
2010 FD11
2010 FG29
2010 FS56
2010 FB57
2010 FV85
2010 GB30
2010 GU88
2010 HD59
2010 JV140
2010 LA125
2010 RY25
2010 RA49
2010 RL99
2010 RQ99
2010 RN159
2010 SV7
2010 TO27
2010 TC28
2010 TV59
2010 TY66
2010 TG70
2010 TN89
2010 TZ92
2010 TB121
2010 TO124
2010 UZ29
2010 UF32
2010 UP45
2010 VW56
2010 VP69
2010 VO73
2010 VR106
2010 VB178
2010 VW215
2010 XX82
2011 AH1
2011 AK55
2011 BL15
2011 BH26
2011 BG63
2011 BC65
2011 CT16
2011 CN53
2011 CR74
2011 CM99
2011 CU109
2011 CP114
2011 DR4
2011 DR11
2011 DY13
2011 FZ49
2011 FL120
2011 HK55
2011 HA101
2011 LG9
2011 LH26
2011 OW5
2011 OG29
2011 OB30
2011 QB7
2011 QF26
2011 QS89
2011 QH91
2011 SJ4
2011 SR46
2011 SF49
2011 SZ74
2011 SF84
2011 SE110
2011 SJ186
2011 SB251
2011 SR257
2011 SJ258
2011 SK259
2011 UA20
2011 UB84
2011 UU88
2011 UQ405
2011 UD179
2011 UW180
2011 UN218
2011 UF225
2011 UY273
2011 WX14
2011 WM30
2011 WC34
2011 WS84
2011 WS111
2011 WP133
2011 WR151
2011 WG154
2011 YY7
2011 YR24
2012 BM20
2012 BV57
2012 BO131
2012 CY20
2012 CP42
2012 DR5
2012 DJ32
2012 DB41
2012 DV82
2012 ED11
2012 FJ6
2012 FV51
2012 FX62
2012 GP17
2012 GQ17
2012 HO27
2012 HA29
2012 HG57
2012 HJ59
2012 HY72
2012 JQ58
2012 LJ24
2012 PT
2012 PV11
2012 PX32
2012 QX10
2012 RB12
2012 RF37
2012 SC16
2012 TS4
2012 TE22
2012 TE74
2012 TS81
2012 TV85
2012 TR88
2012 TZ98
2012 TO103
2012 TM127
2012 TF138
2012 TO155
2012 TK166
2012 TA178
2012 TK187
2012 TF205
2012 TV208
2012 TQ216
2012 TP228
2012 TN254
2012 TM266
2012 TH280
2012 TC282
2012 TR290
2012 UX42
2012 UV52
2012 UW54
2012 UM55
2012 UT87
2012 UH109
2012 UV118
2012 US126
2012 UK152
2012 UK162
2012 VS59
2012 VC71
2012 VF84
2012 WG4
2012 WC15
2012 WJ15
2012 XO9
2012 XE15
2012 XT30
2012 XA58
2012 XP81
2012 XB87
2012 XH88
2012 XH141
2013 AE26
2013 AT32
2013 AS35
2013 AT45
2013 AD59
2013 AD73
2013 AU97
2013 AX97
2013 AE123
2013 AS144
2013 AZ145
2013 AH154
2013 AF156
2013 AW161
2013 AL169
2013 AG170
2013 AE172
2013 AL176
2013 AK179
2013 BS22
2013 BJ36
2013 CC14
2013 CW38
2013 CG78
2013 CN102
2013 CB112
2013 CM183
2013 DG14
2013 EO3
2013 EZ5
2013 EE30
2013 EU88
2013 EH120
2013 EY121
2013 FV3
2013 FS7
2013 GC9
2013 GP17
2013 GV84
2013 GR95
2013 GN99
2013 GB118
2013 GN128
2013 HK2
2013 HV29
2013 HZ29
2013 HN46
2013 HM48
2013 HG61
2013 HJ79
2013 HU82
2013 HC83
2013 HJ83
2013 HO91
2013 HR129
2013 HS130
2013 HM131
2013 HE135
2013 HP147
2013 HP149
2013 HA150
2013 JC19
2013 JX45
2013 JG48
2013 LK15
2013 PD22
2013 PF34
2013 PE41
2013 PP59
2013 QU30
2013 QT79
2013 RZ42
2013 RO76
2013 RH94
2013 SG17
2013 SP35
2013 SH65
2013 TL1
2013 TR63
2013 TD90
2013 TV126
2013 TO133
2013 VU14
2013 WD36
2013 WG65
2013 WP65
2013 WG80
2013 XS
2013 YT5
2013 YO7
2013 YT27
2013 YW29
2013 YK98
2014 AP28
2014 AK33
2014 BN13
2014 BO15
2014 BN33
2014 BJ38
2014 BG58
2014 CV13
2014 DE29
2014 DS33
2014 DY33
2014 DP67
2014 DT122
2014 EH5
2014 EO14
2014 FZ59
2014 GL16
2014 GB26
2014 HH25
2014 HL28
2014 HT28
2014 HX33
2014 HO38
2014 HQ44
2014 HA105
2014 HP122
2014 HM133
2014 HB141
2014 HB188
2014 JL37
2014 JA46
2014 JZ53
2014 JX66
2014 JQ72
2014 KE5
2014 KK19
2014 KM26
2014 KB53
2014 KL54
2014 LK1
2014 LM24
2014 MK50
2014 NF16
2014 NV18
2014 OJ33
2014 OK45
2014 OX51
2014 OS65
2014 OW114
2014 OZ376
2014 OM168
2014 OV172
2014 OM177
2014 OL316
2014 OO334
2014 QZ26
2014 QE372
2014 QO117
2014 QX136
2014 QY136
2014 QW140
2014 QV410
2014 QU173
2014 QC229
2014 QT233
2014 QR254
2014 QM264
2014 QX268
2014 QE273
2014 RD25
2014 SN84
2014 SN132
2014 SG200
2014 SY333
2014 SX344
2014 SY344
2014 TV48
2014 TW59
2014 TD73
2014 UV17
2014 UC87
2014 UA95
2014 UO173
2014 UQ203
2014 UY209
2014 VD26
2014 WN21
2014 WQ91
2014 WA95
2014 WS237
2014 WU270
2014 WC342
2014 WY138
2014 WY206
2014 WE485
2014 WX236
2014 WS237
2014 WR263
2014 WU270
2014 WC342
2014 XJ10
2015 AW1
2015 AM18
2015 AC31
2015 AL159
2015 AC160
2015 AL201
2015 AV221
2015 AK233
2015 AR236
2015 BQ14
2015 BB72
2015 BG85
2015 BT90
2015 BF111
2015 BB129
2015 BA152
2015 BP163
2015 BF167
2015 BT431
2015 BJ177
2015 BZ437
2015 BR179
2015 BQ188
2015 BV193
2015 BQ196
2015 BW197
2015 BC214
2015 BK229
2015 BM255
2015 BE266
2015 BW312
2015 CC19
2015 CD52
2015 DE38
2015 DW47
2015 DB51
2015 DO107
2015 DD142
2015 DP159
2015 DR161
2015 DC172
2015 EM22
2015 EP45
2015 FO17
2015 FB43
2015 FQ73
2015 FY93
2015 FB108
2015 FC146
2015 FU161
2015 FO214
2015 FQ296
2015 GF4
2015 GA23
2015 HC64
2015 HL65
2015 HL84
2015 HU98
2015 HR117
2015 HB129
2015 HO140
2015 HB151
2015 KY27
2015 KN29
2015 KJ37
2015 KA46
2015 KM53
2015 KH62
2015 KA65
2015 KM105
2015 KS128
2015 LD27
2015 ML1
2015 ME18
2015 MD52
2015 MV85
2015 MB116
2015 NB9
2015 ND14
2015 NM25
2015 OF19
2015 OU26
2015 OD28
2015 OG47
2015 OD74
2015 PS2
2015 PJ45
2015 PU53
