id
8400
11925
12331
12804
12816
13275
13550
13759
14010
15046
15361
15528
15754
16738
18399
18422
18444
18448
18528
18760
19228
19305
19593
19707
20367
20480
21171
21378
21396
21635
21638
22143
22367
22381
22732
22766
22802
22809
22882
23038
23915
23995
24028
24186
24440
24756
24877
25335
25393
25968
26010
26569
26890
27561
28945
30047
30231
30511
31260
31403
31404
31441
33042
33361
33384
33521
33811
33932
34450
35233
36121
36296
36386
36394
36627
36641
37604
37607
38156
38250
38542
38854
39555
40056
40558
41474
41864
42499
42500
42799
43578
43825
43963
44297
44577
44624
44770
45655
45793
45822
47233
47277
47348
47739
49803
50209
50447
50598
52325
52445
54700
55015
55081
55234
55539
55838
57062
57386
57458
57582
57925
58466
58555
58937
59014
59069
59077
59083
59155
59207
59334
59500
59851
60023
60317
60896
61204
61504
61510
62009
62117
62471
63319
63571
63665
63842
63862
64394
64401
64480
64701
64758
64892
64901
65380
65454
65708
65710
66405
67061
67440
67518
67837
68074
68075
68513
68770
69091
69299
69482
69945
70002
70126
70407
70661
70715
70959
71243
72511
73016
73034
73343
73716
74617
75356
75484
75619
78494
78808
79252
79687
80207
81923
81989
82133
82386
82550
83067
83433
84794
85212
85778
85961
86748
86848
87511
88863
89053
89617
89712
90286
90919
91029
92297
92596
93141
93816
94192
94764
95723
95743
95971
96197
96394
96560
97702
97833
99022
99710
100065
100666
102151
102485
103338
105526
105762
105781
107016
109233
109993
110701
110761
111136
111750
112103
113008
114379
114574
115355
115854
116222
116654
117195
117240
117311
117580
117657
118648
120476
120481
122175
123454
123725
126411
126450
126934
128387
129004
129880
131058
133280
133287
133331
136101
136524
136752
136962
137061
138441
138504
139393
140367
141100
141537
142433
143334
147964
150208
150728
150769
151180
151187
151952
152749
152781
154132
155910
157061
158001
158415
159499
159684
161286
162312
163226
163786
164155
165429
169051
169596
170226
170290
172098
173088
174642
176286
176986
181047
182702
183353
183578
183859
184955
185063
185718
186105
186812
187157
188993
189409
189537
189967
193361
193693
194512
196371
197150
198101
203700
204489
204557
207654
207669
207734
213080
215684
216750
218652
225607
226269
226526
227268
228388
230715
231601
232668
235105
238062
240429
240549
240903
243829
244983
245863
248675
250446
252490
253742
255651
256276
256869
257632
257923
261489
263625
264954
266123
267818
274100
275910
276298
276657
277246
278559
284624
286686
287699
287880
290700
291930
293353
294078
294099
294142
295985
296489
296742
304087
304256
304818
304841
304855
306191
309017
309315
316981
317861
319808
320188
323224
327732
329812
335095
338427
339091
339357
343169
347493
350066
362144
363450
371152
374779
385390
386835
392494
393400
396495
402907
402986
407204
408754
409211
411612
412263
413285
415031
422338
423450
423509
438091
438114
2004 XR47
2005 NN69
2005 UY484
2006 SH80
2006 SN342
2006 SN342
2007 TZ12
2007 TA130
2008 YN150
2009 SM215
2009 UU34
2010 RA170
2011 SQ195
2012 TP11
2013 FJ16
2014 BT59
2014 KH90
2014 WM270