id
7590
8383
8677
8896
9071
9403
10633
11078
11581
11669
11926
12101
12602
13111
13210
13218
13567
13578
13624
14438
14450
14900
15372
15510
15885
16138
16218
16563
17674
17678
17680
17689
17693
17837
17904
18388
18400
18692
18921
18944
20025
20079
20220
20510
20675
20788
20874
21099
21197
21350
21453
22122
22697
22775
22875
23098
23168
23195
23210
24065
24146
24338
24378
24421
25191
25294
25471
25561
26560
26846
27073
27442
27492
28178
28737
28893
29673
29992
30286
30305
30316
30880
31092
31384
31395
31507
31643
31883
31976
32268
32278
32311
32557
32586
32593
32843
32905
32988
32992
33109
33793
33805
34019
34383
34552
34750
35110
35437
35767
36453
36581
37372
37597
37768
37836
38115
38127
38464
39701
40440
40594
40642
40754
40820
40938
41699
41777
41791
41810
42564
43189
43471
43546
44387
44745
45227
45429
45797
45819
46036
46068
46216
46355
46391
47269
47384
47582
47879
48487
48903
49274
49696
49719
49924
50072
50324
50545
50575
50671
50705
51048
52061
53442
53710
53773
53831
55057
55161
55771
57035
57166
57187
57372
57825
57885
58193
58202
58640
58724
58741
58744
58876
58922
59068
59156
59361
59495
59532
59605
59935
60050
60071
60129
60235
60353
60630
60759
61326
61644
61646
62078
62207
62668
63378
63452
63716
63754
63928
64077
64256
64285
64427
65393
66777
67580
68761
69306
69630
70184
70207
70754
70881
71206
71463
71510
71558
71663
71776
71818
71906
72475
72587
72602
72746
73077
73517
73970
74013
74417
74684
74969
76298
76820
76877
77024
77089
77116
77187
77213
77371
78943
79190
80342
81166
82263
82925
83644
83743
85206
85464
86895
87473
89104
89206
89414
89659
89962
90229
90264
90840
91431
91437
91640
93463
93522
93541
94008
94438
94696
94968
95058
95226
95287
95611
96357
96618
96826
97385
97741
98639
99438
99455
99485
99592
99847
100061
100063
100722
100851
102480
104690
104894
106250
106474
107308
107708
109915
110498
110617
111728
111786
111921
112384
112966
113049
113215
113288
113664
113789
114560
115252
115270
115366
115652
115693
116162
116163
116198
116368
118176
118192
118477
118495
119855
119872
119998
120235
121882
123098
123227
123940
124384
125952
126022
126092
126589
126603
126633
126996
127417
128392
128429
129156
130277
131099
131404
131595
131926
132229
132739
134742
134786
135469
135492
135517
136656
137652
138195
138983
139646
139908
139928
141026
141304
141319
142186
142611
143486
143964
144747
145113
146751
150078
151228
151760
152279
153952
154119
154569
156821
156894
157354
159328
160443
160504
161129
162419
163109
163523
166034
166067
166716
167028
167616
169549
169644
169830
171108
171175
172592
173504
175924
177136
177274
177280
177369
179654
179702
180115
181064
181244
181661
182038
183557
183737
184328
184567
188100
188353
189307
190401
190557
190683
190901
195180
197104
198446
198583
198661
199518
199669
199953
200684
201277
203284
204259
206141
207703
207928
208651
209022
209657
211647
212757
214891
216686
218093
218698
219004
219212
220031
221069
221229
223320
223403
224556
225931
226534
226600
226635
228300
230222
231337
233488
234837
234977
235975
236042
236161
237136
237161
239486
240088
240602
245707
248773
250684
251250
252508
253852
255951
256325
258408
259713
260647
262919
263921
265669
266145
267499
267924
268654
268778
271245
271455
271501
273929
277060
277747
280976
281141
284438
288489
288601
289430
291045
291160
293018
294189
295967
296752
299073
302148
305938
306125
308136
312827
315464
316049
316115
317107
317173
319269
321032
322285
324086
328636
331450
332383
332782
338561
341564
344056
347096
351323
355908
356709
356859
358036
358228
359308
360592
369766
373430
376655
378952
381238
382066
384523
393297
404805
406807
407879
409721
416718
420272
421178
2008 RE97
2008 US106
2009 SC299
2010 XL9
2011 QS37