id
37
66
232
449
682
817
1050
1179
1196
1230
1284
1329
1346
1450
2308
2537
2743
2786
2869
3161
3197
3280
3487
3662
3714
3894
4253
4275
4288
4358
4399
4540
4911
4943
5048
5152
5276
5464
5514
5694
5703
5793
5799
5813
5851
6010
6028
6076
6162
6201
6281
6356
6650
6652
6729
6835
6838
6926
6978
7021
7145
7175
7249
7250
7261
7310
7353
7530
7874
7875
7963
8040
8199
8313
8397
8461
8480
9020
9021
9133
9333
9334
9533
9708
9809
9853
9967
9973
9994
10026
10062
10141
10594
10668
10830
11045
11077
11233
11250
11323
11445
11680
11787
11881
11884
12028
12268
12269
12272
12423
12656
12702
12794
12855
12870
13018
13019
13284
13300
13359
13390
13392
13517
13520
13579
13613
13760
13836
13980
14160
14212
14339
14497
14577
14665
14695
14706
14721
14937
15007
15166
15208
15404
15445
15486
15829
15936
16198
16275
16308
16532
16678
16750
16773
16783
16888
16943
16961
17009
17016
17127
17479
17482
17514
17520
17649
17753
17929
18023
18147
18333
18370
18375
18616
18638
18654
18666
19490
19700
19735
19831
20045
20114
20173
20189
20356
20478
20485
20498
20757
20777
20840
21044
21120
21315
21521
21817
21831
22098
22125
22258
22277
22304
22345
23057
23104
23290
23561
23605
23674
23688
23691
23765
23786
23895
24033
24184
24241
24262
24274
24306
24406
24577
24589
24646
24696
24853
24926
24999
25052
25133
25282
25496
25589
25728
25830
25889
25915
25988
25998
26257
26418
26527
26627
26703
26909
26926
26967
26996
27128
27214
27505
27583
27971
27972
27986
28157
28404
28433
28977
28998
29057
29076
29133
29167
29200
29480
29506
29782
30189
30266
30275
30436
30602
30609
30734
30794
30881
30933
31043
31074
31128
31283
31458
31493
31524
31570
31640
31779
31855
32020
32047
32138
32419
32561
32818
32850
33148
33215
33275
33398
33484
33583
33872
33992
34034
34041
34173
34407
34658
34873
35015
35027
35451
35505
35558
35596
35636
35815
35829
35837
35939
35959
35977
36304
36397
36400
36510
36582
36907
37122
37267
37275
37317
37405
37827
37911
37952
37979
37990
38117
38208
38226
38260
38451
38796
38859
39016
39198
39220
39283
39323
39723
39748
39759
40006
40009
40161
40429
40535
40633
40649
40737
40752
40844
40854
41043
41156
41212
41500
41531
41580
41950
41959
41995
42099
42165
42235
42246
42248
42538
42860
43123
43131
43259
43345
43466
43576
43595
43598
43971
44213
44239
44258
44273
44306
44453
44803
45124
45131
45165
45217
45263
45325
45330
45379
45465
45467
45506
45705
46026
46051
46057
46173
46334
46341
46372
46400
46441
46456
46486
46551
46849
46930
46934
46957
47006
47881
48365
48429
48537
48768
48947
49109
49128
49244
49247
49252
49378
49486
49965
50079
50291
50622
50690
50776
51023
51027
51053
51161
51201
51206
51219
51588
51617
51624
51677
51817
51820
51856
51992
52087
52117
52185
52196
52201
52272
52397
52456
53140
53156
53528
53605
53624
53735
53851
53867
54029
54201
54413
54458
54482
54589
54737
54759
54763
54790
54931
55147
55473
55673
55840
55848
55883
56115
56117
56132
56293
56703
56735
56799
56858
56896
57054
57096
57164
57251
57257
57267
57335
57404
57517
57519
57551
57717
57792
57867
57897
58102
58670
58681
58894
59286
59341
59429
59445
59545
59567
59646
59647
59653
59672
59697
59726
59731
60045
60363
60530
60594
60654
60986
61275
61388
61606
62291
62448
62577
62592
62598
62667
62683
62706
62792
62855
62897
63126
63318
63388
63450
63614
63632
63717
63843
63844
64084
64216
64784
64805
65241
65411
65555
65655
65875
65981
66311
66413
66446
66448
66450
66461
66585
66660
66780
66837
66868
66996
67053
67058
67096
67153
67206
67273
67329
67848
68166
68201
68258
68412
68626
68640
68691
68775
68817
69017
69028
69245
69281
69283
69367
69497
69529
69548
69680
69685
69730
69746
69785
69890
70209
70219
70470
70541
70548
70589
70640
70651
70797
70805
70812
70813
70877
70883
70898
70946
71208
71292
71336
71371
71654
72004
72562
72683
72777
72786
73129
73206
73219
73260
73283
73335
73406
73547
73606
73720
74163
74175
74192
74199
74210
74230
74335
74502
74752
75018
75126
75177
75453
75492
75600
75770
75774
75861
75864
75901
75907
75957
76094
76116
76333
76415
76426
76565
76566
76744
77177
77185
77201
77218
77395
77412
77459
77501
77580
78054
78057
78329
78343
78678
78702
78764
78850
79643
79656
79659
79697
79768
79849
79862
79870
79935
79940
79997
80574
80960
80979
81016
81042
81055
81062
81078
81080
81165
81180
81193
81220
81308
81313
81403
81444
81484
81568
81617
81658
81663
81700
81710
81854
82383
82545
82607
82609
82891
82904
82955
82968
82977
83200
83462
83927
84017
84062
84242
84296
84507
84511
84527
84560
84573
84694
84818
85045
85079
85126
85149
85171
85200
85316
85553
85710
85750
85801
85854
85911
85941
86012
86029
86042
87064
87103
87111
87175
87181
87294
87315
87338
87345
87366
87403
87451
87453
87471
87500
87570
87584
87586
87669
87817
87853
87895
87914
87925
87988
88181
88477
88484
88636
88884
89224
89282
89308
89380
89459
89461
89521
89574
89882
90043
90056
90098
90146
90311
90388
90559
90623
90703
90779
90887
90888
90998
91005
91021
91047
91386
91394
91412
91505
92611
92737
92889
92931
92983
93017
93056
93151
93186
93192
93262
93307
93326
93367
93404
93488
93518
93523
93533
93534
93625
93638
93643
93924
93965
93988
94024
94084
94182
95225
95407
95464
95474
95577
95771
95825
95841
95856
95941
95963
96198
96263
96318
96494
96741
96748
96786
96845
96846
96854
96965
96997
97014
97023
97033
97115
97144
97221
97255
97407
98280
98442
98517
98623
98634
98648
98746
98804
98858
98887
98902
98945
98979
98990
98998
99104
99283
99492
99521
99653
99828
100062
100163
100267
100271
100292
100664
100680
100693
100753
101019
101131
101189
101218
101290
101357
101425
101503
101567
101641
101677
101706
101726
101766
101842
101958
102250
102326
102414
102481
102507
102651
102749
102858
102957
103022
103050
103079
103093
103143
103190
103193
103195
103249
103370
103379
103394
103469
103807
103993
104381
104398
104814
104930
104937
105062
105065
105197
105264
105471
105482
105966
106630
107068
107370
107522
107624
107657
107825
107944
107959
108027
108081
108134
108151
108157
108199
108310
108375
108444
108485
108496
108562
108616
108804
108878
108894
109031
109232
109234
109324
109361
109474
109476
109518
109571
109630
109675
109717
109828
109933
109937
109944
109992
110038
110074
110142
110225
110303
110327
110402
110413
110461
110526
110591
110640
110791
110912
111054
111123
111186
111456
112272
112381
112589
112624
112833
112894
112981
113030
113064
113072
113087
113148
113570
113719
113769
113844
113923
113956
113988
114068
114231
114283
114597
114607
114961
115190
115296
115320
115734
115789
115932
115937
116121
116129
116171
116179
116191
116339
116372
116381
116626
116684
116767
116837
116942
117220
117461
117720
117977
118201
118251
118373
118679
118708
119271
119313
119394
119398
119552
119564
119576
119631
119719
119907
120088
120236
120312
120673
120759
120764
120766
120773
120783
120799
120837
120845
121066
121288
121787
122206
122210
122292
122300
122348
122415
122454
122466
122471
122539
122663
122702
122820
122844
122851
122900
122942
123013
123026
123102
123283
123340
123383
123399
123455
123496
123513
123568
123586
123778
124588
125194
125397
125498
125516
125602
125868
125978
126141
126200
126225
126453
126496
126620
126688
126750
126755
126778
126889
126910
126956
127023
127055
127241
127583
127720
127860
128064
128154
128272
128401
128405
128441
128597
128691
128747
128860
129021
129440
129630
129647
129889
129901
129916
129936
129948
129964
129972
130087
130140
130563
130814
130864
130937
131030
131204
131319
132497
132542
132589
132594
132611
132615
132641
132647
132745
132783
132815
133261
133619
133667
133744
133820
133892
133948
134399
134715
135341
135413
135668
135724
135748
135765
135790
135796
135798
135809
135852
135891
135936
135974
135982
136334
136345
136376
136467
137028
137039
137051
138079
138212
138303
138364
138395
138470
138490
138493
139151
139263
139326
139346
139350
139373
139424
139554
139584
139606
139683
139906
140170
141315
142031
142111
142136
142307
142389
142422
142454
142459
142477
142509
142643
142702
142746
142833
142925
143063
143111
143141
143349
143917
144101
144173
144216
144315
144381
144492
144503
144531
144765
144795
145082
145120
145180
145212
145275
145299
145332
145338
145531
145613
145647
145685
145700
146061
146315
146385
146402
146405
146614
146624
146720
147175
147237
147255
147266
147273
147284
147306
147317
147337
147570
147614
147670
147763
148010
148012
148072
148284
148290
148304
148485
148552
148608
148665
148673
148725
148726
148769
148787
148884
148894
149329
149389
149452
149469
149529
149736
149890
149892
149927
149935
149962
149991
150235
150519
150545
150549
150736
150794
150854
150883
150895
150917
150924
150949
150972
150999
151018
151023
151049
151071
151111
151775
151814
151826
151861
152204
152441
152590
152652
152758
153053
153165
153208
153482
153512
153631
153640
153673
153688
153717
153780
153834
153835
153860
153894
153916
154484
154495
154506
154560
154574
154576
154725
154814
154828
155004
155017
155020
155278
155306
155505
155721
155752
155778
155787
155803
155820
156054
156196
156205
156235
156261
156297
156317
156341
156355
156432
156462
156858
156872
156929
156941
156957
156966
156986
157487
157526
157529
157642
157682
157799
157803
158097
158360
158397
158400
158413
158432
158697
158707
159095
159224
159375
159475
159630
159784
159948
160064
160201
160205
160311
160336
160413
160588
160640
160844
161010
161042
161193
161279
161305
161341
161344
161453
161721
161750
161965
162012
162030
162123
162130
162225
162248
162290
162297
162334
162337
163231
163280
163299
163319
163829
163847
163862
163918
163939
164006
164139
164352
164853
164885
164887
164922
164934
164961
164991
165019
165486
165587
166252
166298
166315
166372
166377
166384
167121
167152
167261
167277
167340
167402
167415
167416
167963
168093
168137
168202
168226
168234
168416
168422
168491
168514
168547
168618
168680
169036
169630
169669
169711
169737
169744
169859
169909
170071
170362
170465
170517
170589
170606
170664
171154
171342
171344
171402
171444
172168
172197
172200
172203
172249
172587
172611
172727
172930
173393
173420
173706
174134
174294
174335
174344
174398
174449
174871
174902
174911
174917
174954
175186
175233
175279
175532
175565
175658
175954
176225
176768
176790
176816
176830
176832
176843
176845
176928
176955
177263
177988
177999
178181
178301
178607
178623
178884
178896
178903
178919
178978
179126
179155
179182
179721
179830
179831
179833
179861
179917
179967
179971
179983
180019
180051
180297
180301
180304
180554
180569
180674
180709
180718
181261
181372
181409
181424
181864
182107
182311
182375
182393
182418
182549
182642
182663
183124
183344
183373
183468
183630
183668
184039
184064
184108
184117
184131
184149
184155
184164
184798
185367
185626
186026
186202
186545
186570
186850
186884
186905
187153
187208
187212
187291
187298
187323
187363
187453
187572
187579
188289
188791
188910
189305
189364
189559
189577
189608
190029
190034
190319
190544
190552
190569
190583
190591
190597
190598
190628
190633
190637
190648
190649
191308
191317
191320
191701
191709
191718
191791
191797
192283
192636
192638
192660
192729
193366
193410
193420
193496
193524
193532
193637
193684
194950
195086
195213
195220
195233
195368
195398
195405
195416
195478
195587
195610
196375
196424
196484
196490
196534
198023
198145
198149
198184
198195
198280
198338
198346
198395
198418
198422
198591
199318
199484
199823
199863
199906
199922
199927
199973
200104
200209
200517
201106
201549
202201
202334
202874
202882
202977
203150
203192
203232
203658
203662
203917
203959
203981
203987
203991
204022
204101
204323
204464
204487
204990
205355
205409
205410
205432
205976
206397
206410
206449
206484
206499
206558
206573
206604
207095
207152
207170
207190
207283
207344
207514
207535
207678
208013
208076
208085
208089
208288
208304
209075
209093
209168
209173
209213
209271
209642
209688
209695
209720
209749
209772
209861
210202
210412
210439
210513
210596
211221
211250
211281
211304
211354
211426
211596
211659
211665
211676
211693
211705
212061
212141
212157
212186
212207
212267
212268
212633
212832
212857
212912
212913
213117
213670
213723
213748
213927
213940
213961
214058
214296
214316
214325
214353
214365
214385
214859
215008
215161
215169
215175
215240
215264
215268
215279
215488
215490
215500
215501
215514
215765
215926
216051
216208
216217
216233
216245
216294
216343
216455
216460
216497
216503
216667
216677
216741
216865
217043
217058
217083
217087
217097
217098
217099
217100
217418
217568
217625
217846
217869
217881
217912
217916
217918
217963
218008
218024
218043
219343
219552
219577
219649
219655
219674
219675
219692
219771
220295
220581
221064
221065
221200
221277
221334
221596
221783
221999
222535
222567
222592
222635
222669
222670
222699
222721
223179
223262
223292
223632
223639
223646
223650
224198
224241
224285
224305
224314
224328
224347
224357
224359
224366
224389
224396
224441
224476
224490
224493
224502
224528
224537
224551
224565
225035
225104
225154
225278
225293
225506
225508
225560
225706
225798
225812
225834
225845
225847
225875
225880
225881
225927
225967
225970
226330
226697
226703
226807
227359
227477
227810
227873
227923
228042
228622
228629
228631
228869
229510
229606
229686
229957
230330
230351
230608
230854
230904
230910
231173
231266
231276
231526
231588
231694
231738
231903
232196
232200
232218
232221
232758
232818
232877
232924
233175
233216
233294
233299
233309
233330
233429
233631
233715
233877
234010
234017
234073
234085
234196
234275
234280
234316
234319
234597
234620
234651
234730
234771
235111
235132
235160
235176
235181
235199
235248
235352
235823
235838
236331
236342
236407
236492
236523
236535
236592
236760
236851
237070
237118
237279
237333
237901
237929
238313
238535
238553
238554
238673
238995
239035
239055
239077
239131
239167
239334
239649
239819
239853
239941
240162
240361
240438
240439
240607
240644
240646
240671
240700
240997
241105
241284
241565
241567
241638
241967
241993
242040
242194
242285
242286
242504
242853
242905
242944
242976
243560
243589
243598
243629
243869
243909
243916
244378
244414
244749
244804
244807
244842
244862
244874
244881
244938
245250
245274
245285
245308
245376
245392
245808
246051
246331
246899
246907
247038
247213
247410
247492
247526
247539
247603
247652
247666
247749
247790
248011
248134
248517
248615
248688
248717
248834
248930
249130
249187
249834
249839
250148
250219
250235
250468
250629
250646
250656
251039
251060
251071
251120
251248
251259
251269
251314
251458
251601
252237
252301
252340
253166
253180
253197
253208
253215
253267
253302
253944
253958
254641
254735
255770
255784
255793
255874
255965
255977
256037
256156
256161
256233
256344
256407
256434
256756
256848
256870
257167
257232
257322
257334
257335
257344
257549
257818
258052
258058
258060
258100
258120
258133
258139
258149
258218
258261
258284
258297
258354
258384
258979
259012
259077
259188
259190
259230
259260
259261
259334
259354
260080
260091
260095
260715
260731
260797
260817
260848
260871
260924
261116
261405
262137
262272
262302
262487
262495
262735
262772
262773
262785
262794
262818
262821
262841
262849
262984
263252
263259
263721
263789
264256
264304
264309
264427
264503
264523
264579
264584
264594
264607
264624
264673
264856
264977
264985
265319
265690
265765
266096
266226
266300
266303
266306
266317
266374
266536
266711
266887
267192
267349
267351
267353
267392
267411
267430
267446
268047
268147
268363
268369
268407
268424
268432
268441
268511
268932
268938
268940
268962
268963
268972
268976
268993
269047
269116
269659
269691
269781
269960
269983
270293
270300
270335
270360
270376
270383
270395
270406
270423
270430
270444
270452
270459
270507
270509
271003
271064
271072
271604
271659
271681
271710
272462
272473
272573
272614
272672
272699
273640
273704
273795
273880
273916
273956
273982
274502
274762
274893
275112
275122
275181
275192
275199
275248
275296
275491
275695
275935
275941
276002
276038
276063
276087
276090
276417
276435
276456
277267
277499
277540
277568
277622
277962
278001
278240
278267
278268
278328
278346
278351
278514
278539
278652
278690
278793
278805
278914
278987
279012
279063
279163
279477
279604
279765
280099
280896
280935
280959
280966
281604
281624
281639
281686
281699
281701
281715
281771
281794
281941
282034
282040
282058
282131
282349
282374
282381
282382
282413
282818
282826
282831
282893
282952
282986
283177
283269
283344
283798
283830
283840
283864
283882
284064
284263
284288
284437
284441
284489
284575
285083
285092
285262
285333
285436
285630
285743
285836
285882
285889
285959
286157
286535
286588
286812
286820
286831
286877
286968
286994
287149
287163
287458
287486
287770
287851
287865
288034
288092
288130
288154
288178
288269
288352
288602
288611
288663
289220
289307
289445
289487
289525
289773
289807
289849
289897
290592
290610
291011
291215
291269
291525
291815
291845
291862
291874
291894
292000
292008
292081
292186
292187
292255
292490
292694
292749
293177
293209
293281
293295
293327
293349
293435
293457
293827
293915
293924
294046
294251
294280
294453
294699
294940
295006
295290
295311
295409
295462
295469
295704
295864
296766
296944
296983
296984
297083
297133
297273
297279
297347
297363
297977
297991
297995
298000
298004
298034
298402
298437
298511
298547
298548
298550
298565
298569
298611
298616
299163
299584
299591
299603
299619
299656
300351
300400
300451
300509
300511
300512
300516
300519
300529
300587
300639
300650
300725
300756
300763
300771
301020
301397
301465
301533
301671
301700
301717
301758
301787
301823
301825
301829
301943
301951
301956
302539
302552
302585
302605
302615
302641
302704
302964
303112
303589
303639
304127
304142
304179
305010
305058
305100
305107
305121
305127
305135
305139
305170
305179
305180
305191
305208
305221
305326
305697
305727
306014
306370
306569
306752
306808
306856
306997
307212
307271
307302
307329
307332
307333
307366
307374
307649
307656
307724
307743
307785
307915
307927
307956
309196
309481
309568
309614
309892
310160
310227
310258
310392
310719
310767
310799
310966
311037
311064
311299
311328
311640
311642
311669
312097
312231
312273
312284
312884
313027
313404
313439
313447
313461
313473
313479
313482
313489
313492
313502
313509
313810
313869
314204
314733
314764
314771
314849
314906
314919
315571
315592
315601
315638
315652
315700
315793
316095
316597
316715
316840
316997
317027
317082
317206
317228
317452
317817
317995
318105
318127
318665
318785
318798
318808
319528
319585
319634
319641
319651
319655
319711
319754
319864
320255
320441
320676
320703
320777
320807
320816
320836
320986
321109
321142
321211
321352
321394
321537
321770
321890
321891
322438
322573
322812
322813
322844
322855
322884
323103
323117
323123
323144
323430
323440
323494
323781
323845
324421
324429
324437
324438
324447
324498
324510
324558
324567
324646
325011
325195
325201
325252
325451
325616
325836
325887
325889
326346
326418
326419
326463
326714
327257
327308
327337
327381
327390
327450
327807
327868
327956
328289
328556
328633
328673
328730
328905
328922
329367
329601
329966
330016
330734
330970
330993
331110
331158
331205
331324
331536
331608
331620
331773
331902
331903
331910
331946
331955
332067
332253
332757
333051
333079
333223
333277
333470
333482
333645
333655
333982
334220
334264
334302
334431
334451
335055
335072
335088
335092
335110
335133
335136
335744
335765
335768
336142
336152
336161
336171
336240
336256
336270
336279
336295
336358
336800
337021
337142
337147
337158
337277
337320
337341
338008
338016
338517
338607
339116
339159
339174
339177
339185
339213
339290
339305
339350
340313
340406
341106
341121
341133
342106
342157
342158
342167
342209
342235
342260
342267
342294
342308
342332
342348
342385
342390
342466
342486
342490
342514
342567
342586
342704
342737
342743
342813
343275
343461
343599
343703
343747
343898
343909
343938
343974
344053
344105
344169
344447
344632
344689
344695
344703
344933
344951
344984
344988
345016
345477
345795
345834
345854
345865
346395
346440
346470
346561
346582
346588
346590
346612
346620
347200
347278
347280
347373
347579
347809
348006
348008
348024
348025
348353
348377
348394
348414
348794
349006
349037
349137
349153
349171
349660
349666
349701
349731
349732
349788
349796
349827
349841
349845
350237
350260
350343
350498
350875
350889
351011
351020
351038
351042
351076
351118
351361
351406
351409
351811
352174
352198
352207
352219
352254
352260
352286
352293
352337
352840
352870
352979
352986
352997
353021
353024
353092
353411
353681
353880
353916
353920
353961
354253
354254
354255
354274
354400
354405
354429
354431
354656
354991
355324
355326
355391
355441
356005
356057
356066
356077
356117
356130
356154
356527
356543
357019
357271
357437
357442
357604
357664
357686
358213
358536
359248
359309
359486
359653
359702
359823
360036
360236
360300
360457
360621
360782
360800
361203
361247
361419
361631
361647
361674
361693
361694
361698
361731
362211
362223
362242
362393
362400
362738
362740
363195
363339
363575
363586
363835
363846
364341
364343
364381
364419
364442
365464
365541
365577
365656
365685
366155
366335
366337
366382
366390
366607
366738
366875
367340
367517
367564
367761
367777
368218
368241
368570
368686
368704
368745
368755
368805
369098
369102
369342
369512
369542
369714
369911
370044
370051
370143
370146
370153
370155
370174
370175
370198
370471
370699
370946
370949
370956
371063
371077
371119
371134
371148
371154
371635
371702
371720
371993
372407
372427
372504
372505
372548
372594
372614
372756
373043
373130
373239
373259
373266
373307
373387
373470
373589
373840
374304
374401
374486
374525
374534
375786
375810
375828
375833
375857
375858
375914
375985
376194
376361
376403
376429
376440
376452
376453
376499
376545
376790
376798
376897
376904
376913
376920
376941
376945
376947
377333
377351
377353
377381
377400
377414
377736
377742
377776
377802
377832
378234
378265
378336
379354
379783
379921
380021
380070
380087
380164
380263
380592
380594
380598
380792
380806
380823
380875
381127
381159
381414
381459
381797
381884
382102
382339
382408
382569
382584
382889
382965
383202
383213
383255
383265
383295
383304
383851
383927
384028
384412
384505
385132
385246
385335
385461
385541
385586
385587
385769
385825
386301
386329
386338
386351
386821
386898
387022
387095
387549
387749
387904
388207
388589
388953
388956
389062
389528
389545
389657
389882
389912
390079
390112
390394
390433
390743
390769
391197
391223
391235
391236
391502
391561
391578
391621
391630
391775
391809
391909
392335
392370
392382
392406
392603
392726
392762
392935
393065
393373
393496
393522
393583
393602
393725
393749
393751
394144
394456
394465
394497
394558
394595
394626
394883
394980
395150
395219
395670
395753
395843
395846
395867
396223
396255
396362
396522
396659
396668
396687
396752
396915
396939
397292
397495
397567
397648
397936
397995
398181
398506
399098
399267
399479
399482
399485
399606
399750
400028
400053
400096
400105
400118
400561
400619
400883
400890
400894
401096
401153
401229
401593
402586
402592
402597
402626
402636
402643
402656
403557
403610
403626
403664
403676
403784
403909
404406
404668
404694
404778
404861
404907
405049
405145
405149
405174
405188
405393
405529
406041
406050
406062
406078
406108
406114
406125
406152
406214
406514
406588
406590
406604
406675
406684
407312
407314
407386
407389
407408
407465
407512
407549
407560
407748
407900
408219
408226
408244
408443
408633
408842
408878
408988
409014
409017
409248
409438
409575
409843
409939
409953
409962
409972
410019
410033
410040
410077
410407
410447
410453
411234
411252
411336
411356
411367
411447
411455
411456
411458
411750
412103
412300
412360
412415
412420
412443
412494
412502
412602
413059
413074
413082
413092
413099
413491
413502
413504
413519
413521
413929
413930
414811
414838
414863
415602
415821
416035
416238
416245
416586
416841
416914
416937
416955
416967
416998
417540
417666
417672
417695
417717
417731
417737
417755
417860
418355
418358
419028
419165
419578
419616
419687
419800
419906
419934
420011
420719
420791
420867
420884
421034
421472
421625
421666
422023
422082
422109
422275
422585
422586
422704
422708
422776
422989
423481
423520
423559
423581
423617
423636
423662
423690
424005
424067
424149
424165
424199
424588
424750
425093
425152
425292
425634
425679
425783
425907
426000
426014
426158
426168
426270
426331
426432
426600
426648
426709
426751
427058
427089
427272
427371
427479
427484
427737
427751
427877
427901
427970
427975
428256
428262
428304
428305
428325
428789
429077
429101
429116
429142
429209
429581
429613
429626
429637
429697
429713
429822
429829
429837
430058
430147
430213
430228
430327
430770
430896
430968
430988
431001
431020
431024
431033
431057
431383
431411
431412
431819
431940
432247
432330
432342
432364
432402
432683
432804
432858
432877
433047
433091
433208
433354
433870
434028
434090
434097
434239
434364
434637
434675
434683
434698
434701
434708
435538
435617
435673
435747
435782
435804
436535
436548
436584
436615
437003
437037
437077
437149
437418
437442
437549
437763
437971
437995
438276
438293
438315
438735
438750
438789
439103
439327
439456
439727
439819
1994 RD7
1994 VX3
1997 SS12
1998 VH43
1999 TN43
1999 TB50
1999 UY28
1999 WR11
2000 CD40
2000 QB34
2001 DS89
2001 DK108
2001 OK69
2001 SX292
2001 TB93
2001 TM262
2001 VD
2001 VO74
2002 CR280
2002 EO131
2002 GE188
2002 LF61
2002 NP37
2002 NE67
2002 NR70
2002 ON36
2002 PG112
2002 PD186
2002 QB9
2002 QV60
2002 QO63
2002 QL67
2002 QU113
2002 QG116
2002 QG117
2002 QE133
2002 QS139
2002 QC142
2002 QH146
2002 QY146
2002 RM22
2002 RU127
2002 RR271
2002 SU66
2002 TE10
2002 TG156
2002 TN104
2002 TG156
2002 TC219
2002 TY296
2002 TS303
2002 TC326
2002 UT56
2002 VA108
2002 VW116
2002 VG147
2002 WM26
2002 XE117
2003 BA82
2003 CB13
2003 HP25
2003 QG104
2003 RW16
2003 SL21
2003 SJ28
2003 SQ60
2003 SE70
2003 SC325
2003 SG278
2003 SN300
2003 SC325
2003 SP334
2003 SJ336
2003 US32
2003 UT87
2003 UQ117
2003 UQ117
2003 UO393
2003 UV204
2003 UX316
2003 UN317
2003 UW332
2003 UO341
2003 WR59
2003 XE24
2003 YG41
2004 BY64
2004 BK77
2004 BE126
2004 EU57
2004 EL62
2004 FN53
2004 GX88
2004 HT55
2004 HW58
2004 NC14
2004 PC68
2004 RG39
2004 RL104
2004 RF140
2004 RJ309
2004 TD44
2004 TS64
2004 TT361
2004 TJ105
2004 TU119
2004 TR159
2004 TX314
2004 VH35
2004 XL87
2004 YN25
2005 AP73
2005 EH65
2005 EN91
2005 EQ116
2005 EJ186
2005 EH266
2005 EW283
2005 JJ148
2005 MB54
2005 NV23
2005 QO29
2005 RN51
2005 SJ12
2005 SL17
2005 SW55
2005 SD181
2005 SO198
2005 SQ285
2005 TK32
2005 TY81
2005 TH130
2005 TC161
2005 UY104
2005 UQ108
2005 US418
2005 UB526
2005 UG527
2005 VR51
2005 WG53
2005 WS80
2005 WZ136
2005 XA63
2005 YZ7
2005 YV97
2005 YY159
2005 YQ168
2005 YM176
2006 AJ41
2006 AK60
2006 AE70
2006 AA89
2006 BX88
2006 BY92
2006 BT126
2006 BQ282
2006 CF11
2006 CN41
2006 CY65
2006 DH42
2006 DJ88
2006 DH118
2006 EY1
2006 EQ35
2006 HA70
2006 HK74
2006 HK106
2006 JZ10
2006 JH25
2006 KU12
2006 KD45
2006 KO75
2006 KK92
2006 OW
2006 OU14
2006 PM27
2006 PN30
2006 QT5
2006 QH83
2006 QH119
2006 QH168
2006 QS184
2006 QX185
2006 RA82
2006 RU107
2006 RZ107
2006 RW115
2006 RK120
2006 SB1
2006 SB22
2006 SD80
2006 SD95
2006 SR365
2006 SS398
2006 SF404
2006 SB169
2006 SL172
2006 SP173
2006 SK270
2006 SG273
2006 ST275
2006 SB312
2006 SZ316
2006 SY330
2006 TT48
2006 TY49
2006 TR64
2006 UM1
2006 UD82
2006 UM158
2006 UN159
2006 UT317
2006 UM334
2006 VQ28
2006 VM60
2006 VF61
2006 VP116
2006 VW116
2006 WO8
2006 WZ35
2006 WY119
2006 WB161
2006 WL170
2006 WF204
2006 WA205
2006 XV6
2007 AC8
2007 AD29
2007 BO33
2007 CE50
2007 CH61
2007 CP68
2007 DU11
2007 DG72
2007 EQ129
2007 EM135
2007 EH138
2007 EC215
2007 GF5
2007 HM4
2007 HD5
2007 JV
2007 RT69
2007 RB166
2007 RX189
2007 RJ201
2007 RC230
2007 RS249
2007 RV319
2007 RV324
2007 TB12
2007 TR20
2007 TG86
2007 TS138
2007 TQ199
2007 TH219
2007 TW296
2007 TB316
2007 TU318
2007 TY387
2007 TS138
2007 TF424
2007 TK442
2007 TQ199
2007 TH219
2007 TW296
2007 TB316
2007 UY5
2007 UT19
2007 UF26
2007 UA43
2007 UM46
2007 UY52
2007 US67
2007 UR68
2007 US83
2007 UT112
2007 UN140
2007 VG18
2007 VS23
2007 VN32
2007 VE62
2007 VJ91
2007 VA99
2007 VS105
2007 VF108
2007 VJ112
2007 VY140
2007 VV246
2007 VA252
2007 VP274
2007 VB295
2007 VF324
2007 VW332
2007 WO20
2007 WM52
2007 WF53
2007 WU59
2007 XS27
2007 XY31
2007 XU45
2007 XA57
2007 XG58
2007 YH14
2007 YO72
2008 AH18
2008 AO32
2008 AO35
2008 AY76
2008 AU82
2008 AQ89
2008 AV107
2008 AQ132
2008 BW6
2008 BQ9
2008 BM37
2008 CL7
2008 CR45
2008 CU107
2008 CP131
2008 CX145
2008 CA201
2008 CE209
2008 DY27
2008 ED12
2008 EZ44
2008 ED92
2008 EU113
2008 EF114
2008 EA119
2008 FR10
2008 FF73
2008 FG103
2008 GF14
2008 HX
2008 HE17
2008 HO67
2008 JM2
2008 KU15
2008 KS38
2008 OK22
2008 PA4
2008 PL17
2008 QW35
2008 QL41
2008 RG8
2008 RF41
2008 RH110
2008 RL112
2008 RP131
2008 SH20
2008 SJ83
2008 SZ96
2008 SR130
2008 SR167
2008 SV194
2008 SM219
2008 SD225
2008 SQ241
2008 SQ270
2008 SG273
2008 ST297
2008 TG10
2008 TW35
2008 TY74
2008 TS107
2008 TF137
2008 TO137
2008 TJ149
2008 TW163
2008 TM172
2008 UG12
2008 UX22
2008 UT27
2008 UH58
2008 UM77
2008 UU83
2008 UK365
2008 UA129
2008 UZ141
2008 UG143
2008 UQ143
2008 UK147
2008 UN158
2008 UM164
2008 UE169
2008 UD214
2008 UU229
2008 UU231
2008 US261
2008 UA262
2008 UA266
2008 US277
2008 UR339
2008 UM341
2008 US344
2008 UR357
2008 VG1
2008 VS5
2008 VG27
2008 VH29
2008 VV79
2008 WN7
2008 WC34
2008 WS39
2008 WA47
2008 WM96
2008 WB100
2008 WM113
2008 WJ129
2008 WA136
2008 XH4
2008 YB8
2008 YJ66
2008 YC73
2008 YR92
2008 YN115
2008 YK156
2008 YC162
2008 YV169
2008 YE172
2009 AF28
2009 BO
2009 BZ18
2009 BK126
2009 BV128
2009 BY133
2009 BN148
2009 BJ155
2009 DK10
2009 DE81
2009 DZ95
2009 HR105
2009 LK4
2009 OQ3
2009 OR13
2009 QZ15
2009 QG23
2009 RJ4
2009 RW45
2009 RB62
2009 SP37
2009 SR39
2009 SO43
2009 SJ81
2009 SA89
2009 SD112
2009 SQ184
2009 SZ276
2009 SN300
2009 SN347
2009 TT6
2009 TB12
2009 UT35
2009 UC84
2009 UX84
2009 UV85
2009 UT143
2009 VU61
2009 WL16
2009 WD73
2009 WH75
2009 WG107
2009 XM9
2009 YZ2
2010 BW66
2010 BW87
2010 CX9
2010 CU11
2010 CS71
2010 CR173
2010 CC182
2010 CX216
2010 DC2
2010 EP73
2010 ET123
2010 FH5
2010 GJ103
2010 GB147
2010 JF43
2010 JC152
2010 LV52
2010 MJ14
2010 MX23
2010 MT49
2010 NF108
2010 PJ41
2010 PK50
2010 PV75
2010 RK40
2010 RS90
2010 SD36
2010 TP1
2010 TZ13
2010 TM16
2010 TH24
2010 TL80
2010 TJ108
2010 TJ109
2010 UR14
2010 UA71
2010 UB81
2010 UB93
2010 VO11
2010 VD28
2010 VP33
2010 VP84
2010 VR89
2010 VH114
2010 VG186
2010 VG189
2010 VF199
2010 VU207
2010 VR217
2010 VU218
2010 WC68
2010 XH17
2010 XM21
2011 AF5
2011 AG9
2011 AL20
2011 AP26
2011 AE27
2011 BF2
2011 BL13
2011 BR24
2011 BG72
2011 BK93
2011 BR111
2011 CA20
2011 CZ62
2011 DV3
2011 DA9
2011 DD33
2011 DE46
2011 EK39
2011 EK66
2011 FZ60
2011 FG81
2011 FA83
2011 FT102
2011 FP149
2011 FC155
2011 GQ39
2011 HL56
2011 HO56
2011 JN21
2011 KJ30
2011 LR2
2011 LB20
2011 ML5
2011 MZ9
2011 OS16
2011 OE28
2011 OD38
2011 PH5
2011 QR34
2011 QR39
2011 QU77
2011 SG9
2011 SJ30
2011 SJ36
2011 SH50
2011 SQ64
2011 SC120
2011 SY123
2011 SP124
2011 SN134
2011 SH163
2011 SW207
2011 SA243
2011 SU255
2011 SC272
2011 UB2
2011 UG7
2011 UQ16
2011 UX28
2011 UK49
2011 UQ49
2011 UL51
2011 UU52
2011 UA67
2011 UN70
2011 UF72
2011 UQ73
2011 UV74
2011 UP82
2011 UF128
2011 UV233
2011 UE276
2011 UV339
2011 UM362
2011 UH114
2011 UF128
2011 UO128
2011 UH389
2011 UA132
2011 UH138
2011 UB408
2011 UQ152
2011 UH183
2011 UM185
2011 UE191
2011 UV233
2011 UH250
2011 UE260
2011 UW267
2011 UE276
2011 UM325
2011 UV339
2011 VJ7
2011 WC2
2011 WA42
2011 WQ43
2011 WJ52
2011 WZ62
2011 WC66
2011 WY67
2011 WT68
2011 WA71
2011 WU115
2011 WX116
2011 WH118
2011 WN128
2011 WR135
2011 YW7
2011 YX26
2011 YQ57
2011 YE72
2012 AD24
2012 BM67
2012 BB112
2012 CH11
2012 CV12
2012 DS10
2012 DH23
2012 DQ26
2012 DL62
2012 DZ78
2012 EE8
2012 FZ20
2012 FE25
2012 FY31
2012 GV8
2012 GR17
2012 HN7
2012 HC59
2012 HW66
2012 JP1
2012 JG34
2012 JJ60
2012 KW24
2012 LL13
2012 LW17
2012 PZ27
2012 PD30
2012 QM3
2012 RV2
2012 SG19
2012 SY31
2012 SK58
2012 SM64
2012 TP25
2012 TC122
2012 TN128
2012 TM145
2012 TX146
2012 TW168
2012 TV171
2012 TX196
2012 TM197
2012 TA220
2012 TK242
2012 TH263
2012 TA321
2012 UG45
2012 UL46
2012 US53
2012 UL58
2012 UJ62
2012 UK76
2012 UV78
2012 US83
2012 UE109
2012 UH125
2012 UY138
2012 UX141
2012 UT174
2012 VB9
2012 VM39
2012 VW108
2012 VA111
2012 WO7
2012 WY7
2012 WD8
2012 WD14
2012 WL22
2012 WA24
2012 XE16
2012 XF28
2012 XK45
2012 XG50
2012 XD57
2012 XG67
2012 XX70
2012 XB86
2012 XD86
2012 XA97
2012 XM98
2012 XX137
2012 XN144
2013 AZ4
2013 AT97
2013 AX123
2013 AM168
2013 AC176
2013 BM7
2013 BF12
2013 BX43
2013 BT64
2013 BV78
2013 CR24
2013 CR25
2013 CP45
2013 CP52
2013 CS54
2013 CJ69
2013 CG71
2013 CQ80
2013 CX101
2013 CO110
2013 CU118
2013 CN121
2013 CS168
2013 EK31
2013 EK93
2013 EX101
2013 EA103
2013 FR3
2013 FC19
2013 FN22
2013 GS2
2013 GE36
2013 GK74
2013 GF77
2013 GT88
2013 GL105
2013 HB6
2013 HA19
2013 HP20
2013 HT76
2013 HT124
2013 JK1
2013 JM1
2013 JZ41
2013 JE51
2013 JQ58
2013 JV62
2013 KL12
2013 KG17
2013 LV2
2013 LA25
2013 LB33
2013 NE6
2013 NS10
2013 NY12
2013 NK13
2013 PM2
2013 PN50
2013 PX55
2013 QD3
2013 QU28
2013 QR33
2013 QZ38
2013 QX56
2013 QE64
2013 QF95
2013 RC19
2013 RB25
2013 RR31
2013 RO46
2013 RY47
2013 RJ58
2013 RA61
2013 RJ70
2013 SX27
2013 SA77
2013 SC82
2013 TM18
2013 TR19
2013 TX23
2013 TA28
2013 TZ29
2013 TM43
2013 TY67
2013 TX86
2013 TU94
2013 TS95
2013 TU133
2013 VC16
2013 VN22
2013 WZ36
2013 WO43
2013 WQ56
2013 WB61
2013 WW88
2013 WZ96
2013 YK10
2013 YM49
2013 YS52
2013 YV54
2013 YG62
2013 YR76
2014 AZ24
2014 AY31
2014 AX42
2014 BP40
2014 BR48
2014 CD
2014 CM11
2014 DK16
2014 DR56
2014 DZ57
2014 EA6
2014 ET20
2014 ET44
2014 FJ23
2014 FB36
2014 FV40
2014 GD6
2014 GF26
2014 GH47
2014 HT31
2014 HG76
2014 HS104
2014 HK144
2014 HC181
2014 HY186
2014 HD190
2014 JJ4
2014 JM14
2014 JJ39
2014 JS53
2014 JX55
2014 JW62
2014 JA69
2014 KT8
2014 KZ23
2014 KA44
2014 KN51
2014 KO53
2014 KU55
2014 KT57
2014 KU91
2014 KE93
2014 LA16
2014 LM18
2014 LH24
2014 MV24
2014 MW63
2014 NF59
2014 NV59
2014 OF
2014 OF35
2014 OL71
2014 OT90
2014 ON96
2014 OD97
2014 OE100
2014 OY101
2014 OP365
2014 OD142
2014 OG227
2014 OR245
2014 OA274
2014 OU291
2014 OT341
2014 PR18
2014 PO22
2014 PN35
2014 PH55
2014 QX36
2014 QK37
2014 QQ61
2014 QP378
2014 QW120
2014 QJ133
2014 QD138
2014 QH406
2014 QC149
2014 QR412
2014 QY415
2014 QK167
2014 QO207
2014 QW213
2014 QH227
2014 QS245
2014 QS267
2014 QY303
2014 QK308
2014 QL338
2014 QK359
2014 RR6
2014 RH32
2014 RV45
2014 SD86
2014 SU115
2014 SV151
2014 SZ153
2014 SU159
2014 SJ207
2014 SU209
2014 SA234
2014 SP276
2014 SE292
2014 SR292
2014 SC312
2014 SQ314
2014 SC326
2014 SD329
2014 SZ335
2014 SE336
2014 TF8
2014 TR21
2014 TM42
2014 TF54
2014 TG59
2014 TT61
2014 TK63
2014 UN2
2014 UT4
2014 UR6
2014 UC16
2014 US21
2014 US24
2014 UP25
2014 UK40
2014 UV88
2014 UJ161
2014 UQ193
2014 UC196
2014 VZ30
2014 WN13
2014 WV54
2014 WD57
2014 WD65
2014 WH70
2014 WF75
2014 WS371
2014 WX118
2014 WY380
2014 WD123
2014 WG123
2014 WE200
2014 WQ467
2014 WP472
2014 WU477
2014 WS481
2014 WW279
2014 WN291
2014 WT310
2014 WZ323
2014 WG327
2014 WA339
2014 WD353
2014 XM4
2014 YA35
2015 AN5
2015 AN11
2015 AX25
2015 AZ80
2015 AZ237
2015 AW241
2015 AO245
2015 AC274
2015 BY12
2015 BT13
2015 BO75
2015 BG107
2015 BL159
2015 BW430
2015 BC446
2015 BZ449
2015 BX489
2015 BP246
2015 BR281
2015 BL294
2015 CR26
2015 CP53
2015 DN9
2015 DW50
2015 DM92
2015 DG97
2015 DP137
2015 DB143
2015 DY144
2015 DP206
2015 DS206
2015 EL4
2015 FP110
2015 FX130
2015 FU137
2015 FG158
2015 FG290
2015 FW333
2015 GY9
2015 GM34
2015 HW60
2015 HF96
2015 HP145
2015 HB172
2015 HY175
2015 HL177
2015 KB10
2015 KH34
2015 KY51
2015 KR83
2015 KE118
2015 LS
2015 LF11
2015 LP23
2015 LR39
2015 MQ38
2015 MC55
2015 MY75
2015 ME78
2015 MF114
2015 MZ114
2015 MC115
2015 NP7
2015 OE3
2015 OA23
2015 OX27
1995 SL57
1995 SA58
1995 SJ74
1995 UU21
1995 VC5
1999 TD49
1999 TM246
1999 TD333
1999 WU15
2000 ET74
2000 TD8
2001 FN197
2001 FW201
2001 FP204
2001 FP226
2001 FJ229
2001 FM229
2001 RS112
2001 TU222
2001 UE32
2001 UN171
2001 UB229
2001 VA129
2001 VS133
2001 WU22
2002 AN14
2002 AX92
2002 CV17
2002 EW117
2002 GN51
2002 JX150
2002 NJ77
2002 OH28
2002 OE32
2002 QK125
2002 QU130
2002 QT138
2002 QL141
2002 QL154
2002 RA225
2002 RV281
2002 RQ288
2002 SG71
2002 TG221
2002 TW304
2002 TJ338
2002 TY339
2002 UH56
2002 VR141
2002 WZ24
2002 XX45
2002 XP85
2003 DN9
2003 DG21
2003 FY83
2003 SZ48
2003 SZ97
2003 SP385
2003 SA418
2003 SV431
2003 SO175
2003 SA340
2003 SJ345
2003 SL355
2003 TK52
2003 UO23
2003 UJ380
2003 UM397
2003 UM182
2003 UD198
2003 YX92
2004 NT29
2004 OF7
2004 PE41
2004 PV80
2004 RG186
2004 RL295
2004 RH329
2004 TN76
2004 TR94
2004 TX111
2004 TM188
2004 TY265
2004 TP283
2004 YX4
2005 BB40
2005 CJ45
2005 ED6
2005 EX34
2005 EV209
2005 ER246
2005 GG111
2005 MV9
2005 NU10
2005 NJ15
2005 NB55
2005 NE76
2005 RD20
2005 SX11
2005 SW80
2005 SG143
2005 SH267
2005 TS20
2005 TH42
2005 TR108
2005 UQ91
2005 UG380
2005 UU129
2005 UC407
2005 UP445
2005 UC193
2005 UY454
2005 UC463
2005 UH288
2005 UN291
2005 US310
2005 VY28
2005 VD128
2005 WA9
2005 WK143
2005 YH100
2005 YL108
2006 AJ39
2006 BN41
2006 BE64
2006 BC90
2006 BS177
2006 BG220
2006 BE231
2006 BD233
2006 CK52
2006 DT43
2006 EL6
2006 EJ31
2006 EZ45
2006 GG1
2006 QD185
2006 RV19
2006 RC72
2006 RK111
2006 RT115
2006 SL390
2006 SJ140
2006 SA406
2006 SP412
2006 TJ10
2006 TS98
2006 TK108
2006 TR110
2006 UQ4
2006 UW12
2006 UB66
2006 UF360
2006 UA173
2006 UR239
2006 UD244
2006 US277
2006 VD1
2006 VD105
2006 VC154
2006 WZ23
2006 WG72
2006 WQ72
2006 WT171
2007 CG31
2007 DN24
2007 ES220
2007 EP222
2007 FD28
2007 FS28
2007 OA
2007 RP25
2007 RX47
2007 RD68
2007 RD114
2007 RK210
2007 TQ60
2007 TG64
2007 TE378
2007 TK281
2007 TA304
2007 TH310
2007 TU318
2007 TJ322
2007 TO324
2007 UK58
2007 UA94
2007 UD133
2007 VE26
2007 VC61
2007 VR81
2007 VT109
2007 VU136
2007 VV156
2007 VO157
2007 VB172
2007 XX49
2007 YZ1
2007 YS7
2007 YL47
2008 AN48
2008 AZ51
2008 AC54
2008 AY55
2008 AY59
2008 AK99
2008 AG128
2008 BD14
2008 CZ13
2008 CO31
2008 CV119
2008 DH41
2008 ER40
2008 ET88
2008 GY75
2008 HH35
2008 HF51
2008 JK8
2008 LJ15
2008 PA13
2008 QF23
2008 RW10
2008 RQ37
2008 RX61
2008 RW70
2008 RZ84
2008 RP86
2008 SG49
2008 SX78
2008 SS92
2008 SG95
2008 SU111
2008 SC186
2008 SN190
2008 SL197
2008 SM225
2008 SU246
2008 SV262
2008 TS29
2008 TK40
2008 TC128
2008 TZ131
2008 TA149
2008 TA167
2008 TU167
2008 TR186
2008 TX186
2008 UE17
2008 UQ365
2008 UJ367
2008 UH115
2008 UN159
2008 UN213
2008 UX238
2008 UP276
2008 UK287
2008 VU25
2008 VS32
2008 WQ48
2008 XM6
2008 YR37
2008 YB95
2008 YJ139
2009 BM20
2009 BG155
2009 BZ165
2009 CB4
2009 CZ6
2009 DZ8
2009 DV56
2009 DQ70
2009 FK13
2009 GL1
2009 HT84
2009 KS11
2009 SM36
2009 SK52
2009 SW217
2009 SX221
2009 SU254
2009 SD335
2009 TJ28
2009 VA99
2009 WP69
2009 WG86
2009 WA99
2009 WP193
2010 AY6
2010 AT38
2010 BG67
2010 BC112
2010 BT122
2010 CR23
2010 CC58
2010 CR102
2010 CL110
2010 DU39
2010 EB3
2010 ER71
2010 FZ102
2010 GH85
2010 GV152
2010 GN164
2010 HZ15
2010 HH20
2010 HN22
2010 JX5
2010 JR41
2010 JD74
2010 JP107
2010 KH52
2010 KF103
2010 LY12
2010 LM59
2010 LM90
2010 MZ21
2010 MR50
2010 MD111
2010 NX3
2010 NR39
2010 NK79
2010 OA33
2010 PC20
2010 RZ1
2010 RX114
2010 RE177
2010 ST25
2010 TR43
2010 TD53
2010 TC56
2010 TM93
2010 TF100
2010 TW101
2010 TR152
2010 VC49
2010 VJ81
2010 VR181
2010 VV200
2010 WA2
2010 WA59
2010 XW60
2011 AF6
2011 AW42
2011 BD5
2011 BA24
2011 BH43
2011 BG70
2011 BM76
2011 BD99
2011 BQ110
2011 BY125
2011 CD58
2011 CX70
2011 DJ27
2011 EQ17
2011 ES81
2011 FO25
2011 FV88
2011 FS97
2011 FW152
2011 GA85
2011 HB67
2011 JT
2011 LF25
2011 OX5
2011 OP8
2011 OX20
2011 OE25
2011 OF53
2011 QZ27
2011 QK84
2011 SB8
2011 SA30
2011 SL61
2011 SF94
2011 SW168
2011 SY171
2011 SZ209
2011 SK214
2011 SF231
2011 TC16
2011 UQ3
2011 UM31
2011 UM45
2011 UK72
2011 UT88
2011 UB146
2011 UZ178
2011 UU218
2011 UZ257
2011 UN316
2011 UW334
2011 UT357
2011 VU10
2011 WM7
2011 WH16
2011 WF29
2011 WS31
2011 WB41
2011 WC62
2011 WF124
2011 WD142
2011 WC151
2011 YN5
2011 YP32
2011 YB51
2011 YL68
2011 YJ72
2012 AS13
2012 BR70
2012 BA72
2012 BN93
2012 BT129
2012 BM151
2012 DR19
2012 DZ29
2012 DT45
2012 DM85
2012 FM24
2012 FH81
2012 HP11
2012 HC18
2012 HM33
2012 JB18
2012 KS9
2012 KK33
2012 PB21
2012 PW32
2012 PK34
2012 PV40
2012 QN15
2012 QG34
2012 RY10
2012 RY30
2012 SM31
2012 SY50
2012 TM10
2012 TC16
2012 TD25
2012 TC151
2012 TL180
2012 TF191
2012 TV192
2012 TW220
2012 TC224
2012 TJ231
2012 TF284
2012 TO292
2012 UQ10
2012 UD15
2012 UH26
2012 UC60
2012 UA65
2012 UB128
2012 UH145
2012 UE150
2012 UD151
2012 UY158
2012 VY69
2012 VQ86
2012 VM91
2012 WN26
2012 XD83
2012 XV86
2012 XK106
2013 AA33
2013 AF82
2013 AY121
2013 AO140
2013 AJ141
2013 AL145
2013 AT147
2013 AG154
2013 AW158
2013 AV172
2013 AG181
2013 AE182
2013 BG32
2013 BL34
2013 BG36
2013 BR41
2013 CS9
2013 CD29
2013 CV54
2013 CA68
2013 CP84
2013 CF125
2013 CO133
2013 CP142
2013 CS143
2013 CZ151
2013 DE3
2013 EW21
2013 EY86
2013 FL2
2013 FH16
2013 GM7
2013 GZ20
2013 GR110
2013 GZ125
2013 HR6
2013 HG34
2013 HW46
2013 HO81
2013 HP99
2013 HZ108
2013 HT111
2013 HP139
2013 JK29
2013 JU35
2013 LJ15
2013 LU29
2013 PE20
2013 PM21
2013 PM38
2013 QD15
2013 QQ31
2013 QQ77
2013 QK92
2013 RC49
2013 RE54
2013 RE82
2013 RX84
2013 SR35
2013 ST73
2013 TC16
2013 TK22
2013 UG8
2013 WO33
2013 WU33
2013 XZ11
2013 XJ20
2013 YQ3
2013 YJ25
2013 YS112
2013 YR113
2013 YF127
2013 YZ147
2013 YX150
2014 AZ20
2014 BE11
2014 BD44
2014 BO51
2014 DN49
2014 DG54
2014 ES2
2014 EO16
2014 FV8
2014 FX11
2014 FJ32
2014 FT36
2014 GG34
2014 GG50
2014 HH
2014 HO33
2014 HE44
2014 HF51
2014 HE62
2014 HG81
2014 HU130
2014 JF18
2014 JH19
2014 JR29
2014 JN39
2014 JP59
2014 JB66
2014 JA68
2014 KX17
2014 KL23
2014 KB33
2014 KR68
2014 KW94
2014 MX38
2014 MV39
2014 NV4
2014 NQ62
2014 OV12
2014 OQ18
2014 OT27
2014 OZ27
2014 OL49
2014 OP56
2014 OJ66
2014 OW96
2014 OP100
2014 OG133
2014 OT165
2014 ON180
2014 OD187
2014 OY281
2014 OS300
2014 OQ308
2014 OT328
2014 OR337
2014 PO34
2014 QJ20
2014 QX102
2014 QJ104
2014 QP116
2014 QL120
2014 QZ128
2014 QK132
2014 QY405
2014 QE177
2014 QT184
2014 QJ249
2014 QY268
2014 QV271
2014 QN282
2014 QJ317
2014 RO28
2014 SD82
2014 SF88
2014 SD97
2014 SB109
2014 SB116
2014 SK183
2014 SH228
2014 SQ292
2014 SP307
2014 SR320
2014 TK6
2014 TA69
2014 UN66
2014 UX149
2014 UF153
2014 UY171
2014 UO188
2014 VO30
2014 WX41
2014 WJ44
2014 WK47
2014 WO48
2014 WT52
2014 WE60
2014 WH61
2014 WT92
2014 WP161
2014 WP199
2014 WY237
2014 WT286
2014 WN306
2014 WO313
2014 WY355
2014 WC108
2014 WM126
2014 WC409
2014 WP161
2014 WN164
2014 WD454
2014 WP199
2014 WJ218
2014 WY237
2014 WS263
2014 WF264
2014 WZ273
2014 WG277
2014 WT286
2014 WP290
2014 WN306
2014 WO313
2014 WY355
2014 YY48
2015 AJ30
2015 AZ151
2015 AE182
2015 AU213
2015 BW8
2015 BF19
2015 BL59
2015 BO64
2015 BM78
2015 BZ120
2015 BB387
2015 BU128
2015 BA414
2015 BA155
2015 BW170
2015 BP171
2015 BP190
2015 BW209
2015 BS474
2015 BD475
2015 BL230
2015 BY238
2015 BL255
2015 CD8
2015 CK25
2015 CN48
2015 DT52
2015 DD67
2015 DN115
2015 DY131
2015 DP208
2015 EW15
2015 EJ20
2015 EG22
2015 FK8
2015 FZ21
2015 FD111
2015 FB160
2015 FE166
2015 FV269
2015 FF315
2015 FM330
2015 GK32
2015 GF46
2015 HQ62
2015 HS69
2015 HQ86
2015 HL167
2015 KX12
2015 KK47
2015 KT75
2015 KU77
2015 KK129
2015 KP143
2015 LK2
2015 LJ28
2015 LS29
2015 LW31
2015 LE38
2015 MZ45
2015 MS51
2015 MN95
2015 MZ95
2015 NO8
2015 OO19
2015 OY19
2015 OW69
2015 OT73
2015 PM17
2015 PC33
2015 PK34
2015 PO41
