id
138843
190758
194048
197531
202894
208163
209536
212779
226647
226671
227204
229389
239263
255544
258601
259915
264261
264923
265190
266520
267270
269634
273287
274837
275218
275497
278035
280006
280796
282862
283015
283320
284705
285037
285049
285091
285210
285549
286374
289122
289383
290656
291331
291530
292427
292644
292877
293165
293566
294529
294765
294857
295130
295506
295602
296754
299040
299514
300265
301045
302265
303228
303237
303240
303454
308164
309225
310313
310380
311136
312089
312521
314013
314101
314132
315198
317400
318514
318572
318681
319432
319859
320273
320489
322400
323696
326225
326270
328071
329198
329526
329902
330519
330596
332448
332471
333122
333146
333274
333553
333916
334977
335294
336587
337016
338121
338553
339937
339988
340106
343491
344208
344868
345264
345271
345364
345786
346294
347630
347690
348509
348769
350668
351273
351559
351665
352656
353769
354539
357957
359151
360106
360770
361104
362743
364664
365138
366334
367280
367281
368520
370602
370906
371545
372918
373149
374346
374840
374956
375095
375178
375208
375210
375701
377477
378019
378232
378612
378622
379170
379236
379877
380483
380711
381112
381389
381412
381733
381734
381817
382398
383526
383849
384371
384617
385703
385719
385795
386681
387060
388073
388502
389386
389612
390963
391468
392184
393435
393448
394023
395402
395713
397611
397917
399310
399311
399655
400028
401011
401412
401813
401814
402222
402867
403833
404667
404835
405403
405455
405974
406362
407276
407695
408140
408970
409197
409807
410322
411635
411672
412185
413233
413246
413464
414757
415132
415629
416380
418065
420346
420380
420436
422304
423337
424557
426376
428254
428392
428482
428639
429810
431740
431755
431766
432777
433332
433778
434587
434630
435474
435477
435507
435513
436863
437412
438226
438684
439218
439236
439238
439272
1994 SK7
1994 TC6
1994 UK10
1994 XE
1998 TA5
2000 QU7
2000 UL29
2001 FA221
2001 RF24
2001 SD338
2001 TC207
2002 QY69
2002 QE86
2003 FS11
2004 FJ135
2004 TH177
2005 GW55
2005 GA117
2005 NT28
2005 RA41
2005 SZ11
2005 SA16
2005 SQ51
2005 SF63
2005 SX74
2005 SR145
2005 SF158
2005 SW187
2005 SX237
2005 TD23
2005 TZ32
2005 UW38
2005 UL135
2005 UP417
2005 UE486
2005 VJ75
2005 WO45
2005 WP48
2005 WU86
2005 WV174
2005 YS158
2006 QC64
2006 SQ392
2007 CH28
2007 DX38
2007 EE81
2007 FP40
2007 HA23
2007 RM112
2007 RN177
2007 RB301
2007 TD43
2007 TG333
2007 VK221
2007 WM15
2007 WF63
2008 BV26
2008 CB163
2008 DY17
2008 DF86
2008 GC27
2008 KL18
2008 SW101
2008 SW302
2008 TL49
2008 UN369
2008 UH329
2008 YL
2008 YB120
2008 YC140
2009 AY21
2009 DP142
2009 HB
2009 KC19
2009 SN69
2009 SG276
2009 UQ52
2009 UN109
2009 VK53
2009 VU88
2009 WO55
2009 XM17
2009 YO3
2010 ED104
2010 PT58
2010 RD141
2011 BZ34
2011 FJ137
2011 HM19
2011 JX30
2011 NQ3
2011 QC70
2011 QL91
2011 RD4
2011 SZ2
2011 SR233
2011 UH40
2011 UB81
2011 UD87
2011 UT103
2011 UP243
2011 UH250
2011 WB60
2011 YM32
2012 AA24
2012 BK24
2012 BJ100
2012 BS116
2012 BN126
2012 CX34
2012 DR14
2012 FZ7
2012 HT31
2012 PJ37
2012 RP26
2012 SE28
2012 TR21
2012 TW68
2012 TJ151
2012 TX165
2012 TR246
2012 TM276
2012 UO27
2012 UX51
2012 UD73
2012 UT108
2012 VQ65
2012 VK68
2012 YL8
2013 AP54
2013 AU54
2013 AS80
2013 GF98
2013 GX112
2013 GD122
2013 SA62
2013 UZ6
2013 VT8
2014 DY47
2014 HP125
2014 KK22
2014 QE413
2014 SB102
2014 SZ164
2014 SN287
2014 SA328
2014 US49
2014 WH69
2014 WN313
2015 AZ75
2015 BM3
2015 CY21