id
646
1377
1460
1492
1664
1676
1696
1781
1798
1906
1959
1982
2011
2093
2275
2432
2457
2500
2512
2557
2640
2652
2701
2714
2766
2784
2795
2805
2849
2942
3002
3068
3105
3129
3133
3265
3283
3284
3294
3382
3424
3444
3477
3508
3563
3628
3722
3809
3865
3998
4005
4067
4105
4120
4188
4540
4647
5128
5142
5287
5422
5425
5452
5536
5599
5875
6014
6028
6129
6390
6418
6495
6509
6555
6583
6972
7081
7083
7294
7463
7535
7551
7731
7808
7847
8029
8036
8517
8619
8693
8701
8821
8834
8991
9167
10065
10226
10337
10379
10406
10638
10886
11389
12039
12253
12281
12315
12554
13224
13445
14198
15114
17117
17540
17872
19149
19634
20370
20402
20628
20640
20740
21550
21766
23025
23072
30955
33748
36093
36222
38453
39285
39305
39795
41345
42555
43940
47112
52068
54628
54631
54644
61896
63231
65223
65227
68788
76831
76835
77916
96337
117446
127846
162047
163102
163135
163216
165551
187479
190351
190352
191078
191104
195412
200069
210237
213119
222134
222861
225212
225224
228009
239903
264109
2003 CC22
2013 VE2