id
33
158
208
243
263
277
658
832
993
1079
1100
1289
1442
1497
1570
1635
1774
1824
1848
1878
1913
1955
2051
2123
2377
2626
2713
2726
2785
2811
2833
2953
2958
2969
2987
3337
3409
3436
3515
3765
3778
3791
3856
3975
4076
4206
4316
4365
4623
4651
4656
4664
4696
4782
4850
4926
4927
5094
5161
5442
5494
5677
5882
5888
5941
5963
6006
6143
6190
6206
6276
6284
6408
6538
7100
7120
7126
7199
7340
7429
7502
7630
7689
7754
7913
7980
7981
8182
8221
8234
8343
8361
8431
8657
8658
8698
8740
8847
9078
9124
9306
9337
9592
9726
9786
9859
9916
9988
9989
10192
10197
10230
10240
10536
10596
10630
10783
10788
10876
10887
11039
11053
11081
11103
11109
11156
11170
11302
11308
11348
11372
11451
11754
11795
12049
12095
12124
12355
12564
12610
12615
12712
12838
12874
13021
13087
13112
13266
13344
13414
13432
13646
13673
13676
13768
13799
14067
14174
14246
14443
14768
14776
14827
14894
14985
14997
15195
15205
15462
15474
15501
15557
15573
15578
15649
15808
15956
16053
16204
16291
16313
16326
16541
16616
16619
16764
16840
16917
17029
17054
17073
17250
17605
17685
18020
18175
18182
18410
18472
18555
18557
18662
18838
19005
19017
19218
19348
19470
19627
19678
19801
20089
20339
20469
20572
20908
21155
21197
21357
21947
22420
22482
22682
22768
23022
23056
23164
23808
23852
23861
23925
24121
24144
24204
24633
24750
24947
25112
25127
25235
25277
25671
25798
27134
27197
27374
27663
27963
28270
28271
28287
28707
29404
29511
29851
29887
29923
29938
32213
32292
32314
32315
32407
32557
32894
33108
33176
33192
33422
34129
34496
34729
34874
35239
35242
35244
35247
35315
36606
36794
36837
36873
37129
37144
37346
37533
37665
37697
37698
37754
38245
38285
38416
38466
38529
39145
39622
40099
40491
40782
40789
40814
40960
41010
41075
41086
41088
41224
41593
42592
42736
43056
43092
43263
43683
43879
43996
44253
44376
45539
45610
45628
45654
45697
46307
46321
46396
46401
46485
47053
47611
47866
47953
47981
48312
48353
48400
48424
48442
48781
49278
49388
49442
50377
50530
50565
50594
50596
50624
51089
51923
52173
52175
52179
52638
53250
53288
53919
54297
54454
54504
54973
55002
55051
55113
55114
55177
55228
55852
56808
56822
56824
56961
57480
57593
57707
57767
58021
58387
58490
58697
58745
58746
58922
59934
60071
60449
61422
61489
61571
61578
61857
61868
62247
62355
62507
62536
62669
62678
62801
62965
63691
63731
63793
63884
64126
64127
64165
64172
64815
64921
65383
65402
66883
66884
66894
66896
66908
66909
66969
67263
68492
68521
69771
69774
69795
69821
69823
69946
70873
70938
71003
71033
71049
72607
73280
73836
73950
74310
74375
76002
76003
76004
76007
76069
76210
76279
76501
76504
76508
76686
77425
77499
77567
78167
78258
78277
78327
78379
78636
78651
79035
79328
79988
79990
80011
81063
81565
81688
81726
81796
82725
82760
82841
82867
83058
83092
83096
83104
83391
83402
83453
83481
83496
83542
84075
84156
84319
84552
84568
84576
84607
84887
85229
85350
85407
85414
85527
85573
85756
85812
87332
87361
87990
88121
88706
88892
88915
89546
89795
89848
89865
89923
90180
91425
91552
91553
91555
91694
91698
91701
91831
91833
92157
93632
93840
93844
94142
95283
95327
95342
95426
95431
95453
95515
95521
96564
97005
97241
97512
98878
99100
99317
99890
99914
100082
101340
101513
102230
102713
103088
103476
103531
103691
103726
103728
103784
103795
103850
103867
103877
103888
104051
104147
104188
104190
104191
104261
104333
104474
104477
104485
104500
104550
104639
105285
105318
105462
105659
105675
105827
108988
109662
110141
110307
110894
110964
111162
111335
111375
111436
111489
112799
113154
113263
113280
113328
113504
113534
113535
113733
113873
114290
114730
114870
115157
115249
115373
115375
115551
115811
116541
116756
116980
117703
117833
118019
118188
118208
118805
118810
118838
119805
119861
120680
121339
121367
121406
121416
121569
121575
121596
121662
122709
122761
123262
123347
123861
123885
126432
126533
126556
126650
126697
126734
126799
126922
126975
127058
127273
127288
128006
128103
128125
128127
128158
128184
128192
128214
128781
128931
128932
128970
128977
128983
129003
129260
129690
129691
129941
129956
130115
130139
130161
131294
131315
132793
133268
133313
133419
133423
133434
133486
133528
133548
133731
134148
134866
135126
135281
136057
136778
137147
137159
138743
139578
139655
139711
139791
139820
139979
139987
140005
140041
140142
140250
140258
140295
140302
140337
140405
140690
140695
140777
140863
141023
141029
141039
141110
143047
143155
143679
144082
144159
144391
144450
144484
144846
144886
144910
145479
145516
145747
146195
146622
146704
146708
146924
146950
147399
147416
147419
147770
147791
147797
147810
147921
147996
148967
149014
149025
149041
149751
149753
149771
149885
149896
149908
149942
149960
150050
150087
150510
150533
150597
151222
151331
151338
152048
152092
152254
152350
152487
152595
152597
152605
154110
154122
154756
154855
154861
155083
155170
155194
155219
155253
155315
155423
155540
155813
156542
156574
156613
157199
157275
157283
157327
157412
157441
158487
158500
158940
159023
159036
159062
159121
159210
159300
159429
159997
160771
161101
161809
162150
162387
162411
163399
163436
163491
163944
163975
163999
164060
164095
164130
165023
165059
165080
165825
166552
166584
166595
166596
166624
166693
166748
167595
167603
167791
168004
168386
168682
168696
169864
169880
169887
169936
169954
169985
170633
170699
170720
170757
171112
171399
171639
171874
171916
172229
172230
172237
172712
172715
172799
172850
172953
172972
173052
173068
173085
173091
173094
173107
173715
173748
173799
173815
173884
174957
174999
175570
175592
176285
176306
176317
176332
176388
177025
177578
177620
177732
177851
177868
178123
179102
179191
179220
179222
179234
179319
179320
180091
180110
180142
180690
180965
180967
181034
181171
181202
181208
181487
181493
181588
182089
182544
182614
182760
183360
183483
184456
184621
184665
184793
184801
184812
184860
185006
185027
185200
185201
185231
185237
185284
185292
185348
185472
185654
185675
186245
187169
187260
187330
187354
187419
187753
188702
188822
188969
188990
189254
189376
189483
190076
190094
190100
190108
190121
190260
190391
190423
190425
191331
191336
191721
191769
191841
191874
192011
192068
192074
192102
192526
192549
192859
192868
192911
193723
195791
195999
196576
196583
196681
196685
196711
196745
196772
196776
196931
197016
197025
197330
197340
198313
198488
198562
198643
198688
198804
199314
199353
199465
199488
199496
199511
199519
199545
199588
199593
199681
200017
200038
200285
201111
201242
201596
201647
201665
201717
202269
202537
202573
202608
202633
202655
202743
202761
202795
202809
202846
202876
202931
202933
203047
203736
203750
203760
203764
203775
203797
204090
204128
204233
204550
204552
204602
204735
204880
204885
204897
204944
205015
205016
205052
206118
206135
206172
207233
207308
207332
207613
207690
207777
207871
208393
208928
208951
208974
209374
209413
209690
209877
209883
209894
209990
210088
210097
210098
210280
211209
211421
211425
211804
211825
212523
212525
212839
213326
214622
214640
214679
214727
214869
216123
216130
218407
218422
218657
219878
219879
220634
220707
220741
221222
221341
221357
221367
221394
221426
221430
221487
221716
221781
222893
223407
223761
223767
223790
223801
223806
223811
223813
223829
224611
224613
224625
224651
224672
224719
224732
224949
224980
225057
225258
225392
225630
226814
226815
226870
226877
226897
226909
226921
226922
226935
227512
227526
227540
227556
227564
227590
227599
227613
227658
227932
227935
227964
227989
228078
228109
228137
229234
229608
229612
229614
229621
229655
229780
229827
230405
231307
231541
231582
231585
231768
232297
232511
232528
232556
232581
233452
233686
233753
233793
234034
234356
234795
234866
235240
235276
235322
235399
235416
235441
235899
235949
235955
235974
236596
236642
236805
236816
236834
236865
236928
237132
237198
237225
237936
238004
238600
238638
238691
239110
239201
239342
239396
239441
239445
239454
239478
239666
239673
240687
241191
241287
241323
243139
243243
243507
244019
244880
246302
246435
246481
246632
246652
246835
248934
249988
250002
250269
250672
250694
250705
250735
251261
251532
251680
252086
254809
254811
254814
254815
254816
254892
254903
254909
254918
255001
255042
255046
255108
255125
255165
256340
256397
256421
256493
257004
257049
257092
257111
257126
257489
257509
258682
260263
260850
260876
260881
260941
260986
261023
261043
261101
261173
261177
261178
261206
261216
261220
261303
261304
261346
261507
261620
261659
261722
262267
262324
262326
262490
262608
262893
262937
263359
264026
264038
264188
264221
264238
264273
265384
265386
265401
265403
265415
265841
265848
265872
265877
265884
265905
265919
266430
266810
266842
266868
266941
267082
268129
268154
268156
268543
268562
268572
268576
268583
268591
269578
271235
271784
271804
272837
272878
272898
272924
272971
273013
273031
273074
273082
274308
274312
274339
274350
274449
274589
274594
274595
274682
274740
274874
275058
275178
275478
277724
277736
278647
278656
278686
278807
278850
279331
281681
281711
281729
281986
283126
283706
283731
283891
284566
284567
284570
284590
284607
284615
284616
284681
284972
285068
285118
285909
285937
285941
285965
287002
287022
287561
288598
289659
290207
290235
290237
290256
290287
290315
290317
290347
290446
290675
290698
290862
290899
291009
292021
292074
292124
292130
292139
292535
292634
292638
292678
292922
293236
293484
293784
293984
293995
294173
294364
294443
295059
295171
295448
295452
295522
295664
295723
295868
296020
296162
296263
296305
296335
296573
296594
296655
296703
296749
296840
297115
297546
297572
297590
298678
299216
299680
299692
299701
299724
299727
299751
299758
299818
299844
299845
299855
299908
300013
300415
300654
300655
300664
300722
300766
300779
300942
301148
301210
301292
301403
302131
302157
302208
304264
304269
304277
304284
304294
304295
304308
304322
304332
304338
304341
304351
304385
304398
304426
304513
304541
305306
305456
306226
306267
306402
307922
308830
308889
308898
308923
308945
308949
308997
309023
309038
309046
309056
309059
309066
309067
309104
309608
309615
310196
310199
310212
310223
310229
310302
311330
311685
311882
312710
312719
312733
314242
314282
314291
314301
314303
314317
314340
314349
314350
314366
315006
315717
316368
316401
316449
316680
316839
317556
317772
317844
318455
318721
318745
318774
318797
318834
318884
318962
318988
319000
319002
319005
319026
319046
319079
319087
319140
319246
319887
319912
320212
320394
320405
321054
321083
321172
321176
321213
321230
321522
321586
321901
321935
322059
322065
322142
322185
322254
322327
322394
322405
322428
322929
323540
323584
323840
323948
324030
324098
324120
324121
324606
324671
324682
324685
324716
324717
324727
325552
325959
327003
327055
327485
327486
327940
328568
328580
328629
328848
328863
329019
329239
330080
330154
330930
331074
331321
331824
332550
332677
333383
333448
333700
334596
335236
336369
336400
336453
337061
338623
339447
339452
339497
341166
341182
341200
341221
341248
341294
341307
341327
341350
341453
341455
341492
341535
341692
342694
342913
342979
343033
343067
343363
343448
344480
344528
345914
345978
346019
346024
346031
346033
346064
346068
346090
346136
346399
346691
346697
346709
346730
346748
346797
346834
347374
347897
348105
348885
348947
349261
349306
349348
349749
350036
350151
350457
350474
351877
351888
352349
352504
353577
353587
353674
353719
353890
353895
355054
355066
355083
355084
355132
355579
355664
356848
358166
358313
358314
358321
358846
359447
359448
359537
359840
359973
360867
360909
360995
361293
361386
361411
361418
361849
361870
362448
362953
363099
364051
364903
364913
364951
365593
365731
366761
366778
366781
366786
366971
367323
367544
367758
367869
368622
368626
369386
369556
369659
369836
370585
371223
371241
371259
371300
372102
372103
372571
372684
372719
373295
373863
373905
373933
374157
374614
375307
375326
375371
375390
375405
375908
376299
376610
376727
376766
376829
377159
377160
377167
378748
378758
378764
378808
378813
378836
378851
378859
378865
378866
378889
378892
378893
378943
379025
379031
379043
379044
379071
379461
379754
380063
380915
381562
382618
382783
382826
384101
384495
384978
385019
386139
387057
387072
387121
387694
387700
388629
388669
388684
388727
389209
389538
389689
389714
389721
390269
390469
390497
390797
390800
391254
391281
391551
391636
391668
392030
392089
392128
393035
393251
394171
394215
394229
394280
395043
395050
395414
395499
396138
396154
396381
397267
397345
397496
398603
398964
399794
400146
400647
401538
401719
401818
402278
402313
402330
403145
403178
403345
403645
403659
403694
403703
403774
404556
405676
405684
405686
405688
405709
405711
405714
405715
405716
406244
406259
406964
407977
407983
408720
408736
409286
409573
409607
409623
409629
409632
409669
410080
410922
410940
411852
412785
412892
412930
412980
413151
413409
413410
413691
413718
413726
413996
414498
414539
414540
414578
415427
415461
415492
415541
415593
416643
417323
419192
419261
419296
419302
419333
420027
421056
421128
421193
421231
421245
421301
421348
421381
421533
421610
421718
421920
422047
422089
422234
422255
423018
423735
424682
424685
424688
424735
424758
424760
424789
425125
426427
426561
426720
426724
426773
427217
427383
427439
428704
428715
428751
428814
428818
428844
428932
429865
430141
430146
430258
430316
431124
431887
431915
431945
431973
431976
432006
432030
432031
432038
432451
432454
432723
433792
433797
433904
434400
435217
435263
435269
435366
435893
436855
436913
437110
437445
437449
437815
438577
438839
439584
2001 FB207
2001 FP220
2002 QZ117
2002 RU254
2002 TC98
2003 SF9
2004 FB
2004 TW84
2005 GO26
2005 NA41
2005 NJ78
2005 QU124
2005 QV133
2005 SV160
2005 SL185
2005 SD226
2005 TP22
2005 TN59
2005 TS116
2005 TX117
2005 TN126
2005 TN127
2005 UM13
2005 UQ23
2005 UZ81
2005 UD422
2005 UN429
2005 UN173
2005 VG24
2005 VH92
2005 WO66
2006 AE50
2006 BL123
2006 BD207
2006 CN10
2006 ER74
2006 QZ4
2006 QK68
2006 QG183
2006 RB56
2006 RB116
2006 SL100
2006 SD103
2006 SS147
2006 SV221
2006 SL102
2006 SD103
2006 ST146
2006 SR163
2006 SV221
2006 TW39
2006 TX40
2006 UW3
2006 UC41
2006 UA70
2006 UM113
2006 UB130
2006 UO172
2006 UJ351
2006 UM113
2006 UA129
2006 UB130
2006 UO172
2006 UV205
2006 UJ254
2006 UJ351
2006 VK5
2006 VC161
2006 WC77
2006 WC119
2006 WD151
2006 WD174
2007 BJ88
2007 EW14
2007 FU7
2007 RQ292
2007 TQ51
2007 TM53
2007 TX59
2007 TB63
2007 TX428
2007 TU184
2007 TW239
2007 TF311
2007 TF318
2007 UP28
2007 UB80
2007 UH133
2007 VX18
2007 VL19
2007 VN185
2007 VH199
2007 VE319
2007 XE29
2008 AC56
2008 AZ62
2008 GD29
2008 PC22
2008 RE62
2008 RO109
2008 RH123
2008 RF125
2008 SM49
2008 SD134
2008 SZ220
2008 SR221
2008 SF274
2008 SQ279
2008 TR50
2008 TF63
2008 TU136
2008 TZ167
2008 UN23
2008 UZ104
2008 UZ129
2008 UA135
2008 US165
2008 UT268
2008 UH292
2008 UO334
2008 VH14
2008 VC39
2008 WG35
2008 WZ35
2008 WF36
2008 WL86
2008 WY127
2008 YW74
2009 AC40
2009 AZ48
2009 BM119
2009 BA149
2009 BJ153
2009 CX1
2009 DB44
2009 DA113
2009 HP63
2009 SR28
2009 SA142
2009 UL56
2009 UR77
2009 UR146
2009 VX53
2010 AJ
2010 EH103
2010 PD1
2010 RA105
2010 RK105
2010 RQ176
2010 SM28
2010 TA9
2010 TX45
2010 TT113
2010 TK116
2010 VG211
2010 WZ21
2011 AD3
2011 BG116
2011 CO116
2011 DT4
2011 FF121
2011 RZ12
2011 SF5
2011 SX48
2011 ST76
2011 SU95
2011 SS100
2011 SD197
2011 SL197
2011 SH240
2011 SD261
2011 UM4
2011 UJ10
2011 UU95
2011 UE360
2011 UW243
2011 UV340
2012 BB29
2012 BU144
2012 FY49
2012 JG55
2012 PE4
2012 PT20
2012 TR50
2012 TL57
2012 TH84
2012 TW86
2012 TD157
2012 TE176
2012 TL183
2012 UN48
2012 UP91
2012 VV13
2012 VX101
2013 AY84
2013 AG98
2013 BY58
2013 CP15
2013 CZ20
2013 CW30
2013 CV159
2013 CA195
2013 ES6
2013 ER7
2013 ET11
2013 EV48
2013 EV60
2013 EX133
2013 FF21
2013 GZ3
2013 GA17
2013 GO97
2013 HT80
2013 HA82
2013 HB94
2013 HZ96
2013 HH106
2013 HK115
2013 QO75
2013 RR8
2013 RZ24
2013 RL48
2013 RP64
2013 RB75
2013 SM33
2013 SH47
2013 SG54
2013 SY63
2013 SG73
2013 TD27
2013 TE27
2013 TW51
2013 TH90
2013 TR108
2013 WW28
2013 YL27
2014 CC4
2014 EU22
2014 EA28
2014 HW23
2014 HQ150
2014 HZ196
2014 JA45
2014 MB6
2014 OT16
2014 OC106
2014 OC122
2014 OG188
2014 OY200
2014 OW201
2014 OV357
2014 PE10
2014 QA121
2014 QU121
2014 QV123
2014 QF397
2014 QQ397
2014 QE407
2014 QD148
2014 QP425
2014 QP349
2014 QL354
2014 QQ358
2014 RV57
2014 SW27
2014 SJ100
2014 SV112
2014 SE114
2014 SU114
2014 SH129
2014 SP155
2014 SJ156
2014 SW225
2014 TN29
2014 TO46
2014 TP46
2014 TM81
2014 UD81
2014 UX119
2014 WF25
2014 WP46
2014 WQ51
2014 WB224
2014 WP140
2014 WH211
2014 WO224
2015 AZ124
2015 AL279
2015 BA4
2015 BV22
2015 BQ30
2015 BN87
2015 BD99
2015 BN102
2015 BD241
2015 BL249
2015 DD162
2015 EA63
2015 FY141
2015 GN30
2015 HW79
2015 JO10
2015 KY39
2015 KR122
2015 MK85
2000 CP69
2001 FM197
2001 FL199
2001 FN200
2001 FR203
2001 FS204
2001 FQ206
2001 FU206
2001 FN207
2001 FF208
2001 FJ208
2001 FB210
2001 FG211
2001 FQ211
2001 FW211
2001 FU212
2001 FO214
2001 FW214
2001 FZ216
2001 FT217
2001 FH219
2001 FT219
2001 FO225
2001 FW225
2001 FB227
2001 FS227
2001 FN228
2001 FJ232
2001 FG235
2001 FD240
2001 SL78
2001 TG242
2001 UZ200
2002 GC28
2002 PJ184
2002 PO201
2002 RT287
2002 TS324
2002 VF5
2002 WN24
2003 QD84
2003 SO369
2003 SU239
2003 WQ164
2003 WF165
2004 RQ259
2004 TE87
2004 TM152
2004 TM185
2004 XP62
2005 EK135
2005 GS53
2005 GG193
2005 NV34
2005 NN112
2005 QS22
2005 QZ137
2005 ST228
2005 TX19
2005 TM173
2005 TQ195
2005 UL120
2005 UU425
2005 UJ171
2005 UV186
2005 US188
2005 UQ203
2005 UL476
2005 UR317
2005 WV45
2005 WD205
2005 YZ157
2005 YN194
2005 YO203
2005 YJ235
2006 BA22
2006 BS37
2006 BL162
2006 BN225
2006 DA54
2006 DF99
2006 DB103
2006 EK39
2006 QG71
2006 RW69
2006 RF109
2006 RY117
2006 RF120
2006 RO122
2006 SV113
2006 SK395
2006 SS147
2006 SN163
2006 SM170
2006 SX170
2006 SA171
2006 SU178
2006 SH180
2006 SQ190
2006 SZ193
2006 SN194
2006 SH252
2006 ST329
2006 SY347
2006 TX15
2006 UE208
2006 UG251
2006 UF306
2006 UG322
2006 UK356
2006 VR62
2006 VZ116
2006 WL165
2006 WP166
2006 WT166
2006 WL169
2006 WT183
2007 CZ74
2007 EW36
2007 FB50
2007 GL63
2007 RD77
2007 RY79
2007 RA183
2007 TT3
2007 TE51
2007 TB62
2007 TU80
2007 UP79
2007 UK83
2007 UF93
2007 VO82
2007 VT102
2007 VG106
2007 VC112
2007 VK132
2007 VW162
2007 VY236
2008 AD50
2008 AC55
2008 CA52
2008 FV12
2008 FM18
2008 RS72
2008 SO274
2008 TK16
2008 TH57
2008 TN183
2008 UD23
2008 UB56
2008 UF366
2008 WT88
2008 WX108
2008 YS3
2008 YY83
2008 YK93
2008 YR98
2008 YJ148
2008 YS153
2009 AN11
2009 BH87
2009 BO121
2009 DF25
2009 DR75
2009 DM107
2009 ES29
2009 KR31
2009 KC32
2009 KG34
2009 KL34
2009 SX26
2009 SP62
2009 SX82
2009 SX103
2009 SB212
2009 SW227
2009 SO256
2009 UV142
2009 VQ19
2009 VL107
2009 WC191
2010 CV24
2010 CX36
2010 JZ85
2010 KW87
2010 PQ79
2010 RH1
2010 RL6
2010 RP6
2010 RL30
2010 RT61
2010 RW64
2010 RN83
2010 SD17
2010 TY2
2010 TZ19
2010 TW45
2010 TT71
2010 TZ73
2010 TW94
2010 UR17
2010 XH5
2011 BC36
2011 BK57
2011 BN58
2011 CD81
2011 CH90
2011 CK116
2011 CL116
2011 EK32
2011 FE15
2011 FG121
2011 FK138
2011 JN26
2011 KP2
2011 QH96
2011 RC7
2011 RE7
2011 RW17
2011 SU30
2011 SY48
2011 SM58
2011 SH79
2011 SQ81
2011 SW139
2011 SE148
2011 SK150
2011 SB168
2011 SB169
2011 SZ189
2011 SM197
2011 SZ229
2011 SA239
2011 UU4
2011 UL148
2011 UC219
2011 UA321
2011 VM11
2011 WN19
2011 WA124
2012 BT82
2012 BN99
2012 JB29
2012 QU3
2012 QB27
2012 TG17
2012 TV49
2012 TP158
2012 UP11
2012 UR117
2012 VQ12
2012 VF23
2012 VS23
2012 VB32
2012 VQ112
2012 XH90
2013 AH10
2013 AG80
2013 CK45
2013 CR155
2013 EU68
2013 HK72
2013 HT77
2013 HD78
2013 HK84
2013 HG87
2013 HU91
2013 HO102
2013 HQ106
2013 HQ108
2013 HJ109
2013 HP110
2013 HS112
2013 HJ113
2013 HO116
2013 HQ116
2013 HO134
2013 HC137
2013 HB139
2013 HS146
2013 HT146
2013 HY146
2013 HA147
2013 HG147
2013 HF150
2013 QW12
2013 QZ90
2013 SQ32
2013 SW34
2013 SN39
2013 SH54
2013 SF65
2013 TP15
2013 TM38
2013 TU85
2013 WH8
2013 WR8
2013 WM15
2013 YZ81
2014 DE88
2014 DO106
2014 DT106
2014 DY111
2014 ER22
2014 FE10
2014 GP
2014 GF31
2014 HZ176
2014 KH82
2014 OV6
2014 OM9
2014 OL29
2014 OO39
2014 OC66
2014 OD134
2014 OD136
2014 OV136
2014 OS137
2014 OK139
2014 OV145
2014 OL148
2014 OV148
2014 OE215
2014 OR301
2014 OW320
2014 QP115
2014 QB124
2014 QC223
2014 QG225
2014 QO229
2014 SX18
2014 ST37
2014 SJ82
2014 SX95
2014 SC98
2014 SS98
2014 SK99
2014 SW108
2014 SD109
2014 SG109
2014 SF126
2014 SF129
2014 SK167
2014 SN167
2014 SE228
2014 SJ236
2014 US40
2014 WG51
2014 WW133
2014 WB141
2014 WZ143
2015 AU30
2015 AY33
2015 AP104
2015 AX132
2015 AX256
2015 BA100
2015 BT383
2015 BB130
2015 BZ166
2015 BE170
2015 BY189
2015 BC241
2015 BP507
2015 CL21
2015 CR43
2015 EX38
2015 GB15
2015 GD17
2015 GN19
2015 GY29
2015 HN65
2015 HF78
2015 HQ79
2015 HA80
2015 HK102
2015 HZ102
2015 HU156
2015 KH45
2015 KP50
2015 KV50
2015 OK35
