id
147
184
379
431
461
492
561
710
717
828
848
946
954
988
1003
1027
1073
1082
1247
1253
1539
1615
1624
1672
1691
1698
1782
1851
1895
1898
1962
2153
2177
2203
2228
2250
2296
2297
2325
2361
2394
2418
2489
2592
2659
2718
2803
2863
2884
2919
3274
3292
3327
3418
3543
3591
3599
3705
3746
3799
3814
3832
3852
3884
3930
3945
4050
4061
4139
4151
4153
4178
4193
4306
4334
4366
4406
4463
4545
4571
4616
4633
4642
4658
4683
4685
4778
4821
4941
4972
4980
5043
5148
5228
5532
5566
5613
5680
5698
5706
5714
5974
6075
6187
6221
6236
6287
6375
6625
6656
6805
6883
6953
6960
7077
7149
7314
7373
7378
7417
7446
7504
7537
7746
7892
7896
7925
7927
7943
7968
7991
8004
8095
8189
8205
8239
8314
8346
8459
8583
8613
8700
8717
8735
8786
8803
8869
8906
8912
9163
9166
9293
9322
9386
9409
9446
9451
9789
9797
10018
10045
10223
10232
10289
10338
10463
10641
10681
10819
10929
10966
11095
11204
11404
11485
11590
11783
11826
11844
11948
12129
12394
12560
12758
12767
12889
13179
13263
13324
13348
13369
13389
13562
13649
13686
13776
13796
13820
13829
13838
14072
14186
14248
14346
14367
14428
14547
14638
14654
14730
14732
14887
14963
14993
15064
15074
15085
15123
15222
15257
15329
15588
15698
15929
16015
16265
16331
17097
17228
17231
17329
17389
17413
17573
17745
17981
18048
18148
18202
18296
18345
18446
18449
18486
18553
18670
18697
18850
18852
19087
19089
19528
19588
19593
19601
19636
19643
19923
20100
20127
20211
20468
20530
20548
20667
20818
21014
21579
21807
21819
22134
22317
22500
22716
22732
22773
22864
23043
23061
23065
23069
23441
23487
23539
23578
23701
23919
24408
24652
24752
24876
24880
24953
25119
25128
25157
25247
25294
25296
25612
25822
25824
26523
26614
26635
26740
26746
27155
27227
27500
27598
27733
27921
27923
27996
28561
28586
28684
28685
28709
29553
29582
29838
29880
29941
29983
30225
30390
30456
30492
30531
30672
30870
30907
30949
30982
31084
31271
31272
31277
31334
31633
31653
32159
32313
32393
32713
32741
32841
32981
33009
33012
33212
33282
33777
33783
34125
34426
34526
34591
34611
34721
34727
34795
34898
34957
34965
35094
35156
35167
35214
35248
35326
35338
35343
35614
36089
36660
36818
36867
36914
36920
37028
37035
37050
37064
37065
37159
37446
37704
38038
38297
38378
38456
38546
39167
39336
39593
40198
40200
40211
40640
40816
40872
41062
41076
41087
41121
41128
41153
41234
41237
41250
41259
41336
41834
42067
42136
42206
42297
42397
42737
42752
42769
42773
43019
43194
43511
44003
44535
44562
44625
45345
45521
45587
45611
45645
45673
46228
46472
47085
47613
47615
47639
47731
47732
47736
47795
47891
47912
47927
47933
48311
48501
48821
48828
49440
49481
49587
49608
49613
50461
51105
51117
51143
51166
51804
51849
51900
51972
51975
52363
52717
54182
54928
54932
55134
55144
55161
55242
55255
55598
55949
55950
57124
57861
57937
57979
58091
58225
58238
58256
58297
58302
58526
58539
58541
58552
59862
60001
60194
60539
61423
61884
62287
62758
62825
62854
63534
63591
63903
64452
64580
64654
64833
64844
64862
64900
64918
64986
65488
65533
65768
66065
66128
66690
66990
67214
67242
67358
68429
68802
68812
69007
69115
69430
69952
70000
70004
71070
71327
71507
71527
71530
71575
71592
71650
71704
71707
72507
72540
72603
73402
73497
73718
73851
74418
74421
74442
74480
74524
76212
76300
76511
76516
76630
76634
76637
76681
76786
77457
78281
78418
78498
78524
78540
78625
78631
79027
79269
79288
79483
79491
81589
81693
81949
81999
82001
82053
82741
82768
82979
83035
83093
83122
83302
83371
83398
83546
83569
83578
83848
83878
83894
83976
84650
84810
84902
85008
85502
85601
85796
86138
86237
86244
86303
86312
88003
89108
89401
89862
89892
89909
90151
90765
90808
91147
91149
91153
91944
91952
91975
91978
91982
92004
92006
92221
94277
95233
95298
95402
95442
95568
95691
95943
96055
96065
96542
96560
96591
97022
97161
97323
97349
97467
97475
97489
97493
97520
97530
97546
97561
97582
97616
97626
97692
97695
97706
98827
99848
100258
100340
100476
101196
101284
101560
101702
101751
103240
103793
103804
103823
103851
103946
104145
104152
104479
104506
104541
104760
104900
104909
104945
104953
105023
105073
105774
105824
105842
105932
106096
106126
106231
106238
106354
106580
106934
107867
108783
109133
109451
109507
109695
109911
109912
109934
110215
110216
110266
111160
111570
111773
112339
112997
113126
113331
113398
113481
114323
114635
114658
114926
115613
115658
115826
116472
116540
116557
116975
117052
117390
117470
117475
117610
117946
118420
118432
118826
119041
119812
119838
119910
120627
120696
121369
121491
121518
121571
121581
121591
121636
121645
121650
121655
121673
121815
121828
121856
121861
121866
121900
123311
123817
123955
123960
124007
124020
124042
124058
124090
124095
126474
126571
126676
126871
127046
127326
127397
127416
127452
127456
128045
128084
128190
128195
128469
128880
128906
128938
128963
128986
129069
129163
129298
129348
129368
129421
130269
130270
130271
130296
130348
130354
132731
132791
132845
132925
133032
133438
133481
133703
133753
133802
133830
134079
134178
134377
134381
134867
135098
135353
135381
135509
135519
136352
136637
136882
138557
138627
138737
139971
140399
140968
141108
141240
141278
141279
141371
141461
142176
143542
143546
143588
144242
144402
144613
144769
144871
145322
145366
145424
145491
145512
145546
145655
145764
145872
145875
146915
146927
146940
146941
146947
146948
147716
147803
147824
147828
147917
147927
148118
148142
148325
148376
148458
148836
149062
149130
149136
149504
149783
149872
150007
150146
150188
150334
150587
150625
150650
151353
151369
152089
152116
152117
152138
152337
152366
152493
152514
152552
152846
152847
152857
154206
154949
154972
155244
155272
155314
155322
155387
155394
155413
155489
155559
155579
155598
157012
157023
157061
157066
157276
157338
157406
157420
157434
157698
157705
157707
157855
157951
158084
158592
158754
158780
159075
159097
159248
159250
159324
159353
159453
160308
161196
161635
161766
162435
163498
164131
164190
164484
164529
164617
164788
164795
165091
165691
165705
165789
165844
165847
166656
166780
166781
166782
166869
167452
167570
167571
167607
167613
167617
167663
167892
167931
167983
168282
168706
169139
169233
169275
169277
169290
169307
169424
169446
170162
170818
170865
171118
171144
171426
171957
172802
173482
173876
175023
175075
175359
175363
175375
175597
175635
176468
176521
177568
178033
178116
178241
178555
179360
179425
179455
179498
179530
180109
180143
180176
180770
181488
181498
181572
181625
182166
182228
182619
182848
182893
182897
182900
183330
184224
184240
184658
184680
184808
184996
185067
185406
185455
185521
185570
185755
186333
186338
186998
187177
187338
187431
187467
188154
188502
188533
188541
188832
189947
190245
190308
191513
191515
191546
191550
192189
192191
192589
192901
195674
195816
195830
195845
195869
195882
195922
195989
196029
196031
196179
196652
197402
198481
198729
198755
198793
198795
199255
199766
199774
199912
199969
199970
201897
201898
201901
201916
202384
202575
202581
202622
202644
202841
203293
204159
204174
204175
204231
204250
204251
204270
204272
204835
204915
205456
205516
205540
205544
205636
206296
206716
206785
206838
207374
207377
207388
207621
207818
207832
207844
208210
208398
209013
209377
209462
209498
209499
209500
210119
210188
211009
211011
211450
212575
212599
212666
212817
212840
212931
212933
212946
213771
214451
214455
214467
214724
214855
214887
215364
215968
215992
215997
216028
216360
216759
217167
217369
217566
217574
218492
218501
218517
218802
219106
219134
219271
219308
220756
220842
220857
221391
221456
221500
221680
221741
221751
221774
221898
222189
223342
223356
223389
223416
223451
223455
223804
223975
224695
224704
224752
224762
224995
225029
225045
225082
225259
225446
226436
226473
226515
226534
226812
227039
227056
227702
227723
227738
228710
228914
228919
228972
228985
229024
229254
229301
229731
229791
229798
229799
229955
230486
231013
231028
231394
231514
231519
231593
231597
231827
232010
232259
232276
232294
232722
232749
232953
233042
233047
233063
233461
233580
233638
233646
233759
233763
233838
233848
233886
234379
234404
234917
235470
235561
235976
235981
236558
236814
236863
236909
236919
236993
237196
237217
237251
237301
237325
237377
237426
238025
238423
238667
238672
239401
239482
239668
239708
239715
240230
240521
240530
240538
241040
241050
241055
241091
241215
241489
241541
241827
242120
242279
242375
242728
245085
245152
245472
245572
245622
245943
245968
245969
245970
246035
246050
246300
248095
248417
248472
248578
249443
249650
250087
250936
250946
251860
251938
251958
254203
254228
254232
254292
254357
254389
255009
255019
255121
255162
255242
255252
255320
255327
255334
255356
255367
255381
255453
255461
256427
256484
256535
257145
257147
257159
257697
257720
257755
257947
257989
259520
260258
260274
260284
260317
260357
260970
261060
261310
261328
261636
261643
261765
261836
261837
263911
264067
264189
264798
265915
265930
266008
266615
266659
266700
266733
266755
266785
266914
267530
267831
267834
267877
268178
268218
268670
269131
269138
269243
269401
269557
269743
269747
269921
270125
270716
270890
271917
272052
273066
273087
274305
274440
274493
274618
274761
274791
275170
275444
275571
276550
276638
278413
278437
278720
278936
278979
279011
279471
279934
279953
280241
280657
280658
281309
281311
281527
281718
281774
281968
282218
284358
284369
284848
285378
286014
287294
287711
287744
288553
288673
288872
288979
289054
289064
289074
290230
290238
290356
290371
290667
290902
290947
291053
291197
291482
291773
292239
292268
292330
292526
293032
293123
293214
293447
294279
294286
294931
295597
295667
295679
295906
296053
296574
296613
296723
296835
297140
297812
297833
297940
299311
299816
299827
299929
299994
299996
299997
300001
300035
300100
300137
300141
300153
300164
300193
300892
300917
301522
301850
302417
303671
303814
303843
303849
303918
303922
304594
304688
304756
304769
305521
305534
305535
306337
307193
308340
308409
308465
308469
308560
309127
309678
310046
310381
310410
311379
311389
311404
311493
311507
311516
311948
313686
314369
314523
314565
315162
316234
316271
316298
317490
318599
319127
319231
319289
319291
319464
319581
319595
319611
320079
320163
320165
320195
320271
320442
320775
321000
321092
321388
321396
321520
321671
322304
322334
322481
323038
323354
323628
324179
324194
324211
324226
324283
325578
325591
326063
326107
326128
326143
326191
326557
326559
326620
326745
326810
327562
329052
329839
330180
330776
330778
332200
332223
332662
332937
333798
334206
335849
335899
335941
335979
336020
336025
336538
336709
337436
337538
337564
337864
337886
339442
340699
340719
340758
341285
341418
341594
341597
341639
341680
341767
341769
341799
341822
341823
341833
342945
343749
344028
344061
344367
345554
345558
345591
345596
345608
345622
345934
346822
346872
347392
347397
348871
348876
348925
348958
348980
348996
349018
349038
349410
350546
350757
350770
350807
351524
351532
351926
351965
352028
352480
354157
354829
355615
355625
356847
357216
357845
357878
357900
358403
358462
358927
359560
359570
361458
361464
362298
362303
362807
362816
363115
363443
363981
364485
364512
365366
365726
365930
366532
366707
367051
367442
367877
368072
368391
368395
368406
369912
370400
372065
372224
372253
372258
372264
372267
372280
372302
372766
372983
373096
373366
373812
374631
374651
374654
375086
375089
375099
375110
375124
375561
375607
375611
375635
375643
376073
376214
376844
378412
378415
378442
378480
379073
379076
379077
379118
379121
379444
380690
381225
381924
381959
383347
383759
383767
383792
384208
384254
385055
385272
385439
385909
386961
387108
387465
388021
388362
388382
388385
388397
388674
389210
389235
389238
389260
389264
390051
390180
390220
390631
391345
391738
391765
391770
391919
392143
392298
392420
393124
393136
393951
394026
394302
394697
394707
395272
395644
395856
395986
396292
396824
396828
397064
397684
398254
398975
399032
399937
400222
400459
400728
401466
401477
401580
401648
401667
401732
402031
402467
403446
403471
403482
403502
404088
404098
404342
404343
404558
404963
405239
405265
405341
405840
406297
406314
407020
407022
407061
407131
407156
407157
407182
407188
407204
407239
408553
409093
409758
410158
410979
411047
411481
413465
414303
414313
414322
414336
414352
414365
414663
414683
414723
414727
414733
415152
415477
416140
416671
417403
418483
418558
418692
418709
418725
418735
418740
418760
418775
419395
420100
420130
420147
420209
420671
421221
421308
421481
421705
422534
422537
422929
423159
423336
424897
424899
424934
424957
425402
425457
426617
426619
426681
426798
426910
427090
427094
427119
427664
428936
428979
428980
429041
429050
429388
429916
429923
429952
430057
430148
430158
430263
431452
431510
431906
432151
432165
432533
432546
433073
433627
433787
434848
434942
435341
436658
437650
437690
437715
438225
439173
1995 SR65
1995 VT6
1995 VZ17
1999 TS299
1999 VK76
2001 QK319
2001 UO103
2001 WE52
2002 RY210
2002 RZ245
2002 RY274
2002 RV289
2002 ST73
2002 TF106
2002 VC137
2003 UG403
2003 UW346
2004 RY271
2004 TR57
2004 TR76
2004 TL162
2004 TM198
2004 TO276
2004 VO41
2004 XV187
2005 EG29
2005 GE47
2005 GE48
2005 GD52
2005 GV219
2005 QJ134
2005 SQ11
2005 SW129
2005 SZ139
2005 SB228
2005 TJ13
2005 TH26
2005 TE27
2005 TS126
2005 TF136
2005 TN191
2005 UK85
2005 UT86
2005 UD113
2005 UV123
2005 UT432
2005 UZ211
2005 UO511
2005 UL529
2005 UG280
2005 UQ358
2005 VM117
2005 WN44
2005 WM68
2005 WB125
2005 WW138
2005 WP142
2005 WN145
2005 XC61
2005 XT104
2005 YU61
2005 YA140
2005 YT187
2006 AU13
2006 AC29
2006 BU47
2006 BO66
2006 BY134
2006 DY24
2006 DH145
2006 HS65
2006 JL67
2006 KU14
2006 RV58
2006 RB79
2006 RR114
2006 RD115
2006 SB70
2006 SN114
2006 SG116
2006 SD401
2006 SR402
2006 ST211
2006 TU16
2006 TS30
2006 TA39
2006 TH97
2006 TB98
2006 TG105
2006 UA5
2006 UZ22
2006 US41
2006 UZ197
2006 UC199
2006 UJ205
2006 UC278
2006 US283
2006 UA359
2006 VU55
2006 VG62
2006 XA71
2007 BY13
2007 BR85
2007 CN31
2007 CA79
2007 EN44
2007 ES194
2007 FY18
2007 HS70
2007 RU67
2007 RG201
2007 RN308
2007 TD61
2007 TY63
2007 TN387
2007 TD390
2007 TY132
2007 TB423
2007 TM427
2007 TD438
2007 TQ439
2007 TG253
2007 TK260
2007 UC15
2007 UZ18
2007 UH19
2007 UQ59
2007 VC74
2007 VZ234
2007 VG285
2007 VH315
2007 XC7
2008 AH47
2008 AZ73
2008 BL29
2008 CZ196
2008 CJ198
2008 DY73
2008 DQ86
2008 EF162
2008 FY53
2008 GN29
2008 RO62
2008 RT123
2008 SX20
2008 SV106
2008 SC262
2008 TV58
2008 TZ76
2008 TL102
2008 UN13
2008 UD28
2008 UM33
2008 UR63
2008 UW209
2008 UZ277
2008 UY329
2008 WT35
2008 WK37
2008 WT64
2008 WP110
2008 WE122
2008 WH130
2008 YR35
2008 YN48
2009 AD5
2009 AM19
2009 BP15
2009 BF92
2009 BV137
2009 BQ159
2009 BP174
2009 BE178
2009 DQ18
2009 JL7
2009 RR11
2009 SL148
2009 SK269
2009 SX291
2009 TS28
2009 UY25
2009 UD120
2009 UH120
2009 VT55
2009 WK65
2009 WR70
2009 WH168
2009 WZ207
2009 WV242
2009 WU260
2010 AG21
2010 DE74
2010 EW31
2010 ND5
2010 NG49
2010 RM111
2010 RA180
2010 SA21
2010 TP4
2010 TL23
2010 TP30
2010 TL42
2010 TQ75
2010 TW81
2010 TQ98
2010 UM28
2010 VZ23
2010 VZ184
2010 VR216
2010 WY60
2010 XA23
2011 AE52
2011 BC2
2011 BZ103
2011 BT111
2011 CH53
2011 CC62
2011 DN18
2011 EP14
2011 FU60
2011 FV75
2011 QE36
2011 QP58
2011 SA62
2011 UY23
2011 UJ48
2011 UU113
2011 UF120
2011 UY244
2011 UJ250
2011 UF327
2011 WY80
2012 DC43
2012 DX52
2012 DS90
2012 DU92
2012 FH27
2012 FP46
2012 FX46
2012 FQ63
2012 HN55
2012 QD26
2012 SS7
2012 TW27
2012 TC51
2012 TK55
2012 TS80
2012 TK88
2012 TO151
2012 TF153
2012 TC158
2012 TQ189
2012 TL213
2012 TW219
2012 TR311
2012 UD31
2012 UP90
2012 UZ101
2012 UW118
2012 UE154
2012 VR7
2012 VS21
2012 VC32
2012 VL39
2012 VP111
2012 WX33
2013 AR45
2013 CF85
2013 CK107
2013 CT210
2013 EK46
2013 EC82
2013 EO85
2013 FK15
2013 GL45
2013 GA56
2013 GL118
2013 GQ120
2013 HO145
2013 HQ146
2013 JB41
2013 LS2
2013 PB24
2013 QJ32
2013 QM42
2013 QF53
2013 QY89
2013 RQ29
2013 RO34
2013 RQ64
2013 RU64
2013 SZ13
2013 SE39
2013 SO65
2013 TP22
2013 TK26
2013 TW40
2013 TC49
2013 TO75
2013 TN97
2013 TV133
2013 TG141
2013 TB142
2013 YR109
2013 YM122
2014 AJ8
2014 AL47
2014 DC133
2014 FA9
2014 FA10
2014 FQ34
2014 GG30
2014 HS49
2014 HV136
2014 JF39
2014 NN2
2014 OZ24
2014 OD28
2014 OU38
2014 OR229
2014 OF240
2014 OV301
2014 OC303
2014 OU305
2014 OE327
2014 PG2
2014 PX10
2014 PB66
2014 QV119
2014 QE120
2014 QV205
2014 QB236
2014 QU298
2014 QU307
2014 QH349
2014 QW355
2014 RN28
2014 SL21
2014 SJ101
2014 SY118
2014 SS230
2014 SR232
2014 SM264
2014 SD301
2014 SY317
2014 SL318
2014 TU1
2014 TD3
2014 TB4
2014 TX4
2014 TO21
2014 TK28
2014 TN44
2014 UW31
2014 UB119
2014 UZ120
2014 WP44
2014 WU136
2014 WQ137
2014 WF139
2014 WO225
2015 AM30
2015 AS31
2015 AO79
2015 BB60
2015 BG435
2015 BK251
2015 BZ351
2015 CJ22
2015 CH55
2015 DU13
2015 EC34
2015 HE98
2015 KA24
2015 KL142
1995 SM33
2001 FQ200
2001 FD208
2001 FW213
2001 FW221
2001 FH225
2001 FX225
2001 FN229
2001 QD302
2001 TU128
2002 QK88
2002 RY209
2003 EQ63
2003 QY80
2003 SY376
2003 SV349
2003 UF127
2004 DY53
2004 RK234
2004 RY281
2004 TZ48
2004 TC144
2004 TD154
2004 TG331
2004 XS16
2005 EM162
2005 GW219
2005 MZ49
2005 NV56
2005 SK78
2005 SS185
2005 SL212
2005 TE122
2005 TP182
2005 UQ28
2005 UD78
2005 UV87
2005 UB206
2005 UW259
2005 UY325
2005 WV69
2005 WT169
2005 YP62
2005 YW137
2006 BL283
2006 DH30
2006 DF37
2006 DN93
2006 DD104
2006 DJ123
2006 ED6
2006 EX24
2006 RV105
2006 RJ109
2006 RW109
2006 RO113
2006 RV113
2006 RA117
2006 RG118
2006 RM121
2006 SS99
2006 SK104
2006 SY382
2006 SS395
2006 SR158
2006 SB180
2006 SS246
2006 TB32
2006 TC99
2006 UF47
2006 UA76
2006 UG360
2006 UQ114
2006 UP118
2006 UK234
2006 VA86
2006 VB138
2006 WH132
2006 WS136
2007 CW73
2007 ER158
2007 GR66
2007 RM72
2007 RT108
2007 RQ111
2007 RW193
2007 RK292
2007 TR98
2007 TP423
2007 TU424
2007 TM438
2007 TV206
2007 TU291
2007 TU307
2007 UH89
2007 UQ108
2007 UK131
2007 UZ131
2007 VB66
2007 VT106
2007 VA175
2007 VA284
2007 VZ308
2007 YN16
2008 BE46
2008 EU57
2008 FY86
2008 OY7
2008 RJ57
2008 RD110
2008 SN24
2008 SG77
2008 TJ161
2008 TM184
2008 UP340
2008 VN63
2008 WK4
2008 XZ20
2008 YL47
2008 YX58
2008 YC148
2009 AZ10
2009 BC96
2009 CA64
2009 DR21
2009 DV29
2009 FV67
2009 QS51
2009 RZ53
2009 SQ50
2009 SR261
2009 UQ44
2009 UN55
2009 UH113
2009 WD96
2009 WH203
2010 CE40
2010 CD98
2010 CT110
2010 CX110
2010 DE5
2010 LB74
2010 LG79
2010 MR58
2010 QX4
2010 RN84
2010 SV14
2010 VR84
2010 VM130
2010 VD189
2010 WA58
2010 XX22
2011 AP59
2011 AV64
2011 BC4
2011 BS71
2011 BO133
2011 BA134
2011 BT144
2011 CS103
2011 CE107
2011 CY113
2011 DW21
2011 DN44
2011 FE24
2011 FB44
2011 GV84
2011 SQ1
2011 SE98
2011 SC99
2011 SU101
2011 SJ147
2011 SL152
2011 SO214
2011 SM260
2011 TN10
2011 UT394
2011 UA401
2011 UW220
2011 UW242
2011 UK312
2011 UE313
2011 VD14
2011 VF22
2011 WZ36
2011 WT141
2012 BR50
2012 BO80
2012 DJ37
2012 FT7
2012 GA2
2012 QO
2012 TW49
2012 TZ82
2012 TZ140
2012 TW164
2012 TB226
2012 TH264
2012 TJ298
2012 UC41
2012 US72
2012 UB74
2012 UG74
2012 UQ91
2012 UJ113
2012 VK55
2012 WY30
2013 ED70
2013 EB98
2013 EJ100
2013 FO21
2013 GU46
2013 GR58
2013 GS82
2013 HZ70
2013 HO71
2013 HC91
2013 HB96
2013 HH97
2013 HX102
2013 HR110
2013 HM115
2013 RW93
2013 ST31
2013 SV73
2013 TY19
2013 TY69
2013 TP77
2013 TP100
2013 WQ29
2013 YD109
2014 EC16
2014 FZ57
2014 HM48
2014 JO53
2014 JF77
2014 KQ47
2014 KA81
2014 KG83
2014 OD51
2014 OT117
2014 OL118
2014 OT125
2014 OS126
2014 OG304
2014 OK304
2014 PP10
2014 PQ16
2014 PN38
2014 QP388
2014 QT138
2014 QP406
2014 QK223
2014 QN228
2014 QL320
2014 RW19
2014 RG60
2014 SK97
2014 SP103
2014 SR103
2014 SN124
2014 SN130
2014 SH138
2014 SV273
2014 SP343
2014 TL3
2014 TH19
2014 UR8
2014 UU38
2014 WG15
2014 WX30
2014 WB103
2014 WG313
2015 AF40
2015 AW70
2015 AM151
2015 AB160
2015 AK165
2015 AK271
2015 BZ16
2015 BZ89
2015 BS122
2015 BA173
2015 BR174
2015 BV245
2015 BD247
2015 BW250
2015 BC273
2015 CL26
2015 DE91
2015 EY28
2015 EK35
2015 FB142
2015 GW14
2015 GK29
2015 GV34
2015 HH70
2015 HK76
2015 HM134
2015 KZ42
2015 KR145
2015 LR29
2015 MH103
2015 OV25
