id
1920
2735
3336
4267
4604
4990
5169
5366
5472
5540
5716
6108
6180
6202
6278
6429
6585
6617
6620
6636
7044
7541
8017
8218
8438
8592
8595
8771
8948
9051
9234
9253
9284
9489
9500
9589
9596
9700
9822
10250
10659
10911
10963
10964
10966
10968
11203
11270
11379
11431
11437
12151
12228
12299
12417
12515
12629
12637
12715
12805
12871
12910
12947
12948
12950
12954
13069
13596
13693
13865
13887
14602
14767
14768
14770
14773
15057
15151
16051
16245
16313
16317
16639
17320
17321
17327
17612
17876
18021
19049
19050
19422
19878
19880
19881
19885
20341
20929
20931
21541
22209
23041
23356
23588
23729
23805
24487
24576
24859
25691
25958
26043
27638
27982
28614
29033
29039
29177
29471
29604
30654
30657
30794
32215
32576
32679
32681
32694
33924
34106
34765
34773
34842
34941
34946
34951
36313
37482
37485
37918
38010
38581
39211
45132
45574
46472
47762
47880
48221
50565
50931
52149
52154
52157
52162
55178
55491
55596
55677
58068
59914
65428
65549
68980
69192
70149
71661
72516
79018
82643
85063
100478
163351