id
1031
5959
10606
11996
15410
20433
22291
22754
23617
24178
24307
26985
28016
31003
31788
33074
33666
33746
34096
34275
35302
35328
37189
39606
41399
43179
43453
44513
45210
46409
48304
49591
51801
52695
53410
54635
57674
59817
59927
62036
62731
65078
65677
67208
67215
68060
69968
72665
72840
72847
74460
75949
76765
76780
77749
77866
78550
78590
78784
78795
79119
79504
82986
83175
83452
83652
83706
84661
84842
91865
91950
92173
94331
95498
95550
95670
95997
96054
97070
97587
99418
99975
100916
101710
103366
105919
105992
107151
108481
108928
108954
108971
109433
111586
112886
114643
117224
117681
118045
118948
119933
120944
123640
123935
124114
127135
127640
128180
128478
128940
129026
130333
133549
133552
133780
136084
138819
140554
140892
141097
141245
141313
141333
143263
143326
143606
144479
144598
146263
146822
147390
149189
149772
152327
157000
157460
157694
161686
164658
167943
169353
173498
174468
176568
177069
178746
179543
180078
181644
181707
184923
186385
187392
187930
188158
188524
189946
189952
190704
191237
191549
193074
195940
197256
197276
199720
199743
199790
200020
204144
206284
211475
211713
213422
213757
214981
215571
216560
216579
217664
218064
221393
222181
223371
225084
227758
229281
229310
230689
230962
231052
231463
231823
232930
232986
233565
234361
234768
234851
238037
238318
238409
239429
239777
240259
241520
242397
244270
244486
244580
244591
245075
245076
245113
246698
246806
246819
247155
247660
247951
248003
248077
248296
248939
249330
252833
252835
254191
254544
256960
257194
258753
260218
263720
267542
267553
267571
267810
269136
269663
269871
271258
271716
273046
274452
276590
276596
278467
278941
279055
279585
280730
281880
283026
283901
285242
286087
288045
288573
290022
290872
292338
293253
293408
295791
297476
300944
301546
301627
302070
302878
303923
304543
304553
305381
308420
308518
308600
310291
310638
311444
311505
316548
322586
324823
325501
325869
326565
326903
327045
330824
331048
332958
334483
335230
336529
336734
337247
337790
337944
339013
339044
341676
343069
343373
343633
344391
346151
349342
351961
352091
352519
352528
352592
354806
355227
356876
360583
361535
361914
362374
362854
363062
363417
364459
365399
368306
372322
375117
375549
375661
376048
379521
379709
380521
381662
381890
383678
383756
384162
385159
385626
385887
388053
389557
390359
390504
390861
391384
392177
393033
394747
395584
395868
396049
397412
398101
399006
399907
401117
401494
401596
401796
402508
403176
403944
403997
404632
404796
406311
408761
409102
410096
410109
410655
410984
411472
411830
411978
412556
414740
415264
416711
418823
419248
419348
419389
419947
420613
420644
420701
420722
420937
423090
423165
424916
424987
425262
425263
425377
425401
425978
426041
426787
427846
428409
428454
428534
429012
429293
430264
430368
431489
431632
432220
432574
432934
433635
434068
435411
438289
1999 XE260
2002 PF194
2002 VP95
2003 SC330
2005 SP56
2005 TL101
2005 UX371
2005 VM56
2006 BT76
2006 BL278
2006 FU28
2006 KH37
2006 SE388
2006 TO53
2006 UP193
2006 XE16
2007 BA35
2007 BY99
2007 EH58
2007 ET170
2007 HG17
2007 TJ408
2007 UC73
2007 VX122
2008 SR34
2008 SZ236
2008 UL47
2009 BA69
2009 QF13
2009 RG55
2009 SY204
2009 UM147
2009 UE150
2009 VK18
2009 WT74
2009 WO217
2009 XY2
2009 XT15
2010 BB52
2010 BX95
2010 BV98
2010 CU146
2010 ED89
2010 GX118
2010 KZ79
2010 LT93
2010 MX93
2010 NC80
2010 OO73
2011 AL16
2011 JX14
2011 OO56
2011 QC5
2012 BC22
2012 CV15
2012 HU51
2012 RT28
2012 SL20
2012 TE264
2012 TG310
2012 VH72
2012 WC27
2012 XO45
2013 AO153
2013 DH10
2013 EX7
2013 ER33
2013 FP1
2013 GD19
2013 GJ113
2013 GP126
2013 JM41
2013 KK17
2013 LB3
2013 PL5
2013 PB34
2013 QN70
2013 RL71
2013 RZ77
2013 TS73
2013 TE143
2013 TP144
2013 VO22
2013 WM7
2013 YV69
2014 AT27
2014 DT97
2014 HC182
2014 JF9
2014 JC27
2014 JP27
2014 JR38
2014 KW77
2014 LX3
2014 OW133
2014 OJ197
2014 QP144
2014 QM224
2014 QA337
2014 ST286
2014 WQ52
2014 WA389
2014 WZ142
2014 WN475
2014 WU479
2014 WN287
2015 AJ26
2015 AM122
2015 AT203
2015 BG425
2015 BW268
2015 BC303
2015 DE172
2015 GP16
2015 GR25
2015 HQ138
2015 MX76
2015 MQ85
2001 TY156
2002 GF183
2002 TX103
2004 TY279
2005 TV157
2005 UK28
2005 YJ139
2006 BO167
2006 JT61
2006 SJ104
2006 SJ222
2006 UX54
2006 UA138
2006 UG209
2006 UQ235
2006 UL339
2006 UX346
2006 WR126
2007 DN115
2007 EE149
2007 TV101
2007 TS106
2008 FC123
2008 RZ31
2008 UW26
2008 UJ35
2009 AG31
2009 DY4
2009 DP124
2009 DB133
2009 HX98
2009 WT14
2010 BG18
2010 BG68
2010 BV74
2010 BY88
2010 BZ96
2010 CR228
2010 CT233
2010 DF28
2010 ER3
2010 EH19
2010 EQ145
2010 FK69
2010 FT70
2010 FN111
2010 FT117
2010 GL10
2010 GF22
2010 GH47
2010 GT57
2010 GY57
2010 GA84
2010 GV85
2010 GH89
2010 GK143
2010 HV10
2010 HD42
2010 JK138
2010 KF5
2010 KS18
2010 KF30
2010 KJ53
2010 KH55
2010 KZ58
2010 KS62
2010 KJ72
2010 KK94
2010 KU102
2010 KS110
2010 KZ113
2010 LX53
2010 LX56
2010 LT103
2010 MH8
2010 MD38
2010 MD55
2010 MY58
2010 MY89
2010 ML91
2010 MU92
2010 MP108
2010 NL43
2010 NO43
2010 NK52
2010 NW94
2010 OG16
2010 OM60
2010 PO37
2010 PX42
2010 VO219
2011 EE8
2011 HF48
2011 QP21
2011 UU16
2011 UN36
2011 UX134
2011 WR22
2012 BV114
2012 CJ50
2012 TH2
2012 TN103
2012 WZ23
2013 AR139
2013 AK140
2013 AP144
2013 CD97
2013 CJ148
2013 HN18
2013 KO7
2013 LT22
2013 RM34
2013 RK60
2013 TN76
2014 DF9
2014 EL46
2014 HA35
2014 HS39
2014 HC140
2014 HJ168
2014 JH1
2014 JG63
2014 KF55
2014 NX28
2014 NW57
2014 OL159
2014 OB210
2014 PF43
2014 QB250
2014 QD310
2014 WH92
2014 XT30
2015 AK39
2015 AS94
2015 BG39
2015 BE56
2015 BR63
2015 BN74
2015 BA432
2015 BL218
2015 CC22
2015 DF187
2015 EX3
2015 KG81