id
94
552
976
1124
1859
2025
2307
2321
3078
3215
3565
4075
4402
4446
5084
5361
6345
6983
7790
8835
8911
9506
10950
11515
13038
13619
13809
14282
14612
15025
15078
15731
17261
18131
18408
18708
18724
19457
19896
20972
22066
24329
25642
26218
26584
26863
27606
29853
29888
30468
30782
30876
33731
33775
34488
34625
34830
36100
37175
37472
37590
37701
40172
40207
41034
41162
41178
41258
42742
42777
46264
47614
47684
47694
49469
49600
50845
51273
51299
51721
52372
52531
52705
53394
54564
54576
55504
56990
57385
57800
62147
62936
63117
63528
63819
65302
65724
65864
65945
68078
69921
71326
71492
71511
76552
76793
77748
77840
78292
78684
79476
81979
82675
83177
83224
83725
86178
86905
87730
90199
91764
91810
91879
91947
92190
94092
95469
95555
95952
97270
97354
97384
97459
97589
97659
99885
100225
101486
104017
104073
104209
104267
104569
104652
104804
105048
105099
105566
106029
106076
106485
108561
108702
108918
109495
111401
112812
113720
114120
115533
115915
116518
116705
116733
118951
119011
119839
119889
121356
121858
123392
123869
124005
124028
126754
128503
128775
129228
130278
130337
130349
134071
134100
134162
136715
137977
138687
138722
138748
138804
138844
139718
140462
140569
140915
140955
141015
141037
141042
141170
141478
144227
144813
145416
146811
146874
146922
147414
149076
149092
149696
149873
151395
152087
152098
152335
153930
154253
154616
154891
157651
158545
158593
158757
159326
160394
161447
161498
161575
161967
162284
163424
164350
164661
164903
165188
165881
166541
166735
169143
169293
170781
170857
171236
171332
171393
172403
173856
173861
175324
175464
175600
176064
177521
178244
180134
180160
181617
182763
182803
184718
186343
186371
187461
188528
188738
189337
189933
191459
192249
192941
193063
193241
195682
195852
197098
197237
197544
198615
198691
200330
201231
201262
201409
201894
202371
202779
203849
204141
204604
204950
205532
206079
207348
207608
208191
208450
209444
210400
210942
211816
211846
212589
213414
214494
214757
215966
216323
216388
218415
219938
219975
220427
220699
220700
220804
221736
223379
223392
223905
223958
226485
226955
228080
228082
229284
230438
230442
230984
231023
231659
236021
236838
236898
237292
238040
238303
238406
238625
238747
238799
239247
239421
241260
242049
242288
242948
243142
243255
243413
244009
244563
245511
245543
245706
245917
245987
246421
246717
246769
246958
247864
248132
248197
248845
249111
249148
249333
249350
250885
251511
251773
251956
252850
254391
255140
255239
255262
255472
256854
257001
257116
258487
258620
258717
260432
262564
262565
263020
263236
263641
264024
264378
265455
265456
267577
268190
268601
269254
269522
269558
269632
271106
271185
271960
272076
272839
273181
273252
274298
274431
274476
274770
275260
275286
275430
277655
278721
279073
279497
280645
281094
281096
281310
281323
281576
281845
281885
282205
282587
282804
283013
283921
284337
284387
284416
284605
284617
284798
284974
284979
286126
286400
286699
287013
287385
287724
288027
288986
290502
290783
290910
290982
291302
292495
292627
292789
292961
293229
293262
293336
293383
293455
294429
294472
294834
295194
295632
296058
296615
296760
296883
296919
297710
299246
299298
300092
301501
302327
302877
303768
303906
304382
304431
304638
304763
305373
305460
306295
308527
308540
308554
308623
309142
309616
309645
309658
309676
310190
310359
311398
311450
311933
311952
312409
312747
314418
316189
316266
316424
316737
317180
317771
317933
317954
319017
319215
320029
321019
321467
321999
322047
322203
322551
322677
323506
325584
325602
325638
326048
326814
326852
328006
328593
328880
329692
330988
331005
331053
331812
332589
333181
333705
334233
334479
334917
336044
340611
340671
340679
340739
340770
341669
341688
341813
342631
342904
342951
343434
345102
345179
345659
345951
346201
347936
348515
349882
351490
352448
353488
353610
353697
353741
353870
354120
354752
354796
355216
355518
355682
355690
355714
356354
356412
356844
358411
358757
358889
358899
359550
359595
359870
361029
361964
362275
362482
362878
363351
364005
364092
365405
365748
365759
366015
367011
367560
367581
367632
367828
367838
367845
368409
368535
369437
369805
372241
372994
374604
375332
375413
375900
376759
377510
377544
378417
378497
378522
378997
379072
379831
380484
381627
382199
382290
382869
384142
384251
384456
384568
384857
384981
385032
385696
385900
388699
389197
389683
389954
391313
391367
391386
391680
391739
392547
392680
393163
393181
393343
393926
393991
394279
394735
395222
395492
395556
395832
396194
396508
397695
398460
398873
399037
399923
400175
400442
400478
401403
401410
401608
402381
403407
406257
407105
407128
407442
407572
407938
407992
407999
411454
412624
412826
413250
413730
413779
414668
414966
415411
416681
417332
417970
418033
418474
418678
418717
419244
419315
419965
420090
421070
421123
421135
421176
421286
421425
422092
424269
424285
424328
424960
425268
425337
425366
425478
426274
426594
426888
426963
427661
428426
428472
430694
431227
431630
432147
432545
433820
433827
434651
435968
436001
436302
436722
436726
437469
437489
437675
439194
439341
2001 XP170
2002 QN149
2002 RO292
2003 SO79
2003 UN378
2003 UN381
2003 UG327
2004 VN42
2005 EF227
2005 GF149
2005 SU174
2005 UJ118
2005 UJ118
2005 UZ129
2005 UV219
2005 UN289
2005 WH81
2005 WE118
2005 XF27
2005 YL276
2006 RB14
2006 SH375
2006 TM105
2006 UZ74
2006 VX172
2006 WG71
2006 XO59
2007 AY30
2007 DQ55
2007 EM175
2007 EF217
2007 RZ322
2007 SP19
2007 TC199
2007 TJ210
2007 TA301
2007 WV46
2007 YH15
2007 YK16
2008 AK117
2008 CC69
2008 CG103
2008 GK80
2008 HJ26
2008 RT33
2008 RY81
2008 RD114
2008 SZ26
2008 SO96
2008 SF225
2008 UU118
2008 UV245
2008 UJ356
2008 WS129
2008 YS102
2009 AG43
2009 QT29
2009 SE113
2009 SD181
2009 SX277
2009 UD8
2009 VC113
2009 WM4
2009 WB39
2009 WE119
2009 WW175
2009 WS259
2010 MO74
2010 UC36
2010 UL107
2010 VO89
2010 VU180
2010 VR204
2010 WX30
2010 XE20
2010 XY52
2010 XF58
2011 AE7
2011 AN48
2011 AW48
2011 CC16
2011 CK80
2011 EP82
2011 GE10
2011 JH27
2011 QR22
2011 QS38
2011 QA74
2011 SW44
2011 SF45
2011 UW401
2011 UV171
2011 UA334
2011 WJ16
2012 BL46
2012 BS57
2012 BL82
2012 CB46
2012 RD43
2012 SN52
2012 TR216
2012 TJ288
2012 UJ37
2012 UR82
2012 UO151
2012 VK3
2012 VN110
2012 WL11
2012 WA22
2012 XU33
2013 AF3
2013 AH6
2013 AZ128
2013 CZ40
2013 CA48
2013 CF135
2013 CB155
2013 CE200
2013 CA218
2013 GY26
2013 GA38
2013 GT116
2013 HJ29
2013 JK50
2013 PH5
2013 PY29
2013 QR90
2013 TD70
2013 YR12
2013 YZ32
2013 YC53
2013 YP112
2014 DB85
2014 EK44
2014 ND29
2014 OY65
2014 OG94
2014 OP345
2014 QL21
2014 QE395
2014 QL152
2014 QD202
2014 RP34
2014 SB46
2014 SN215
2014 SX314
2014 TK57
2014 UU11
2014 UG125
2014 WB138
2015 AU173
2015 BW21
2015 BV23
2015 BC64
2015 BV65
2015 BL185
2015 BL304
2015 CS55
2015 DC147
2015 GX46
2015 HD12
2015 HE36
2015 JV6
2015 LR31
2015 LB33
1995 SO8
2000 BA51
2001 FK203
2001 XJ253
2002 SK74
2003 SN373
2004 EQ29
2004 TY82
2004 TZ111
2004 TL171
2004 TB196
2005 NJ62
2005 UY81
2005 UG120
2005 UL133
2005 UQ185
2005 UA524
2005 WO52
2005 WO141
2005 YB245
2005 YO274
2006 BU52
2006 CX13
2006 EE42
2006 HL134
2006 US51
2006 UO255
2006 UX304
2006 UV354
2007 GA62
2007 MZ
2007 QN15
2007 TN366
2007 UF75
2007 VS66
2007 VS225
2008 AF50
2008 EJ24
2008 EL93
2008 ER160
2008 GB58
2008 GD58
2008 TS137
2008 UO176
2008 UU269
2008 UA284
2008 WW34
2008 WC131
2008 YQ32
2008 YQ161
2009 BR145
2009 DO10
2009 DW66
2009 DY83
2009 DP135
2009 EG25
2009 FE60
2009 SY114
2009 SN133
2009 VL30
2009 VT30
2009 WZ87
2009 WY122
2010 BX68
2010 BU121
2010 DV70
2010 EH11
2010 FR71
2010 GY151
2010 HP101
2010 JJ125
2010 KF4
2010 KO17
2010 KJ49
2010 KN70
2010 LJ98
2010 NC26
2010 NB84
2010 OW1
2010 OC57
2010 PL24
2010 RV156
2010 TO61
2010 VH172
2011 BK23
2011 BO47
2011 BB71
2011 BW79
2011 BQ109
2011 BF111
2011 CF8
2011 CB97
2011 CD99
2011 DX27
2011 ED19
2011 OG17
2011 RR15
2011 SS177
2011 SD233
2011 UR95
2011 UG121
2011 YA7
2012 DL69
2012 QU32
2012 TM38
2012 TD145
2012 TY267
2012 UC54
2012 UL141
2012 VK23
2012 VK106
2012 XU97
2013 AH37
2013 AT84
2013 AN90
2013 CB81
2013 CR81
2013 CZ132
2013 CT197
2013 EY10
2013 GA10
2013 GS76
2013 HF38
2013 HY62
2013 HT90
2013 HH92
2013 HY123
2013 HC148
2013 LR22
2013 PT22
2013 RR50
2013 YW30
2014 CN12
2014 DG4
2014 DK113
2014 HY105
2014 OK14
2014 OD138
2014 OG174
2014 OD175
2014 OY274
2014 OO303
2014 OK334
2014 OP346
2014 OG356
2014 PM4
2014 QQ27
2014 QW105
2014 QW194
2014 QS223
2014 SW48
2014 SJ114
2014 SW201
2014 SS250
2014 SP323
2014 UT22
2014 WD133
2014 WW141
2014 WC161
2014 WO268
2014 WO281
2014 YB38
2015 AS3
2015 AL30
2015 AH103
2015 AT260
2015 BN16
2015 BQ81
2015 BC133
2015 BF166
2015 BG176
2015 BN176
2015 BD180
2015 BP210
2015 BO255
2015 BV284
2015 BO350
2015 DX17
2015 DD50
2015 DE168
2015 DT202
2015 GW29
2015 HR15
2015 HU77
2015 HB79
2015 KK38
2015 KT128
2015 MQ84
2015 MZ117
