id
205
206
215
308
412
1228
2560
2603
2732
2753
2996
3349
3734
4292
5134
5589
5628
5876
6255
6678
6704
7065
7696
8268
8765
8881
9448
9461
9473
9719
9785
10008
10281
10964
11092
11098
11719
11967
11983
11985
11989
12309
12314
12315
12739
12906
13032
13114
13349
13583
13758
14008
14092
14106
14226
14403
14656
14970
15168
15358
15359
15680
15804
15954
16027
16107
16333
16410
16441
16758
16879
16920
17039
17208
17299
17327
17335
17339
17761
18191
18255
18277
18605
18659
18699
18973
19076
19463
19466
19476
19486
19638
20202
20204
20331
20390
20644
20742
21092
21207
21358
21660
22430
23082
23085
23214
23610
23806
23858
23890
23900
24290
24480
25040
25203
25224
25252
25267
25495
25518
25565
25690
26078
26079
26144
26176
26179
26344
26491
27118
27145
27168
27363
27479
27493
27495
27595
27866
28286
28408
28613
28688
28740
28831
28881
29102
29498
29772
29802
29813
29858
30386
30638
30759
31206
31488
31578
31588
31688
31802
31956
32625
32657
32712
33149
33177
33183
33210
33257
33470
33545
33568
33575
34180
34190
34308
34415
34447
34452
34680
34697
34843
34922
35506
35576
35943
36118
36245
36252
36527
36605
36666
36699
36819
36835
36844
36902
36952
37058
37136
37181
37340
37467
37500
37522
37751
37941
37989
38350
38358
38370
38509
38990
39039
39054
39074
39113
39240
39359
39370
39374
39535
39582
39588
39589
39751
39762
40501
40519
40543
40563
40614
40859
40877
40893
40901
40915
41148
41209
41681
41845
41865
41885
41937
42005
42049
42247
42281
43043
43085
43097
43130
43258
43924
44302
44325
44328
44366
44386
45187
45387
45420
45549
45763
46011
46103
46123
46126
46176
46195
46256
46290
46468
46483
46520
46612
46614
46941
47033
47167
47508
47524
47607
47752
47759
48169
48185
48201
48212
48562
48775
49135
49240
49342
49496
49733
50010
50041
50268
50298
50505
50543
50568
50581
50612
50726
50735
50799
50899
50938
51005
51054
51083
51167
51437
51745
51800
51897
52109
52245
52413
52630
52684
53060
53105
53141
53171
54069
54186
54471
54699
54904
54967
54982
55069
55236
55281
55377
55639
55662
55799
55800
55816
55859
56176
56237
56310
56363
56847
57482
57575
57625
57728
57799
57977
58080
58277
58562
58633
58997
59117
59162
59437
59513
59828
60040
60058
60084
60168
60173
60198
60240
60364
60445
60590
60657
61381
61620
61767
61912
61963
62031
62215
62260
62294
62501
62527
62581
62655
62664
62704
62712
62812
62874
62913
63054
63599
63752
63971
64349
64373
64407
64408
64490
64525
64527
64604
64671
65221
65247
65295
65313
65568
65620
66011
66476
66727
66815
66818
66838
66863
67173
67313
67341
67631
67657
67806
68167
68470
68475
68514
68830
68948
69035
69037
69242
69370
69522
69820
70606
70628
70729
70807
70850
70857
70860
70893
70928
70943
71005
71021
71262
72420
72434
72445
72465
72510
72522
72601
72610
72612
72723
73415
73453
73791
74247
75760
75832
75951
75998
76174
76211
76335
76417
76473
76702
77198
77301
77449
77518
77556
77786
78284
78308
78415
78424
78531
78613
78748
78911
78952
79103
79104
79955
81350
81358
81367
81520
81581
81807
82417
82614
82716
82761
82992
83054
83070
83071
83106
83109
83220
83300
83309
83324
83336
83368
83380
83381
83500
83528
83532
83630
83741
83814
84300
84471
84669
84710
85011
85272
85979
87452
87508
87600
87652
87733
87744
87774
87778
87869
87884
87946
88559
88635
88709
88754
88810
88820
88866
88973
89007
89022
89088
89147
89156
89178
89286
89701
89706
89760
89853
90065
90244
90322
90343
90497
90506
90744
90889
90895
91060
91105
91115
91116
91140
91443
91460
91481
91516
91868
93210
93471
93575
93617
93630
93653
93696
93772
93782
93873
94103
94966
95053
95193
95248
95271
95291
95306
95370
95401
95524
95525
95557
95559
95617
95961
96089
96133
96330
96896
96927
96930
96986
97010
97107
97271
97446
97609
98846
98852
98946
99194
99206
99288
99314
99623
99658
99775
100041
100097
100165
100409
100420
100728
100729
101178
101251
101446
102722
102949
103221
103666
103801
103861
103863
103864
103903
103906
103925
103936
104229
104253
104262
104383
104438
105447
105662
107379
107395
107735
107942
108004
108072
108331
108387
108399
108689
108720
108896
109237
109558
109903
109920
110048
110094
110174
110178
110199
110243
110407
110430
110473
110479
110599
110618
110619
110620
110650
110783
110798
110799
110835
110888
111036
111080
111112
111876
112462
112479
112503
112514
112530
112722
112809
113063
113065
113490
113526
113643
113679
113824
113964
114010
114160
114454
115245
115579
115615
115651
115702
115821
115919
115958
115995
116030
116113
116232
116545
117078
117180
117500
117675
117860
118729
118804
118821
119301
119685
119700
119702
119704
119734
119741
119742
119749
119793
119841
119849
119882
120075
120079
120498
120586
120591
120801
120849
121359
121391
121403
121465
121471
121519
121539
121583
122335
122948
123038
123129
123205
123402
123676
123678
123897
125080
125530
125950
125988
126207
126220
126261
126289
126423
126494
126513
126563
126614
126689
126713
126884
126909
126918
126963
126989
127013
127074
127093
127164
127175
127180
127186
127258
127320
127729
127941
128159
128228
128242
128724
128802
128852
128924
129034
129119
129160
129167
129293
129417
129526
130059
131207
131286
131300
132439
132610
132891
132966
133323
133361
133459
133468
133489
133565
133699
133704
133728
134062
134135
134176
134206
134236
134822
135426
135499
135508
135836
135898
135903
135999
136037
136171
136263
136292
136519
136650
137145
137157
138277
138394
138443
139467
139635
139654
139741
139815
139831
139834
139900
139902
139911
139990
140016
140038
140082
140097
140118
140177
140292
140317
140463
140555
140603
140738
140963
141360
142845
142915
142922
143028
143051
143061
143139
143149
143719
143983
144048
144072
144137
144217
144245
144364
144371
144439
144444
144447
144451
144535
144552
144640
144654
144699
144705
144733
144736
144745
145195
145318
145353
145371
145622
146577
146670
146709
146778
146796
147342
147374
147422
147491
147610
147672
147809
147829
147908
148320
148858
148876
148881
148942
148945
148950
148988
148991
148993
149307
149493
149500
149515
149535
149851
149874
149917
149949
150173
150571
150584
151170
151173
151218
151237
151253
151262
151264
151271
151280
151325
151790
151856
152036
152275
152294
152352
152384
152592
153146
153194
153763
153979
153992
154042
154066
154071
154077
154124
154511
154543
154561
154851
154909
155165
155268
155274
155509
155512
155804
155812
156426
156515
156516
156530
156546
156612
156621
157193
157210
157244
157334
157373
157687
157688
157766
157774
157806
157807
157808
158342
158464
158503
158522
158534
158546
159015
159063
159070
159071
159299
159372
159669
159921
159975
159985
160023
160139
160187
160420
160530
160860
160909
161258
161384
161560
161712
161864
161896
162869
162905
163383
163876
163968
163985
163988
163993
164012
164022
164057
164076
164300
164315
164527
164584
164749
164762
164966
164993
165010
165585
165646
166431
166441
166449
166502
166575
167091
167135
167295
167302
167306
167318
167330
167341
167349
167363
167503
167557
167794
167841
167885
167909
167914
167989
168190
168359
168432
168446
168640
168642
168667
168668
168686
169753
169833
169835
169866
169885
169895
169902
169958
169987
169992
170012
170061
170503
170524
170592
170619
170650
170661
170834
170866
171001
171016
171073
171086
171119
171181
171230
171408
171413
171501
171654
172238
172288
172579
172908
172952
173126
173180
173234
173435
173440
173687
174882
174945
174962
174977
175003
175028
175034
175035
175038
175311
175481
175494
175514
175538
175630
175638
175679
176258
176263
176291
176323
176325
176419
176884
176936
177011
177485
177518
177524
177532
177537
177597
177602
177633
177832
177866
177930
178031
178163
178186
178199
178225
178230
178231
178239
178355
178356
178602
179069
179079
179117
179183
179185
179246
179296
179323
179804
180069
180645
180664
180682
180719
180731
180816
180950
180987
181260
181397
181462
181495
181509
181551
181555
181582
181608
181635
181671
182154
182527
182559
182568
182638
182640
182664
182717
182725
182727
182729
182785
183034
183285
183487
183490
183597
183822
184158
184322
184492
184596
184609
184610
184617
184684
184707
184778
184845
184919
185209
185255
185324
185402
185416
185446
185619
186135
186183
186225
186253
186607
186610
186626
187118
187129
187148
187197
187226
187289
187294
187301
187310
187445
187664
187670
187675
187701
187759
187927
188071
188073
188088
188493
188531
188618
188685
188686
188700
188941
188999
189289
189324
189399
189416
189610
190040
190269
190388
190390
191124
191146
191150
192001
192013
192038
192069
192082
192086
192160
192207
192258
192321
192682
192716
192745
192787
192793
192816
192830
192839
192840
192846
192899
192920
193615
193640
193677
193720
193721
195226
195330
195336
195408
195426
195545
195549
195551
195589
195606
196548
196584
196614
196703
196720
196730
196757
196770
196830
196919
198026
198309
198456
198495
198519
198581
199052
199279
199295
199300
199337
199446
199450
199505
199507
199514
199520
199521
199600
199710
199738
199754
200116
200231
200241
200279
201109
201114
201236
201591
201604
201672
201682
201736
201745
202579
202586
202602
202624
202660
202669
202804
202867
202870
203004
203025
203706
203712
203720
203737
203740
203743
203763
204002
204008
204013
204059
204061
204091
204451
204454
204520
204525
204545
204576
204752
204758
204763
204868
204937
204945
206018
206037
206050
206056
206057
206074
206137
206180
206614
206663
206691
206692
206695
206706
207199
207216
207229
207330
207363
207433
207814
207845
207862
207887
207984
208022
208108
208133
208835
208840
208861
208862
208892
208927
209301
209325
209350
209725
209735
209738
209761
209774
209781
209849
209863
210072
210082
210322
210328
210374
210377
210381
210427
210639
210649
210651
210954
211291
211319
211365
211393
211487
211744
211748
211764
211767
211768
211774
211785
211800
211810
212098
212282
212469
212515
212551
212786
212803
212807
212810
212815
212873
212910
213009
213055
213274
213741
213744
213747
214017
214028
214029
214381
214601
214616
214618
214627
214639
214677
214678
214792
214818
214863
214949
214974
215076
215707
215976
216095
216131
216152
216216
216226
216352
216363
216426
217429
217537
217590
218013
218021
218658
218673
218687
218701
218705
218735
218887
218896
218924
219037
219040
219213
219362
219382
219843
219873
220769
221074
221082
221192
221195
221218
221233
221235
221251
221320
221331
221344
221361
221459
221659
221661
221681
221692
221713
222728
222739
222766
222779
222800
222810
222813
223228
223700
223718
223754
223762
223771
223793
223889
223960
224326
224397
224447
224503
224509
224582
224606
224612
224615
224720
224975
225239
225564
225983
226009
226010
226047
226055
226740
226770
226786
226789
226818
226847
226900
226906
226908
226911
226930
227457
227496
227545
227554
227559
227578
227582
227606
227607
227670
227884
227915
227942
228262
228666
228681
229167
229178
229186
229226
229511
229529
229573
229589
229595
229971
230078
230098
230105
230373
230635
230668
230903
230975
231189
231233
231312
231320
231339
231372
231914
231915
232226
232261
232566
232577
232611
232625
232742
232912
233226
233306
233358
233361
233386
233610
233688
233735
233741
233807
233822
233850
233865
233870
233872
233885
233896
233944
233967
233974
233975
234778
234809
235215
235239
235259
235285
235287
235288
235360
235875
235880
235887
236515
236557
236559
236564
236576
236609
236627
236641
236643
236659
236795
236940
237099
237172
237197
237289
237345
237383
237385
237926
237943
238006
239374
239466
239544
239582
239620
239727
239744
239828
240159
240177
240182
240207
240431
240691
240706
240922
241081
241163
241172
241201
241239
241240
241383
241393
241405
241425
241836
241935
242296
242467
242581
242636
242887
243007
243230
243265
243417
243457
243492
243574
243706
243707
243932
244153
244388
244424
244428
244494
244528
244630
244841
244845
244865
244892
244962
245303
245354
245485
245678
245710
245723
245817
245843
246075
246218
246281
246338
246348
246354
246399
246404
246430
246611
246660
246712
246761
246896
247271
247367
248551
248812
249094
249277
249281
249363
249433
249526
249570
249915
249934
249945
250490
250498
250499
250509
250665
250667
251098
251138
251143
251240
251245
251253
251292
251293
251426
251433
251434
251451
251471
251475
251483
251497
251523
251613
252441
252515
252580
252619
252644
253288
253361
254052
254708
254779
254817
254882
254907
254913
254921
254967
255016
255020
255062
255974
256063
256097
256261
256268
256292
256297
256298
256316
256323
256380
256785
256825
256826
256896
256915
256952
256967
257000
257009
257031
257032
257075
257085
257090
257135
257141
257531
258210
258304
258312
258366
258370
259160
260073
260123
260792
260874
260912
260913
260925
260945
260959
260965
260979
261047
261055
261057
261089
261119
261138
261151
261171
261205
261228
261246
261256
261269
261308
261350
261363
261396
261398
261422
261423
261428
261433
261527
261528
261531
261561
262111
262193
262260
262281
262293
262314
262316
262404
262425
262457
262462
262463
262502
262519
262633
262745
262830
262931
262978
263034
263049
263232
263285
263449
263466
263504
263537
263557
263597
263718
263729
263742
263931
264033
264047
264721
264733
264745
265385
265768
265772
265783
265825
265838
265843
265856
265860
265885
266297
266319
266338
266345
266354
266360
266361
266377
266407
266428
266804
266848
266880
266906
266978
267073
267457
267463
268120
268467
268488
268514
268555
268611
268653
269024
269274
269497
269513
269570
269573
269574
269577
269586
269768
270409
270522
270532
271353
271794
272617
272695
272820
272830
272876
272881
272885
272896
272899
272930
272963
272969
272970
272986
273038
273058
273070
273118
273625
273740
273747
273754
273791
273962
274318
274429
274575
274637
274705
274757
274814
274875
274930
274951
275038
275180
275338
275358
275367
275426
275708
276070
276114
276544
276581
276844
276876
276993
277510
277521
277526
277547
277560
277613
277625
277626
277671
277688
277706
277710
277727
277732
277738
277745
277786
277794
278230
278260
278520
278546
278626
278637
278639
278657
278672
278678
278743
278768
278788
278790
278814
278820
278841
278847
278863
278869
279212
279315
279388
279390
279419
279464
279508
279546
279581
279586
279684
280134
280353
280358
280362
280369
280646
280988
280989
281009
281019
281048
281447
281458
281468
281477
281491
281517
281587
281590
281594
281612
281649
281682
281750
281775
281833
281951
282009
282248
282282
282755
282962
283018
283083
283086
283307
283671
283823
284058
284059
284163
284182
284203
284297
284544
284805
284809
284993
284997
285005
285017
285115
285182
285201
285300
285520
285544
286233
286240
286278
286337
286392
286458
286672
287004
287051
287157
287169
287186
287413
287424
287575
287914
287928
287937
288172
288369
289110
289578
289606
289749
289880
289904
289970
290108
290189
290195
290296
290316
290346
290383
290410
290458
290474
290499
290515
290616
290634
290645
290688
290689
290693
290711
290764
290825
290876
290917
290987
291046
291047
291067
291178
291287
291687
291693
291696
291697
291702
291779
291797
292030
292245
292284
292336
292342
292512
292591
292610
292842
292843
292897
292945
293046
293232
293250
293261
293270
293318
293365
293412
293417
293504
293613
293695
293821
293889
293917
293963
294003
294037
294140
294262
294356
294381
294641
294663
294669
294766
294773
294777
294790
294860
294874
294875
294886
294917
294963
295100
295105
295179
295208
295225
295262
295438
295472
295889
296040
296215
296257
296371
296418
296451
296618
296743
296791
297031
297153
298152
298194
298212
298214
298229
298233
298579
298617
298622
298626
298641
298656
299116
299143
299211
299706
299769
299801
300462
300481
300517
300588
300591
300618
300648
300668
300673
300697
300755
300759
300786
300787
300788
300815
300816
300827
300832
300845
301188
301295
301387
301418
301445
301456
301459
301463
301478
301480
301496
301526
302780
303077
303158
303178
303180
303559
303599
303621
303636
303650
304258
304266
304270
304299
304319
304323
304324
304340
304354
304362
304399
304421
304457
304488
304493
304499
304503
305095
305119
305185
305199
305238
305258
305263
305272
305294
305296
305351
305812
305821
305831
305880
305902
305907
305918
305932
305934
306084
306098
306196
306259
306307
306344
307469
307898
308891
308892
308894
308903
308940
309022
309029
309033
309045
309162
309545
309580
309603
309623
309845
309939
309951
309963
309975
309987
310014
310089
310135
310239
311337
311681
311730
311741
311756
311758
311772
311796
311839
311856
311864
311872
312232
312255
312347
312372
312375
312381
312390
312391
312915
313237
313582
314249
314251
314257
314274
314275
314333
314721
314770
314936
314944
314980
314987
314994
315002
315600
315602
315622
315646
315682
315748
315756
315757
315782
315800
315824
315825
315827
315872
316248
316340
316349
316382
316385
316402
316454
316513
316559
316811
317202
317439
317667
317876
317941
318421
318779
318789
318805
318831
318843
318865
318873
318913
318941
318964
318995
318998
319072
319452
319781
319915
319916
319919
319955
319966
319979
320028
320639
320742
320897
320906
320923
320974
321020
321184
321185
321503
321660
321685
321702
321790
321822
321846
321929
322001
322081
322083
322152
322220
322309
322426
322434
322447
322452
322468
322482
322502
322905
323885
323921
323934
323958
324003
324028
324059
324078
324090
324609
324654
324678
324692
324702
324718
325196
325212
325215
325229
325239
325272
325344
325497
325916
325963
326035
326098
326152
326215
326489
327238
327289
327304
327317
327346
327349
327359
327384
327396
327415
327425
327435
327443
327456
327464
327470
327497
327891
327925
327930
327943
327966
328534
328611
328617
328623
328630
328663
328996
329006
329035
329046
329055
329166
329407
329976
330053
330118
330119
330133
330135
330152
330442
330446
330448
330474
330476
330679
330763
330889
330924
331182
331199
331206
331222
331238
331241
331291
331318
331406
331460
331617
331627
331953
331994
332165
332389
332530
332728
332735
332836
332890
332917
332930
333063
333230
333250
333571
333609
333811
334390
334766
334817
334840
334886
335170
335556
335563
336185
336192
336201
336213
336296
336317
336380
336396
336398
336437
336492
336936
338046
338056
338061
338104
338150
338153
338542
338700
338704
338805
338849
339418
340425
340440
340448
340483
340487
340502
340535
340540
340542
340547
340555
340560
341168
341207
341236
341241
341254
341265
341266
341279
341495
341498
342416
342417
342474
342497
342501
342506
342540
342544
342636
342640
342762
342829
342833
343302
343310
343415
343447
343476
343478
343495
343521
343522
343556
343581
343614
343632
343807
343967
344464
344682
344692
344713
345020
345050
345052
345503
345943
346004
346016
346022
346174
346320
346580
346733
346750
346767
346921
346999
347004
347044
347434
347840
347901
348106
348121
348358
348382
349207
349233
349294
349319
349330
349720
349729
349739
349748
349800
349830
349883
350004
350148
350157
350236
350370
350884
351165
351188
351391
351432
351846
351980
352249
352269
352283
352340
352362
352399
353054
353104
353123
353133
353476
353500
353501
353509
353562
353565
353617
353637
353647
353672
353726
353806
353837
355053
355079
355113
355140
355515
356063
356126
356148
356153
356181
356598
356615
356643
356660
356735
357002
357032
357461
358186
358204
358205
358207
358219
358227
358233
358257
358263
358268
358279
358296
358299
358686
358702
358734
358747
358754
358768
359278
359281
359310
359541
359776
359782
359799
359857
359922
359929
359932
359970
360043
360085
360087
360099
360108
360120
360146
360841
361219
361250
361283
361318
361319
361323
361328
361347
361387
361391
361401
361408
361797
361806
361822
361852
362381
362512
362654
362835
362845
362894
362971
363003
363851
364291
364307
364361
364373
364408
364832
364838
364860
364909
364915
364918
364922
364929
364942
364948
364970
365433
365546
365570
365611
365647
365924
365989
365991
366005
366028
366048
366063
366100
366172
366195
366314
366315
366892
366911
366917
366920
366928
366939
366962
366982
367212
367382
367522
367595
367619
367747
367996
368004
368009
368013
368016
368031
368033
368085
368800
368804
368977
368986
368991
369280
369286
369293
369309
369319
369373
369541
369581
369811
369848
369859
369869
369873
369936
370192
370810
371173
371178
371180
371181
371182
371192
371194
371212
371219
371246
371251
371704
371718
371775
371781
372032
372056
372438
372445
372570
372582
372605
372636
372637
372648
372677
372689
372715
372904
372914
372958
372974
372982
373409
373444
374483
374487
374488
374498
374509
374516
374528
374529
374550
374551
375029
375036
375044
375313
375327
375753
375844
375940
375964
376151
376239
376251
376252
376279
376285
376333
376351
376507
377157
377444
377452
377775
377778
377818
377820
377848
377864
377873
377880
377887
377899
377915
378314
378348
378775
378785
378799
378829
378864
378882
379287
379387
379392
379400
379669
379685
379687
379716
379730
379763
379768
380656
380895
381472
381499
381521
381531
381549
381573
381576
381584
381586
382124
382142
382267
382357
382792
382793
382814
382980
383177
383307
383319
383331
383633
383879
383898
383944
383972
383991
384079
384099
384110
384457
384474
384541
384658
384710
384796
384851
384861
384865
384897
384905
384943
384970
384977
384982
385002
385007
385015
385018
385033
385045
385073
385158
385462
385612
386117
386475
386807
386810
387031
387054
387056
387078
387089
387103
387107
387136
387157
387217
387263
387287
387313
387369
387439
387662
387787
387789
387930
387966
388577
388595
388653
388692
388738
389158
389178
389232
389798
389803
390043
390097
390125
390153
390172
390209
390265
390431
390441
390464
390791
390916
391575
391589
391591
391656
392026
392029
392037
392038
392045
392095
392277
392478
392536
392797
392798
392942
392988
393016
393027
393096
393138
393161
393185
393620
393771
393781
393786
394172
394212
394572
394608
395037
395051
395058
395410
395413
395463
395521
395538
395562
395569
395614
395668
395741
395880
395885
395920
395941
395970
395982
396001
396023
396034
396051
396059
396079
396122
396174
396214
396370
396780
396937
396952
397297
397376
397605
397618
397964
398376
398408
398454
398480
398497
398527
398557
398739
398755
398786
398830
398852
398858
398868
398874
398887
398898
399137
399272
399276
399300
399784
400092
400420
400432
400433
400436
400446
400608
400893
401042
401205
401234
401366
401409
401414
401450
401487
401576
401592
401602
401713
401744
402323
402578
402675
402709
402710
402721
402725
402729
402733
403090
403113
403138
403142
403155
403617
403620
403644
403661
403871
403931
403941
403945
403948
403970
403987
403990
404063
404297
404315
404344
404345
404364
404393
404473
404501
404542
404673
404711
404747
405191
405611
405618
405710
406075
406119
406209
406293
406570
406671
406688
406689
406702
406727
406740
406754
407318
407400
407538
407803
407839
407848
407863
407907
407915
407919
407929
408068
408455
408482
408490
408578
408659
408693
408705
408723
409496
409535
409555
409565
409596
410067
410089
411349
411365
411387
411445
411459
411463
411724
411734
411803
411824
411857
411887
412363
412453
412596
413580
413582
413599
413602
413625
413635
413670
413688
413690
413966
413977
413978
413985
413993
414238
414480
414482
414527
414593
414871
414920
415231
415393
415495
415563
415789
416049
416987
416990
417009
417049
417061
417064
417076
417077
417166
417192
417197
417199
417213
417293
417295
417296
417325
417727
417772
417775
419034
419107
419126
419152
419225
419342
419356
419371
419796
419805
419856
419918
419926
419938
419969
419983
420076
420088
420231
420429
420446
420607
420629
420987
421027
421097
421230
421237
421253
421306
421326
421471
421489
421499
421510
421711
421714
421806
421895
421901
422034
422417
422525
422528
422616
422981
423058
423556
423683
423739
423741
423749
423788
424127
424151
424152
424661
424722
424728
424788
424815
424844
425124
425219
425232
425260
425265
425419
425702
425812
425875
425938
426111
426113
426259
426281
426537
426577
426595
426607
426637
426744
426748
426775
426779
427079
427204
427262
427304
427989
427993
428031
428033
428039
428047
428048
428056
428062
428738
428831
428848
428857
428864
428865
429201
429211
429234
429597
429614
429700
430252
430259
430302
430356
430662
431077
431097
431102
431105
431882
431896
431911
431926
431927
431941
431990
432020
432033
432422
432457
432810
432980
432995
433054
433146
433739
433779
433817
433849
434745
434755
434767
435662
435663
435785
435864
436263
436312
436826
436841
436847
436848
436911
436980
436988
437017
437062
437075
437140
437170
437180
437423
437496
437528
437559
437563
437581
437597
437603
437604
437637
437694
437822
438544
438548
438589
438592
438593
438840
438945
439110
439133
439292
439307
439352
439545
439571
439592
439823
2000 XM15
2001 TY234
2002 NR65
2002 RA275
2002 RS287
2002 TZ384
2003 SC365
2003 WT180
2004 BM8
2004 BB138
2004 DG55
2004 TQ215
2005 BW29
2005 EK62
2005 EU245
2005 GN129
2005 SQ148
2005 SE173
2005 SB284
2005 SQ292
2005 TS68
2005 TO84
2005 TN168
2005 UZ91
2005 UR116
2005 UC140
2005 UL164
2005 UD166
2005 UP195
2005 UY225
2005 UT516
2005 UJ260
2005 UR269
2005 UO326
2005 US330
2005 VB79
2005 XR70
2005 XW109
2005 YE13
2005 YG14
2005 YG36
2005 YU176
2005 YK179
2005 YQ195
2005 YK232
2005 YZ250
2006 AX69
2006 AF91
2006 BP26
2006 BN155
2006 BW192
2006 BD202
2006 BM212
2006 BF213
2006 DS4
2006 DH49
2006 DE57
2006 DK142
2006 DQ149
2006 DO171
2006 DK176
2006 EY24
2006 JT14
2006 JP34
2006 QA184
2006 RL32
2006 RO80
2006 SW68
2006 SV80
2006 SH125
2006 SH125
2006 SV396
2006 ST405
2006 SV206
2006 SW229
2006 SQ262
2006 SP329
2006 TA24
2006 TJ86
2006 UH21
2006 UG78
2006 US123
2006 UD129
2006 UW132
2006 UF162
2006 VD59
2006 WX57
2006 WO87
2006 WA130
2006 WB179
2007 BE100
2007 DG33
2007 ER65
2007 EO75
2007 ED146
2007 EF218
2007 EU223
2007 GV30
2007 LY19
2007 RL96
2007 RA272
2007 SP22
2007 TK52
2007 TS55
2007 TT176
2007 TD453
2007 TK324
2007 TO332
2007 TX343
2007 VY28
2007 VD41
2007 VJ66
2007 VF154
2007 VU250
2007 VS284
2007 WZ45
2007 WM58
2007 YY73
2008 AS22
2008 AQ52
2008 AL55
2008 AV76
2008 AA98
2008 CM75
2008 CV97
2008 CV128
2008 CG161
2008 CS172
2008 CR201
2008 CE202
2008 CU214
2008 DX80
2008 EJ107
2008 EQ144
2008 FT2
2008 FL48
2008 FY122
2008 FL126
2008 GG63
2008 GL123
2008 SM63
2008 SO84
2008 SP122
2008 SM229
2008 SX272
2008 SF305
2008 TY57
2008 TE80
2008 TF127
2008 TE132
2008 TA139
2008 UZ68
2008 UP116
2008 UT148
2008 UW164
2008 UA313
2008 UE343
2008 UG348
2008 UC351
2008 WY3
2008 WR21
2008 YL4
2008 YN162
2009 AT13
2009 AA45
2009 BB5
2009 BD89
2009 BW89
2009 BC155
2009 BM164
2009 CK15
2009 DB37
2009 DF59
2009 DS115
2009 DE126
2009 DG132
2009 FJ15
2009 KS31
2009 RC73
2009 SY118
2009 SC171
2009 SY183
2009 SG322
2009 SM355
2009 TM20
2009 UK63
2009 UN133
2009 VA11
2009 VQ13
2009 VF34
2009 VN61
2009 VC82
2009 WA101
2009 WA120
2009 WZ135
2009 WN230
2010 AY55
2010 CL100
2010 CQ160
2010 CB230
2010 RY28
2010 RM69
2010 RQ100
2010 SN34
2010 TF4
2010 TE33
2010 TO40
2010 TX131
2010 TZ147
2010 UR25
2010 VE132
2010 VY177
2010 VG179
2010 VT214
2010 WF31
2010 XM45
2011 BY104
2011 BQ130
2011 BB146
2011 BK162
2011 CY11
2011 CN40
2011 CR41
2011 CA42
2011 CO57
2011 CA101
2011 CZ101
2011 CJ110
2011 CQ110
2011 DL14
2011 DH19
2011 EK69
2011 FO52
2011 FY157
2011 GG27
2011 GE57
2011 HN75
2011 KR9
2011 PL3
2011 SL73
2011 SK179
2011 SQ217
2011 TV7
2011 UO40
2011 UZ78
2011 UJ79
2011 UA80
2011 UE88
2011 UT95
2011 UQ196
2011 UY246
2011 UA265
2011 UK385
2011 UK134
2011 UB404
2011 UQ196
2011 UR201
2011 UN241
2011 UE244
2011 UY246
2011 UA265
2011 UP286
2011 UY293
2011 VV
2011 WA13
2011 WZ59
2011 WW70
2011 WF73
2011 WN96
2011 WA138
2012 BJ10
2012 BQ11
2012 BO84
2012 CT1
2012 CD23
2012 CA38
2012 CU38
2012 DD9
2012 DC24
2012 DH60
2012 DW74
2012 DH87
2012 DQ92
2012 FT1
2012 FF26
2012 FO47
2012 FZ54
2012 FB55
2012 GT13
2012 GD14
2012 JQ27
2012 KD17
2012 KJ26
2012 KO27
2012 PX23
2012 PP27
2012 RQ39
2012 SA65
2012 TK33
2012 TU34
2012 TG51
2012 TX58
2012 TQ105
2012 TF106
2012 TJ114
2012 TP119
2012 TQ178
2012 TV213
2012 TD263
2012 TS278
2012 UO13
2012 UW15
2012 UA17
2012 UL17
2012 UW143
2012 UG145
2012 VJ
2012 VG4
2012 VJ17
2012 VW26
2012 VA28
2012 VF70
2012 XW3
2012 XT62
2012 XH66
2012 XL115
2013 AM3
2013 AZ19
2013 AJ28
2013 AB38
2013 AA47
2013 AX69
2013 AJ95
2013 AD97
2013 AP136
2013 AU166
2013 BA10
2013 BE40
2013 BB49
2013 BJ57
2013 BN59
2013 CA9
2013 CB45
2013 CV46
2013 CB49
2013 CQ51
2013 CG102
2013 CM103
2013 CU105
2013 CN109
2013 CC110
2013 CA115
2013 CP151
2013 CO155
2013 CR160
2013 CK165
2013 CZ185
2013 ED49
2013 EF59
2013 EG108
2013 EY111
2013 GS67
2013 GA90
2013 GE106
2013 GE117
2013 GW118
2013 GB134
2013 HM43
2013 HZ65
2013 HZ88
2013 HJ92
2013 HE113
2013 PV30
2013 QV41
2013 RG8
2013 RX10
2013 RS14
2013 RE20
2013 RE23
2013 RU48
2013 RO67
2013 RN76
2013 SE54
2013 SJ57
2013 SC79
2013 SA81
2013 TJ21
2013 TH26
2013 TJ57
2013 TB133
2013 WF83
2013 XW10
2013 YT51
2013 YK68
2013 YG109
2013 YL125
2014 AJ5
2014 AU6
2014 AU7
2014 AT42
2014 BS17
2014 BM38
2014 BC46
2014 BQ64
2014 CS18
2014 DH43
2014 DX66
2014 DA67
2014 DO78
2014 DD82
2014 DA107
2014 DW108
2014 DA118
2014 DR119
2014 DZ128
2014 DP129
2014 DO139
2014 EU19
2014 EE22
2014 EP32
2014 FN51
2014 HD2
2014 HX8
2014 HK10
2014 HG21
2014 HT26
2014 HB30
2014 HL47
2014 HW47
2014 HK49
2014 HT70
2014 HL73
2014 HG100
2014 HH142
2014 HG149
2014 HX154
2014 HH176
2014 HL176
2014 HJ183
2014 HY184
2014 JP3
2014 JE8
2014 JJ40
2014 JD47
2014 JG48
2014 JV59
2014 JA74
2014 KU7
2014 KW70
2014 LW3
2014 LA6
2014 LC20
2014 MM57
2014 NQ26
2014 NY32
2014 NA33
2014 NU55
2014 OS16
2014 OB26
2014 OJ50
2014 ON51
2014 OM100
2014 OM119
2014 OG120
2014 OF124
2014 OG125
2014 OH128
2014 ON134
2014 OS135
2014 OR138
2014 OU155
2014 OZ158
2014 OK161
2014 OL201
2014 OB254
2014 ON258
2014 OY308
2014 OJ327
2014 OJ353
2014 OP356
2014 PQ17
2014 PN41
2014 QY34
2014 QB36
2014 QX106
2014 QA380
2014 QJ147
2014 QW412
2014 QR162
2014 QF168
2014 QN432
2014 QB439
2014 QM201
2014 QX205
2014 QX214
2014 QP233
2014 QG236
2014 QT337
2014 RW9
2014 SL62
2014 SM105
2014 SN146
2014 SS157
2014 SC172
2014 SV297
2014 SF301
2014 TD6
2014 TJ7
2014 UC5
2014 UR16
2014 UE18
2014 UY22
2014 UO28
2014 UU42
2014 UO46
2014 UA56
2014 UC89
2014 UQ130
2014 UV130
2014 UR145
2014 UC150
2014 UO154
2014 UM177
2014 UA203
2014 UG209
2014 VH
2014 VJ8
2014 VP22
2014 WJ23
2014 WC124
2014 WS160
2014 WX168
2014 WC123
2014 WE429
2014 WE210
2014 WK228
2014 WG234
2014 WD262
2014 YR18
2014 YK36
2015 AB41
2015 AF198
2015 AO239
2015 AH248
2015 AX250
2015 BD9
2015 BZ44
2015 BP59
2015 BG65
2015 BG72
2015 BG75
2015 BH98
2015 BG223
2015 BY111
2015 BO434
2015 BA441
2015 BZ467
2015 BT474
2015 BW496
2015 BA502
2015 BS243
2015 BJ244
2015 BD246
2015 BN507
2015 BY508
2015 BU262
2015 BC304
2015 BC357
2015 CE6
2015 CY18
2015 CF19
2015 CP25
2015 CY27
2015 CM30
2015 CG47
2015 CX52
2015 CC54
2015 CH57
2015 DF18
2015 DS30
2015 DY30
2015 DB34
2015 DF38
2015 DY63
2015 DB89
2015 DX92
2015 DA98
2015 DB100
2015 DE107
2015 DD118
2015 DK131
2015 DS154
2015 DR167
2015 DE178
2015 EZ27
2015 EL39
2015 FT45
2015 FV64
2015 FP73
2015 FD75
2015 FH156
2015 FO158
2015 FW160
2015 FD163
2015 FY265
2015 FG293
2015 FT312
2015 FO326
2015 GU24
2015 GB30
2015 GK37
2015 GS37
2015 HX76
2015 KW27
2015 KB34
2015 KY91
2015 KD107
2015 KU113
2015 KL150
2015 KX160
2015 LU28
2015 LH30
2015 LF32
2015 MR26
2015 MN76
2015 MK82
2015 NL7
2015 NW11
2015 OJ13
1995 SO77
1995 SS88
1997 NT2
1998 SA177
2000 CV108
2000 SU323
2001 FT197
2001 FJ198
2001 FJ199
2001 FX200
2001 FP202
2001 FT202
2001 FJ206
2001 FV214
2001 FA224
2001 UD230
2002 CW197
2002 RO210
2003 BH5
2003 BG10
2003 BW35
2003 QL84
2003 SQ378
2003 SD125
2003 SD394
2003 SU429
2003 SE432
2003 UT72
2003 UC361
2004 FP53
2004 RT155
2004 RP279
2004 TD77
2004 TH196
2005 CC29
2005 EB114
2005 EH123
2005 JX19
2005 NY119
2005 SY124
2005 SC231
2005 TF160
2005 UG383
2005 UM126
2005 UW387
2005 UX390
2005 UA415
2005 UY187
2005 US469
2005 UP219
2005 UZ245
2005 UG246
2005 UD517
2005 UW284
2005 UY314
2005 UM333
2005 VD34
2005 VS45
2005 VM63
2005 VD130
2005 WR50
2005 WR52
2005 WK107
2005 YB29
2005 YE87
2005 YQ200
2006 AO17
2006 BG194
2006 BO207
2006 CD16
2006 CO52
2006 JO70
2006 KU25
2006 KP54
2006 ON29
2006 RS79
2006 RJ90
2006 RO107
2006 RG112
2006 RH119
2006 SF375
2006 SG379
2006 SQ406
2006 SS146
2006 SL170
2006 SJ200
2006 SS225
2006 TH82
2006 TX87
2006 TN115
2006 UE29
2006 UL34
2006 UL50
2006 UB127
2006 UO141
2006 UR168
2006 UQ355
2006 VT128
2006 VH131
2006 WQ155
2006 WY170
2006 YE41
2006 YT44
2007 AF20
2007 BY8
2007 BZ82
2007 CV32
2007 DZ58
2007 DJ69
2007 DH80
2007 DS85
2007 EG19
2007 EE53
2007 ES205
2007 GA26
2007 HP4
2007 HS19
2007 JU20
2007 PW4
2007 TL311
2007 TX323
2007 TM327
2007 UJ110
2007 UO110
2007 UU110
2007 UQ134
2007 VL57
2007 VS200
2007 VB209
2007 VT247
2007 VM258
2007 VL260
2007 VA285
2007 YK20
2008 AO15
2008 AX20
2008 AE58
2008 AU123
2008 CS9
2008 CT31
2008 CN125
2008 EW33
2008 FX24
2008 FQ27
2008 FS74
2008 FB77
2008 FD99
2008 FD129
2008 FR133
2008 GX91
2008 GN137
2008 HC23
2008 KY
2008 LU5
2008 QM33
2008 ST103
2008 TQ30
2008 TQ80
2008 TX80
2008 UZ124
2008 UR162
2008 UP165
2008 UP217
2008 UR234
2008 UK288
2008 UG295
2008 UL296
2008 UA298
2008 UK347
2008 VT6
2008 VK61
2008 WT19
2008 WL52
2008 WK111
2008 YK55
2008 YT81
2009 BO72
2009 BZ147
2009 DS37
2009 DJ132
2009 GK
2009 HX94
2009 KU32
2009 RC55
2009 RD73
2009 SP11
2009 SY75
2009 SZ86
2009 SB91
2009 SK308
2009 TD43
2009 UV6
2009 UU41
2009 UK55
2009 VH15
2009 WJ14
2009 WR56
2009 WE92
2009 WK92
2009 WA242
2010 BN88
2010 BJ99
2010 BA106
2010 BB127
2010 CP40
2010 CU74
2010 CF91
2010 CP181
2010 CE190
2010 CG204
2010 DP50
2010 DZ64
2010 EN3
2010 EJ141
2010 ET158
2010 FC16
2010 FC48
2010 FQ110
2010 FG115
2010 GC3
2010 GY45
2010 GM55
2010 GZ76
2010 GH140
2010 HW31
2010 HB82
2010 HM89
2010 JW29
2010 JG61
2010 JP132
2010 KZ21
2010 KW45
2010 KP52
2010 KO55
2010 KL57
2010 KM73
2010 KH107
2010 KQ114
2010 LQ6
2010 LH49
2010 LE50
2010 LV54
2010 LW90
2010 LA103
2010 MR7
2010 MC8
2010 MT9
2010 MG11
2010 MM14
2010 MK33
2010 MN36
2010 MO60
2010 MF68
2010 MX78
2010 MB94
2010 ME98
2010 ND107
2010 NA110
2010 NF111
2010 NY112
2010 NJ113
2010 OP18
2010 OH19
2010 OM23
2010 OO26
2010 OG44
2010 OA52
2010 OL54
2010 OR57
2010 OS64
2010 OB66
2010 OA79
2010 OD79
2010 OS83
2010 OS92
2010 OQ104
2010 OE112
2010 PR2
2010 PU50
2010 RP99
2010 TB60
2010 TX152
2010 UO44
2010 VN18
2010 VR207
2010 WP25
2010 WU61
2010 XH15
2011 AJ64
2011 BK29
2011 BP47
2011 BG49
2011 BO57
2011 BD60
2011 BL66
2011 BD70
2011 BF104
2011 BG106
2011 BU122
2011 CF43
2011 CW90
2011 CR102
2011 CG116
2011 DC45
2011 FZ88
2011 GX27
2011 GV54
2011 SY24
2011 SM41
2011 SL42
2011 SW58
2011 SK139
2011 UY82
2011 UC101
2011 UC106
2011 UT144
2011 UE239
2011 UX285
2011 UQ352
2011 VT2
2011 VZ13
2011 VA18
2011 WF86
2011 WK98
2012 BB85
2012 BK101
2012 CR28
2012 KY4
2012 QX2
2012 SU13
2012 SC37
2012 TJ18
2012 TZ38
2012 TF87
2012 TL118
2012 TO143
2012 TT154
2012 TT160
2012 TN202
2012 UH16
2012 UU61
2012 UL75
2012 UD86
2012 UM101
2012 UN149
2012 UD159
2012 UC175
2012 VG41
2012 VL66
2012 VQ78
2012 VT87
2012 VY91
2012 XT44
2012 XC147
2013 AP170
2013 BF10
2013 BD42
2013 CR44
2013 CD72
2013 CB133
2013 CQ135
2013 CU146
2013 CS166
2013 CE167
2013 DH5
2013 DH15
2013 ED6
2013 EV6
2013 EL7
2013 ET19
2013 EC38
2013 ER49
2013 EY50
2013 EO53
2013 EY94
2013 FA7
2013 GV124
2013 HW21
2013 HW40
2013 HY45
2013 HT54
2013 HC58
2013 HP68
2013 HP85
2013 HR86
2013 HU86
2013 HD87
2013 HX88
2013 HQ93
2013 HW94
2013 HE95
2013 HX96
2013 HN98
2013 HH99
2013 HZ100
2013 HK116
2013 HK117
2013 HJ122
2013 HD127
2013 HJ127
2013 HF131
2013 HV133
2013 HT141
2013 HW145
2013 JP45
2013 PD55
2013 QX49
2013 QZ49
2013 QW59
2013 QL90
2013 RS63
2013 TB26
2013 TH81
2013 TC140
2013 WP8
2013 XQ17
2013 YR4
2013 YX18
2013 YW105
2013 YN119
2013 YF131
2014 BH16
2014 CX6
2014 DV40
2014 DO131
2014 EN6
2014 EK16
2014 HN10
2014 HV31
2014 HR35
2014 HL86
2014 HD99
2014 HO106
2014 HJ119
2014 HN133
2014 HM188
2014 JR13
2014 JX15
2014 JJ33
2014 JK49
2014 JK65
2014 KZ24
2014 KD53
2014 KY55
2014 KQ74
2014 LZ19
2014 MV25
2014 MO50
2014 OO11
2014 OP14
2014 OC17
2014 OK43
2014 OF50
2014 OB106
2014 OB368
2014 OM121
2014 OC125
2014 OQ126
2014 OP135
2014 OK144
2014 OZ144
2014 ON148
2014 OZ149
2014 OM153
2014 OS153
2014 OE163
2014 OW164
2014 OS171
2014 OU176
2014 OF200
2014 OC214
2014 OQ214
2014 OF249
2014 OO291
2014 OR300
2014 OW300
2014 OX303
2014 OF305
2014 OX309
2014 OT310
2014 OL311
2014 OW319
2014 OR323
2014 PN9
2014 QO138
2014 QH424
2014 QL201
2014 QX254
2014 QZ292
2014 SN14
2014 ST96
2014 SC100
2014 SR101
2014 SZ107
2014 SN119
2014 SM123
2014 SH126
2014 SS131
2014 SU172
2014 SU189
2014 SZ225
2014 SD237
2014 SF259
2014 SU278
2014 SE286
2014 SD336
2014 TM21
2014 TX64
2014 UG43
2014 US105
2014 UM112
2014 UL120
2014 UL123
2014 UW142
2014 UX201
2014 VK9
2014 WV20
2014 WQ78
2014 WE94
2014 WC107
2014 WC124
2014 WR132
2014 WM137
2014 WR138
2014 WJ411
2014 WZ160
2014 WO210
2014 WK259
2014 WR259
2014 WJ262
2014 WK285
2015 AQ37
2015 AD42
2015 AN76
2015 AZ118
2015 AH180
2015 AG271
2015 AA276
2015 BA11
2015 BQ16
2015 BT18
2015 BO72
2015 BL74
2015 BU80
2015 BL84
2015 BE88
2015 BC103
2015 BU110
2015 BA123
2015 BP389
2015 BY133
2015 BH134
2015 BX135
2015 BU139
2015 BW142
2015 BC143
2015 BW404
2015 BK148
2015 BU150
2015 BG154
2015 BW155
2015 BW158
2015 BF159
2015 BA434
2015 BW434
2015 BO441
2015 BR182
2015 BD183
2015 BE447
2015 BK452
2015 BA194
2015 BK196
2015 BZ196
2015 BA477
2015 BV217
2015 BG219
2015 BX220
2015 BZ223
2015 BU484
2015 BW227
2015 BZ227
2015 BG490
2015 BM237
2015 BX240
2015 BS245
2015 BK246
2015 BV250
2015 BR275
2015 BT275
2015 BH276
2015 BZ277
2015 BL310
2015 BX341
2015 BH347
2015 CS5
2015 CT27
2015 DF20
2015 DG48
2015 DK50
2015 DF52
2015 DZ73
2015 DF87
2015 DL121
2015 DM139
2015 DW220
2015 ER4
2015 EX45
2015 FS156
2015 FY171
2015 FT249
2015 GS29
2015 GT30
2015 GC35
2015 GO44
2015 GW47
2015 HB35
2015 HS65
2015 HB85
2015 HM86
2015 HB87
2015 HX92
2015 HR140
2015 KL37
2015 KC38
2015 KF43
2015 KP44
2015 KK125
2015 KN134
2015 MY9
2015 MP71
2015 MU112
2015 OD13
2015 OZ71
2015 PJ43
2015 PR45
2015 PN46
