id
52096
58113
58407
60112
64008
67222
67543
70046
73565
73846
75221
78124
80175
80367
82096
84151
86340
89017
90044
92286
92387
94400
94450
94467
95763
97752
99360
99790
100284
100287
100747
103544
105292
105607
105763
106263
107613
108249
110034
111921
111979
112210
112920
113494
114004
114088
114219
115026
115110
115164
115397
117506
118459
118524
120533
120899
121889
121929
121947
122023
122044
122077
124598
124621
124773
124892
124909
124981
125004
125018
125285
125450
125671
127648
127668
127703
127721
127739
127766
127847
127880
127924
128302
128379
128672
128692
128697
129532
130451
131478
131495
131525
131527
131532
131541
131579
131586
131589
131591
131600
131698
131725
131820
132067
133064
133893
134242
134883
135001
135441
135443
135518
135541
136114
136159
136189
136216
136423
136430
136490
136776
136858
137197
137314
137449
137476
137481
137621
138936
138955
139261
141453
141543
141633
141637
141713
141716
141739
141759
141845
141856
142003
142107
143668
143702
143709
143714
143717
143732
143782
143790
143811
143824
143842
143940
144023
144219
144896
144901
144983
145004
145010
145049
145169
145243
145248
145271
145288
145874
145901
145923
147021
147074
147463
147582
147602
147658
147718
147748
147754
147961
148122
148145
149226
149244
149272
149295
149323
149575
149602
149621
149631
149732
149829
149856
150060
150275
150348
150675
150820
151514
151543
151547
151567
151571
151882
151894
151925
151933
151942
151959
151961
151966
151970
152181
152185
152276
152454
152636
152830
152867
152903
152951
152981
153307
153308
153536
154271
154274
154373
154679
154692
155426
155492
155616
155640
156082
156126
156189
156751
156768
157088
157094
157100
157110
157534
157547
157554
157596
157956
157962
157977
158599
158612
158840
159205
159215
159363
159605
159753
159941
160003
160369
160896
161742
161851
161897
161918
161941
161971
162017
162154
163119
163137
163141
163205
163728
163729
164227
164229
164238
164244
164400
164456
164480
164488
164636
164655
164688
165875
165958
165974
166049
166067
166100
166922
166926
166931
166932
167706
167707
167710
167736
167741
167764
168055
168086
168106
168361
168763
168800
168834
169435
169458
169485
169511
169527
169551
169562
169574
169583
169594
169598
169626
169644
169666
170349
170353
170900
170928
171261
171306
171462
171672
172082
172091
172093
172095
172104
172120
172123
172506
172623
172639
173092
173125
173160
173177
173277
173496
173528
173534
174090
174117
174583
174623
174624
174627
174629
174631
174742
174758
175159
175174
175224
175273
175315
175467
175567
176010
176018
176065
176072
176605
176626
176781
177150
177169
177181
177185
177191
177208
177217
177218
177265
177664
177673
177683
177684
177691
177694
177699
177705
177714
177752
177966
178058
178081
178328
178368
178547
178765
178773
178785
179417
179589
180218
180223
180224
180229
180232
180252
180261
180262
180272
180282
180395
180400
180814
180828
180846
180854
180857
180878
180880
180894
180909
180924
180933
181365
181370
181401
181404
181468
181486
181570
181733
181784
181786
181791
181880
181962
182190
182236
182254
182963
183038
183046
183052
183055
183059
183142
183598
183640
183653
183664
183671
183672
183718
183856
183890
183900
184291
184329
184347
184360
184361
184363
184368
184379
184383
184386
184397
185031
185077
185126
185157
185184
185190
185192
185208
185223
185268
185298
185313
185551
185560
185562
185581
185634
185853
185965
186409
186411
186414
186417
186441
186507
186650
186661
186668
186671
186675
186676
186688
186691
186743
187032
187035
187079
187509
187515
187521
187542
187552
187559
187565
187602
187827
188205
188361
188368
188423
188582
188590
188857
188863
188895
188998
189340
189348
189393
189992
190140
190146
190148
190150
190157
190177
190232
190295
190296
190473
190484
191241
191243
191263
191590
191597
191613
191947
191958
191960
192256
192302
192303
192546
192955
192969
193032
193042
193078
193104
193115
193119
193138
193805
193806
193886
193926
193936
193972
194014
194044
194045
194097
194105
194132
194259
194330
194511
194761
194895
196181
196191
196212
196225
196228
196237
196239
196260
196295
196313
196321
196327
196496
197535
197538
197540
197571
197581
197582
197598
197606
197610
197621
197625
197631
197634
197639
197648
197841
198867
198889
198892
198902
198911
198917
198921
198922
198940
198955
198962
198986
198996
199004
199017
199022
199040
199074
199075
199083
199089
199106
199151
199176
199202
199227
199230
199252
199260
199339
199420
199822
199828
199844
199944
199964
200048
200095
200591
200600
200635
200650
200674
200729
200730
200743
200749
200758
200913
200926
201437
201444
201446
201447
201450
201476
201953
202412
202440
202459
202483
202553
202690
202711
202714
202727
202936
203252
203292
203321
203325
203345
203349
203350
203355
203384
203391
203393
203423
203570
203888
203892
203894
203897
203904
204282
204328
204334
204396
204404
204673
204675
204703
204710
204723
204947
205309
205550
205556
205587
205610
205621
205658
205676
205683
205691
205699
205710
205715
205716
205774
205879
206312
206343
206860
206936
206944
206965
206981
207008
207012
207397
207411
207415
207417
207430
207710
208498
208503
208504
208512
208530
208533
208548
208549
208559
208569
208590
208608
208618
208628
208644
209030
209543
209556
209944
209953
209955
209965
209988
210010
210030
210266
210308
210538
210889
211014
211015
211026
211036
211043
211052
211055
211101
211124
211206
211924
211935
211943
211958
211978
212033
212379
212383
212386
212387
212388
212402
212404
212419
212688
212727
212769
212867
212970
213011
213428
213452
213456
213461
213483
213510
213518
213522
213523
213854
213900
214125
214133
214136
214146
214185
214192
214254
214522
214535
214915
214932
214939
215034
215386
215403
215415
215417
215610
215634
215647
215784
215821
215845
215868
215893
216041
216086
216326
216468
216471
216520
216582
216585
216716
216718
216774
216857
216901
216902
217266
217321
217478
217504
217578
217637
218158
218310
218321
218339
218584
218819
218830
218941
218964
219058
219167
219990
220012
220030
220454
220468
220528
220537
220919
220946
220950
220965
220991
221522
221524
221533
221555
221563
221568
221827
221844
221875
221883
221884
221905
221940
221961
222098
222100
222140
222393
222400
222413
222943
222959
222967
222973
222991
223489
223494
223500
223501
223507
223557
223564
224010
224015
224018
224023
224790
224795
224798
224799
224814
224815
224829
224842
224843
224845
224856
225108
225123
225190
225389
225406
225414
225417
225634
225648
225661
226099
226114
226149
226151
226153
226154
226594
226619
226625
226635
226639
226640
226658
227073
227116
227138
227177
227385
227422
227775
227787
227824
228026
228136
228208
228270
228289
228702
228745
228759
228770
228781
229028
229036
229045
229070
229317
229327
229377
229431
229677
229888
229989
229995
230169
230520
230535
230798
230814
231131
231148
231413
231427
231437
231499
231602
231607
231660
232011
232012
232352
232374
232411
233086
233109
233121
233138
233154
233168
233171
233516
233517
233533
233543
233661
233669
234136
234138
234143
234157
234170
234369
234388
234460
234538
234541
234557
234560
234960
234975
234977
235022
235029
235577
235580
235587
235663
235675
236134
236145
236154
236194
236247
236401
236696
236700
236712
236748
236984
237014
237034
237044
237049
237164
237344
237466
237640
237664
237716
237733
238041
238047
238048
238091
238446
238459
238466
238513
238525
238860
238861
238872
238889
238935
239258
239259
239261
239269
239550
239575
239593
239702
239967
239969
239970
239981
239998
240047
240070
240082
240284
240308
240309
240317
240544
240571
240782
240788
240832
241549
241596
242110
242644
242809
243491
243608
243709
243723
243977
244082
244146
244605
244609
244627
244662
245148
245184
245547
245589
245615
245665
245751
245763
245766
246077
246359
246640
247353
247404
247407
247683
247838
248209
248591
248595
248687
248998
249041
249306
249373
249398
249589
249726
249746
250006
250024
250030
250059
250064
250067
250321
250345
250594
250954
250984
250989
251348
251375
251379
251542
251547
251549
251668
251794
252062
252071
252072
252088
252104
252116
252128
252172
252184
252703
252707
252721
252734
252779
252805
252819
252824
252830
252855
252875
252885
253460
253523
253581
253605
253643
253646
253647
253682
253686
253972
254432
254442
254452
254473
254500
254527
254554
254568
254588
254651
255566
255842
256563
256569
256578
256594
256602
256617
256620
256636
256656
256668
256696
256793
256815
257250
257275
257343
257358
257500
257858
257883
257934
257944
257954
258611
258626
258645
258659
258661
258665
258680
258701
258708
258710
258736
258742
258754
258789
259426
259428
259446
259471
259507
259512
259565
259568
259582
259608
259613
259614
259654
259656
259681
259735
259790
259864
259873
260406
260413
260437
260485
260503
260507
260518
260523
260536
260554
260578
260586
260597
260622
260677
260681
260722
261756
261878
261908
261924
261975
262070
262223
262396
262476
262551
262828
263088
263089
263101
263108
263113
263151
263157
263183
263192
263196
263234
263242
263245
263253
263256
263292
263328
263345
263375
263452
263470
263519
263882
263917
263964
264921
265142
265237
265251
265503
266072
266091
266117
266130
266139
266146
266161
266165
266167
266171
266180
266181
266190
266194
266210
266211
266213
266481
266500
266507
266509
266577
266593
267019
267039
267110
267509
267630
267631
267673
267824
267881
267882
267883
267890
267923
267924
267928
267939
267967
268249
268261
268276
268329
268794
268797
268810
268811
268814
268816
268817
268835
268844
269050
269150
269159
269166
269170
269182
269191
269199
269202
269204
269445
269553
269809
270007
270015
270235
270506
270574
270715
270751
270828
270878
270937
271385
271387
271398
271414
271415
271429
271437
271444
271448
271455
271456
271462
271482
271484
271489
271501
271517
272014
272036
272043
272051
272150
272153
272200
272239
272240
272244
272353
272427
272696
273303
273361
273383
273404
273443
273448
273454
273502
273515
273521
273561
273569
273622
273645
273664
274146
274150
274158
274216
274830
274884
274887
274991
275074
275076
275102
275114
275147
275475
275539
275598
275734
276197
276225
276248
276299
276344
276345
276359
276406
276728
276733
276734
276737
276742
277035
277042
277164
277165
277169
277301
277302
277303
277337
277372
277699
278030
278039
278064
278114
278127
278137
278149
278158
278175
278182
278582
278587
278786
279185
279260
279417
279635
279659
279682
279725
279801
280056
280061
280205
280208
280453
280454
280456
280462
280463
280752
280762
280765
280774
280792
280806
280813
280836
281113
281117
281146
281197
281369
281792
281800
281978
282117
282385
282474
282659
282669
282683
282881
282903
282908
283258
283475
283526
283568
283569
283751
283752
283914
283922
283982
284148
284157
284170
284175
284401
284429
284431
284686
284708
284910
284912
284940
284941
285144
285190
285248
285316
285542
285674
285727
285840
286108
286115
286124
286140
286198
286243
286315
286361
286394
286478
286486
286515
286538
286660
286742
286775
286778
286780
286799
286940
286943
287025
287164
287217
287562
287616
287921
288128
288362
288439
288473
288578
288802
288816
288830
288896
288968
289062
289185
289259
289442
289448
289471
289570
289632
289678
290128
290743
290986
290990
291115
291140
291386
291448
291460
291488
291493
291556
291611
291643
291721
291970
292049
292056
292066
292292
292299
292705
292852
292913
292960
293183
293356
293495
293750
293776
293992
294252
294267
294307
294309
294499
294525
294578
294613
294732
294761
294775
294776
294783
294850
294905
294928
294948
295127
295143
295181
295277
295292
295313
295608
295733
295751
295752
295754
295778
295907
296271
296376
296391
296398
296421
296423
296519
296739
296936
297017
297124
297131
297143
297187
297209
297267
297575
297578
297586
297628
297696
297801
297814
297836
298305
298306
298349
298836
298924
298946
298963
298981
299393
299423
299468
299471
299475
299516
299521
299550
301064
301070
301100
301120
301603
301655
301660
301792
301989
302114
302115
302135
302136
302181
302204
302251
302275
302356
302388
302390
302426
302504
302822
302852
303243
303265
303319
303320
303321
303343
303347
303377
303958
303975
303981
304052
304775
305615
305670
306051
306119
306141
306175
306266
306574
306843
306853
306855
306878
307032
307033
307066
307116
307130
307144
307173
307570
307576
307579
307871
307979
308038
308064
308068
308075
308114
308126
308162
308165
308650
308735
308739
308760
309171
309240
309276
309289
309352
309389
309432
309765
309794
309804
309840
309842
309843
309858
309859
309891
310037
310333
310588
310634
310635
310648
310662
310692
310981
310985
311225
311570
311578
311589
312015
312037
312085
312096
312105
312120
312139
312143
312148
312183
312214
312217
312491
312495
312496
312498
312501
312519
312526
312528
312529
312558
312563
312974
313352
313379
313698
313739
314007
314045
314058
314065
314067
314087
314096
314111
314119
314137
314614
314616
314637
315207
315237
315261
315277
315337
315421
315974
316005
316037
316065
316080
316213
316296
316322
316336
316360
317209
317250
317285
317297
317304
317334
317621
317830
318410
318767
318902
319034
319473
319602
320187
320427
320432
320464
320518
320538
320576
320663
320686
321069
321291
321340
321565
321853
321922
321953
321985
322229
322299
322305
322347
322410
322486
322517
322681
322911
322930
322944
323251
323291
323292
323646
323652
323702
324463
324948
324955
324957
324986
325057
325125
325809
325931
326132
326204
326493
326854
326930
327110
327131
327813
327815
328084
328095
328137
328163
328205
328274
328948
328949
328950
328959
328960
328988
329185
329645
329656
329680
329890
329896
330269
330546
330570
330583
330600
330605
330610
330644
331133
331141
331151
331339
331365
331386
331875
331893
332291
332314
332445
332450
332453
332460
332678
332911
333083
333116
333177
333221
333254
333947
334459
334516
334564
334653
334912
334932
334966
334968
334974
335257
335327
335332
335390
335459
335688
335700
335724
335726
336054
336582
336616
336620
336637
336827
337196
337209
338179
338212
338317
338875
338877
338883
338920
338922
338928
338932
338947
338981
338996
339011
339030
339033
339612
339629
339639
339662
339679
339687
339778
339782
339812
339849
339855
339938
339968
339989
340003
340021
340050
340091
340151
340839
340879
340890
340892
340939
340957
341019
341041
341069
341097
341890
342000
343176
343191
343195
343206
343239
343246
343250
343283
343291
343785
343808
343831
343878
343950
344821
344856
344870
345149
345150
345157
345178
345195
345207
345229
345238
345254
345259
345365
345372
345720
345727
345781
345787
345798
345808
345825
346360
346906
346913
346922
346934
346946
347396
348320
348511
348512
348551
348581
349109
349500
349539
349543
349548
349586
349596
349600
349603
349625
349937
349974
350095
350365
350578
350605
350960
350971
351207
351543
351580
351643
351682
351767
352733
352791
352792
352829
352848
352865
353225
353390
353436
353440
353882
354068
354070
354158
354571
354888
354904
355282
355789
355796
355838
355884
355955
356045
356306
356552
356562
357169
357312
357314
357572
357965
357967
357989
358073
358098
358468
358480
358505
359180
359380
359745
359815
360179
360326
360417
360503
360719
360752
361101
361102
361161
361641
361664
361717
362015
362618
362671
362699
362966
362975
363161
363239
363260
363275
363279
363674
363728
363802
364140
364149
364626
364663
364746
365058
365076
365091
365148
365158
365169
365171
365201
365566
365604
365859
365897
365913
366150
366222
366635
366658
367270
367310
367717
367887
367893
367897
368134
368145
368348
369247
369248
369516
369518
369699
369706
369894
369908
370568
370860
371478
371836
371856
371858
371876
372855
372864
373167
373201
373498
373929
373949
374207
374229
374694
374701
374735
374768
374812
374845
375147
375204
375212
375789
376079
376084
376158
377168
377229
377262
377265
377517
378000
378008
378035
378133
378543
378555
378559
378589
378609
378697
379148
379193
380442
380479
380513
381002
381009
381023
381030
381053
381060
381086
381119
381368
381397
381811
382010
382283
382367
383053
383356
383442
383470
383494
384272
384621
384659
384669
385496
385669
385994
386880
386891
387258
387397
387476
387824
388070
388115
388116
388480
388509
389319
389329
389369
389395
389398
389450
389613
389655
389850
389990
390006
390037
390068
390195
390449
390707
390733
390987
391020
391053
391133
391398
391403
391406
391466
391475
391830
392258
392466
392706
392839
392959
393227
393303
393518
393959
393980
394412
394413
394428
394802
394811
394906
394924
395121
395218
395309
395737
395769
395817
396291
396369
396438
396611
396721
397003
397051
397139
397867
397913
398138
398656
398677
398725
398785
399081
399526
399956
400516
400540
400594
400784
401100
401388
401462
401463
401791
402537
402855
402963
403209
403259
403264
403283
403308
404489
404785
404867
405879
406422
406491
406884
406911
407658
407732
408129
408202
408313
408350
408543
408904
408924
409181
410695
410697
410717
410721
410783
411145
411634
411651
411733
412056
412298
412408
412433
412480
412846
412891
412893
413147
413211
413447
413781
414090
414092
414387
414410
414446
414447
414463
415030
415035
415096
415366
415485
417389
417956
417979
418027
418038
418095
418116
418946
418959
418978
419541
419793
420319
420329
420341
420347
420376
420452
420481
420761
420783
420890
421005
421327
421596
421699
421873
421893
422244
422340
422625
422996
423312
424072
424242
424368
424438
426067
426091
426093
426172
426588
427143
427148
427241
428109
428232
428678
429482
431331
431676
433417
434845
434903
435003
435464
435506
436067
436106
436425
437135
437337
437381
437402
438685
438903
438909
439291
439763
439789
1999 VZ106
2002 CM262
2002 EY46
2002 FF15
2002 PR2
2002 PM190
2002 VC93
2002 WG23
2003 TK19
2004 DR32
2004 DM57
2004 GH13
2004 VD37
2004 XG57
2005 QB105
2005 UG70
2005 UE161
2005 UK250
2005 WC108
2005 XJ52
2005 XH63
2005 YK148
2006 AY22
2006 BQ57
2006 BV133
2006 QP89
2006 SD106
2007 CU12
2007 CK77
2007 JC17
2007 UF97
2007 VN266
2008 EW39
2008 JP3
2008 SM7
2008 SV115
2008 SK149
2008 TL55
2008 UD143
2008 WM48
2009 AQ29
2009 FE8
2009 HV3
2009 RF65
2009 SV144
2009 TB21
2009 WZ84
2009 WO237
2009 XE19
2010 CT214
2010 ES44
2010 GE119
2010 RD182
2010 TW16
2010 UO99
2011 AX24
2011 EL25
2011 EC42
2011 ES53
2011 EP80
2011 FL55
2011 FC153
2011 GH80
2011 HN22
2011 LR9
2011 OV51
2011 SC94
2011 UX398
2011 UZ184
2011 WY144
2011 YS48
2012 BP109
2012 CU36
2012 GW39
2012 HK63
2012 JE51
2012 TD2
2012 TM123
2012 TS185
2012 TX252
2012 VV42
2012 XH94
2012 XB135
2012 XS151
2013 AD56
2013 AS58
2013 AW59
2013 AN87
2013 CW1
2013 CJ18
2013 CT53
2013 CA70
2013 CM76
2013 CV89
2013 CC117
2013 EQ15
2013 ER40
2013 EQ81
2013 EA99
2013 FH24
2013 GS49
2013 GU126
2013 GP130
2013 PL32
2013 QX92
2013 TC25
2013 TL67
2013 TA85
2013 TL109
2014 AL27
2014 BJ4
2014 BR4
2014 DR58
2014 DQ97
2014 EG7
2014 ED35
2014 EA46
2014 FO36
2014 FP40
2014 GH11
2014 HA4
2014 HQ45
2014 HY158
2014 HR172
2014 JD21
2014 JC24
2014 JL75
2014 KQ4
2014 KC81
2014 LE8
2014 LG14
2014 LX18
2014 ME1
2014 MT34
2014 NA1
2014 NB18
2014 OT102
2014 OL185
2014 QS419
2014 QN324
2014 RK40
2014 SH154
2014 SS233
2014 SG298
2014 SD299
2014 TE47
2014 UF
2014 UV19
2014 UL150
2014 UP176
2014 WD52
2014 WR427
2014 WB480
2014 XX37
2014 YL21
2014 YV28
2015 AS261
2015 BE61
2015 BG82
2015 BN85
2015 BQ471
2015 DJ29
2015 DM46
2015 DG212
2015 DM218
2015 FL109
2015 FE173
2015 FA329
2015 GK39
2015 HE173
2015 KL43
2015 KK46
2015 KO50
2015 KQ111
2015 KD112
2015 ML71
2015 NR11
1999 VS97
2000 EB192
2000 ER203
2001 YM12
2003 FX70
2003 YG115
2004 VD72
2005 KU3
2005 PZ22
2005 TP188
2005 YB4
2006 QE179
2006 TV23
2006 VD144
2006 WD123
2006 YY
2007 EW84
2007 RL30
2007 UV92
2007 VM46
2007 VQ324
2008 UW114
2008 VY66
2009 BC13
2009 QP44
2009 SX77
2009 VW21
2009 WT17
2009 WE36
2010 AJ84
2010 AB107
2010 AK127
2010 AP133
2010 BJ37
2010 BB100
2010 BU111
2010 BT117
2010 CP13
2010 CM15
2010 CC16
2010 CY58
2010 CC193
2010 CF195
2010 CL229
2010 CC235
2010 CQ237
2010 CR237
2010 CC245
2010 DE15
2010 DA45
2010 EN163
2010 FU33
2010 FA61
2010 FK70
2010 FM72
2010 FL74
2010 FC76
2010 FR103
2010 GL59
2010 GW70
2010 GN81
2010 GY81
2010 GW148
2010 GV149
2010 GS166
2010 HW7
2010 HU8
2010 HX38
2010 HB60
2010 HG84
2010 HD86
2010 JR9
2010 JE18
2010 JA20
2010 JX27
2010 JB62
2010 JQ65
2010 JV70
2010 JW85
2010 JH98
2010 JL102
2010 JR142
2010 KU1
2010 KN19
2010 KW31
2010 KS32
2010 KT47
2010 KV49
2010 KC75
2010 KL84
2010 KG86
2010 KQ91
2010 KL92
2010 KW93
2010 KA104
2010 KA122
2010 LW1
2010 LH7
2010 LE19
2010 LJ22
2010 LY47
2010 LR52
2010 LD59
2010 LK70
2010 LM70
2010 LN101
2010 LQ129
2010 MM21
2010 MH26
2010 MC82
2010 MZ87
2010 MG99
2010 MX102
2010 MP110
2010 MX114
2010 NM8
2010 NQ11
2010 NF15
2010 NJ20
2010 NC25
2010 NS32
2010 NV58
2010 NT68
2010 NA70
2010 NW70
2010 NQ75
2010 NP77
2010 NV92
2010 NK100
2010 NF102
2010 NV110
2010 OC28
2010 OY32
2010 OU64
2010 OK65
2010 OP79
2010 OY81
2010 OH89
2010 OV90
2010 OC91
2010 OA95
2010 OT97
2010 OP106
2010 OV107
2010 OJ122
2010 OT124
2010 PP4
2010 PV13
2010 PW44
2010 PB51
2010 PH52
2010 PP54
2010 RW82
2010 RR128
2010 RS133
2011 GA49
2011 HV15
2011 MA10
2011 UO86
2011 UD206
2011 VN1
2011 WS53
2012 DE38
2012 XD15
2012 XZ28
2012 XE142
2013 AO
2013 SE55
2013 WC70
2013 XY7
2014 BN37
2014 HJ43
2014 JS68
2014 ND65
2014 OJ187
2014 PK51
2014 RT11
2014 WE140
2014 WK170
2014 WH173
2015 BJ378
2015 BS141
2015 BZ268
2015 BJ326
2015 CO46
2015 DA40
2015 DZ115
2015 DJ203
2015 FT47
2015 GF16
2015 OV14
2015 OJ73
2015 PA48
