id
373
930
2725
3039
3177
4962
6974
7082
7707
8067
9175
9262
10094
10332
11665
11875
12975
13386
15416
16087
17019
18045
18144
18168
18336
19130
19327
20348
21515
22451
23081
23275
24973
26154
26205
26460
26806
27954
28420
30837
31732
32143
33650
34566
36154
38613
39578
39680
41281
41352
43989
46357
46380
48792
49335
49928
50307
51126
51539
51749
51927
51944
53052
53183
54100
54207
54878
56618
56650
56800
56813
56960
57219
58319
58385
58519
58523
60573
60636
61284
62648
63196
65633
66231
67280
68544
68831
69030
69992
71407
72775
73011
73166
73334
73432
74208
74525
75707
75927
76325
76660
77497
78134
78692
79160
79505
81634
81638
81773
81825
82049
82940
83140
83154
83939
84425
84437
85637
87723
88209
88553
89422
90321
91725
91851
96114
96452
96621
97206
98922
99155
99876
101301
101781
102324
104263
104502
104878
104920
106810
106841
107854
107992
109084
109991
110289
110559
110673
110731
110844
112835
114423
115047
115117
115838
116550
116658
118758
119109
119231
123111
123360
125332
125595
126987
127354
129446
129569
129673
129965
136368
137063
139501
139535
139723
140548
140899
140973
141774
143260
143275
144375
145228
145701
146218
146856
147735
148097
148355
148443
148555
149121
150272
151153
151250
151736
152412
152812
153028
154516
155189
155722
155826
157333
157566
160978
160991
161171
162338
164104
166484
169043
169388
169591
169777
169983
170922
173045
174009
174023
174359
175659
178918
179829
181280
182507
183302
183318
183495
184169
185880
187612
187978
188498
190653
191034
191351
192184
192882
193547
193556
196062
196074
196688
198858
199537
200525
201353
204519
208769
209214
211452
213609
215495
217882
218787
220396
221845
221864
222622
228393
230912
231467
231706
232241
233377
234810
235414
235896
236754
236881
236899
238400
240134
240978
241813
242918
243272
244372
244387
246675
246842
247596
248495
248883
249410
249489
252429
252869
254989
255923
256897
257180
257882
258155
258248
258489
260282
260766
263465
264713
269128
271123
271145
271556
272011
276166
276205
276546
277126
279992
282600
284042
284285
286352
286472
286875
287842
288894
289012
289362
290095
290188
292486
292851
294188
297718
299635
300134
300377
301984
302042
302645
303810
304114
304953
305544
305613
305899
306911
308090
308256
308561
308777
309198
311053
311917
313895
314875
315545
316117
316632
317653
318025
318788
319983
322809
322991
323484
323503
324056
325140
326466
327322
327852
330039
330714
331927
331951
331979
332973
333201
333652
334959
336253
338108
338220
338722
338905
341194
342701
342903
344049
344305
345986
346105
346213
346215
347348
348857
349682
354241
354330
354693
355296
356452
356775
357131
358266
359303
359332
359907
360439
361034
361894
361981
362468
364992
365272
365486
365787
366498
366792
369570
369638
369770
370501
372893
373861
375409
375632
378407
379277
379486
379935
379972
380203
381470
382201
383325
385378
386158
386791
386910
387577
387996
388603
389519
390516
391271
393395
393755
394009
394738
395916
396856
397251
398187
398234
399014
401660
404783
404860
405519
406989
408804
409173
409466
411486
413053
413359
413784
414732
416397
416625
416951
416977
417118
417145
420803
421541
422337
422381
422632
422892
423373
423682
425129
425534
425601
426761
427330
427356
430389
430703
430943
432835
432991
433420
433538
434375
435748
436291
436611
436937
437773
439784
1997 CD17
1998 ST18
2000 LO31
2001 SY213
2001 SQ356
2001 VZ129
2002 RD293
2005 AY77
2005 GM130
2005 LA3
2005 LX16
2005 SD46
2005 SG120
2005 SD293
2005 VS20
2005 VA133
2005 XM37
2005 YL37
2005 YA95
2005 YC165
2006 BK23
2006 DN104
2006 RT85
2006 UX213
2006 UD109
2006 UX213
2006 UQ222
2006 VA146
2006 WG127
2007 BX24
2007 BS47
2007 BO52
2007 DD117
2007 RG289
2007 RU324
2007 SM21
2007 TF40
2007 TE369
2007 VY122
2007 VB330
2007 WJ63
2007 YC31
2008 EC65
2008 EU164
2008 FY129
2008 GQ89
2008 GY104
2008 RS39
2008 RQ79
2008 RK116
2008 ST89
2008 ST242
2008 UR244
2008 UO330
2008 XK14
2009 CY51
2009 DS126
2009 KT2
2009 RR33
2009 SC189
2009 SK261
2009 SP318
2010 AX21
2010 AB101
2010 CA241
2010 GX66
2010 MY93
2010 QW3
2010 WY25
2011 AS67
2011 HY24
2011 LS19
2011 QS65
2011 UH108
2011 UH108
2011 UX182
2011 UW204
2011 WS76
2011 WE136
2012 AD7
2012 AO13
2012 BE19
2012 BZ107
2012 FU67
2012 JR4
2012 JC17
2012 RK25
2012 RQ32
2012 RT32
2012 TT98
2012 UC105
2012 UD163
2012 VD12
2012 XF71
2012 XU85
2013 AT58
2013 AT74
2013 BP15
2013 CW3
2013 CB120
2013 EZ19
2013 EC114
2013 GQ34
2013 HV4
2013 HM32
2013 JY41
2013 JU46
2013 QC32
2013 YC70
2014 BG54
2014 ET6
2014 FR53
2014 HB15
2014 HF183
2014 JC4
2014 JB42
2014 KK3
2014 KM51
2014 LX2
2014 MO1
2014 MH49
2014 OT95
2014 OQ385
2014 OZ212
2014 OH344
2014 QK30
2014 QC249
2014 RZ1
2014 SW147
2014 SF214
2014 TQ53
2014 UV213
2014 WS137
2014 WK350
2014 WH481
2014 WC237
2015 AG239
2015 AB264
2015 BG59
2015 BX157
2015 BL263
2015 DD98
2015 DD204
2015 DH215
2015 FY48
2015 FM304
2015 GR2
2015 MZ128
2000 KM40
2000 XZ10
2001 FX125
2002 EQ4
2003 UK119
2003 WK54
2004 TN3
2004 VD22
2005 TB168
2005 YM191
2006 BE14
2006 PO28
2006 QY54
2006 RD60
2006 SC253
2007 TW22
2007 UT91
2008 BN48
2008 JY15
2008 RS131
2008 RV143
2008 TW14
2008 TG187
2008 UY178
2009 AU29
2009 BZ135
2009 RW69
2009 WC176
2010 AH98
2010 BT20
2010 BW49
2010 BY92
2010 BB115
2010 CB17
2010 CY185
2010 CO209
2010 CC217
2010 DC89
2010 EF26
2010 EV146
2010 FR39
2010 FG68
2010 FZ118
2010 GJ44
2010 GZ154
2010 GB155
2010 JX127
2010 JP137
2010 JS139
2010 KD6
2010 KW28
2010 KF51
2010 KX85
2010 KK112
2010 LW24
2010 LE128
2010 ML6
2010 MU25
2010 MD62
2010 ML63
2010 MU85
2010 MJ107
2010 OK40
2010 OQ41
2010 OY48
2010 OS61
2010 OO75
2010 OA97
2010 OY98
2010 SD31
2010 TW117
2010 VM192
2010 WP47
2011 AA5
2011 AN78
2011 FQ71
2011 HQ36
2011 RD17
2011 SY47
2011 SR227
2011 US365
2011 WJ17
2011 YQ64
2012 AD4
2012 CE40
2012 HA81
2012 TZ139
2012 TS250
2012 UQ52
2013 AQ102
2013 AF158
2013 AG176
2013 CB56
2013 CP160
2013 HO84
2013 HY99
2013 HT116
2013 HR137
2013 JV14
2013 JK51
2013 LD27
2013 TJ33
2013 UH2
2013 WK17
2013 YP64
2014 BO55
2014 DU120
2014 KW51
2014 KE52
2014 OD44
2014 OY64
2014 OJ89
2014 OJ153
2014 PB12
2014 PU42
2014 PP43
2014 QL372
2014 QB171
2014 QO250
2014 QF301
2014 SY
2014 SM226
2014 WS137
2014 WK350
2015 AA48
2015 BF59
2015 BX108
2015 CA15
2015 DM9
2015 DN42
2015 DA187
2015 GG34
2015 HT166
2015 MT50
2015 MR94
2015 NG4
2015 NT21
2015 PZ52
