id
6
53
78
81
130
135
173
226
258
285
288
289
464
465
591
675
718
768
800
826
834
843
889
917
956
969
980
981
986
1013
1055
1060
1061
1150
1166
1195
1270
1281
1313
1318
1319
1342
1369
1387
1392
1418
1452
1484
1493
1529
1554
1572
1643
1648
1681
1738
1746
1752
1821
1860
1928
1986
1994
1997
2175
2199
2265
2285
2435
2454
2464
2714
2772
2819
2824
2866
2892
3009
3011
3038
3040
3042
3053
3093
3107
3125
3144
3289
3300
3321
3330
3350
3358
3381
3388
3416
3438
3474
3511
3578
3630
3654
3655
3693
3694
3719
3725
3855
3872
3918
3922
3958
3973
4047
4090
4107
4145
4154
4211
4265
4267
4276
4323
4331
4512
4522
4525
4564
4567
4629
4665
4812
4886
4923
4956
5002
5010
5056
5079
5122
5151
5163
5167
5168
5190
5220
5287
5308
5366
5654
5686
5714
5777
5792
5830
6065
6103
6105
6108
6167
6175
6283
6339
6365
6395
6425
6469
6516
6539
6577
6600
6603
6630
6645
6695
6699
6790
6803
6831
6991
7003
7036
7062
7084
7093
7101
7110
7128
7132
7160
7167
7169
7194
7218
7225
7254
7286
7390
7413
7421
7452
7453
7514
7555
7564
7652
7692
7745
7764
7824
7833
7845
7987
8056
8064
8131
8229
8250
8262
8269
8274
8324
8378
8445
8471
8481
8612
8670
8714
8717
8719
8776
8780
8861
8876
8882
8906
8912
8947
8959
8985
8992
8993
9027
9045
9091
9120
9123
9163
9187
9200
9250
9355
9366
9401
9409
9498
9516
9608
9693
9716
9746
9831
9897
9914
9970
9976
10015
10054
10066
10158
10176
10186
10208
10209
10279
10296
10306
10328
10389
10402
10406
10409
10422
10462
10496
10527
10529
10552
10559
10566
10584
10593
10609
10632
10731
10824
10827
10869
10874
10935
10940
10975
10997
11074
11079
11220
11253
11274
11290
11333
11354
11415
11470
11486
11492
11526
11579
11597
11632
11796
11804
11817
11826
11832
11841
11864
11923
11928
11947
12040
12126
12155
12161
12179
12234
12237
12322
12368
12443
12507
12631
12637
12774
12781
12796
12830
12894
12920
12932
13003
13006
13008
13066
13080
13151
13160
13161
13170
13208
13317
13422
13426
13451
13493
13524
13570
13634
13699
13826
13834
13852
13859
13887
13923
14032
14089
14127
14138
14145
14193
14199
14247
14294
14300
14302
14308
14351
14355
14363
14367
14376
14408
14449
14457
14466
14530
14547
14610
14734
14812
14819
14820
14872
14892
14911
14951
14965
15008
15033
15075
15106
15129
15158
15161
15204
15248
15265
15269
15287
15308
15318
15454
15489
15552
15571
15669
15688
15712
15764
15768
15792
15856
15887
15891
15911
15919
15924
15933
15934
16002
16025
16052
16082
16114
16129
16163
16205
16219
16304
16353
16408
16442
16470
16497
16528
16535
16549
16556
16661
16673
16694
16712
16754
16814
17025
17028
17264
17280
17284
17291
17321
17329
17405
17491
17494
17583
17591
17609
17662
17791
17857
17924
18007
18080
18130
18133
18153
18212
18229
18266
18298
18303
18323
18337
18418
18439
18495
18569
18740
18757
18765
18879
18914
18945
18966
18986
18995
18999
19053
19092
19158
19177
19187
19248
19296
19524
19555
19566
19618
19632
19668
19720
19729
19732
19790
19928
19981
20009
20111
20143
20170
20192
20193
20219
20262
20438
20451
20459
20475
20487
20492
20501
20614
20620
20682
20745
20763
20773
20791
20925
20993
21004
21061
21063
21065
21070
21086
21146
21213
21233
21274
21282
21320
21380
21393
21460
21464
21471
21618
21755
21849
21873
21943
21946
21948
22096
22103
22147
22166
22170
22211
22275
22284
22294
22341
22347
22378
22455
22479
22482
22569
22609
22645
22668
22767
22783
22788
22791
22797
22799
22821
22830
22861
22895
22975
23027
23112
23118
23181
23184
23226
23230
23244
23293
23317
23347
23348
23427
23473
23479
23607
23612
23670
23704
23720
23731
23793
23823
23835
23848
23907
23953
23986
24013
24117
24122
24192
24203
24220
24252
24273
24293
24328
24395
24419
24617
24622
24672
24737
24799
24840
24847
24910
24942
25016
25044
25137
25162
25179
25201
25222
25226
25351
25567
25623
25647
25707
25713
25752
25779
25782
25805
25810
25850
25882
25944
25949
25960
25985
26033
26090
26094
26104
26118
26157
26164
26204
26241
26242
26473
26479
26509
26535
26542
26567
26568
26599
26690
26693
26726
26742
26798
26844
26904
26942
26963
27067
27092
27122
27138
27210
27250
27289
27299
27305
27350
27357
27424
27488
27500
27617
27635
27653
27660
27723
27732
27816
27819
27848
27853
27933
27940
27951
27953
27984
28102
28118
28193
28212
28248
28332
28367
28469
28513
28541
28574
28761
28804
28900
28989
28995
29016
29058
29276
29293
29311
29352
29411
29422
29424
29436
29550
29606
29611
29621
29640
29665
29676
29701
29890
29935
29980
30013
30120
30224
30281
30339
30351
30360
30403
30417
30440
30559
30684
30750
30769
30784
30886
30914
30921
30987
30994
31007
31094
31155
31167
31242
31254
31365
31497
31527
31545
31576
31638
31741
31803
31847
31866
31882
31911
31921
31924
31979
31992
31995
32004
32017
32026
32028
32100
32101
32110
32139
32184
32200
32215
32360
32510
32587
32605
32635
32641
32715
32730
32774
32788
32793
32887
32939
32969
32985
33259
33278
33351
33368
33386
33424
33449
33557
33585
33589
33752
33765
33803
33842
33864
33890
33901
33919
33957
34007
34122
34139
34174
34210
34295
34306
34339
34386
34587
34639
34671
34735
34854
34869
34930
34932
35011
35033
35053
35210
35218
35227
35228
35279
35281
35289
35296
35312
35360
35362
35371
35383
35400
35416
35450
35534
35556
35615
35666
35728
35783
35791
35827
35853
35855
35881
35891
35996
36029
36033
36060
36102
36182
36197
36260
36287
36340
36341
36347
36350
36372
36378
36380
36390
36392
36409
36457
36492
36538
36540
36563
36645
36684
36717
36827
36830
36859
36898
37071
37127
37210
37241
37276
37358
37390
37394
37399
37415
37427
37559
37676
37707
37854
37873
37885
37917
37934
37993
37999
38023
38042
38043
38101
38168
38169
38170
38188
38193
38205
38219
38234
38308
38336
38400
38475
38502
38504
38566
38579
38662
38668
38767
38771
38772
38833
38880
38945
38965
39048
39072
39099
39150
39214
39354
39382
39390
39391
39415
39416
39428
39485
39491
39514
39524
39541
39590
39614
39634
39718
39877
39884
39945
39972
39978
40101
40200
40268
40291
40313
40339
40356
40363
40367
40371
40382
40417
40431
40611
40613
40632
40655
40670
40834
40843
40874
40925
40994
41087
41155
41168
41176
41229
41246
41390
41431
41463
41538
41732
41744
41909
41910
41996
42004
42072
42085
42090
42095
42173
42219
42251
42254
42280
42288
42307
42361
42373
42386
42388
42401
42402
42478
42496
42497
42606
42618
42708
42715
42733
42817
42819
42833
42850
42878
42908
42935
42942
42952
43028
43062
43116
43158
43175
43296
43332
43335
43338
43431
43537
43553
43566
43588
43602
43625
43746
43766
43788
43798
43802
43812
43821
43945
43951
43960
43981
44004
44020
44042
44095
44110
44130
44131
44238
44294
44394
44462
44478
44553
44554
44566
44616
44720
44851
44910
44916
44989
45026
45070
45104
45130
45147
45152
45166
45173
45188
45228
45232
45287
45314
45505
45627
45638
45767
45784
45794
45887
45912
45953
46031
46048
46112
46124
46196
46220
46255
46274
46275
46418
46452
46454
46482
46506
46547
46587
46595
46616
46657
46688
46726
46746
46775
46783
46806
46815
46816
46822
46830
46843
46848
46853
46874
46884
46942
47002
47005
47111
47164
47315
47440
47468
47473
47526
47544
47565
47612
47642
47685
47809
47838
47939
47950
48079
48098
48115
48340
48446
48476
48477
48597
48622
48668
48671
48683
48719
48720
48746
48828
48839
48925
48928
48933
48960
48972
48984
49022
49045
49103
49149
49162
49165
49198
49241
49284
49290
49318
49330
49369
49395
49428
49437
49743
49746
49837
49855
49926
49953
49963
49968
50221
50223
50225
50322
50411
50782
50812
50897
51012
51071
51238
51294
51382
51392
51476
51525
51637
51740
51793
51819
51916
52013
52039
52046
52080
52089
52136
52190
52231
52232
52288
52289
52342
52399
52408
52433
52434
52455
52505
52559
52611
52652
52746
52754
52813
52854
52896
52900
52926
52948
52969
53046
53086
53112
53142
53164
53179
53200
53234
53236
53262
53301
53373
53393
53557
53615
53628
53633
53659
53707
53776
53787
53975
54003
54098
54253
54307
54418
54442
54445
54460
54484
54525
54610
54615
54620
54705
54770
54791
54810
54819
54829
54846
54850
54853
54855
54880
54913
54997
55006
55129
55242
55395
55546
55588
55654
55669
55724
55732
55734
55795
55817
55864
55870
55877
55894
55946
55966
56003
56009
56086
56107
56112
56125
56142
56158
56166
56178
56183
56189
56201
56226
56232
56242
56249
56262
56291
56307
56353
56399
56422
56436
56444
56468
56523
56535
56542
56545
56556
56562
56694
56713
56733
56768
56772
56778
56802
56803
56832
56845
56864
57016
57051
57075
57076
57087
57106
57156
57175
57230
57281
57369
57759
57804
57820
57832
57898
57900
57931
57991
57993
58003
58022
58059
58062
58159
58171
58172
58209
58212
58217
58254
58257
58262
58264
58272
58329
58394
58467
58476
58485
58491
58610
58634
58636
58644
58921
59023
59041
59071
59190
59368
59373
59449
59492
59514
59526
59531
59555
59561
59571
59587
59596
59601
59621
59630
59641
59656
59737
59759
59778
59788
59814
59818
59863
59906
59960
59970
59975
60004
60014
60025
60124
60151
60199
60215
60300
60569
60591
60603
60642
60680
60728
60731
60801
60841
60859
60989
61091
61103
61182
61218
61295
61310
61330
61379
61414
61429
61463
61472
61506
61530
61697
61703
61712
61723
61752
61791
62035
62049
62057
62071
62090
62256
62470
62564
62578
62626
62646
62665
62754
62761
62768
62780
62940
62995
63092
63163
63206
63302
63335
63344
63399
63489
63501
63540
63569
63580
63602
63618
63621
63639
63651
63776
63832
64070
64075
64122
64160
64171
64284
64321
64434
64546
64572
64621
64669
64713
64725
64740
64757
64775
64908
64958
65264
65299
65351
65457
65492
65496
65523
65538
65540
65605
65619
65638
65651
65741
65745
65762
65779
65872
65874
65890
65899
65908
65911
65923
65942
65988
66099
66100
66120
66233
66282
66304
66307
66312
66337
66355
66478
66487
66505
66520
66541
66548
66549
66559
66562
66567
66569
66578
66592
66595
66600
66605
66626
66646
66657
66673
66699
66707
66728
66795
66827
66828
66845
66954
66961
66973
66991
67013
67035
67038
67041
67052
67072
67088
67279
67283
67343
67346
67383
67426
67453
67474
67497
67517
67519
67552
67562
67611
67640
67645
67678
67733
67777
67919
67972
67981
68010
68028
68033
68053
68149
68208
68215
68265
68323
68352
68366
68462
68496
68526
68603
68720
68730
68735
68739
68754
68807
68818
68839
68938
69016
69032
69046
69107
69177
69183
69195
69211
69212
69286
69322
69324
69353
69355
69360
69377
69379
69754
70037
70044
70048
70097
70108
70161
70215
70225
70230
70276
70329
70342
70347
70349
70469
70472
70508
70517
70542
70583
70733
70738
70801
70869
70890
70956
70958
70990
71025
71030
71110
71122
71131
71155
71173
71288
71294
71428
71575
71648
71721
71729
71731
71750
71926
71933
71984
71985
72051
72073
72096
72128
72157
72195
72236
72258
72275
72313
72317
72390
72396
72482
72923
72935
72937
72994
73028
73038
73043
73072
73102
73110
73125
73163
73253
73292
73295
73370
73376
73435
73439
73522
73548
73553
73576
73653
73733
73833
73841
73869
73873
73880
73912
73933
73936
73963
74002
74003
74014
74044
74065
74096
74117
74128
74167
74213
74297
74431
74570
74603
74616
74623
74636
74638
74668
74751
74759
74800
74814
74816
74831
74836
74850
74856
74878
74892
75013
75021
75022
75083
75084
75098
75133
75135
75192
75201
75202
75223
75238
75287
75294
75327
75445
75460
75500
75522
75523
75524
75552
75560
75576
75626
75633
75700
75744
76235
76492
76499
76706
76845
76933
77064
77180
77328
77390
77478
77528
77596
77659
77865
77911
77920
77938
77985
78005
78032
78092
78111
78210
78239
78266
78275
78298
78390
78443
78520
78523
78758
78832
78877
78907
78919
78961
78996
79001
79123
79171
79220
79238
79290
79299
79302
79338
79410
79411
79412
79423
79478
79570
79573
79625
79689
79691
79765
79792
79814
79825
79851
80052
80079
80104
80114
80146
80224
80242
80248
80335
80422
80516
80530
80539
80555
80569
80585
80606
80644
80662
80724
80782
80881
80906
81035
81040
81065
81226
81227
81296
81406
81433
81471
81475
81476
81586
81622
81650
81919
81933
81945
81983
82009
82035
82140
82156
82185
82277
82287
82322
82340
82346
82348
82369
82385
82436
82437
82476
82482
82489
82538
82542
82566
82571
82581
82598
82606
82648
82740
82762
82789
82794
82802
82823
82831
82880
82915
83022
83117
83222
83239
83358
83389
83399
83416
83622
83656
83801
83914
83967
83995
83999
84001
84008
84022
84035
84054
84099
84100
84210
84227
84370
84407
84442
84472
84497
84500
84504
84781
84798
84810
84997
85120
85125
85143
85218
85220
85256
85280
85299
85301
85305
85328
85362
85403
85421
85465
85472
85473
85477
85478
85495
85504
85511
85512
85514
85536
85589
85658
85699
85809
85819
85829
86032
86033
86040
86049
86153
86301
86325
86439
86483
86563
86582
86589
86613
86617
86627
86635
86707
86747
86808
86814
86856
86892
86898
86957
86965
86989
86992
87049
87051
87066
87072
87077
87104
87156
87158
87176
87231
87233
87290
87306
87334
87381
87422
87449
87464
87513
87562
87582
87630
87648
87659
87722
87783
87788
87792
87824
87835
87878
87903
87943
88054
88100
88148
88183
88282
88321
88344
88368
88464
88489
88507
88530
88562
88626
88685
88693
88743
88755
88791
88796
88830
88847
88854
88887
88908
88977
89045
89173
89199
89301
89307
89311
89325
89442
89494
89495
89509
89538
89542
89572
89576
89577
89584
89613
89660
89661
89682
89695
89726
89784
89786
89794
89901
89977
90014
90053
90124
90161
90167
90172
90193
90194
90289
90299
90307
90373
90428
90455
90495
90496
90503
90584
90595
90603
90604
90609
90633
90699
90702
90709
90713
90752
90886
90974
91095
91474
91532
91549
91556
91639
91701
91758
91857
91923
92171
92308
92391
92399
92464
92476
92488
92493
92535
92550
92624
92640
92655
92723
92774
92779
92786
92805
92831
92886
92888
92964
93078
93227
93265
93318
93403
93434
93514
93530
93547
93679
93703
93719
93813
93858
93883
93898
93901
93914
93946
94053
94054
94082
94085
94129
94143
94200
94233
94236
94262
94305
94570
94821
94890
94894
94901
94940
95007
95032
95089
95111
95175
95211
95391
95450
95796
95797
95850
95972
95996
96001
96013
96015
96016
96109
96187
96190
96217
96369
96378
96450
96474
96500
96512
96579
96728
96734
96736
96766
96781
96799
96821
96832
96833
96982
96996
97050
97082
97173
97199
97231
97309
97348
97421
97465
97611
97746
97789
97797
97810
97816
97907
97933
98001
98056
98058
98089
98180
98196
98293
98473
98575
98587
98643
98651
98732
98754
98764
98776
98788
98792
98799
98801
98848
98865
98931
99021
99033
99090
99296
99362
99397
99434
99448
99452
99565
99648
99911
99919
99922
99952
99958
99970
100021
100028
100047
100049
100133
100151
100170
100226
100250
100260
100269
100293
100305
100343
100361
100365
100367
100377
100382
100400
100434
100442
100445
100447
100456
100461
100467
100483
100524
100530
100533
100574
100615
100616
100710
100740
100808
100814
100825
100867
100881
100917
100966
101000
101015
101016
101055
101092
101124
101133
101134
101193
101194
101204
101231
101282
101317
101362
101395
101396
101408
101409
101447
101448
101476
101504
101508
101512
101524
101548
101570
101587
101588
101593
101599
101635
101649
101675
101685
101691
101713
101755
101762
102012
102052
102059
102135
102137
102163
102175
102183
102191
102225
102246
102289
102294
102332
102334
102336
102377
102403
102422
102432
102475
102542
102559
102568
102585
102589
102612
102629
102677
102680
102701
102726
102769
102887
102926
102984
103008
103025
103029
103092
103100
103142
103199
103216
103295
103353
103381
103496
103541
103578
103615
103679
103695
103830
103843
104093
104100
104189
104199
104323
104645
104727
104751
104812
104843
104903
104910
104922
104946
104955
105058
105115
105139
105148
105157
105229
105250
105255
105257
105301
105330
105397
105399
105422
105453
105464
105522
105616
105711
105741
105826
105832
105856
105887
105894
105899
105942
105993
106069
106079
106132
106319
106331
106373
106446
106542
106662
106679
106690
106792
106814
106816
106850
106946
106961
106975
107012
107051
107222
107270
107315
107352
107430
107439
107459
107503
107517
107540
107575
107839
107851
107861
108074
108113
108172
108222
108315
108345
108366
108389
108553
108581
108629
108651
108710
108721
108741
108764
108797
108826
108837
108840
108854
108907
108919
108936
108943
108944
108946
109003
109037
109054
109071
109092
109100
109106
109117
109141
109161
109167
109170
109183
109260
109276
109288
109295
109316
109332
109374
109378
109398
109440
109441
109471
109515
109603
109642
109679
109698
109824
109830
109839
109883
109889
109895
109912
109932
109935
109947
109954
109976
110037
110081
110119
110149
110266
110278
110315
110319
110341
110344
110360
110392
110412
110414
110453
110496
110520
110557
110641
110715
110780
110905
110961
111005
111021
111068
111125
111168
111172
111251
111252
111294
111369
111433
111562
111680
111695
111748
111759
111808
111838
111842
111848
111875
111883
111905
111999
112004
112102
112141
112217
112243
112281
112294
112298
112350
112352
112393
112419
112447
112455
112551
112558
112580
112640
112654
112680
112691
112744
112751
112791
112799
112962
113034
113038
113043
113058
113082
113103
113150
113168
113176
113312
113347
113390
113455
113532
113541
113550
113602
113712
113779
113885
113888
113916
113935
113976
114048
114074
114176
114244
114264
114305
114382
114399
114415
114419
114434
114529
114536
114695
114822
114908
114949
114966
114997
115009
115049
115060
115070
115142
115166
115333
115351
115491
115555
115568
115648
115656
115670
115978
116023
116052
116064
116281
116306
116330
116412
116538
116589
116667
116672
116691
116759
116833
116928
116936
116957
116959
116988
116991
117061
117075
117160
117168
117211
117232
117306
117373
117524
117662
117663
117828
117863
117872
117917
117955
117965
118025
118029
118032
118118
118232
118254
118316
118367
118462
118465
118467
118490
118552
118557
118564
118607
118658
118667
118759
118787
118866
118919
119110
119129
119132
119152
119170
119172
119188
119207
119213
119246
119277
119278
119297
119351
119397
119481
119494
119673
119751
119764
119883
119891
119934
119948
120040
120103
120116
120267
120271
120280
120287
120318
120354
120369
120387
120424
120512
120554
120556
120671
120685
120735
120751
120791
120828
120834
120933
120946
120960
121058
121182
121276
121282
121292
121293
121315
121380
121385
121437
121439
121616
121625
121788
121865
121980
122042
122053
122076
122082
122090
122140
122146
122201
122213
122222
122291
122325
122389
122398
122416
122440
122510
122511
122516
122526
122534
122579
122594
122640
122667
122677
122692
122721
122732
122783
122788
122839
122847
122895
122908
122930
122968
123027
123030
123053
123067
123110
123141
123173
123179
123180
123231
123248
123267
123307
123434
123464
123494
123502
123508
123537
123566
123572
123632
123643
123729
123755
123773
123785
123796
124113
124155
124161
124169
124220
124272
124273
124292
124367
124370
124372
124386
124421
124448
124461
124463
124478
124485
124495
124529
124579
124643
124660
124672
124804
124856
124908
124912
124914
124916
124926
124934
124976
125107
125198
125272
125296
125536
125548
125584
125635
125816
125834
125839
125863
125947
126014
126138
126151
126233
126270
126291
126365
126380
126395
126415
126536
126570
126636
126693
126743
127001
127005
127011
127105
127191
127218
127245
127250
127282
127285
127288
127369
127403
127436
127451
127790
127845
127889
127926
127978
127991
128117
128198
128330
128479
128481
128490
128506
128527
128532
128541
128581
128593
128628
128658
128773
128787
128804
128813
128917
129049
129212
129244
129257
129279
129290
129324
129325
129364
129371
129426
129667
129734
129784
129794
129839
129852
129891
129924
129978
129999
130035
130073
130105
130120
130125
130144
130284
130288
130363
130397
130487
130506
130510
130518
130558
130574
130831
130839
130905
130907
130968
131016
131068
131078
131148
131243
131256
131323
131373
131401
131427
131468
131472
131479
131721
131826
131918
132046
132164
132264
132384
132392
132423
132450
132585
132623
132627
132630
132637
132658
132664
132709
132710
132813
132875
132878
132914
132942
133022
133027
133045
133092
133281
133345
133372
133439
133471
133511
133597
133747
133849
133856
133875
133887
133896
133960
133980
134020
134061
134316
134322
134323
134324
134326
134376
134386
134387
134489
134497
134619
134627
134633
134655
134657
134664
134682
134698
134699
134708
134724
134818
134867
134882
134930
135003
135052
135053
135091
135130
135193
135194
135200
135220
135224
135243
135250
135324
135333
135355
135361
135375
135376
135452
135461
135467
135489
135495
135574
135632
135653
135704
135746
135858
135862
135964
135995
136058
136060
136066
136093
136119
136153
136192
136203
136214
136233
136251
136330
136378
136393
136627
136686
136723
136730
136735
136751
136912
136929
136940
136946
136973
136977
137040
137073
137165
137180
137225
137242
137258
137262
137270
137307
137316
137332
137353
137381
137416
137433
137437
137441
137489
137491
137508
137515
137541
137576
137588
137595
137606
137616
137653
137656
137695
137709
137710
137716
137741
137794
137804
137813
137816
137821
137824
137837
137851
137893
137904
137958
138027
138061
138102
138180
138530
138546
138547
138549
138560
138587
138596
138645
138674
138704
138794
138853
138879
139015
139107
139144
139185
139239
139297
139354
139402
139423
139509
139526
139532
139539
139567
139577
139714
139752
139788
139871
140093
140263
140542
140619
140652
140719
140763
140890
140919
140922
140931
140944
141022
141063
141070
141074
141077
141210
141237
141239
141289
141503
141538
141596
141621
141623
141624
141627
141643
141662
141682
141708
141717
141720
141724
141730
141755
141760
141762
141764
141766
141782
141817
141872
141875
141888
141920
141926
141927
141954
141970
141975
141978
141998
142001
142011
142068
142151
142181
142188
142192
142336
142352
142409
142444
142451
142465
142495
142596
142625
142628
142715
142794
142821
142861
142927
143013
143018
143193
143335
143345
143382
143411
143467
143534
143619
143632
143636
143641
143692
143749
143860
143864
143888
143912
143928
143933
144008
144076
144106
144130
144205
144239
144390
144520
144669
144740
144806
144857
144871
144917
144992
145157
145165
145200
145334
145376
145396
145410
145446
145466
145563
145570
145577
145586
145626
145633
145645
145657
145705
145709
145722
145727
145728
145740
145781
145783
145787
145796
145801
145833
145855
145856
145902
145907
145921
145955
145956
145959
145978
146097
146194
146244
146273
146284
146314
146353
146357
146447
146700
146711
146761
146968
146997
147014
147017
147026
147034
147050
147056
147065
147100
147115
147238
147243
147260
147277
147289
147302
147303
147352
147439
147447
147550
147579
147708
147728
147753
147761
147883
147896
147941
147956
147971
147989
148033
148035
148040
148050
148150
148157
148159
148179
148211
148216
148362
148394
148456
148466
148474
148502
148509
148566
148578
148712
148783
148808
148818
148891
149204
149232
149246
149287
149288
149293
149294
149299
149306
149321
149334
149344
149375
149413
149435
149468
149481
149612
149677
149843
149850
149853
149925
150051
150126
150160
150163
150169
150176
150221
150234
150397
150403
150425
150457
150473
150476
150503
150546
150587
150670
150679
150687
150720
150732
150761
150793
150795
150799
150803
150832
150843
150848
150879
150881
150898
150913
150923
151015
151066
151095
151097
151174
151212
151259
151288
151542
151570
151584
151592
151638
151656
151694
151830
151863
152030
152162
152165
152194
152225
152448
152634
152853
152945
152967
152973
153025
153027
153081
153088
153096
153132
153167
153180
153189
153336
153355
153395
153439
153451
153486
153488
153508
153525
153531
153541
153573
153574
153578
153586
153594
153638
153653
153664
153668
153699
153732
153774
153802
153849
153856
153859
153898
153927
154000
154170
154222
154306
154334
154377
154380
154386
154388
154403
154425
154426
154428
154430
154449
154536
154665
154719
154728
154733
154739
154742
154784
154825
154857
154882
155037
155052
155076
155078
155127
155145
155173
155175
155292
155354
155372
155384
155388
155419
155440
155479
155486
155675
155696
155710
155718
155737
155751
155798
155799
155815
155913
155922
155929
155939
155941
155967
155974
155984
155991
155996
156021
156052
156058
156114
156128
156165
156219
156259
156262
156274
156275
156308
156312
156331
156359
156367
156418
156430
156441
156449
156496
156524
156552
156587
156952
157069
157105
157130
157145
157156
157173
157178
157181
157253
157264
157415
157436
157447
157472
157481
157518
157573
157584
157608
157655
157710
157747
157911
157923
157998
158004
158005
158008
158010
158030
158109
158167
158172
158202
158249
158379
158395
158486
158565
158580
158602
158639
158742
158777
158822
158838
158866
158901
158904
158930
158945
158953
158999
159022
159053
159066
159109
159274
159338
159366
159408
159413
159418
159419
159422
159425
159428
159434
159444
159485
159553
159572
159607
159687
159704
159763
159791
159874
159879
159907
159933
159974
160142
160172
160236
160251
160290
160300
160317
160334
160343
160348
160362
160393
160406
160593
160598
160698
160708
160715
160749
160781
160816
160870
160877
160906
160984
161037
161101
161155
161168
161227
161253
161266
161323
161324
161348
161360
161438
161448
161475
161535
161591
161600
161608
161609
161738
161838
161890
161957
161964
162098
162318
162414
162440
162441
162449
162552
162593
162603
162621
162656
162703
162782
162912
162961
162981
163013
163040
163079
163117
163322
163329
163344
163534
163570
163610
163616
163793
163800
163801
163813
163820
163895
163898
163921
163942
163979
163984
164003
164036
164040
164049
164171
164199
164256
164276
164330
164332
164402
164423
164509
164578
164587
164630
164681
164732
164909
164951
164958
165062
165115
165145
165177
165271
165362
165428
165441
165614
165626
165692
165722
165728
165787
165823
165911
165995
166045
166046
166290
166292
166342
166363
166403
166406
166415
166422
166459
166476
166535
166545
166580
166675
166790
166812
166914
166918
166949
166963
166993
167146
167191
167212
167293
167333
167338
167344
167384
167480
167500
167648
167729
168216
168220
168310
168329
168374
168465
168471
168537
168605
168683
168720
168732
168741
168748
168749
168807
168863
168896
168906
168954
169005
169074
169114
169212
169218
169225
169255
169286
169360
169366
169377
169456
169567
169634
169709
169723
169745
169883
169921
169963
169975
170031
170074
170181
170223
170289
170322
170456
170485
170542
170578
170618
170694
170696
170828
170878
170940
170989
171002
171117
171283
171313
171354
171398
171460
171493
171545
171558
171587
171675
171676
171723
171878
171980
172034
172039
172050
172081
172132
172146
172169
172170
172216
172218
172247
172271
172440
172449
172526
172564
172818
172878
172965
173001
173061
173139
173162
173165
173190
173191
173276
173283
173311
173312
173328
173329
173351
173419
173476
173482
173514
173522
173538
173540
173618
173619
173647
173668
173673
173781
173838
173848
173879
173881
173984
174028
174070
174137
174141
174145
174204
174211
174277
174314
174321
174554
174575
174607
174638
174643
174644
174645
174650
174663
174671
174715
174751
174770
174855
174885
174914
174976
175118
175256
175264
175370
175384
175386
175389
175394
175403
175415
175466
175472
175643
175699
175721
175792
175815
175826
175828
175838
175844
175878
175881
175898
175901
175941
176099
176136
176156
176179
176405
176460
176535
176559
176566
176619
176622
176668
176680
176687
176735
176744
176852
176920
176958
177007
177050
177057
177070
177154
177183
177244
177269
177293
177303
177328
177329
177330
177423
177429
177584
177674
177766
177784
177877
177897
177956
177987
178038
178316
178337
178349
178352
178377
178400
178458
178481
178496
178532
178576
178580
178582
178706
178726
178738
178790
178860
178879
178934
178955
178965
178972
179007
179037
179228
179312
179313
179594
179610
179642
179691
179746
179754
179800
179824
179844
179870
180008
180089
180192
180316
180322
180365
180377
180384
180420
180424
180519
180572
180629
180675
180745
180811
180926
180947
181028
181043
181088
181219
181292
181297
181317
181318
181391
181662
181677
181711
181724
181725
181779
181835
181843
181859
181901
181910
181952
181980
181989
181996
182029
182044
182128
182213
182244
182278
182286
182306
182312
182321
182324
182346
182363
182370
182379
182381
182386
182459
182490
182499
182546
182641
182757
182970
183012
183042
183051
183071
183094
183113
183118
183129
183138
183152
183159
183173
183192
183210
183212
183236
183240
183269
183288
183348
183387
183388
183593
183620
183624
183625
183626
183635
183681
183716
183977
184017
184059
184102
184160
184253
184315
184374
184400
184433
184447
184458
184482
184541
184576
184597
184838
184944
185003
185013
185047
185092
185252
185340
185403
185455
185503
185646
185651
185694
185725
185779
185828
185888
185890
185977
185980
185985
186003
186006
186015
186018
186019
186035
186049
186059
186088
186099
186119
186239
186247
186278
186435
186437
186452
186460
186461
186463
186514
186527
186529
186557
186654
186714
186851
187063
187074
187099
187107
187110
187112
187170
187173
187232
187238
187240
187292
187341
187408
187415
187426
187541
187634
187747
187849
187861
187881
187888
187943
187952
187954
187956
187957
187967
187991
188011
188021
188033
188151
188198
188212
188227
188264
188351
188378
188484
188541
188572
188611
188624
188674
188785
188806
188867
188868
188926
188987
189027
189053
189079
189102
189127
189128
189133
189157
189169
189299
189370
189434
189514
189531
189534
189538
189540
189586
189606
189609
189665
189668
189701
189718
189729
189737
189739
189752
189754
189807
189823
189845
189983
189996
189998
190004
190009
190036
190050
190085
190110
190184
190196
190279
190280
190314
190334
190387
190429
190441
190533
190540
190560
190581
190609
190618
190651
190823
190832
190892
190909
190964
190969
190981
191138
191187
191231
191321
191353
191369
191447
191452
191497
191512
191624
191643
191659
191669
191681
191707
191715
191831
191883
191910
191933
192042
192309
192357
192401
192439
192498
192502
192535
192630
192664
192668
192672
192683
192695
192755
192775
192803
192808
192821
192856
192886
192887
193060
193086
193122
193134
193165
193188
193233
193244
193250
193275
193288
193289
193297
193302
193418
193423
193447
193454
193458
193505
193516
193533
193540
193550
193604
193610
193756
193788
193799
193823
193839
193864
194032
194197
194204
194214
194302
194357
194400
194402
194430
194434
194448
194492
194532
194561
194584
194600
194613
194748
194768
194811
194888
194974
195031
195038
195072
195120
195210
195387
195474
195719
195817
195828
195890
195908
195963
196346
196452
196508
196517
196532
196606
196696
196804
196977
196987
197014
197107
197198
197245
197352
197375
197383
197399
197412
197426
197459
197500
197505
197627
197662
197664
197674
197675
197681
197689
197690
197702
197732
197739
197768
197782
197785
197796
197809
197813
197821
197825
197835
197869
197881
197934
198055
198077
198094
198098
198116
198121
198220
198236
198275
198282
198325
198335
198343
198374
198440
198445
198457
198490
198497
198548
198577
198617
198676
198782
198854
198959
198992
199027
199097
199100
199104
199123
199171
199374
199395
199541
199596
199626
199701
199712
199719
199845
199884
199957
199989
199998
200049
200083
200130
200185
200222
200301
200308
200331
200392
200394
200401
200412
200469
200472
200489
200493
200628
200692
200747
201049
201068
201115
201162
201331
201378
201381
201616
201657
201685
201735
201796
201916
201982
201996
202018
202035
202038
202054
202056
202081
202094
202105
202106
202145
202148
202218
202225
202250
202392
202490
202598
202686
202718
202821
202830
202853
202972
202973
203027
203091
203130
203208
203234
203754
203756
203767
203820
203821
203846
203848
203869
203921
203943
203947
203973
204003
204010
204021
204106
204183
204341
204352
204497
204503
204511
204625
204809
204811
204827
205028
205036
205097
205106
205107
205122
205124
205154
205178
205248
205271
205324
205389
205507
205562
205763
205970
206007
206098
206142
206210
206235
206237
206261
206289
206291
206330
206362
206364
206375
206582
206639
206758
206797
206896
206897
206931
206938
206979
207019
207080
207132
207211
207329
207385
207455
207461
207549
207602
207655
207664
207698
207721
207724
207756
207891
208012
208044
208164
208185
208244
208332
208333
208364
208464
208496
208499
208501
208622
208782
208848
208944
208995
209049
209062
209232
209395
209425
209445
209510
209755
209872
209947
210024
210037
210114
210115
210144
210320
210479
210542
210544
210569
210588
210619
210656
210699
210727
210753
210774
210850
210856
210865
210895
210924
210930
210951
210977
211148
211201
211315
211445
211508
211540
211561
211638
211644
211650
211655
211668
211749
211829
211861
211886
211970
212009
212189
212312
212313
212327
212333
212410
212430
212437
212629
212776
212826
212916
213017
213027
213075
213083
213085
213098
213110
213163
213168
213218
213386
213528
213552
213589
213625
213626
213690
213764
213829
213852
214049
214079
214137
214167
214197
214307
214481
214490
214548
214593
214667
214920
215112
215165
215190
215221
215368
215487
215586
215609
215611
215614
215619
215621
215649
215656
215668
215708
215715
215787
215793
215811
215884
215974
216046
216078
216108
216297
216458
216489
216496
216507
216627
216644
216724
216816
216832
216862
216911
216931
216932
216937
216941
216968
216996
217047
217057
217063
217070
217071
217075
217088
217126
217139
217143
217158
217178
217204
217226
217305
217307
217324
217380
217397
217416
217496
217541
217627
217642
217659
217678
217681
217763
217777
217841
217843
217888
217896
217945
217953
217957
218003
218015
218045
218065
218078
218118
218125
218130
218131
218162
218166
218193
218197
218208
218210
218214
218227
218244
218245
218254
218372
218551
218578
218588
218638
218650
218651
218666
218716
218764
218832
218837
218844
218940
218944
218947
218975
219015
219061
219086
219097
219137
219145
219146
219156
219162
219169
219257
219351
219364
219380
219420
219424
219448
219525
219532
219538
219555
219572
219597
219602
219620
219651
219656
219685
219714
219716
219744
219767
219773
219806
219810
219817
220001
220004
220065
220118
220150
220193
220202
220215
220234
220250
220269
220279
220303
220449
220493
220538
220562
220593
220601
220621
220711
220793
220798
220908
220913
220940
220963
220968
220973
220974
220996
221000
221019
221078
221209
221260
221309
221366
221424
221515
221544
221624
221835
221856
221931
221997
222046
222050
222062
222115
222265
222342
222364
222389
222431
222435
222439
222451
222456
222462
222475
222488
222501
222513
222529
222559
222569
222574
222579
222609
222625
222628
222634
222659
222662
222672
222684
222704
222833
222940
222963
223000
223002
223022
223026
223032
223033
223040
223045
223101
223157
223193
223219
223221
223284
223613
223671
223737
223738
223785
223994
223999
224028
224048
224066
224093
224094
224105
224118
224136
224141
224142
224169
224189
224193
224200
224210
224270
224271
224350
224352
224355
224373
224407
224434
224543
224813
224834
224857
224889
224939
225018
225119
225127
225238
225270
225295
225329
225398
225418
225483
225513
225514
225534
225559
225567
225568
225576
225590
225596
225599
225689
225697
225719
225727
225738
225756
225825
225837
225866
225873
225877
225912
225921
225954
225966
225999
226001
226031
226106
226142
226158
226202
226256
226338
226374
226412
226444
226571
226613
226651
226712
226719
226722
226751
226757
226842
226879
227076
227105
227128
227141
227146
227152
227163
227176
227179
227181
227183
227184
227186
227187
227193
227194
227205
227218
227229
227271
227281
227287
227337
227349
227421
227449
227458
227485
227513
227528
227693
227765
227790
227870
227880
227920
227954
228014
228023
228033
228048
228124
228200
228254
228268
228280
228286
228293
228315
228420
228432
228434
228441
228443
228467
228471
228473
228477
228487
228515
228521
228561
228603
228608
228720
228756
228760
228794
228895
228906
228932
228948
229088
229107
229110
229191
229204
229354
229360
229373
229379
229408
229445
229485
229492
229499
229552
229710
229717
229731
229735
229755
229765
229841
229910
229933
229947
230071
230088
230091
230155
230181
230189
230210
230239
230249
230374
230381
230469
230497
230527
230538
230543
230579
230694
230702
230716
230734
230743
230754
230762
230763
230768
230790
230820
230834
230837
230879
230900
230949
230960
230980
231005
231038
231071
231119
231123
231136
231140
231157
231158
231165
231206
231224
231248
231295
231313
231444
231477
231599
231652
231687
231698
231772
231776
231839
231852
231862
231873
231878
231895
231897
231911
231953
231999
232023
232053
232056
232057
232083
232087
232110
232129
232140
232174
232205
232251
232327
232443
232488
232509
232657
232687
232760
232821
232840
232841
232969
232978
232980
232981
232983
233064
233075
233079
233093
233185
233282
233341
233408
233571
233632
233647
233654
233655
233672
233697
233788
233860
233911
234030
234043
234119
234168
234212
234273
234297
234310
234353
234372
234389
234404
234470
234478
234481
234650
234667
234710
234715
234728
234750
234765
234772
234821
234929
234943
234944
234967
234978
235117
235153
235189
235202
235283
235375
235381
235394
235407
235502
235542
235633
235689
235803
235806
235849
235891
235996
236026
236087
236088
236103
236116
236258
236486
236744
236761
236768
236903
237032
237129
237162
237179
237317
237335
237364
237377
237399
237424
237428
237481
237504
237595
237609
237650
237676
237683
237699
237728
237949
237971
237989
238002
238011
238031
238171
238179
238217
238228
238234
238273
238297
238311
238368
238370
238403
238438
238652
238753
238790
239062
239083
239139
239179
239183
239212
239230
239234
239238
239244
239330
239336
239510
239524
239818
239822
239863
239897
239915
239942
239943
239963
239984
240038
240071
240198
240251
240253
240257
240262
240272
240350
240405
240529
240576
240616
240631
240748
241022
241155
241314
241367
241482
241525
241529
241534
241588
241607
241654
241659
241683
241752
241771
241789
241888
241894
241906
241983
241984
242062
242072
242085
242098
242133
242155
242210
242324
242350
242374
242382
242501
242502
242539
242544
242612
242640
242710
242912
242914
242920
242938
243106
243152
243305
243354
243614
243623
243740
243747
243750
243796
243874
243895
244014
244055
244068
244084
244150
244186
244250
244276
244328
244346
244369
244391
244445
244498
244527
244555
244572
244607
244655
244683
244783
244875
244903
245056
245093
245094
245109
245155
245214
245292
245465
245532
245579
245586
245587
245744
245833
245849
245858
245861
245892
245901
245979
246016
246121
246251
246287
246321
246407
246412
246447
246549
246561
246576
246588
246856
246862
246863
246878
246953
246970
246973
246988
246999
247004
247054
247055
247072
247124
247125
247154
247169
247211
247261
247287
247626
247643
247761
247801
247833
247897
247902
247911
247917
247935
247936
247968
248097
248171
248190
248332
248444
248525
248684
248720
248833
249022
249029
249039
249204
249249
249293
249385
249494
249582
249606
249661
249674
249675
249718
249733
249775
249782
249792
249831
249890
249933
250103
250125
250255
250262
250311
250340
250342
250343
250354
250383
250399
250424
250427
250442
250653
250813
250910
251018
251026
251035
251228
251256
251370
251385
251394
251397
251401
251492
251555
251653
251689
251730
251745
251752
251780
251797
251924
251939
252036
252043
252082
252117
252125
252276
252307
252330
252333
252421
252529
252594
252613
252975
252989
253002
253003
253028
253039
253079
253089
253111
253113
253115
253116
253148
253178
253222
253259
253311
253353
253392
253406
253436
253470
253544
253565
253600
253609
253610
253621
253633
253642
253652
253664
253669
253681
253690
253712
253757
253769
253783
253786
253809
253836
253871
253873
253877
253886
253887
253899
253951
254101
254219
254453
254667
254899
255097
255121
255524
255563
255602
255607
255612
255624
255636
255648
255712
255716
255723
255747
255815
255819
255871
255901
255912
255981
256078
256095
256202
256242
256367
256554
256635
256708
256775
256787
257046
257065
257239
257450
257451
257558
257580
257585
257625
257657
257694
257781
257814
257900
258117
258138
258148
258170
258212
258256
258310
258318
258332
258449
258463
258474
258515
258544
258773
258876
258920
258972
258975
258981
258991
258992
259027
259173
259255
259284
259298
259300
259359
259406
259454
259458
259459
259487
259493
259524
259581
259662
259690
259830
260075
260082
260309
260450
260710
260733
260738
260746
260777
260787
260804
260813
260889
260942
260970
261224
261448
261490
261693
261907
261951
261994
262017
262021
262033
262039
262049
262061
262062
262093
262126
262143
262147
262169
262174
262365
262478
262498
262542
262594
262768
262956
263070
263126
263130
263501
263513
263861
263959
263987
264011
264025
264114
264181
264254
264267
264283
264286
264343
264421
264434
264439
264445
264446
264467
264492
264570
264600
264614
264621
264633
264654
264706
264732
264749
264750
264754
264781
264812
264816
264839
264851
264853
264854
264857
264867
264888
264891
264893
264905
264929
264931
264939
264955
264963
264982
265022
265054
265124
265178
265229
265259
265287
265328
265515
265530
265532
265548
265571
265621
265756
265797
266054
266069
266087
266092
266106
266108
266137
266149
266192
266242
266243
266254
266416
266499
266524
266583
266592
266692
266715
266721
266736
266999
267044
267067
267083
267172
267178
267240
267256
267271
267278
267288
267290
267298
267301
267303
267305
267311
267315
267333
267367
267375
267378
267395
267397
267510
267617
267619
267640
267662
267663
267670
267681
267690
267723
267738
267766
267791
267822
268001
268008
268027
268035
268040
268063
268077
268082
268091
268247
268262
268286
268338
268422
268815
268818
268829
268840
268936
268944
269055
269061
269115
269188
269260
269387
269394
269460
269470
269479
269575
269606
269646
269679
269702
269730
269744
269750
269763
269789
269949
269959
269969
269974
269986
270024
270042
270043
270070
270078
270087
270103
270111
270112
270132
270150
270158
270163
270170
270173
270181
270228
270230
270254
270261
270311
270328
270345
270346
270362
270387
270398
270399
270410
270442
270470
270587
270644
270658
270692
270728
270732
270740
270747
270765
270771
270833
270849
270856
270879
270895
270928
270941
270946
270976
271112
271113
271120
271158
271175
271202
271214
271265
271275
271279
271285
271288
271295
271348
271390
271600
271609
271630
271636
271637
271648
271651
271667
271669
271689
271718
271742
271769
271888
271919
271976
272037
272039
272063
272105
272109
272147
272197
272203
272204
272216
272255
272319
272327
272364
272369
272376
272385
272429
272448
272465
272467
272484
272488
272527
272562
272626
272638
272658
272670
272735
272745
272761
272768
272798
272799
272836
272850
272874
272923
273092
273272
273282
273324
273328
273339
273392
273399
273439
273757
273768
273776
273828
273834
273872
273921
273940
273959
273963
274028
274207
274242
274244
274275
274354
274360
274385
274491
274508
274512
274601
274818
274821
274846
274850
274916
274923
274956
274980
275004
275028
275329
275334
275502
275529
275565
275578
275591
275612
275678
275719
275798
275806
275816
275821
275845
275867
275908
275911
275912
275925
276040
276047
276074
276102
276174
276231
276270
276365
276366
276371
276404
276407
276451
276461
276485
276530
276666
276716
276787
276798
276801
276802
276804
276808
276829
276889
276922
276966
276974
276976
276981
277080
277120
277141
277152
277195
277203
277263
277275
277292
277305
277317
277348
277357
277454
277556
277585
277594
277620
277652
277829
277831
277926
277965
278236
278262
278273
278290
278352
278360
278364
278365
278494
278513
278550
278560
278634
278660
278803
278915
278999
279018
279097
279146
279160
279177
279426
279451
279495
279599
279697
279739
279788
279795
279836
279848
279899
279923
279931
279957
280028
280040
280074
280123
280181
280210
280258
280267
280301
280319
280322
280330
280430
280503
280510
280511
280525
280539
280546
280551
280607
280619
280621
280804
280889
280908
280930
281083
281202
281230
281245
281247
281290
281329
281380
281419
281421
281433
281460
281553
281568
281572
281586
281610
281670
281679
281706
281756
281760
281817
281819
281963
282053
282069
282106
282110
282119
282120
282228
282242
282245
282268
282289
282353
282354
282526
282554
282620
282638
282647
282738
282802
282839
282974
282978
283008
283025
283036
283176
283241
283285
283391
283394
283446
283629
283645
283684
283707
283708
283781
283804
283843
283856
283884
284104
284294
284343
284350
284352
284370
284392
284492
284527
284540
284581
284582
284649
284886
284981
284989
285047
285383
285463
285596
285669
285670
285721
285739
285759
285762
285828
285910
285927
285958
286045
286076
286141
286186
286221
286299
286335
286389
286612
286844
286898
286938
286955
286977
287076
287113
287117
287199
287219
287227
287229
287305
287353
287393
287402
287468
287469
287494
287675
287692
287751
287753
287850
287879
287918
287985
288164
288167
288242
288243
288246
288290
288326
288461
288636
288644
288693
288815
288974
289055
289244
289264
289620
289655
289690
289775
289796
289900
289905
289992
290055
290107
290110
290157
290217
290283
290542
290622
290654
290722
290729
290922
291504
291577
291822
291834
291848
291852
291875
291997
292034
292100
292110
292114
292166
292191
292237
292309
292329
292392
292402
292403
292482
292715
292796
292901
292907
292916
292967
293080
293130
293150
293283
293407
293616
293661
293680
293705
293745
293854
293919
293990
294043
294184
294335
294340
294347
294375
294396
294439
294521
294725
294876
294927
295074
295076
295442
295533
295543
295626
295739
295774
296030
296039
296064
296417
296521
296544
296555
296565
296570
296591
296664
296697
296792
296880
296899
296906
296953
296987
297009
297087
297154
297240
297292
297401
297417
297437
297462
297545
297843
297988
298032
298075
298270
298315
298423
298462
298486
298598
299254
299316
299331
299338
299605
299624
299652
299673
299689
299721
299882
300094
300141
300163
300444
300470
300492
300582
300702
301014
301665
301734
301840
301905
302020
302221
302575
302667
302701
302770
302836
303113
303198
303297
303410
303683
303730
303799
303807
303861
303864
304150
304305
304375
304404
304587
304703
304740
304993
305021
305322
305542
305601
306110
306164
306165
306169
306284
306305
306339
306432
306452
306692
306757
306786
306804
306850
306852
306871
306928
306958
306989
307010
307012
307013
307036
307038
307057
307359
307416
307473
307481
307482
307490
307640
307647
307950
308008
308019
308212
308323
308334
308431
308789
309194
309341
309890
310033
310048
310051
310372
310520
310573
311141
311332
311341
311351
311410
311500
312713
312822
312936
313042
313254
313284
313346
313425
313643
313646
313722
313732
313766
313916
313922
314046
314378
314473
314655
314660
314757
315193
315202
315206
315276
315406
315431
315441
315740
316106
316280
316330
316445
316689
316754
316904
316995
317021
317086
317092
317101
317186
317367
317392
317543
317568
317620
317712
317754
317860
317881
317882
317903
317907
317947
318134
318167
318184
318211
318364
318400
318436
318466
318477
318537
318582
318586
318649
318695
318738
318784
319331
319361
319408
319435
319451
319479
319486
319588
319626
319692
319713
319770
320041
320159
320237
320269
320293
320308
320404
320417
320448
320455
320467
320486
320490
320512
320751
321012
321033
321053
321181
321246
321355
321361
321364
321496
321525
321549
321608
321675
321747
321781
321801
321864
321874
321948
321956
322045
322108
322209
322549
322658
322717
322722
322796
322840
322971
322996
323000
323020
323038
323055
323079
323124
323184
323189
323203
323231
323317
323321
323363
323364
323374
323375
323447
323468
323497
323542
323647
323682
323700
323709
323713
323729
323760
323882
323900
324309
324348
324351
324360
324384
324439
324509
324560
324587
324802
324850
325022
325036
325054
325072
325101
325166
325217
325247
325276
325303
325388
325423
325425
325498
325648
325776
325814
325871
325942
325953
326024
326084
326093
326264
326356
326384
326425
326511
326534
326547
326575
326682
326684
326690
326708
326748
326773
326851
326885
326902
326911
326912
326919
326984
326990
327000
327167
327176
327184
327185
327187
327316
327378
327600
327660
327665
327671
327676
327677
327687
327753
327768
327831
328033
328049
328070
328110
328151
328154
328212
328224
328272
328437
328446
328498
328520
328561
328571
328664
328686
328706
328760
328894
329263
329265
329274
329277
329320
329321
329356
329380
329420
329485
329513
329525
329567
329737
329786
329790
329805
329856
329920
329931
329932
329947
329950
329952
330006
330012
330025
330044
330237
330245
330249
330264
330294
330328
330330
330342
330375
330483
330518
330532
330599
330652
330669
330687
330690
330850
330899
330952
331391
331435
331478
331493
331507
331541
331542
331545
331549
331569
331588
331625
331666
331705
331729
331733
331793
331795
331895
331922
332022
332044
332053
332102
332183
332275
332279
332296
332331
332343
332355
332376
332412
332467
332470
332471
332485
332509
332560
332663
332741
332743
332769
332844
333090
333204
333224
333271
333282
333298
333313
333319
333323
333342
333353
333357
333363
333375
333422
333461
333479
333519
333524
333533
333535
333544
333570
333637
333642
333666
333721
333782
333911
333919
333923
333967
333972
334092
334099
334102
334117
334130
334138
334143
334146
334176
334180
334208
334224
334247
334251
334269
334270
334275
334279
334287
334296
334343
334344
334399
334439
334475
334521
334534
334538
334551
334571
334573
334576
334586
334591
334600
334668
334713
334734
334763
334768
334782
334875
334955
334975
334982
335006
335075
335111
335131
335160
335210
335264
335268
335296
335302
335309
335331
335338
335368
335398
335402
335405
335410
335422
335464
335474
335475
335485
335505
335531
335565
335659
335689
335757
335799
335806
335811
335812
335816
335844
335926
335991
335999
336061
336084
336090
336139
336155
336175
336198
336249
336280
336292
336304
336335
336352
336356
336469
336475
336511
336522
336563
336811
336998
337027
337052
337063
337082
337086
337185
337205
337238
337244
337287
337343
337388
337403
337409
337428
337448
337454
337478
337503
337514
337534
337543
337571
337581
337585
337602
337660
337701
337721
337726
337765
337885
337886
337892
337897
337902
337907
337924
337969
338001
338068
338107
338147
338169
338309
338325
338328
338344
338355
338359
338363
338366
338468
338503
338556
338585
338596
338619
338622
338712
338715
338748
338764
338766
338835
338946
338964
339006
339014
339027
339043
339059
339071
339113
339217
339238
339242
339332
339339
339390
339433
339501
339597
339606
339728
339882
339884
339925
339932
340020
340051
340094
340118
340190
340224
340271
340282
340292
340375
340450
340513
340568
340589
340594
340601
340633
340655
340674
340707
340743
340809
340824
340893
340924
341033
341118
341125
341139
341160
341174
341272
341395
341412
341500
341542
341600
341654
341699
341723
341778
341827
341845
341858
341896
341924
341936
341941
341953
341960
341964
341990
342020
342050
342075
342098
342161
342164
342190
342218
342227
342231
342414
342426
342445
342475
342515
342531
342602
342613
342620
342627
342637
342660
342724
342747
342796
343102
343190
343273
343626
343638
343700
343769
343793
343803
343844
343911
343918
343926
343943
343949
343972
344034
344084
344122
344206
344227
344232
344233
344253
344269
344285
344369
344394
344413
344444
344456
344472
344494
344495
344510
344531
344561
344564
344577
344581
344594
344653
344680
344684
344723
344745
344777
344778
344781
344850
344928
344971
345120
345146
345156
345175
345215
345317
345354
345439
345482
345557
345587
345601
345615
345640
345737
345740
345743
345852
345856
345871
345872
345952
345956
346277
346302
346304
346333
346385
346389
346407
346474
346556
346577
346591
346953
347026
347038
347100
347132
347213
347264
347267
347345
347369
347381
347400
347408
347426
347468
347491
347508
347513
347587
347616
347650
347715
347863
347923
347951
347992
348026
348169
348198
348285
348425
348473
348519
348676
348735
348805
348864
348940
348973
349032
349066
349161
349167
349170
349174
349181
349228
349313
349509
349511
349570
349635
350153
350209
350306
350312
350331
350401
350467
350507
350550
350636
350755
350812
350874
350878
351024
351028
351034
351037
351101
351125
351137
351537
351651
351712
351951
352031
352032
352153
352163
352168
352169
352206
352236
352277
352344
352368
352598
352698
352819
353383
353564
353792
353829
353951
354072
354314
354647
354697
354719
354931
355009
355067
355128
355425
355426
355429
355457
355459
355730
356086
356386
356428
356573
356833
356875
356891
357363
357367
357418
357423
357518
358311
359723
360274
360284
360341
360493
360504
360671
361248
361540
361546
361570
362154
362409
362418
362429
362601
362936
363034
363097
363128
363201
363322
363353
363354
363372
363523
363660
363796
363825
363850
363916
364009
364010
364023
364192
364193
364194
364227
364591
364658
365042
365235
365344
365745
366323
366375
366409
366462
366565
366566
366578
366594
366596
366623
366630
366648
366685
366703
366749
366848
366854
367097
367104
367127
367154
367162
367165
367179
367292
367303
367346
367380
367394
367466
367520
367523
367532
367669
367677
367721
367737
367797
367831
367849
368099
368161
368172
368182
368189
368224
368237
368289
368362
368377
368420
368426
368437
368478
368497
368526
368650
368667
368706
368777
368819
368862
368873
368881
368887
368904
368913
368923
368926
368928
368938
368950
368962
368974
369005
369104
369144
369246
369314
369377
369392
369393
369396
369397
369400
369471
369487
369491
369511
369572
369746
370016
370038
370046
370072
370082
370087
370100
370117
370131
370136
370139
370213
370237
370257
370264
370303
370317
370321
370325
370372
370401
370440
370444
370449
370451
370464
370552
370643
370650
370654
370664
370717
370776
370808
370821
370824
370919
370938
371031
371047
371068
371103
371114
371146
371149
371155
371196
371225
371247
371353
371363
371373
371394
371403
371408
371409
371428
371430
371432
371442
371453
371455
371470
371477
371551
371568
371597
371620
371728
371790
371823
371866
372023
372058
372065
372080
372121
372218
372298
372307
372384
372391
372405
372435
372465
372518
372541
372577
372579
372737
372771
372788
372919
372971
373213
373290
373407
373415
373418
373464
373473
373488
373489
373512
373555
373567
373644
373655
373677
373680
373718
373726
373728
373736
373797
373815
373825
373839
373855
373918
373943
373954
373959
374090
374092
374094
374175
374180
374278
374295
374368
374377
374382
374387
374413
374439
374443
374454
374518
374519
374523
374557
374677
374681
374683
374692
374729
374778
374789
374830
374867
374884
374918
374957
375015
375094
375105
375108
375154
375162
375220
375258
375296
375343
375480
375502
375534
375640
375688
375703
375706
375707
375715
375719
375721
375728
375772
375792
375807
375832
375869
375965
376005
376026
376057
376191
376245
376366
376476
376502
376546
376586
376724
376768
376780
376793
376834
376835
376847
376865
376880
376914
376965
376969
377002
377037
377075
377085
377107
377137
377138
377175
377234
377325
377336
377362
377372
377420
377590
377591
377592
377595
377624
377678
377685
377741
377773
377779
377897
377965
377979
377980
377985
377990
378010
378021
378032
378090
378099
378126
378191
378195
378300
378345
378354
378415
378433
378450
378456
378503
378574
378699
378709
378788
378793
378814
378825
378888
378924
379094
379095
379129
379151
379158
379166
379173
379177
379181
379189
379206
379221
379253
379294
379313
379371
379382
379385
379388
379515
379525
379572
379630
379645
379663
379851
379859
379885
379888
379922
379937
380042
380058
380100
380137
380159
380168
380178
380212
380216
380224
380244
380247
380251
380271
380275
380316
380350
380386
380400
380407
380419
380440
380441
380457
380528
380613
380632
380635
380642
380678
380698
380702
380732
380756
380760
380766
380777
380779
380809
380825
380827
380892
380917
380961
380968
381056
381063
381074
381088
381132
381156
381208
381210
381226
381241
381248
381281
381306
381317
381437
381444
381526
381544
381567
381689
381701
381717
381718
381727
381751
381775
381776
381816
381830
381852
382028
382092
382157
382273
382309
382361
382471
382507
382517
382521
382530
382548
382563
382567
382594
382619
382626
382675
382684
382688
382700
382780
382797
382809
382832
382850
382861
382906
382909
382921
382967
382972
382991
383037
383050
383066
383071
383077
383089
383109
383122
383176
383223
383262
383269
383327
383329
383369
383374
383375
383401
383466
383499
383584
383659
383715
383754
383757
383773
383774
383866
383919
383924
383943
383956
384021
384121
384222
384227
384229
384244
384278
384285
384299
384390
384552
384592
384615
384730
384787
384813
384819
384835
385042
385044
385156
385184
385190
385243
385307
385316
385360
385386
385412
385480
385514
385581
385634
385635
385704
385723
385947
386020
386104
386136
386190
386212
386265
386321
386328
386479
386491
386583
386614
386648
386691
386872
386879
386886
386980
387001
387013
387406
387430
387441
387471
387512
387534
387631
387761
387782
387795
387799
387844
387854
387906
387909
387934
387994
388016
388136
388263
388337
388344
388453
388571
388604
388642
388742
388996
389017
389036
389245
389346
389667
389780
389855
389883
389941
389969
389970
390286
390419
390469
390526
390618
390624
390630
390822
390825
390828
390850
390908
390964
390967
390968
391016
391049
391180
391196
391259
391298
391459
391501
391515
391601
391715
391857
391883
392063
392294
392318
392413
392504
392506
392513
392538
392950
393013
393056
393121
393174
393236
393254
393346
393834
393855
394460
394493
394661
395667
396043
396290
396993
397009
397110
397184
397188
397404
398094
398402
399255
399523
400940
401773
402699
403567
404600
404601
404997
405238
405253
405264
406024
406126
406385
406458
406947
406960
407563
408423
408600
408614
408781
408782
408812
408829
408845
408890
408902
409073
409136
409215
409219
409233
409271
409446
409500
409516
409948
409998
410049
410050
410188
410232
410251
410309
410353
410388
410408
410417
410431
410678
410823
411054
411246
411352
411366
411370
411553
411858
412070
412987
413001
413050
413055
413166
413175
413207
413230
413292
413302
413305
413326
413337
413376
413429
413433
413454
413560
413581
413697
413745
413818
413830
413871
413969
414007
414026
414073
414075
414085
414117
414165
414189
414263
414270
414372
414467
414555
414566
414594
414618
414673
414715
414739
414783
414822
415034
415206
415336
415339
415402
415735
415768
415816
415825
415828
415830
415839
415943
415944
415959
415965
415974
416018
416038
416074
416113
416159
416236
416269
416330
416331
416347
416393
416402
416450
416452
416471
416472
416475
416493
416504
416548
416614
416702
416867
416870
416961
416965
416999
417142
417271
417388
417432
417489
417538
417567
417594
417639
417670
417698
417736
417826
417837
417866
417876
417882
417917
417939
418108
418111
418191
418214
418216
418234
418240
418245
418261
418276
418569
418613
418766
418771
418814
418826
418858
418863
418864
419082
419209
419242
419265
419331
419349
419395
419407
419434
419452
419474
419476
419543
419595
419628
419684
419689
419722
419727
419739
419759
419762
419768
419874
420060
420258
420296
420596
420887
420898
420935
420943
420980
421084
421114
421304
421367
421389
421409
422006
422009
422011
422171
422380
422447
422455
422490
422491
422590
422676
422709
422714
422752
422755
422793
422818
422822
422827
422861
422870
422878
422896
422903
422921
422950
422951
422952
422963
422982
422995
422997
423000
423049
423065
423072
423075
423087
423094
423111
423127
423149
423152
423255
423260
423262
423280
423343
423384
423425
423427
423436
423455
423464
423480
423488
423503
423529
423537
423544
423548
423605
423671
423796
423798
423818
423825
423832
423840
423858
423877
423882
423901
423952
423977
423994
424031
424049
424096
424221
424227
424229
424250
424280
424281
424364
424417
424467
424506
424522
424531
424545
424575
424643
424694
424723
424741
424775
424782
424793
424801
424913
424940
425074
425110
425151
425156
425163
425185
425259
425277
425335
425353
425388
425400
425441
425477
425489
425498
425502
425518
425520
425523
425524
425533
425570
425572
425576
425604
425610
425675
425701
425761
425789
425808
425834
425865
425918
425942
425943
425991
426046
426052
426142
426203
426235
426294
426301
426329
426346
426347
426351
426430
426457
426475
426486
426497
426498
426500
426523
426528
426550
426578
426592
426604
426621
426714
427036
427041
427097
427126
427167
427178
427188
427378
427397
427404
427426
427431
427445
427459
427489
427512
427599
427609
427648
427649
427696
427708
427714
427729
427732
427758
427781
427819
427843
427847
427855
427865
427869
427924
427946
427950
427962
427973
427974
428087
428108
428156
428160
428165
428258
428282
428350
428356
428373
428374
428455
428525
428539
428540
428544
428634
428679
428680
428698
428699
428718
428746
428796
428824
428828
428838
429016
429041
429076
429082
429088
429100
429213
429239
429285
429314
429326
429397
429408
429436
429440
429457
429479
429580
429612
429719
429800
429907
429994
430000
430006
430009
430025
430027
430057
430059
430064
430069
430070
430072
430080
430131
430134
430150
430338
430403
430438
430475
430484
430489
430518
430530
430558
430564
430572
430590
430608
430610
430615
430617
430630
430631
430684
430732
430755
430759
430767
430778
430782
430838
430864
430866
430868
430877
430883
430920
430942
430965
430997
431025
431028
431074
431099
431138
431178
431199
431213
431226
431240
431245
431270
431292
431294
431304
431431
431468
431469
431500
431514
431549
431750
431753
431757
431768
431778
431808
431833
431834
431934
431964
432047
432080
432154
432163
432185
432240
432278
432293
432298
432303
432314
432321
432367
432394
432413
432424
432432
432448
432476
432482
432485
432581
432713
432743
432765
432800
432859
432893
432908
432913
432931
432958
432977
433015
433031
433159
433183
433227
433305
433382
433421
433432
433435
433443
433446
433464
433472
433521
433550
433570
433611
433688
433754
433825
433826
433882
433924
433953
433960
433964
433986
434006
434010
434017
434023
434024
434026
434041
434058
434066
434081
434087
434094
434106
434133
434180
434198
434203
434208
434221
434248
434288
434295
434298
434321
434343
434345
434346
434423
434458
434467
434468
434472
434480
434494
434498
434503
434504
434510
434532
434541
434546
434599
434600
434602
434648
434658
434664
434679
434710
434727
434764
434765
434772
434775
434831
434833
434867
434874
434959
434995
435013
435118
435136
435151
435206
435208
435210
435220
435230
435231
435261
435309
435445
435452
435455
435471
435527
435536
435556
435571
435579
435581
435588
435609
435701
435756
435776
435810
435812
435829
435866
435884
435892
435916
435998
436018
436023
436031
436070
436077
436090
436093
436105
436195
436279
436295
436356
436374
436396
436502
436578
436610
436614
436619
436634
436651
436694
436715
436721
436746
436812
436821
436857
436871
436900
436944
437053
437086
437182
437219
437224
437288
437329
437340
437391
437481
437575
437612
437827
437834
437837
437840
437869
437882
437885
437891
437892
437913
437931
437944
437958
437984
437989
437999
438000
438052
438060
438064
438080
438085
438117
438155
438169
438218
438234
438257
438263
438266
438269
438296
438316
438325
438335
438401
438432
438434
438447
438448
438464
438468
438494
438495
438554
438567
438581
438582
438618
438652
438680
438697
438710
438728
438781
438788
438798
438806
438880
438921
439089
439118
439190
439204
439219
439236
439261
439288
439353
439372
439399
439570
439623
439643
439707
439729
439733
439769
439805
439828
1991 VX10
1995 SY25
1995 SW26
1995 SO78
1997 EU9
1997 GZ30
1997 WM6
1998 SY7
1998 WL36
1999 RN213
1999 TZ53
1999 TE167
1999 VH113
1999 WK5
1999 WR22
1999 XF138
2000 EH23
2000 GX59
2000 GQ148
2000 SZ207
2000 SZ207
2000 SD245
2000 UK13
2000 WY136
2001 FM119
2001 NB19
2001 PZ31
2001 QK171
2001 RV22
2001 SK98
2001 SD132
2001 SW133
2001 SJ165
2001 SD185
2001 SW221
2001 SX225
2001 SC235
2001 SB239
2001 SV246
2001 SK255
2001 SO305
2001 SG318
2001 SK323
2001 TV2
2001 TB25
2001 TA212
2001 TC259
2001 UZ39
2001 UG91
2001 UO100
2001 UG177
2001 UE210
2001 VN67
2001 VC83
2001 WD26
2001 WL65
2001 WB66
2001 XC1
2002 AT172
2002 CR89
2002 CH124
2002 CK160
2002 CP246
2002 CH293
2002 DC14
2002 DY15
2002 EB79
2002 GG189
2002 HQ16
2002 JZ144
2002 NA60
2002 NT64
2002 NJ68
2002 NA74
2002 NG76
2002 NH77
2002 NW77
2002 OV23
2002 OW26
2002 OD37
2002 PA2
2002 PT36
2002 PJ52
2002 PM93
2002 PE152
2002 PN158
2002 PP189
2002 PN195
2002 PC198
2002 PO198
2002 QO15
2002 QO32
2002 QT32
2002 QF34
2002 QG52
2002 QL53
2002 QT58
2002 QX74
2002 QW82
2002 QG85
2002 QW93
2002 QZ107
2002 QF110
2002 QW115
2002 QQ124
2002 QN127
2002 QZ132
2002 QX133
2002 QO151
2002 QG154
2002 QJ155
2002 RG23
2002 RN26
2002 RQ157
2002 RX167
2002 RC205
2002 RU210
2002 RS212
2002 RN244
2002 RS246
2002 RD261
2002 RK264
2002 RB290
2002 RR290
2002 RH291
2002 RS291
2002 RK294
2002 SJ
2002 SV1
2002 SC23
2002 SH34
2002 SZ43
2002 SY58
2002 SW59
2002 SL69
2002 SZ72
2002 TU87
2002 TR88
2002 TY135
2002 TW316
2002 TE343
2002 TO366
2002 TY135
2002 TJ137
2002 TC213
2002 TF243
2002 TW316
2002 TV328
2002 TB342
2002 UK65
2002 UC75
2002 UQ79
2002 VC98
2002 VW98
2002 WG7
2002 WM8
2002 WW31
2002 XP19
2002 XL31
2002 XZ53
2003 BX74
2003 GO56
2003 NB13
2003 OF16
2003 QJ9
2003 QN109
2003 SH9
2003 SX156
2003 SW364
2003 SG105
2003 SQ385
2003 SX156
2003 SE196
2003 SJ209
2003 SH233
2003 SO277
2003 ST332
2003 SY336
2003 UW6
2003 UB15
2003 UV41
2003 US69
2003 UD172
2003 UG216
2003 UE318
2003 UX324
2003 UA352
2003 WK11
2003 WU15
2003 WT35
2003 WB43
2003 WS91
2003 WA108
2003 WT175
2003 XQ27
2003 YH145
2003 YC157
2004 AA9
2004 BL132
2004 CH8
2004 CE93
2004 CW127
2004 DE64
2004 EZ18
2004 FV55
2004 HM41
2004 HS61
2004 JM
2004 PY47
2004 PY91
2004 PO111
2004 RG13
2004 RL18
2004 RY43
2004 RR80
2004 RQ143
2004 RR145
2004 RK166
2004 RH198
2004 RE256
2004 RQ302
2004 RK332
2004 RL338
2004 SC3
2004 SY46
2004 TP14
2004 TX23
2004 TH29
2004 TG36
2004 TQ40
2004 TC46
2004 TS55
2004 TR65
2004 TJ83
2004 TX121
2004 TA124
2004 TM125
2004 TQ197
2004 TL241
2004 TL287
2004 TE297
2004 TK156
2004 TA161
2004 TU183
2004 TR220
2004 TQ225
2004 VO41
2005 EE135
2005 EN150
2005 EL201
2005 GS12
2005 GP68
2005 GE86
2005 GR96
2005 GV98
2005 JC20
2005 JL157
2005 MN14
2005 MC44
2005 NX15
2005 NO17
2005 NS28
2005 NP58
2005 NZ59
2005 OC23
2005 PN6
2005 PT28
2005 QO6
2005 QC9
2005 QX11
2005 QV23
2005 QD44
2005 QX47
2005 QD81
2005 QS81
2005 QL83
2005 QY100
2005 QF179
2005 QN179
2005 RB26
2005 RO47
2005 SO12
2005 SL31
2005 SW48
2005 SU55
2005 SZ57
2005 SF63
2005 SB77
2005 SP83
2005 SA116
2005 SR138
2005 SL141
2005 SO160
2005 SS165
2005 SB211
2005 SM258
2005 SU263
2005 TR8
2005 TR14
2005 TJ46
2005 TH47
2005 TC78
2005 TQ102
2005 TT130
2005 UT15
2005 UD17
2005 UW30
2005 UM35
2005 UC53
2005 UK67
2005 UU182
2005 UX194
2005 US252
2005 UR364
2005 UZ132
2005 UE134
2005 UR134
2005 UB401
2005 UB165
2005 UE473
2005 UQ231
2005 UU233
2005 UH522
2005 UF527
2005 UN282
2005 VH19
2005 VD32
2005 VF51
2005 VG117
2005 VT128
2005 WD2
2005 WG10
2005 WY20
2005 WM28
2005 WF32
2005 WG38
2005 WG69
2005 WD70
2005 WS83
2005 WZ180
2005 XN47
2005 XW54
2005 XU59
2005 XP72
2005 XU81
2005 YA21
2005 YM34
2005 YX41
2005 YC78
2005 YF146
2005 YS158
2005 YK173
2005 YV190
2005 YA197
2005 YZ270
2006 AF64
2006 BW40
2006 BJ74
2006 BJ107
2006 BJ119
2006 BE280
2006 CS46
2006 DD29
2006 DE116
2006 GJ1
2006 HN38
2006 HF71
2006 HY74
2006 HD78
2006 HF140
2006 HP153
2006 KM55
2006 MA1
2006 OT5
2006 OB22
2006 PY1
2006 PM2
2006 PO6
2006 PR21
2006 PH22
2006 PC31
2006 PF42
2006 QW13
2006 QZ13
2006 QO15
2006 QV51
2006 QB64
2006 QR66
2006 QP70
2006 QL89
2006 QT94
2006 QM96
2006 QQ117
2006 QK118
2006 QE125
2006 QF132
2006 QB142
2006 QW167
2006 QF180
2006 QC184
2006 RO8
2006 RP15
2006 RA16
2006 RF20
2006 RG23
2006 RF55
2006 RE62
2006 RA64
2006 RS75
2006 RN79
2006 RU120
2006 ST33
2006 SZ213
2006 SO241
2006 SR317
2006 SF126
2006 SO394
2006 SS135
2006 SJ150
2006 SB159
2006 ST161
2006 SD184
2006 SJ203
2006 SV212
2006 SC251
2006 ST290
2006 SR304
2006 SV315
2006 SJ321
2006 SM332
2006 SY337
2006 SO350
2006 SA357
2006 TE7
2006 TJ8
2006 TF9
2006 TE20
2006 TB21
2006 TL30
2006 TC43
2006 TX52
2006 TC62
2006 TZ65
2006 TC76
2006 TZ96
2006 TN104
2006 TE105
2006 UX32
2006 UX39
2006 UE41
2006 UV53
2006 UC96
2006 UQ224
2006 UU229
2006 UH102
2006 UW167
2006 UT210
2006 UX261
2006 UB283
2006 UT358
2006 VW16
2006 VQ40
2006 VG60
2006 VX72
2006 VH100
2006 VP125
2006 VS141
2006 VN143
2006 VW171
2006 WF10
2006 WD54
2006 WH68
2006 WS96
2006 WW121
2006 WQ135
2006 WB140
2006 WX152
2006 XD26
2006 XM37
2006 XP59
2006 YQ17
2006 YW54
2007 AY6
2007 BO38
2007 CB35
2007 CN45
2007 CW65
2007 DX74
2007 DY92
2007 DY95
2007 EM82
2007 EA128
2007 EG149
2007 EX217
2007 FP36
2007 GG21
2007 HU3
2007 HE35
2007 HM45
2007 HN78
2007 HG97
2007 KC8
2007 LE12
2007 LO13
2007 LK19
2007 MU16
2007 MV16
2007 PT25
2007 PR45
2007 PB47
2007 RZ9
2007 RP20
2007 RR43
2007 RZ55
2007 RN81
2007 RF111
2007 RO111
2007 RU132
2007 RF173
2007 RM177
2007 RR213
2007 RE233
2007 RE253
2007 RG262
2007 RB272
2007 RK302
2007 RH312
2007 SO1
2007 SJ6
2007 SC24
2007 TP6
2007 TM47
2007 TK56
2007 TF84
2007 TB100
2007 TM121
2007 TA132
2007 TP228
2007 TD365
2007 TN368
2007 TO109
2007 TN375
2007 TU116
2007 TV116
2007 TY116
2007 TW390
2007 TB149
2007 TN151
2007 TH412
2007 TA414
2007 TS161
2007 TW422
2007 TC425
2007 TX432
2007 TU441
2007 TE450
2007 TD283
2007 TF319
2007 TY326
2007 TU357
2007 UN20
2007 UV23
2007 UM24
2007 UB82
2007 US87
2007 UU94
2007 UQ97
2007 VH64
2007 VM87
2007 VK90
2007 VQ102
2007 VU114
2007 VV167
2007 VX223
2007 VV230
2007 VJ310
2007 VF315
2007 VZ318
2007 VW325
2007 WG
2007 WU3
2007 WC6
2007 WO7
2007 WM54
2007 WB60
2007 XM1
2007 XV29
2007 XD36
2007 XH46
2007 XH50
2007 XO58
2007 YD11
2007 YK59
2008 AS36
2008 AA64
2008 AJ88
2008 AE129
2008 CR3
2008 CX78
2008 CX108
2008 DQ17
2008 DF39
2008 DR77
2008 EV40
2008 EE112
2008 EJ132
2008 EC168
2008 FD13
2008 FQ32
2008 GV11
2008 GW52
2008 HO50
2008 HJ66
2008 JL15
2008 LO2
2008 LX4
2008 MW1
2008 NX1
2008 NZ2
2008 OD17
2008 OW21
2008 PB20
2008 QQ5
2008 QN8
2008 QA10
2008 QG12
2008 QP15
2008 QX17
2008 QU23
2008 QD36
2008 QF36
2008 QP47
2008 QW47
2008 RA5
2008 RC22
2008 RD30
2008 RD69
2008 RJ94
2008 RD106
2008 RL111
2008 RB119
2008 RQ119
2008 RN142
2008 SR4
2008 SM40
2008 SC45
2008 SK47
2008 SH59
2008 SK60
2008 SC70
2008 SC74
2008 SE77
2008 SA90
2008 SR91
2008 SY99
2008 SD105
2008 SX113
2008 SH117
2008 SN117
2008 SR122
2008 SW140
2008 SA155
2008 SB160
2008 SL161
2008 SM164
2008 SU166
2008 SO174
2008 SD184
2008 SO195
2008 SN211
2008 SC214
2008 SB241
2008 SD242
2008 SV242
2008 SC246
2008 SG256
2008 SM274
2008 SF295
2008 TH21
2008 TD39
2008 TE39
2008 TX47
2008 TM50
2008 TX65
2008 TL66
2008 TH91
2008 TE107
2008 TB109
2008 TG115
2008 TR127
2008 TR163
2008 TX164
2008 TB169
2008 TV181
2008 UE11
2008 UV24
2008 UP41
2008 UR41
2008 UB43
2008 UL45
2008 UJ66
2008 UV76
2008 UJ106
2008 UM139
2008 UJ154
2008 UK213
2008 UC283
2008 UW286
2008 UM305
2008 UU315
2008 UL344
2008 UQ345
2008 UV108
2008 UY109
2008 UF125
2008 UD197
2008 UW210
2008 UK213
2008 UR231
2008 UP294
2008 UE296
2008 UA300
2008 UT303
2008 UM305
2008 UC315
2008 UU315
2008 UQ325
2008 UU338
2008 UW344
2008 UQ345
2008 VP11
2008 VD18
2008 VN18
2008 VV20
2008 VE51
2008 VD55
2008 VS58
2008 VT71
2008 VS72
2008 WO14
2008 WS15
2008 WF17
2008 WJ20
2008 WJ25
2008 WC33
2008 WD38
2008 WJ62
2008 WH90
2008 WZ129
2008 WY136
2008 WO139
2008 XB51
2008 XH55
2008 YE8
2008 YN10
2008 YW47
2008 YE53
2008 YT74
2008 YU100
2008 YV110
2008 YF127
2008 YH145
2009 AZ9
2009 AE14
2009 AM19
2009 AJ20
2009 AT38
2009 BW
2009 BY
2009 BM14
2009 BD70
2009 BY164
2009 BN175
2009 CL48
2009 DT40
2009 DG63
2009 DN143
2009 FV38
2009 FM70
2009 HG100
2009 HY101
2009 KY3
2009 KH5
2009 KC8
2009 KL9
2009 KB11
2009 KA14
2009 KA15
2009 OX22
2009 QM29
2009 QT37
2009 QN46
2009 RC1
2009 RE12
2009 RE16
2009 RH19
2009 RA20
2009 RU30
2009 RK54
2009 SC32
2009 SA53
2009 SN54
2009 SE88
2009 SQ241
2009 SB103
2009 SN160
2009 SE164
2009 SO187
2009 SN238
2009 ST248
2009 SS258
2009 SJ289
2009 SZ327
2009 SE341
2009 SV349
2009 TL7
2009 TN25
2009 TH34
2009 TR45
2009 TU46
2009 UG6
2009 UT6
2009 UD35
2009 UF47
2009 UN89
2009 UH94
2009 UW111
2009 UL122
2009 UG134
2009 UR147
2009 VF4
2009 VS4
2009 VV14
2009 VU23
2009 VK26
2009 VN28
2009 VZ41
2009 VO54
2009 VW64
2009 VR102
2009 VK109
2009 VG114
2009 VS116
2009 WF14
2009 WK33
2009 WE45
2009 WY45
2009 WR51
2009 WD71
2009 WQ73
2009 WG139
2009 WP142
2009 WM205
2009 WQ214
2009 WK217
2009 WL237
2009 XM1
2009 XO24
2010 AE56
2010 AC69
2010 AN81
2010 BC24
2010 BM39
2010 BF49
2010 BZ78
2010 CQ42
2010 CP51
2010 CT168
2010 DL5
2010 ED7
2010 EC111
2010 EB122
2010 ET139
2010 FD13
2010 FF101
2010 GX24
2010 GU146
2010 GL161
2010 JV1
2010 JS24
2010 JY75
2010 JH83
2010 JE150
2010 JO154
2010 JN163
2010 KN84
2010 LS56
2010 LT62
2010 MR21
2010 MX84
2010 NT23
2010 NA69
2010 OF126
2010 PO79
2010 QR3
2010 QL4
2010 QS6
2010 RS2
2010 RA10
2010 RF19
2010 RO22
2010 RA37
2010 RH39
2010 RY49
2010 RH61
2010 RF79
2010 RM97
2010 RP111
2010 RR116
2010 RV125
2010 RH140
2010 RD141
2010 RN146
2010 RJ163
2010 RD166
2010 RF179
2010 RH181
2010 SZ19
2010 SR27
2010 SM29
2010 SG37
2010 SD38
2010 TA1
2010 TP6
2010 TL23
2010 TB43
2010 TW84
2010 TL96
2010 TA107
2010 TS140
2010 TK166
2010 TG169
2010 TH171
2010 TF175
2010 UR15
2010 UV27
2010 UR56
2010 UQ59
2010 UB62
2010 UZ87
2010 UR92
2010 UM97
2010 VJ12
2010 VW13
2010 VE37
2010 VQ37
2010 VX47
2010 VO74
2010 VH83
2010 VW91
2010 VX96
2010 VB106
2010 VE120
2010 VQ133
2010 VX152
2010 VU157
2010 VM170
2010 VR206
2010 WW11
2010 WU22
2010 WN23
2010 WO34
2010 WM35
2010 XT
2010 XO25
2010 XP43
2010 XK88
2010 XQ88
2011 AR11
2011 AV11
2011 AU60
2011 AQ64
2011 AR68
2011 AH71
2011 BH16
2011 BL70
2011 BT86
2011 CP15
2011 CM16
2011 CM18
2011 CN18
2011 CE48
2011 CR57
2011 CW65
2011 CT67
2011 CN68
2011 CY68
2011 CG77
2011 CS77
2011 CZ80
2011 DG18
2011 DA24
2011 DE51
2011 ER11
2011 ES14
2011 EJ52
2011 ED63
2011 EK73
2011 EG86
2011 FE6
2011 FR22
2011 FL23
2011 FA27
2011 FZ27
2011 FU31
2011 FH67
2011 FB103
2011 FM146
2011 FP148
2011 GW31
2011 GX33
2011 GH35
2011 GY48
2011 GO49
2011 GT63
2011 GO68
2011 GS78
2011 HX12
2011 HS36
2011 HX43
2011 HF52
2011 HM52
2011 HA59
2011 HT62
2011 HW62
2011 HX79
2011 HJ84
2011 HT100
2011 HG102
2011 JA14
2011 JQ25
2011 JA30
2011 KM9
2011 KV11
2011 KD23
2011 KU25
2011 KL33
2011 LU
2011 LK6
2011 LN8
2011 LY13
2011 MQ5
2011 MM6
2011 OG4
2011 OQ19
2011 OU26
2011 OV27
2011 OO59
2011 QT5
2011 QN54
2011 QU54
2011 QN63
2011 QR72
2011 QQ89
2011 RE2
2011 RU15
2011 SW
2011 SH21
2011 SC32
2011 SE37
2011 SY70
2011 SO75
2011 SV84
2011 SF90
2011 SP90
2011 SQ91
2011 SJ92
2011 SR115
2011 SU131
2011 SM132
2011 SN157
2011 SJ175
2011 SG192
2011 SX196
2011 SA201
2011 SZ207
2011 SC213
2011 SF224
2011 SN245
2011 SW273
2011 UX12
2011 UA23
2011 UD26
2011 UW29
2011 UH30
2011 UK44
2011 UG45
2011 UD53
2011 UJ70
2011 UZ75
2011 UX92
2011 UG99
2011 UN104
2011 UE108
2011 UG111
2011 UV148
2011 UU177
2011 US194
2011 UR208
2011 UQ236
2011 UL249
2011 UW279
2011 UK282
2011 UB305
2011 UZ306
2011 UR336
2011 UN104
2011 UV148
2011 UG111
2011 UL111
2011 UC406
2011 UQ164
2011 UN175
2011 UR208
2011 UZ306
2011 VK19
2011 WX8
2011 WZ64
2011 WU112
2011 YY74
2012 AB6
2012 AP18
2012 AX18
2012 BD1
2012 BD60
2012 BR74
2012 BM96
2012 BL98
2012 CB8
2012 CR9
2012 DW12
2012 FU49
2012 FK65
2012 FD76
2012 GP39
2012 HJ14
2012 HQ15
2012 HM27
2012 HK28
2012 HE32
2012 HS39
2012 HB58
2012 HB72
2012 JD20
2012 JS45
2012 JG57
2012 JU66
2012 LZ7
2012 LU14
2012 MW12
2012 OC
2012 OV2
2012 OP5
2012 PW5
2012 PG12
2012 PJ18
2012 PA35
2012 PN38
2012 QE14
2012 QJ22
2012 QD52
2012 RT2
2012 RR3
2012 RX3
2012 RV13
2012 RT17
2012 RU20
2012 RF21
2012 RS22
2012 RB40
2012 RY41
2012 RM43
2012 SH4
2012 SC13
2012 ST29
2012 SY32
2012 SZ33
2012 SS57
2012 SN59
2012 SE65
2012 TA
2012 TN6
2012 TM11
2012 TW11
2012 TX11
2012 TR13
2012 TC18
2012 TS33
2012 TL37
2012 TN57
2012 TH59
2012 TX67
2012 TP97
2012 TT102
2012 TD118
2012 TA131
2012 TQ149
2012 TL151
2012 TM153
2012 TX160
2012 TS165
2012 TO167
2012 TL223
2012 TR246
2012 TW290
2012 TY295
2012 US19
2012 UA37
2012 UZ42
2012 UU48
2012 UY57
2012 US70
2012 UT78
2012 UV89
2012 UU102
2012 UQ107
2012 UR112
2012 UP113
2012 UZ150
2012 VU10
2012 VY12
2012 VX19
2012 VQ30
2012 VT33
2012 VP40
2012 VB56
2012 WO4
2012 WT14
2012 WK27
2012 WH35
2012 XY13
2012 XQ30
2012 XC84
2012 XB94
2012 XF95
2012 XB117
2012 XL128
2012 XV133
2012 XU136
2012 XV143
2012 XV145
2012 XO148
2012 XB155
2013 AB12
2013 AG15
2013 AH18
2013 AS21
2013 AQ28
2013 AM31
2013 AN55
2013 AN79
2013 AB89
2013 AZ96
2013 AG111
2013 AP116
2013 AV116
2013 AN122
2013 AZ125
2013 BK15
2013 BN33
2013 CH73
2013 CJ83
2013 CX112
2013 CH130
2013 CC189
2013 CL195
2013 DT1
2013 EO58
2013 HP28
2013 JU32
2013 JL47
2013 KV15
2013 MH
2013 MC5
2013 NG21
2013 PG
2013 PJ7
2013 PQ12
2013 PV23
2013 PX37
2013 PY38
2013 PU39
2013 PD59
2013 PE65
2013 PE66
2013 PQ69
2013 PM70
2013 PD72
2013 PZ73
2013 QL
2013 QC2
2013 QP7
2013 QD12
2013 QU13
2013 QK18
2013 QL30
2013 QR34
2013 QZ70
2013 QS72
2013 QJ74
2013 QD82
2013 RJ28
2013 RT31
2013 RN32
2013 RG33
2013 RA35
2013 RQ36
2013 RS36
2013 RT40
2013 RR44
2013 RB45
2013 RY56
2013 RD66
2013 RL67
2013 RF68
2013 RS70
2013 RS81
2013 RP93
2013 RT94
2013 RV94
2013 RQ95
2013 RU96
2013 RE97
2013 SL14
2013 SJ15
2013 SW25
2013 SR30
2013 SD31
2013 SQ33
2013 SW42
2013 ST43
2013 SX45
2013 SY45
2013 SH76
2013 ST81
2013 SW84
2013 SC85
2013 SM85
2013 ST85
2013 TQ6
2013 TE7
2013 TB13
2013 TE18
2013 TK21
2013 TW31
2013 TA33
2013 TY35
2013 TX37
2013 TC48
2013 TO51
2013 TL68
2013 TM72
2013 TW72
2013 TM77
2013 TB83
2013 TY84
2013 TF86
2013 TU96
2013 TK97
2013 TK113
2013 TD116
2013 TO126
2013 TB134
2013 TE136
2013 TK139
2013 UV7
2013 VL1
2013 VQ10
2013 VP18
2013 VK22
2013 WG3
2013 WB5
2013 WP6
2013 WC29
2013 WN37
2013 WZ41
2013 WK46
2013 WS71
2013 WL78
2013 WC81
2013 WB104
2013 WF104
2013 WX105
2013 WB106
2013 WB110
2013 XU8
2013 XE18
2013 XK22
2013 YH5
2013 YA11
2013 YL14
2013 YX22
2013 YE49
2013 YJ73
2013 YM84
2014 AW23
2014 AM40
2014 BO23
2014 CB9
2014 DY13
2014 DA15
2014 DU19
2014 DF22
2014 DR121
2014 EO23
2014 EQ41
2014 EO47
2014 FQ41
2014 FT57
2014 FZ65
2014 GN32
2014 GB43
2014 HY24
2014 HZ24
2014 HS130
2014 HP167
2014 JY26
2014 JY57
2014 KX1
2014 KK10
2014 KC43
2014 LT23
2014 QR130
2014 QC409
2014 QV151
2014 QQ422
2014 QA439
2014 SE165
2014 SB283
2014 SW309
2014 SL310
2014 SM310
2014 SS310
2014 TL32
2014 TR42
2014 TL43
2014 TL63
2014 TF68
2014 TT73
2014 TO82
2014 UO1
2014 UB7
2014 UD10
2014 UZ12
2014 UD25
2014 UW31
2014 UQ41
2014 UR41
2014 UH68
2014 UB107
2014 UB153
2014 UA173
2014 US183
2014 UC186
2014 UJ198
2014 VZ11
2014 VC13
2014 VZ13
2014 VE14
2014 VO17
2014 VY23
2014 VK27
2014 WO24
2014 WK55
2014 WH66
2014 WE67
2014 WF103
2014 WG109
2014 WT198
2014 WP321
2014 WL350
2014 WW366
2014 WB111
2014 WV112
2014 WY373
2014 WG381
2014 WN123
2014 WM392
2014 WW392
2014 WL186
2014 WW448
2014 WJ452
2014 WH199
2014 WO199
2014 WG205
2014 WW476
2014 WS478
2014 WP227
2014 WU234
2014 WX494
2014 WY234
2014 WB499
2014 WC254
2014 WH264
2014 WX277
2014 WT289
2014 WU299
2014 WF311
2014 WZ325
2014 WO338
2014 XA9
2014 XF19
2014 XD22
2014 XM32
2014 XZ37
2014 YO3
2014 YP4
2014 YE6
2014 YX6
2014 YD10
2014 YX10
2014 YO21
2014 YB24
2014 YX24
2014 YE41
2014 YV45
2015 AT27
2015 AX52
2015 AU125
2015 AX181
2015 AL184
2015 AX194
2015 AZ248
2015 BU1
2015 BE6
2015 BR6
2015 BB12
2015 BF15
2015 BN17
2015 BJ27
2015 BF28
2015 BH32
2015 BJ39
2015 BA45
2015 BW48
2015 BJ75
2015 BK87
2015 BC130
2015 BZ264
2015 BG371
2015 BX401
2015 BJ146
2015 BW186
2015 BJ207
2015 BF474
2015 BC225
2015 BP234
2015 BY501
2015 BS242
2015 BU244
2015 BZ249
2015 BN511
2015 BN253
2015 BF260
2015 BQ263
2015 BL269
2015 BL277
2015 BN297
2015 BO313
2015 BL334
2015 BZ347
2015 CX4
2015 CO17
2015 CY22
2015 CL30
2015 CE33
2015 CA37
2015 CA41
2015 CV44
2015 CL45
2015 CH59
2015 DK
2015 DT30
2015 DV48
2015 DC64
2015 DP66
2015 DW98
2015 DV125
2015 DC135
2015 DF135
2015 DY145
2015 DQ147
2015 DO175
2015 DA177
2015 DA194
2015 DP194
2015 DA208
2015 DO214
2015 DB219
2015 DL224
2015 ET5
2015 ED9
2015 EC17
2015 EX18
2015 EO59
2015 EP62
2015 FV
2015 FB1
2015 FQ17
2015 FR44
2015 FL45
2015 FR52
2015 FE57
2015 FA70
2015 FZ72
2015 FF95
2015 FS137
2015 FD212
2015 FH213
2015 FU213
2015 FE239
2015 FX297
2015 FY298
2015 FH299
2015 FD302
2015 FU324
2015 FB326
2015 FX330
2015 FO336
2015 FO337
2015 FE343
2015 GL1
2015 GO1
2015 GK5
2015 GL16
2015 GS16
2015 GD23
2015 GV25
2015 GH31
2015 GU31
2015 GQ36
2015 HH7
2015 HU15
2015 HH39
2015 HD42
2015 HL85
2015 HN91
2015 HN146
2015 HB147
2015 HR155
2015 HZ168
2015 HY169
2015 HB171
2015 HL172
2015 HR175
2015 HA176
2015 HB178
2015 HL181
2015 JL3
2015 JO10
2015 KT
2015 KM3
2015 KA10
2015 KP10
2015 KS20
2015 KS22
2015 KJ27
2015 KM31
2015 KY31
2015 KS33
2015 KD43
2015 KE43
2015 KE51
2015 KC58
2015 KM59
2015 KT81
2015 KA100
2015 KF101
2015 KR108
2015 KO110
2015 KZ113
2015 KD116
2015 KF118
2015 KR123
2015 KU129
2015 KX129
2015 KC134
2015 KH145
2015 KY159
2015 LB1
2015 LY21
2015 LH23
2015 LS26
2015 LW30
2015 LS35
2015 LD36
2015 MM
2015 MN
2015 ME6
2015 MJ46
2015 MU47
2015 MJ49
2015 MU57
2015 MH58
2015 MP65
2015 MJ69
2015 ML77
2015 MM77
2015 MP81
2015 MJ83
2015 MM103
2015 MP112
2015 MV113
2015 MX116
2015 MD119
2015 MZ121
2015 MC122
2015 NC3
2015 NM17
2015 ND18
2015 NG18
2015 NP23
2015 NT24
2015 OH16
2015 OQ22
2015 OU22
2015 OM23
2015 OK24
2015 OO24
2015 OB25
2015 OP25
2015 OD27
2015 OL31
2015 OS33
2015 OY39
2015 OP65
2015 OZ65