id
2061
11054
19356
28118
29646
31927
31989
39678
39820
41489
42275
42316
42958
44769
45970
46521
47191
47361
48351
49745
51508
52022
52046
52055
52066
52074
52083
53750
54230
55755
55774
55781
57479
58399
58409
58856
59033
59196
59350
60583
60622
60918
60977
61006
61016
62558
63449
64222
64494
65282
65379
65435
65890
66020
66383
67237
67321
67434
67444
67585
67714
67729
67949
68619
68701
68740
69043
69241
69345
69346
69527
69531
70102
70331
70482
71780
71796
71797
71804
71810
72128
72996
73003
73008
73267
73559
73735
73816
73874
74022
74584
74741
74771
74849
74988
75226
75359
75926
77036
77078
77143
77217
77320
77650
77654
77945
78003
78578
78834
78906
78971
79001
79048
79089
79107
79151
79237
79250
79267
79276
79770
80139
80141
80146
80150
80161
80212
80231
80232
80248
80285
80353
80375
80378
80384
80434
80523
80530
80598
80802
81064
82118
82145
82147
82610
84012
84193
84242
84266
84318
84572
85054
85253
85342
85354
85461
85669
86485
86567
86606
86663
86704
86708
86718
86720
86738
86750
86805
86806
86836
86869
86930
87050
87153
88294
88390
88562
88659
88812
88816
88837
88907
89139
89223
89599
89643
90001
90002
90086
90123
90134
90161
90266
90531
90752
90800
90823
90844
90853
92288
92296
92317
92328
92348
92356
92377
92380
92388
92396
92404
92414
92416
92430
92453
92468
92533
92601
92625
92674
92742
92848
92895
93436
93900
94392
94394
94397
94409
94508
94546
94548
94629
94651
94678
94709
94754
94822
94828
94835
94856
94884
94944
94949
94978
95052
95088
95097
95102
95122
95124
95366
95374
95433
95727
95979
96074
96076
96080
96203
96344
97663
97736
97875
97879
97917
97936
97974
98001
98150
98187
98194
98224
98342
98366
98417
98608
99453
99474
99495
99539
99629
99630
99700
99958
99979
100049
100103
100104
100158
100182
100355
100366
100385
100394
100567
100573
100697
100702
100709
100735
100778
100821
100840
100867
100879
100923
100975
101194
101243
101297
101310
101324
101326
101327
101418
101531
101532
101569
101730
101854
101896
101986
102048
102077
102088
102109
102219
102238
102255
102274
102278
102299
102394
102439
102441
102452
102461
102553
102565
102569
102587
102614
102687
102723
102786
102787
102834
102852
102871
102932
103057
103064
103215
103278
103472
103530
103563
103622
103650
103876
103953
103968
104042
104136
104243
104597
104843
104946
105035
105037
105237
105287
105349
105375
105405
105409
105459
105483
105605
105688
105700
105731
105751
105755
105786
105918
105984
106215
106287
106300
106308
106352
106384
106422
106439
106446
106512
106515
106554
106577
106585
106650
106837
106844
106848
107006
107008
107015
107163
107230
107251
107299
107303
107310
107319
107329
107330
107333
107338
107348
107365
107453
107454
107456
107536
107553
107582
107610
107615
107618
107713
107731
107827
107828
107960
108181
108271
108400
108506
108769
108826
108890
108901
109051
109175
109251
109684
109827
109895
110225
110670
110757
110863
111209
111346
111631
111768
111810
111841
111868
111874
111899
111936
111952
111980
112015
112062
112091
112099
112103
112119
112147
112212
112214
112255
112278
112335
112495
112692
112754
112875
112879
112896
112899
112964
112973
113009
113017
113027
113031
113034
113050
113087
113310
113399
113445
113514
113531
113639
113901
113945
114060
114144
114153
114176
114192
114246
114303
114374
114385
114415
114445
114479
114493
114497
114683
114824
114889
114919
114946
114948
115104
115192
115304
115323
115339
115495
115522
115822
115830
115852
115934
116101
116127
116161
116203
116249
116283
116297
116440
116513
116548
116570
116671
116715
116745
116768
116949
117279
117291
117388
117481
117521
117525
117560
117562
117609
117658
117718
117744
117755
117765
117792
117845
117873
117912
117936
117968
117973
118211
118299
118327
118374
118445
118479
118573
118586
118605
118660
119057
119133
119143
119160
119162
119207
119222
119289
119290
119311
119358
119411
119482
119565
119585
119984
120053
120135
120195
120200
120230
120252
120324
120358
120429
120470
120485
120515
120525
120623
120629
120708
120720
120729
120734
120777
120778
120872
120886
120931
120956
120970
120989
121002
121004
121022
121026
121029
121033
121043
121058
121960
121965
121983
121991
122021
122067
122072
122081
122093
122095
122120
122137
122144
122148
122218
122236
122322
122333
122341
122369
122416
122476
122512
122514
122625
122697
122729
122783
122836
122870
123159
123532
123741
124155
124157
124173
124189
124211
124216
124226
124232
124243
124252
124253
124255
124286
124287
124290
124331
124338
124379
124380
124453
124488
124498
124565
124586
124606
124617
124656
124661
124663
124687
124689
124690
124731
124752
124758
124798
124813
124818
124828
124835
124846
124897
124899
124908
124915
124924
124957
124964
125017
125054
125073
125074
125112
125147
125166
125191
125208
125223
125238
125240
125252
125264
125291
125317
125321
125344
125354
125357
125425
125484
125504
125505
125537
125559
125624
125647
125669
125719
125722
125780
125816
125821
125843
125851
125884
125892
125903
125908
125989
126011
126052
126118
126172
126229
126245
126260
126284
126328
126544
126567
126586
126613
126632
126643
126645
126745
126770
126778
126833
126913
127484
127578
127580
127591
127603
127620
127643
127653
127674
127679
127715
127782
127784
127786
127787
127824
127895
127907
127965
127971
128017
128021
128261
128334
128368
128382
128512
128517
128528
128660
128686
128882
128957
129067
129078
129082
129138
129175
129235
129295
129309
129317
129324
129384
129464
129495
129509
129525
129563
129591
129597
129603
129606
129608
129755
129791
129797
129806
129819
129829
129986
130004
130107
130307
130410
130518
130532
130537
130540
130593
130602
130618
130620
130621
130626
130630
130638
130643
130660
130672
130673
130695
130697
130708
130716
130774
130803
130899
130923
131498
131534
131535
131545
131555
131557
131578
131587
131590
131654
131687
131707
131726
131809
131812
131821
131834
131854
131859
131929
131984
132015
132032
132048
132049
132053
132062
132085
132088
132101
132109
132143
132149
132156
132167
132176
132179
132185
132188
132195
132210
132322
132342
132430
132564
133075
133111
133130
133165
133169
133182
133187
133189
133223
133272
133286
133331
133471
133483
133485
133603
133690
133881
133888
133941
133972
133987
133991
133999
134031
134084
134299
134308
134350
134386
134387
134408
134435
134517
134523
134524
134538
134595
134628
134653
134664
134665
134919
135015
135035
135271
135304
135329
135382
135434
135517
135552
135553
135563
135580
135598
135612
135613
135618
135619
135638
135639
135648
135665
135676
135677
135755
135847
136124
136142
136167
136184
136210
136220
136249
136255
136256
136296
136307
136403
136407
136428
136475
136517
136539
136551
136556
136566
136576
136598
136603
136629
136648
136666
136697
136717
136730
136788
136815
136852
136861
136881
136906
136912
136936
136987
136991
137003
137215
137251
137256
137265
137268
137276
137286
137338
137362
137363
137368
137373
137385
137394
137408
137422
137431
137443
137470
137516
137529
137549
137569
137582
137589
137640
137641
137668
137677
137679
137685
137706
137719
137724
137730
137775
137793
137795
137798
137878
137907
137917
137922
137932
137957
137975
138016
138033
138056
138102
138110
138119
138124
138140
138147
138156
138223
138253
138303
138319
138561
138880
138882
138939
138951
138963
138984
138988
138997
139015
139033
139037
139040
139072
139088
139094
139103
139110
139118
139120
139121
139160
139179
139199
139221
139231
139262
139302
139314
139326
139369
139670
139781
140009
140035
140130
140175
140242
141406
141436
141468
141509
141516
141521
141561
141565
141583
141617
141628
141688
141708
141779
141780
141828
141843
141853
141868
141893
141898
141938
141942
141947
141975
142032
142034
142045
142048
142068
142074
142089
142110
142120
142133
142139
142141
142144
142147
142166
142171
142178
142191
142203
142227
142269
142309
142318
142378
142428
142440
142502
142507
142525
142590
142593
142596
142692
142695
142707
142708
142848
142927
142952
142967
143006
143163
143205
143370
143397
143448
143559
143597
143652
143656
143674
143706
143736
143755
143778
143814
143835
143854
143876
143880
143881
143931
143952
143969
143996
144005
144056
144059
144062
144065
144125
144163
144196
144205
144233
144249
144253
144256
144277
144278
144316
144328
144337
144368
144401
144468
144474
144540
144555
144595
144602
144611
144781
144826
144937
144981
145035
145080
145113
145123
145146
145177
145309
145314
145328
145372
145375
145520
145537
145633
145663
145702
145713
145765
145787
145789
145873
145877
145889
145893
145928
145929
145993
146056
146077
146092
146259
146279
146284
146286
146287
146296
146481
146521
146964
146985
146996
147017
147026
147040
147055
147084
147092
147095
147101
147110
147111
147115
147132
147161
147168
147178
147186
147195
147201
147232
147240
147304
147369
147459
147472
147473
147485
147513
147517
147531
147544
147553
147556
147576
147604
147643
147728
147773
147838
147873
147890
147893
147945
147959
147981
147983
148008
148057
148059
148136
148168
148207
148208
148214
148231
148241
148244
148247
148249
148266
148270
148277
148285
148421
148469
148479
148539
148543
148578
148611
148613
148614
148621
148638
148653
148680
148691
148692
148695
148696
148703
148729
148747
148751
148802
148832
148884
148898
148959
149220
149238
149324
149329
149332
149338
149365
149380
149381
149442
149453
149573
149584
149589
149610
149623
149632
149637
149639
149651
149687
149697
149806
149810
149865
149868
149869
149879
149905
149946
149947
149981
150025
150125
150164
150205
150316
150364
150368
150383
150397
150429
150455
150494
150520
150551
150657
150671
150693
150695
150716
150737
150742
150751
150759
150804
150830
150840
150871
150882
150933
150961
150962
150996
151199
151516
151522
151572
151595
151597
151626
151639
151640
151643
151671
151694
151751
151795
151885
151908
151911
151912
151916
151939
151969
151972
151973
151990
151991
151993
152003
152026
152055
152071
152170
152405
152545
152573
152613
152656
152731
152734
152736
152749
152874
152906
152932
152962
153032
153111
153304
153321
153339
153366
153374
153406
153426
153428
153429
153458
153499
153503
153504
153508
153516
153526
153530
153585
153664
153694
153713
153728
153760
153779
153816
153821
153831
153894
153905
153985
153986
154084
154272
154293
154320
154323
154340
154341
154344
154383
154396
154399
154400
154402
154404
154413
154432
154435
154441
154447
154448
154456
154460
154482
154557
154577
154587
154634
154657
154677
154683
154689
154690
154706
154734
154746
154750
154811
154845
154916
154956
154998
155023
155068
155085
155187
155200
155215
155304
155317
155373
155378
155403
155412
155414
155486
155493
155519
155587
155596
155638
155639
155658
155660
155671
155676
155686
155724
155796
155801
155940
155944
155945
155984
155989
155996
156003
156009
156017
156021
156036
156062
156133
156145
156195
156213
156218
156234
156244
156255
156263
156270
156278
156280
156329
156347
156408
156450
156788
156793
156825
156853
156856
156870
156875
156879
156890
156894
156916
156924
156927
156940
156947
156971
157104
157119
157126
157181
157185
157190
157204
157226
157282
157330
157509
157513
157530
157577
157709
157759
157817
157820
157834
157912
158005
158016
158050
158056
158179
158183
158185
158188
158218
158221
158230
158240
158248
158279
158301
158324
158346
158353
158359
158390
158470
158611
158616
158621
158650
158654
158660
158661
158691
158698
158719
158848
158852
158857
158865
158870
158884
158885
158895
158899
158922
158926
158927
158978
159015
159025
159034
159041
159071
159081
159172
159183
159204
159217
159222
159259
159314
159344
159553
159573
159576
159597
159723
159733
159754
159757
159760
159762
159877
159902
159916
159932
159983
160023
160036
160093
160118
160134
160160
160181
160297
160307
160313
160368
160414
160439
160507
160520
160544
160565
160612
160618
160639
160693
160706
160707
160729
160749
160778
160892
160893
160901
160912
160924
160933
160946
160948
160964
160989
161021
161070
161215
161248
161250
161251
161265
161275
161311
161325
161454
161469
161488
161541
161550
161582
161636
161641
161663
161805
161816
161903
161904
161907
161908
161978
161982
161985
161992
161997
162002
162061
162083
162088
162228
162263
162292
162313
162349
162511
162550
162574
162585
162587
162588
162622
162624
162632
162634
162677
162692
162699
162700
162715
162727
162729
162732
162744
162757
162758
162885
162901
163034
163036
163037
163048
163059
163062
163069
163080
163082
163083
163090
163093
163107
163114
163159
163162
163197
163200
163204
163235
163283
163328
163723
163737
163785
163801
163802
163824
163827
163877
163878
163936
163973
163980
164036
164043
164236
164259
164290
164297
164302
164313
164323
164333
164407
164420
164452
164482
164496
164519
164545
164570
164583
164590
164624
164640
164683
164693
164773
164785
164786
164793
164805
164824
164845
164849
164871
164882
164889
164890
164896
164909
165167
165178
165182
165187
165207
165213
165268
165290
165303
165305
165307
165311
165322
165333
165334
165338
165347
165349
165358
165359
165362
165378
165409
165432
165447
165468
165476
165490
165526
165562
165568
165658
165965
165984
165987
165996
165998
166000
166015
166018
166026
166045
166066
166080
166089
166097
166099
166132
166149
166155
166191
166192
166195
166198
166210
166218
166238
166245
166263
166270
166273
166306
166317
166326
166333
166350
166361
166367
166408
166611
166955
166961
166966
166972
166989
166992
167012
167028
167035
167107
167118
167147
167206
167215
167313
167380
167392
167432
167480
167724
167757
167762
167781
167789
167801
167856
167858
167859
167861
167963
168009
168056
168065
168096
168097
168130
168142
168156
168187
168199
168221
168222
168225
168240
168312
168321
168333
168346
168354
168366
168383
168388
168482
168496
168502
168509
168510
168515
168538
168543
168588
168762
168781
168790
168808
168845
168872
168903
168935
168943
168952
168961
168969
168978
168983
168998
168999
169009
169028
169035
169039
169068
169075
169427
169432
169452
169486
169487
169491
169492
169497
169516
169518
169539
169559
169572
169580
169589
169604
169638
169658
169679
169687
169705
169748
169808
169893
170170
170173
170176
170196
170210
170212
170226
170248
170253
170255
170256
170257
170261
170285
170294
170305
170352
170361
170369
170379
170380
170408
170431
170434
170442
170443
170470
170477
170478
170483
170487
170488
170526
170600
170690
170895
170929
170934
170961
170977
170988
170997
171000
171024
171041
171063
171067
171172
171180
171231
171267
171277
171281
171288
171292
171309
171359
171361
171396
171425
171434
171440
171452
171540
171558
171560
171615
171692
171694
171697
171702
171714
171718
171727
171728
171744
171758
171768
171782
171789
171790
171833
172077
172100
172135
172173
172205
172206
172241
172431
172444
172448
172470
172472
172499
172575
172578
172622
172661
172671
172691
172832
172839
172842
172847
172849
172858
172881
172988
173014
173021
173022
173147
173164
173175
173183
173185
173195
173212
173230
173254
173276
173284
173306
173430
173432
173491
173515
173522
173527
173533
173554
173573
173582
173591
173592
173596
173605
173628
173629
173632
173637
173649
174128
174153
174212
174216
174228
174253
174257
174269
174276
174284
174299
174316
174403
174645
174656
174668
174684
174690
174691
174700
174721
174725
174731
174757
174762
174791
174796
174807
174811
174849
174867
174877
174878
174931
174956
174969
174981
175003
175020
175039
175133
175228
175239
175249
175253
175291
175298
175344
175385
175400
175421
175423
175436
175457
175459
175489
175508
175510
175540
175587
175656
175666
175669
175739
175832
175836
175864
175880
175881
175890
175892
175903
175948
175963
175965
175973
176075
176099
176106
176126
176169
176170
176176
176218
176286
176297
176406
176642
176665
176676
176680
176684
176725
176759
176783
176785
176854
176856
177159
177164
177174
177195
177225
177230
177235
177261
177291
177323
177348
177364
177369
177446
177448
177504
177553
177563
177567
177690
177734
177758
177765
177781
177790
177819
177994
178039
178044
178086
178106
178110
178127
178160
178174
178175
178179
178180
178182
178212
178265
178289
178294
178318
178375
178414
178416
178418
178450
178455
178492
178498
178503
178504
178508
178574
178588
178776
178786
178800
178822
178852
178858
178881
178894
178934
178988
179029
179030
179045
179047
179052
179063
179099
179134
179221
179237
179257
179265
179272
179627
179653
179655
179665
179679
179688
179689
179691
179703
179708
179720
179743
179767
179789
179803
179862
179872
179878
179893
179965
180188
180199
180220
180288
180295
180313
180322
180327
180330
180332
180336
180432
180444
180457
180475
180486
180509
180524
180538
180541
180574
180600
180615
180636
180663
180693
180698
180700
180721
180812
180836
180852
180895
180902
180910
180920
180937
180940
180942
180953
180972
180981
180994
180999
181004
181013
181030
181035
181052
181053
181078
181130
181179
181197
181379
181413
181443
181469
181497
181515
181517
181574
181613
181620
181651
181676
181720
181734
181743
181765
181776
181852
181923
181955
181975
182020
182022
182080
182099
182213
182227
182246
182255
182281
182283
182285
182320
182328
182347
182362
182371
182372
182396
182429
182430
182460
182484
182498
182502
182617
182649
182655
182656
182659
182661
182772
182967
182978
182997
183002
183024
183026
183035
183042
183079
183094
183117
183130
183133
183143
183147
183157
183159
183180
183185
183199
183223
183226
183245
183261
183271
183280
183301
183305
183342
183350
183392
183479
183482
183567
183583
183607
183615
183616
183706
183713
183714
183717
183724
183728
183729
183760
183773
183777
183791
183822
183854
183862
183895
183912
183942
183949
183977
183991
184001
184029
184051
184072
184089
184107
184338
184358
184369
184380
184389
184403
184407
184413
184416
184417
184424
184433
184442
184450
184489
184495
184497
184555
184651
184654
184689
184815
184844
184873
184879
184916
184935
184987
185047
185091
185095
185113
185145
185168
185178
185203
185216
185239
185256
185267
185273
185294
185304
185312
185315
185333
185349
185354
185374
185393
185402
185501
185610
185618
185647
185665
185698
185705
185711
185718
185728
185737
185741
185752
185798
185823
185858
185943
185977
185985
186012
186020
186086
186155
186175
186182
186209
186221
186231
186252
186427
186461
186465
186498
186505
186528
186533
186539
186554
186561
186578
186617
186696
186700
186734
186752
186753
186761
186763
186764
186786
186799
186803
186806
186807
186817
186820
186824
186828
186831
186862
187045
187065
187092
187108
187109
187111
187112
187136
187154
187164
187175
187184
187189
187195
187226
187240
187247
187272
187296
187301
187346
187381
187398
187412
187508
187519
187530
187606
187610
187622
187624
187695
187696
187699
187738
187748
187773
187784
187796
187861
187881
187882
187953
187957
187975
187984
188064
188072
188085
188104
188222
188235
188239
188260
188364
188376
188412
188433
188445
188600
188628
188638
188643
188656
188678
188691
188697
188703
188728
188750
188763
188765
188799
188881
188892
188899
188913
188941
188948
188970
189014
189084
189094
189106
189109
189116
189171
189175
189233
189316
189331
189358
189359
189364
189425
189427
189453
189542
189582
189643
189652
189656
189661
189669
189677
189689
189691
189701
189704
189717
189718
189763
189827
189843
189844
189979
189999
190003
190007
190008
190054
190075
190159
190161
190173
190174
190205
190241
190312
190331
190448
190526
190554
190570
190575
190716
190717
190771
190778
190811
190829
190833
190853
190874
190876
190884
190900
190914
190915
190929
190936
190939
190947
190949
190959
190960
190977
190989
191000
191096
191258
191272
191284
191288
191296
191382
191640
191644
191680
191687
191726
191774
191780
191786
191833
191909
191938
191967
191968
191991
191998
192008
192020
192021
192026
192157
192161
192169
192175
192186
192196
192238
192245
192280
192313
192325
192340
192344
192378
192490
192509
192646
192704
192750
192919
192921
192991
193092
193094
193097
193126
193133
193160
193173
193200
193202
193246
193250
193261
193330
193333
193364
193367
193493
193538
193671
193685
193833
193869
193878
193880
193884
193890
193906
193947
193968
194011
194012
194027
194041
194076
194081
194087
194089
194100
194115
194125
194177
194233
194242
194292
194316
194320
194327
194336
194353
194395
194425
194429
194479
194480
194538
194558
194568
194584
194589
194596
194604
194628
194657
194660
194666
194674
194680
194702
194723
194756
194762
194773
194791
194808
194812
194831
194840
194864
194870
194892
194911
194919
194921
194924
194952
194963
194964
195008
195017
195051
195057
195066
195111
195114
195115
195128
195136
195156
195165
195180
195187
195195
195219
195243
195249
195274
195320
195323
195333
195338
195344
195345
195410
195431
195433
195460
195567
196180
196192
196240
196249
196263
196274
196275
196280
196281
196288
196296
196319
196320
196347
196348
196361
196362
196365
196392
196426
196436
196444
196448
196458
196600
196694
196830
197143
197565
197614
197644
197676
197681
197688
197706
197711
197725
197732
197773
197787
197789
197796
197797
197814
197820
197872
197874
197882
197891
197893
197937
197946
197992
198025
198047
198061
198074
198083
198088
198108
198136
198146
198149
198170
198214
198219
198234
198261
198273
198279
198299
198300
198341
198350
198373
198413
198465
198514
198864
198912
198916
198969
199013
199039
199051
199070
199079
199102
199113
199120
199142
199155
199197
199287
199293
199306
199344
199368
199434
199450
199478
199490
199565
199572
199599
199601
199690
199756
199765
199808
199895
199901
199902
199909
199924
199996
200087
200147
200171
200237
200239
200281
200425
200433
200440
200443
200444
200451
200456
200533
200631
200660
200681
200713
200731
200784
200823
200863
200887
200909
200915
200917
200921
200957
200976
201038
201041
201060
201061
201067
201078
201082
201087
201098
201099
201102
201110
201159
201207
201273
201459
201460
201485
201493
201494
201506
201511
201550
201553
201562
201579
201722
201985
201990
201994
201998
201999
202028
202043
202054
202071
202106
202122
202127
202130
202153
202201
202203
202277
202294
202304
202315
202461
202489
202509
202557
202568
202578
202624
202643
202668
202687
202796
202798
202859
202911
202913
202920
202939
202954
202955
202969
202977
202997
203003
203030
203054
203072
203085
203086
203091
203101
203108
203114
203126
203138
203140
203155
203191
203233
203251
203288
203299
203357
203380
203390
203397
203399
203402
203438
203446
203516
203535
203549
203556
203585
203593
203594
203614
203620
203622
203648
203693
203704
203705
203716
203779
203823
203885
203896
203916
203930
203933
203975
203976
203981
203983
204048
204105
204119
204340
204379
204414
204441
204447
204448
204459
204468
204482
204485
204501
204516
204522
204549
204566
204647
204650
204676
204678
204685
204686
204690
204700
204701
204711
204712
204732
204734
204748
204756
204773
204777
204778
204822
204848
204928
204946
204956
204965
204979
205040
205075
205105
205111
205117
205130
205131
205186
205230
205232
205247
205278
205292
205318
205334
205371
205440
205518
205684
205784
205810
205811
205814
205869
205882
205888
205892
205908
205912
205939
205942
205950
205959
205962
205993
205998
206028
206044
206047
206049
206070
206114
206208
206319
206331
206333
206348
206352
206363
206409
206527
206528
206549
206559
206577
206579
206584
206589
206691
206921
206928
206938
206945
206971
206972
206974
207017
207022
207038
207079
207088
207089
207100
207101
207109
207113
207120
207123
207135
207137
207176
207187
207198
207242
207265
207314
207337
207368
207372
207423
207433
207449
207458
207462
207465
207469
207477
207479
207520
207536
207539
207549
207672
207706
207707
207723
207725
207727
207767
207771
207822
207823
207833
207854
207861
207865
207872
207885
207896
207902
207991
208013
208030
208040
208041
208052
208060
208107
208110
208131
208222
208233
208254
208270
208277
208317
208539
208587
208597
208627
208634
208637
208646
208667
208678
208693
208694
208713
208718
208779
208796
208800
208804
208805
208809
208810
208842
208847
208849
208855
208882
208917
208929
208955
209099
209104
209135
209147
209150
209172
209186
209200
209213
209216
209239
209240
209260
209312
209313
209320
209330
209344
209511
209571
209587
209602
209608
209616
209617
209623
209629
209644
209655
209673
209693
209699
209708
209732
209737
209749
209750
209759
209769
209804
209814
209826
209836
209838
209865
209878
209964
210033
210079
210134
210162
210195
210233
210272
210293
210305
210314
210316
210325
210338
210386
210433
210480
210496
210502
210553
210563
210567
210570
210579
210615
210617
210676
210760
210790
210813
210885
210894
211049
211051
211057
211066
211104
211106
211122
211131
211135
211166
211192
211198
211224
211248
211249
211269
211280
211281
211285
211292
211294
211339
211346
211377
211396
211416
211492
211508
211525
211526
211551
211572
211582
211587
211608
211614
211618
211636
211646
211668
211681
211696
211698
211724
211740
211749
211754
211781
211786
211962
211964
211973
211979
212016
212024
212040
212044
212046
212047
212052
212057
212061
212064
212065
212091
212158
212165
212208
212211
212212
212214
212222
212232
212256
212424
212435
212461
212475
212493
212532
212540
212562
212596
212604
212621
212646
212656
212676
212703
212747
212754
212776
212786
212807
212826
212841
212850
212855
212863
212868
212877
212912
212938
212959
212996
213060
213065
213097
213098
213121
213122
213142
213165
213171
213173
213190
213287
213339
213345
213430
213431
213479
213490
213546
213560
213573
213581
213605
213608
213619
213620
213622
213638
213659
213667
213707
213719
213813
213827
213829
213841
213871
213877
213890
213911
213922
213940
213945
213998
214018
214149
214176
214184
214199
214210
214238
214271
214320
214337
214347
214379
214393
214512
214529
214563
214673
214693
214729
214735
214760
214811
214849
214905
214913
214979
215048
215051
215067
215143
215180
215191
215296
215317
215335
215352
215368
215392
215452
215459
215460
215482
215505
215518
215649
215692
215698
215710
215746
215810
215848
215849
215867
215920
215932
215958
216033
216060
216072
216082
216093
216103
216106
216135
216186
216188
216203
216225
216248
216298
216337
216352
216375
216428
216433
216577
216591
216604
216672
216738
216802
216967
216968
217053
217062
217071
217187
217220
217226
217256
217432
217567
217573
217656
217744
217782
217832
217889
217934
217950
217960
217963
217967
218022
218045
218104
218123
218187
218200
218209
218223
218226
218227
218245
218254
218275
218335
218351
218353
218358
218378
218566
218591
218593
218594
218606
218659
218698
218709
218716
218717
218736
218770
218849
218853
218870
218881
218910
218924
218944
218950
218966
218995
219027
219051
219064
219081
219120
219278
219629
219654
219665
219681
219714
219725
219786
219792
219798
219802
220004
220015
220036
220135
220171
220179
220209
220215
220241
220249
220250
220297
220298
220308
220323
220350
220436
220460
220481
220482
220496
220502
220517
220524
220547
220549
220582
220593
220596
220629
221014
221020
221043
221130
221134
221149
221171
221188
221191
221198
221202
221234
221243
221270
221277
221281
221307
221313
221332
221353
221354
221382
221427
221433
221538
221540
221584
221598
221634
221653
221670
221707
221731
221866
221896
221984
222005
222019
222030
222039
222174
222246
222248
222319
222377
222467
222471
222478
222491
222494
222531
222545
222559
222617
222653
222672
222704
222728
222737
222738
222757
222776
222787
222807
222809
222834
223037
223061
223063
223072
223084
223118
223122
223141
223183
223206
223218
223276
223295
223476
223533
223534
223538
223543
223609
223629
223642
223651
223668
223690
223762
223769
223782
223846
224031
224040
224076
224111
224129
224145
224146
224194
224235
224258
224259
224268
224308
224321
224349
224350
224362
224378
224397
224405
224446
224460
224464
224467
224469
224493
224498
224553
224570
224603
224837
224894
224908
224944
224961
225131
225152
225186
225404
225477
225492
225501
225517
225519
225540
225684
225702
225719
225770
225788
225811
225852
225855
225860
225867
225878
225908
225917
225927
225930
225934
225939
225943
225952
225962
225970
225978
225979
225988
225994
226038
226088
226101
226264
226265
226277
226287
226296
226310
226317
226323
226324
226342
226607
226616
226626
226737
226748
226761
226769
226775
226799
226821
226867
226869
226882
226910
227169
227200
227228
227230
227232
227272
227283
227296
227307
227332
227337
227341
227343
227347
227353
227365
227369
227395
227424
227471
227478
227482
227498
227528
227546
227557
227607
227640
227670
227682
227689
227693
227778
227789
227825
227826
227837
227862
227871
227876
227886
227887
227896
227899
227915
227929
227942
227947
228128
228178
228183
228192
228221
228244
228297
228303
228315
228341
228351
228384
228416
228420
228425
228467
228473
228503
228517
228526
228527
228528
228543
228551
228566
228593
228601
228612
228619
228625
228629
228645
228652
228724
228747
228763
228764
228791
228805
228836
228852
228856
229087
229107
229111
229116
229117
229119
229136
229149
229167
229178
229183
229184
229208
229220
229221
229255
229380
229392
229399
229428
229473
229517
229524
229537
229554
229557
229563
229604
229617
229624
229757
229773
229801
229854
229924
229978
229979
230034
230048
230056
230080
230131
230149
230153
230156
230165
230172
230189
230191
230197
230200
230212
230218
230219
230267
230303
230344
230352
230360
230476
230496
230525
230551
230563
230592
230602
230609
230615
230619
230623
230625
230654
230864
230890
230910
230925
230939
230944
230956
230982
231155
231161
231213
231273
231280
231284
231294
231302
231316
231345
231346
231350
231357
231370
231478
231497
231524
231592
231644
231682
231697
231761
231814
231847
231855
231862
231876
231877
231886
231964
232039
232042
232049
232060
232087
232090
232128
232201
232213
232542
232574
232578
232769
232824
232851
232867
232929
233207
233231
233233
233241
233243
233256
233336
233343
233344
233348
233360
233366
233380
233395
233407
233420
233443
233527
233588
233625
233667
233671
233676
233689
233696
233717
233730
233750
233766
233792
233800
233806
233834
233988
233991
234006
234017
234111
234125
234132
234204
234236
234281
234294
234362
234448
234510
234522
234530
234531
234579
234583
234592
234615
234637
234665
234705
234730
234779
234864
234994
235049
235079
235081
235187
235193
235203
235206
235225
235230
235285
235287
235301
235325
235410
235581
235645
235649
235695
235727
235733
235762
235769
235777
235785
235804
235806
235828
235839
235843
235879
235968
236013
236249
236252
236258
236261
236286
236314
236324
236329
236330
236374
236379
236386
236394
236399
236409
236413
236426
236471
236497
236498
236507
236515
236568
236577
236605
236606
236610
236615
236643
236645
236705
236735
236815
236835
236882
237038
237065
237067
237081
237099
237117
237134
237138
237174
237184
237207
237209
237241
237258
237267
237290
237339
237351
237402
237459
237545
237549
237599
237653
237737
237816
237841
237850
237856
237896
237926
237928
237933
237970
237974
238116
238117
238131
238143
238164
238186
238211
238234
238245
238285
238327
238539
238547
238570
238581
238602
238610
238612
238613
238614
238632
238636
238645
238833
238835
238862
238952
238992
239005
239007
239015
239022
239032
239049
239053
239060
239068
239072
239077
239084
239095
239164
239167
239171
239172
239275
239289
239292
239293
239295
239306
239331
239340
239348
239416
239428
239510
239555
239584
239598
239633
239634
239712
239755
239773
239785
239791
239804
239815
239855
239862
240098
240163
240172
240192
240223
240327
240344
240345
240360
240369
240373
240424
240456
240475
240604
240605
240641
240643
240668
240701
240712
240836
240851
240902
240935
240941
240943
240953
240955
240979
241048
241168
241175
241237
241292
241319
241405
241426
241451
241491
241611
241655
241853
241874
241901
241903
241990
242023
242070
242137
242192
242198
242272
242297
242306
242366
242513
242535
242546
242560
242566
242588
242609
242748
242763
242808
242842
242857
242888
242898
243013
243032
243118
243145
243146
243165
243171
243211
243234
243330
243345
243352
243368
243440
243442
243574
243594
243616
243640
243646
243677
243692
243707
243714
243853
243868
243888
243917
243993
244034
244036
244050
244114
244132
244177
244188
244245
244279
244445
244479
244487
244531
244741
244747
244764
244803
244864
244916
244920
245029
245049
245189
245193
245289
245295
245306
245308
245336
245367
245377
245394
245408
245423
245441
245443
245679
245697
245741
245802
245815
246014
246068
246084
246149
246168
246189
246228
246267
246305
246338
246348
246373
246392
246399
246408
246420
246451
246482
246499
246545
246564
246606
246657
246659
246661
246674
246730
246741
246743
246746
246856
246871
246942
247069
247193
247248
247270
247287
247325
247327
247330
247332
247536
247542
247546
247547
247566
247597
247705
247792
247899
247953
247991
248543
248551
248605
248621
248622
248655
248659
248706
248722
248729
248767
248774
248797
248803
248846
248856
248857
248879
248959
249025
249054
249056
249059
249120
249125
249140
249199
249262
249267
249277
249279
249300
249379
249422
249441
249527
249560
249688
249699
249894
249902
249905
249907
249908
249912
249944
249953
249972
249993
249997
250021
250115
250122
250166
250172
250207
250208
250232
250237
250405
250427
250498
250629
250636
250656
250678
250702
250779
251016
251041
251053
251061
251071
251094
251107
251112
251113
251164
251166
251174
251175
251180
251188
251252
251277
251282
251292
251406
251427
251473
251484
251507
251592
251602
251604
251605
251731
251982
251996
252034
252047
252077
252079
252158
252198
252211
252217
252260
252303
252318
252326
252330
252339
252340
252349
252356
252361
252364
252367
252377
252404
252405
252508
252524
252528
252614
252620
252649
252691
252718
252733
252837
252871
253023
253080
253088
253097
253131
253140
253153
253172
253236
253249
253257
253280
253327
253495
253508
253545
253689
253735
253810
253825
253826
253838
253839
253881
253888
253913
253918
253932
253957
253971
253983
254014
254059
254474
254503
254521
254555
254626
254642
254647
254657
254688
254715
254733
254745
254756
254767
254772
254782
254785
254786
254792
254817
254821
254842
254885
254888
254891
254922
254934
254954
254955
254961
254982
254995
255014
255050
255073
255112
255203
255218
255220
255221
255263
255336
255614
255653
255672
255767
255772
255785
255799
255801
255809
255856
255859
255881
255902
255910
255920
255945
255949
255973
255974
255999
256002
256036
256041
256050
256061
256062
256111
256134
256148
256158
256162
256168
256170
256194
256198
256199
256218
256222
256263
256270
256271
256292
256303
256312
256329
256331
256348
256377
256395
256403
256417
256418
256429
256436
256445
256464
256499
256555
256747
256759
256781
256808
256872
256912
256964
256967
256977
257005
257013
257069
257085
257123
257129
257162
257168
257340
257342
257448
257467
257469
257560
257571
257573
257627
257630
257757
257783
257818
257829
257833
257842
258050
258076
258086
258134
258138
258145
258161
258180
258204
258213
258234
258285
258309
258392
258421
258423
258427
258447
258483
258935
258952
259001
259033
259193
259197
259227
259231
259232
259234
259289
259291
259322
259489
259527
259553
259560
259584
259599
259667
259707
259727
259795
259820
259856
259895
259901
259932
259961
259991
259995
260003
260051
260064
260604
260626
260708
260777
260779
260782
260799
260805
260821
260861
260869
260900
260912
260915
260945
260958
260960
260973
261016
261028
261051
261090
261097
261114
261122
261140
261186
261191
261217
261218
261241
261244
261278
261285
261298
261309
261338
261387
261401
261427
261431
261436
261441
261487
261501
261558
261567
261585
261599
261983
261987
261998
262000
262010
262074
262111
262153
262161
262224
262254
262278
262318
262329
262350
262351
262363
262366
262367
262419
262458
262461
262480
262492
262544
262545
262549
262555
262567
262569
262572
262601
262604
262617
262629
262644
262645
262653
262654
262660
262701
262729
262747
262781
262809
262814
262836
262886
262896
262901
262980
263166
263175
263181
263195
263225
263400
263427
263493
263542
263558
263560
263592
263602
263690
263691
263701
263715
263776
263863
263945
264000
264047
264058
264069
264077
264136
264171
264173
264195
264241
264377
264416
264528
264537
264547
264551
264607
264611
264628
264637
264639
264669
264709
264712
264742
264765
264883
264917
264947
264973
265006
265273
265333
265377
265382
265428
265557
265577
265615
265637
265656
265659
265664
265670
265671
265674
265692
265702
265711
265724
265727
265753
265763
265793
265800
265813
265815
265830
265853
265857
265878
265893
265904
265921
265924
266111
266170
266219
266222
266274
266282
266286
266331
266333
266351
266366
266368
266370
266371
266378
266383
266435
266492
266539
266583
266622
266632
266685
266742
266760
266766
266769
266780
266794
266799
266852
266860
266887
266888
266952
266959
266986
267002
267032
267040
267155
267156
267190
267191
267248
267261
267297
267329
267332
267346
267383
267387
267403
267408
267415
267422
267430
267437
267439
267480
267667
267682
267692
267805
267922
267963
268024
268031
268040
268062
268095
268102
268121
268140
268149
268161
268164
268165
268286
268381
268397
268436
268443
268449
268465
268472
268475
268480
268500
268504
268505
268509
268510
268511
268545
268550
268568
268602
268617
268725
268931
268960
268980
269012
269059
269064
269083
269111
269196
269220
269236
269241
269269
269456
269508
269510
269519
269521
269526
269575
269579
269592
269599
269616
269659
269671
269691
269773
269793
269801
269811
269948
269972
269974
269980
270044
270117
270129
270262
270293
270346
270354
270355
270359
270383
270386
270434
270450
270454
270541
270556
270601
270676
270839
271049
271083
271110
271210
271305
271353
271416
271458
271506
271578
271634
271635
271637
271645
271661
271662
271690
271702
271771
271781
271790
271801
271803
271815
271822
271828
271834
271839
271870
271893
271900
271902
271909
271959
271978
271979
272190
272193
272277
272293
272345
272363
272376
272385
272510
272515
272532
272553
272606
272629
272702
272704
272705
272715
272719
272720
272721
272725
272745
272748
272762
272797
272873
272893
272905
272918
272941
272945
272949
272968
272969
273041
273043
273070
273071
273086
273096
273138
273158
273257
273380
273398
273427
273584
273684
273686
273732
273747
273771
273809
273820
273841
273861
273895
273904
274151
274154
274161
274249
274257
274281
274307
274359
274370
274374
274405
274466
274509
274535
274545
274561
274623
274639
274644
274652
274676
274691
274703
274709
274766
274789
274814
274876
274912
274949
275010
275030
275056
275112
275129
275130
275150
275163
275164
275173
275174
275189
275194
275196
275210
275211
275233
275234
275250
275269
275326
275401
275403
275422
275445
275458
275498
275506
275591
275599
275621
275665
275704
275713
275897
275911
275912
275987
275994
276012
276031
276056
276073
276261
276424
276629
276682
276771
276814
276817
276829
276848
276861
276866
276867
276915
276945
276984
277236
277353
277495
277504
277598
277622
277624
277627
277636
277640
277644
277650
277660
277663
277667
277722
277729
277740
277748
277766
277771
277773
277775
277780
277788
277796
277799
277818
277833
277857
277876
277899
277969
278033
278121
278131
278227
278442
278520
278652
278654
278715
278744
278769
278779
278797
278798
278800
278803
278813
278836
278853
278905
278926
278931
278996
278999
279020
279031
279038
279058
279074
279147
279161
279209
279247
279299
279302
279332
279333
279344
279353
279355
279372
279401
279408
279451
279516
279545
279546
279625
279643
279644
279689
279702
279723
279747
279777
279779
280002
280015
280038
280044
280059
280066
280077
280093
280099
280124
280243
280296
280325
280385
280389
280408
280411
280421
280538
280574
280585
280609
280622
280624
280635
280644
280648
280683
280781
280903
280950
280959
280969
280981
280985
280989
281018
281032
281052
281063
281198
281396
281417
281446
281449
281450
281469
281471
281496
281498
281499
281531
281563
281582
281589
281636
281648
281684
281687
281704
281714
281740
281830
281831
281875
281879
281939
281953
281961
281980
282064
282105
282106
282107
282235
282307
282716
282722
282795
282840
282847
282855
282984
282987
283003
283018
283094
283096
283123
283124
283213
283307
283323
283331
283406
283449
283626
283668
283680
283684
283696
283711
283764
283812
283862
283873
283876
284003
284015
284059
284068
284069
284162
284197
284198
284254
284257
284275
284279
284280
284326
284491
284534
284537
284565
284572
284580
284584
284592
284621
284694
284793
284795
284925
284954
284966
284988
285042
285168
285175
285301
285363
285433
285438
285465
285479
285520
285570
285678
285754
285761
285820
285826
285833
285914
285919
285947
286063
286214
286248
286272
286388
286389
286396
286481
286577
286625
286735
286957
286990
287003
287006
287015
287017
287049
287068
287079
287083
287133
287186
287221
287226
287234
287242
287344
287345
287372
287412
287636
287695
287843
287888
287905
287988
288000
288009
288020
288022
288079
288129
288173
288236
288248
288295
288302
288328
288329
288350
288351
288360
288389
288442
288460
288486
288500
288529
288531
288582
288596
288670
288751
288758
288882
288929
288944
288964
288974
289004
289071
289203
289239
289292
289376
289388
289424
289447
289493
289499
289525
289541
289546
289552
289605
289649
289662
289670
289679
289680
289683
289698
289743
289778
289907
289956
290018
290110
290123
290171
290228
290266
290279
290284
290300
290304
290306
290346
290393
290406
290409
290420
290435
290453
290463
290471
290475
290526
290528
290546
290575
290582
290600
290606
290608
290615
290784
290794
290846
290854
290860
290885
290971
291020
291049
291077
291106
291123
291139
291145
291154
291169
291186
291248
291264
291298
291307
291313
291340
291358
291377
291483
291503
291537
291601
291604
291653
291730
291787
291842
291922
292007
292029
292116
292147
292158
292177
292183
292201
292260
292277
292320
292340
292347
292386
292426
292434
292452
292477
292510
292520
292539
292549
292567
292579
292582
292637
292679
292745
292777
292804
292806
292848
292875
292933
292935
292936
292941
292944
292955
292971
292985
292987
293075
293099
293105
293122
293162
293181
293208
293225
293230
293231
293278
293283
293306
293399
293426
293432
293636
293663
293740
293742
293780
293834
293868
293883
293894
293928
293968
293969
293975
294025
294039
294104
294108
294120
294127
294133
294144
294160
294166
294181
294187
294195
294227
294256
294290
294318
294326
294372
294392
294401
294408
294419
294424
294434
294439
294461
294470
294482
294488
294572
294602
294616
294635
294659
294666
294782
294801
294802
294820
294838
294839
294873
294896
294908
294949
294989
294995
295000
295008
295079
295080
295085
295090
295104
295121
295136
295139
295141
295161
295197
295316
295358
295364
295378
295423
295447
295454
295483
295588
295590
295704
295722
295730
295772
295795
295849
295864
295869
295889
295913
295944
295979
295980
295985
295996
296004
296088
296118
296125
296143
296153
296188
296222
296268
296323
296409
296511
296632
296644
296768
296829
296863
296901
296972
296976
297120
297141
297229
297362
297531
297782
297876
297927
298017
298028
298067
298071
298115
298124
298235
298363
298453
298469
298480
298505
298515
298516
298522
298529
298531
298549
298590
298597
298599
298613
298619
298639
298640
298649
298653
298716
298746
298791
298845
298853
298966
298986
299001
299026
299030
299052
299064
299120
299125
299145
299167
299197
299199
299200
299205
299215
299224
299237
299323
299450
299640
299666
299798
299841
299877
299881
299886
299891
299899
299983
300012
300016
300026
300047
300051
300073
300317
300318
300438
300459
300460
300462
300482
300497
300501
300508
300511
300517
300518
300520
300543
300562
300630
300648
300674
300689
300696
300700
300715
300720
300723
300742
300760
300775
300780
300817
300829
300861
300864
300919
301188
301266
301310
301363
301380
301453
301458
301471
301480
301489
301517
301535
301561
301733
301788
301893
301913
302087
302124
302145
302192
302249
302461
302477
302519
302547
302548
302603
302611
302616
302639
302640
302749
302779
302902
303006
303024
303044
303199
303304
303382
303404
303424
303483
303538
303549
303575
303687
303694
303697
303815
304174
304189
304206
304216
304228
304237
304262
304267
304271
304298
304303
304314
304319
304346
304357
304358
304377
304387
304442
304452
304483
304502
304511
304550
304558
304559
304605
304620
304849
304850
304858
304972
305000
305024
305032
305064
305124
305135
305136
305162
305198
305260
305274
305283
305320
305331
305337
305458
305486
305506
305537
305623
305632
305644
305690
305726
305744
305793
305798
305825
305854
305855
305867
305869
305880
305975
306062
306196
306211
306214
306216
306219
306269
306318
306342
306368
306391
306449
306487
306496
306502
306513
306526
306561
306599
306622
306623
306693
306875
307065
307177
307179
307212
307215
307294
307337
307340
307365
307374
307388
307412
307439
307452
307499
307509
307527
307565
307578
307604
307615
307632
307640
307662
307770
307831
307879
307892
307921
307951
308098
308181
308215
308241
308321
308370
308396
308412
308457
308516
308585
308612
308789
308793
308844
308851
308865
308871
308885
308905
308917
308936
308950
308988
308990
309003
309007
309015
309016
309037
309070
309075
309082
309113
309118
309179
309212
309247
309323
309325
309418
309463
309465
309485
309507
309508
309514
309564
309573
309581
309604
309627
309661
309674
309703
309863
309954
309977
310124
310178
310239
310277
310378
310417
310425
310430
310447
310461
310521
310575
310710
310746
310754
310761
310769
310772
310781
310825
310972
310993
311020
311034
311035
311080
311082
311083
311103
311218
311233
311258
311305
311359
311385
311401
311410
311481
311483
311495
311515
311612
311633
311653
311668
311688
311715
311733
311734
311755
311795
311804
311821
311849
311863
311865
311878
311947
311953
311959
311962
312210
312248
312278
312293
312296
312313
312314
312341
312388
312402
312410
312740
312756
312757
312762
312821
312834
312837
312857
312871
312898
312916
312928
312954
313031
313180
313391
313399
313484
313721
313734
313808
313885
313996
314247
314283
314284
314298
314389
314394
314402
314422
314430
314445
314451
314457
314502
314522
314583
314723
314727
314770
314791
314837
314858
314869
314906
314939
314986
315029
315080
315130
315176
315556
315582
315598
315691
315745
315780
315783
315787
315811
315825
315846
316101
316202
316221
316224
316265
316270
316341
316364
316412
316441
316450
316490
316491
316494
316501
316509
316515
316540
316675
316679
316822
316836
316869
317084
317132
317262
317375
317470
317501
317515
317567
317603
317663
317755
317826
317829
317881
317897
317906
317952
317955
318090
318180
318343
318352
318386
318419
318667
318757
318760
318777
318782
318810
318829
318833
318837
318880
318892
318910
318916
318929
318933
318942
318947
318953
318956
318971
318993
318997
319009
319030
319057
319064
319065
319068
319106
319116
319138
319139
319142
319186
319206
319216
319234
319238
319269
319281
319330
319358
319361
319389
319455
319682
319719
319726
319897
319942
319944
319975
319994
319998
320011
320081
320090
320115
320134
320172
320190
320216
320218
320260
320289
320311
320327
320359
320484
320498
320558
320583
320601
320611
320684
320698
320702
320797
320948
320970
321031
321047
321089
321109
321125
321129
321135
321165
321170
321191
321193
321200
321211
321220
321234
321393
321593
321617
321634
321643
321659
321664
321690
321709
321773
321859
321862
321881
321958
321969
321970
321981
322022
322033
322089
322146
322147
322197
322226
322295
322306
322317
322335
322367
322372
322374
322384
322440
322461
322470
322485
322561
322596
322617
322625
322781
322820
322864
323124
323258
323482
323488
323525
323543
323562
323564
323781
323830
323933
323944
323949
323960
323961
323967
323970
323979
323982
323998
324005
324019
324032
324049
324051
324055
324067
324078
324079
324080
324085
324107
324113
324119
324132
324136
324147
324164
324166
324168
324187
324189
324195
324204
324220
324280
324499
324513
324519
324550
324581
324587
324590
324623
324640
324648
324720
324724
324725
324746
324750
324765
324767
324785
325142
325296
325338
325437
325459
325461
325513
325575
325644
325713
325729
325893
325912
325970
325998
326005
326011
326082
326145
326168
326193
326214
326299
326421
326422
326446
326447
326456
326459
326475
326609
326638
326694
326719
327008
327114
327234
327276
327285
327290
327310
327347
327456
327479
327535
327538
327572
327587
327612
327851
327894
327976
328028
328234
328240
328261
328386
328410
328490
328600
328604
328759
328818
328847
328956
329014
329037
329058
329089
329274
329309
329396
329430
329669
329756
329821
329837
330058
330103
330120
330128
330136
330145
330153
330171
330182
330187
330197
330383
330398
330400
330430
330439
330440
330461
330487
330688
330710
330738
330881
330905
331032
331034
331075
331080
331113
331223
331257
331264
331322
331384
331392
331473
331566
331650
331683
331820
331902
331906
331908
332105
332121
332131
332140
332148
332150
332159
332170
332189
332362
332416
332649
332756
332826
332859
332900
333009
333020
333022
333063
333099
333365
333443
333485
333491
333594
333754
333782
333822
333860
333940
333941
334192
334203
334222
334421
334426
334740
334813
334837
334842
334844
334870
334872
334876
334877
334888
334899
335072
335137
335145
335158
335160
335165
335172
335246
335496
335550
335570
335582
335618
335627
335636
335757
335770
335812
335833
335898
336161
336186
336196
336237
336290
336307
336320
336361
336365
336377
336392
336417
336423
336440
336447
336454
336455
336486
336490
336498
336499
336545
336668
336832
336884
336988
337082
337106
337140
337148
337190
337296
337301
337495
337553
337692
337938
337956
338000
338011
338021
338027
338052
338054
338066
338089
338125
338140
338155
338171
338566
338600
338697
338709
338733
338758
338833
338836
338969
339251
339270
339336
339359
339394
339406
339437
339448
339450
339453
339487
339518
339525
339552
339811
340112
340174
340240
340259
340286
340316
340320
340391
340412
340448
340478
340514
340540
340569
340647
340763
341029
341054
341139
341142
341162
341178
341210
341211
341225
341235
341241
341250
341254
341304
341320
341322
341353
341361
341365
341417
341425
341430
341433
341499
341515
341519
341522
341552
341555
341707
341780
341824
342040
342051
342140
342290
342349
342408
342423
342444
342456
342470
342471
342475
342490
342515
342535
342540
342541
342568
342569
342622
342691
342710
342712
342718
342750
342762
342782
342786
342792
342850
342852
342865
342883
342906
342916
342941
342944
342950
342968
342969
342997
343038
343080
343367
343377
343388
343444
343463
343481
343488
343514
343549
343554
343559
343571
343584
343677
343678
343777
343919
343969
343970
344012
344052
344071
344083
344084
344100
344155
344166
344330
344412
344462
344524
344605
344663
344664
344687
344728
344739
344745
344781
344930
344942
344950
344986
345004
345018
345072
345354
345380
345393
345445
345470
345583
345877
345886
345956
345971
345981
345988
346002
346060
346080
346086
346117
346128
346211
346224
346233
346361
346368
346498
346514
346548
346570
346613
346636
346665
346667
346676
346688
346692
346695
346696
346720
346729
346731
346751
346758
346774
346787
346795
346813
346816
346831
347011
347045
347267
347393
347424
347434
347441
347450
347451
347465
347467
347656
347746
347867
347911
347958
348111
348148
348207
348211
348318
348388
348538
348611
348763
348834
348837
348893
348895
348963
348968
348983
349011
349035
349174
349196
349228
349240
349241
349243
349362
349375
349419
349425
349715
349748
349765
349793
349868
349881
349914
349986
350003
350111
350126
350128
350140
350148
350338
350359
350368
350402
350570
350634
350728
350763
351097
351163
351167
351260
351312
351394
351420
351819
351838
351861
351874
351920
351966
351997
352014
352041
352089
352148
352183
352250
352254
352268
352288
352319
352320
352387
352470
352713
352764
352840
352906
352932
352940
353006
353146
353310
353461
353498
353517
353536
353538
353547
353554
353563
353566
353569
353601
353606
353622
353636
353638
353651
353653
353711
353724
353746
353790
353802
353850
353887
353916
353918
354172
354192
354251
354348
354424
354993
355028
355047
355061
355076
355079
355117
355127
355153
355156
355415
355464
355471
355485
355522
355535
355560
355745
355894
356042
356052
356089
356102
356145
356161
356184
356413
356503
356524
356547
356577
356586
356607
356615
356623
356632
356645
356647
356661
356664
356696
356700
356720
356723
356739
356740
356747
356758
356768
356781
356794
356862
356867
356930
356938
356954
357002
357075
357078
357093
357100
357513
357761
357782
357797
357895
358204
358243
358245
358291
358329
358354
358358
358360
358373
358381
358391
358447
358556
358565
358610
358665
358680
358682
358751
358772
358776
358829
359484
359565
359599
359611
359719
359784
359805
359887
359894
359902
359956
359991
360004
360013
360092
360120
360121
360125
360234
360464
360483
360492
360626
360840
360868
360895
360915
360935
360976
361250
361338
361378
361399
361451
361496
361824
361932
362188
362351
362354
362451
362476
362488
362527
362541
362561
362620
362764
362773
362789
362845
362872
362873
362885
362893
362949
362996
363051
363106
363120
363251
363280
363480
363871
363902
363904
363931
363946
363965
364066
364087
364096
364104
364341
364464
364475
364497
364504
364507
364525
364776
364790
365234
365265
365280
365317
365479
365547
365609
365721
365742
365941
366065
366117
366238
366331
366897
366942
366966
367017
367174
367350
367418
367419
367450
367572
367582
367599
367620
367764
367786
367809
367821
367842
367937
367967
368049
368300
368586
368621
368731
368815
368837
368847
368850
369003
369045
369118
369139
369351
369424
369574
369596
369660
369804
369827
369845
369848
369858
369869
369898
369907
370152
370245
370250
370373
370401
370454
370516
370583
370597
370828
370833
371054
371118
371188
371230
371248
371250
371253
371264
371270
371287
371292
371308
371330
371701
371768
371781
372042
372056
372058
372074
372106
372123
372198
372276
372500
372604
372621
372637
372650
372651
372669
372676
372677
372696
372699
372705
372711
372934
372943
372996
373034
373070
373075
373261
373275
373338
373431
373596
373640
373706
373713
373718
374140
374191
374243
374436
374517
374548
374556
374572
374590
374597
374603
374612
374666
374915
374932
374972
375016
375041
375049
375389
375424
375445
375448
375450
375461
375534
375610
375620
375857
375871
375899
375916
375963
375998
376058
376201
376211
376262
376288
376295
376323
376405
376421
376545
376603
376648
376659
376671
376781
376916
376997
377093
377156
377202
377266
377349
377369
377531
377819
377827
377835
377853
377895
377913
377914
377916
377922
377924
378200
378288
378340
378401
378428
378485
378730
378736
378741
378749
378756
378789
378869
378881
378906
378932
378940
379008
379009
379018
379019
379075
379087
379345
379355
379392
379450
379454
379457
379494
379522
379689
379786
379920
379995
380002
380046
380071
380105
380177
380260
380268
380446
380451
380464
380551
380558
380639
380883
381203
381216
381226
381274
381281
381314
381495
381549
381581
381619
381678
381692
381912
381932
381934
381944
381981
382105
382231
382274
382276
382284
382357
382365
382368
382377
382432
382508
382567
382822
382823
382828
382845
382849
382889
382990
383177
383368
383626
383636
383701
383723
383725
383736
383895
383896
383908
383924
383948
384026
384057
384076
384137
384158
384163
384169
384171
384199
384234
384236
384244
384529
384752
384814
384830
384854
384874
384894
384896
384921
384922
384979
384982
384999
385011
385015
385054
385061
385078
385108
385122
385135
385178
385241
385767
385772
386138
386143
386168
386170
386219
386230
386356
386391
386449
386472
386485
386507
386513
386532
386825
386932
386946
387014
387019
387044
387076
387088
387094
387107
387133
387146
387157
387187
387193
387218
387231
387243
387247
387255
387270
387289
387299
387300
387306
387357
387599
387606
387659
387802
387911
387968
387969
388009
388273
388300
388368
388378
388401
388561
388647
388672
388676
388714
388729
388754
389035
389045
389056
389084
389104
389131
389135
389140
389148
389151
389217
389225
389233
389381
389685
389758
389807
389852
389919
389941
389959
390001
390042
390090
390181
390207
390254
390262
390438
390442
390498
390555
390559
390811
390951
391011
391280
391371
391459
391546
391608
391686
391692
391730
391736
391987
392047
392070
392088
392099
392114
392129
392367
392518
392604
392872
392942
392949
392993
393003
393015
393164
393171
393284
393304
393315
393336
393374
393495
393616
393728
393776
393847
393914
393936
393989
394161
394164
394177
394184
394244
394282
394339
394492
394520
394654
394662
394682
394704
394714
394773
394800
394983
395066
395076
395230
395381
395463
395486
395502
395521
395525
395580
395633
395642
395661
395678
395698
395865
395893
395922
395948
396053
396071
396078
396079
396164
396196
396208
396211
396239
396290
396296
396349
396358
396368
396370
396429
396475
396700
396709
396969
396986
397542
397593
397674
397688
397690
397730
397734
398071
398203
398205
398250
398364
398493
398521
398604
398854
398898
398908
398911
398915
398958
399023
399188
399252
399270
399696
399893
399894
399938
399941
400163
400764
400847
400912
400913
400946
400971
401070
401172
401178
401185
401197
401256
401358
401430
401592
401668
401713
401749
401757
401780
402051
402205
402307
402368
402387
402397
402428
402497
402532
402750
402768
402797
402800
403050
403089
403464
403500
403600
403675
403697
403720
403748
403762
403874
404007
404308
404330
404516
404606
404713
405248
405268
405363
405504
405509
405622
405644
405677
405683
405724
405736
405758
405866
405883
406107
406170
406282
406306
406667
406765
406787
407096
407118
407139
407158
407202
407422
407499
407541
407543
407555
407622
407634
407854
407908
407975
407981
407986
407993
408024
408035
408062
408067
408080
408516
408522
408698
408787
408788
408849
408890
408915
409013
409017
409037
409129
409359
409391
409496
409515
409519
409559
409592
409593
409657
409694
409740
409764
409782
410065
410114
410133
410633
410965
410991
411000
411021
411068
411080
411092
411110
411141
411350
411583
411821
411827
411872
411940
412274
412345
412450
412653
412739
412758
412767
412787
412855
412859
412950
413082
413168
413182
413206
413318
413431
413620
413654
413665
413670
413725
413727
413761
413950
414288
414294
414556
414557
414597
414664
414694
414698
414980
415094
415141
415247
415251
415255
415410
415509
415533
415562
415663
415722
415976
416128
416129
416135
416190
416433
416449
416919
416987
417147
417230
417372
418215
418284
418457
418493
418517
418581
418607
418650
418667
418674
418691
418843
419151
419166
419196
419223
419225
419257
419285
419291
419312
419361
419440
419907
420069
420133
420169
420194
420222
420434
420494
421039
421092
421120
421124
421220
421224
421233
421268
421334
421368
421436
421505
421631
421635
421657
421671
421734
421807
421931
421994
422016
422052
422073
422124
422155
422165
422270
422359
422408
422410
422476
422495
422542
422611
422626
422630
422640
422818
423111
423127
423192
423262
423688
423800
424184
424195
424219
424266
424465
424689
424738
424839
424848
424880
424963
425003
425328
425396
425398
425405
425462
425477
425658
425733
426480
426487
426503
426517
426531
426553
426713
426747
426768
426782
426797
426838
426903
426970
427006
427066
427069
427125
427162
427236
427354
427411
427770
427797
428167
428186
428370
428501
428696
428765
428810
428906
428922
428948
428999
429011
429046
429168
429222
429271
429272
429308
429320
429375
429546
429848
429856
429887
430055
430186
430241
430288
430310
430369
430399
430446
430593
430715
430766
430821
431075
431153
431170
431243
431360
431447
431545
431563
431589
431817
431893
431929
431946
432013
432022
432045
432076
432102
432122
432171
432207
432272
432318
432417
432475
432548
432781
432890
432904
432984
433014
433032
433093
433129
433160
433232
433234
433246
433484
433522
433550
433553
433599
433638
433653
433818
433837
433894
433915
433921
433967
434245
434257
434414
434466
434821
434840
435196
435197
435204
435215
435226
435276
435397
435633
435634
435654
435746
435756
435829
435901
435929
435966
436187
436314
436583
436690
436716
436921
436936
436980
437018
437102
437128
437134
437202
437205
437206
437246
437248
437268
437331
437438
437473
437526
437571
437613
437623
437644
437662
437718
437731
437973
438093
438194
438365
438378
438380
438539
438541
438586
438601
438629
438846
438929
438976
438994
439112
439126
439141
439153
439155
439160
439183
439252
439371
439374
439520
439533
439644
439659
439660
439682
439698
1998 SQ122
1999 RQ128
2000 AL48
2000 UO70
2001 CM47
2001 HV38
2001 SD145
2001 SN208
2001 UY197
2001 UF203
2001 XQ161
2002 GY62
2002 NM79
2002 OW34
2002 PW183
2002 QW18
2002 QN92
2002 QV92
2002 QO98
2002 QW145
2002 RZ16
2002 RS31
2002 RM57
2002 RY268
2002 RJ292
2002 TC384
2002 TA335
2002 UO79
2002 XJ120
2003 FZ123
2003 JF3
2003 KM13
2003 ST365
2003 SD372
2003 SR382
2003 SX122
2003 SN383
2003 SB258
2003 SV332
2003 SP333
2003 SE341
2003 UN59
2003 UY377
2003 UF125
2003 UB138
2003 UD402
2003 UO335
2003 YF83
2004 BC106
2004 CM8
2004 DW29
2004 HM26
2004 PR21
2004 PX80
2004 PW89
2004 RG9
2004 RW98
2004 TQ92
2004 TZ193
2004 TZ193
2004 TZ351
2005 CB61
2005 EU162
2005 GM138
2005 GO182
2005 GO187
2005 JP178
2005 QQ13
2005 QV48
2005 QJ95
2005 RB15
2005 RL29
2005 RC45
2005 SF21
2005 SL22
2005 SM68
2005 SX78
2005 SP110
2005 SE121
2005 SC141
2005 SO191
2005 SB226
2005 SF262
2005 SZ262
2005 SA277
2005 TB61
2005 TW93
2005 TA144
2005 UU15
2005 UW30
2005 UJ225
2005 UD325
2005 UV103
2005 UG110
2005 UO424
2005 UM187
2005 UH460
2005 UJ225
2005 UG228
2005 UY279
2005 UD325
2005 VR5
2005 VA37
2005 VD68
2005 WD15
2005 WY42
2005 WN69
2005 WR144
2005 WZ166
2005 WD170
2005 XT62
2005 YN19
2005 YJ69
2005 YL91
2005 YR239
2005 YJ291
2006 AD35
2006 AV38
2006 AR80
2006 BW44
2006 BL156
2006 DF106
2006 EY24
2006 EE38
2006 EZ40
2006 ES51
2006 EP55
2006 EV64
2006 GJ1
2006 GS18
2006 HX18
2006 HG48
2006 QV69
2006 QH182
2006 RA16
2006 RP88
2006 SK4
2006 SL16
2006 SF25
2006 SD65
2006 SR90
2006 SE106
2006 SS396
2006 SC403
2006 SB234
2006 SR267
2006 SS268
2006 SU325
2006 SS344
2006 TK71
2006 TA73
2006 UW60
2006 UD77
2006 UK77
2006 UE94
2006 UL96
2006 UY167
2006 UE117
2006 UB122
2006 UB136
2006 UP156
2006 UT168
2006 UQ201
2006 UM273
2006 VU16
2006 VG45
2006 VW82
2006 VP138
2006 WM19
2006 WL71
2006 WJ79
2006 WS105
2006 WJ192
2006 WP205
2006 XO16
2006 XG67
2006 YW10
2007 AM12
2007 BK25
2007 BF54
2007 BO76
2007 BO87
2007 CL31
2007 CD36
2007 CL38
2007 DM2
2007 EX14
2007 EN60
2007 EV95
2007 EB152
2007 PR32
2007 PY47
2007 RQ7
2007 RQ55
2007 RJ167
2007 RS176
2007 RY209
2007 RR213
2007 RC214
2007 RB259
2007 RZ321
2007 RN325
2007 RR325
2007 SD5
2007 SN14
2007 TV4
2007 TA29
2007 TK30
2007 TG88
2007 TH377
2007 TK123
2007 TW390
2007 TG172
2007 TD447
2007 TR207
2007 TK251
2007 TZ292
2007 TP306
2007 TS308
2007 UE87
2007 UT102
2007 UC114
2007 UP119
2007 UF129
2007 VZ20
2007 VT46
2007 VT72
2007 VW121
2007 VQ147
2007 VO162
2007 VZ194
2007 VB218
2007 VD269
2007 VO281
2007 VY307
2007 VK312
2007 VF330
2007 WL8
2007 WM52
2007 XJ44
2007 XF59
2007 YS22
2007 YE39
2008 AS52
2008 AJ72
2008 AZ76
2008 CL26
2008 CR57
2008 CD137
2008 CS145
2008 CK207
2008 EU86
2008 FS73
2008 FJ105
2008 GE20
2008 GQ39
2008 JE36
2008 OW7
2008 RV15
2008 RQ41
2008 RY102
2008 SA9
2008 SY12
2008 SP90
2008 SU94
2008 SS96
2008 SC112
2008 SM113
2008 SL148
2008 SP213
2008 SC238
2008 SN239
2008 SS280
2008 SJ299
2008 TV53
2008 TW63
2008 TR66
2008 TJ79
2008 TU113
2008 TB132
2008 US34
2008 UN54
2008 UQ369
2008 UJ126
2008 UE162
2008 UV183
2008 UZ186
2008 UV222
2008 UN282
2008 UJ283
2008 UB285
2008 UV329
2008 UN349
2008 VH25
2008 VC55
2008 WU1
2008 WZ8
2008 WZ18
2008 WT29
2008 WC92
2008 WD131
2008 XC32
2008 XY37
2008 XK38
2008 YZ11
2008 YY16
2008 YD57
2009 AN27
2009 AL31
2009 BF33
2009 BG34
2009 BJ38
2009 BK103
2009 BV104
2009 BL162
2009 BF164
2009 BA174
2009 BT174
2009 CA43
2009 CW45
2009 CV52
2009 CU60
2009 CC65
2009 DL14
2009 DN30
2009 DJ84
2009 FQ3
2009 FH31
2009 HD13
2009 HB17
2009 HD18
2009 HD41
2009 HO43
2009 HE92
2009 PL19
2009 QC24
2009 QA27
2009 QS56
2009 SZ3
2009 SR10
2009 SX24
2009 ST43
2009 SH121
2009 SX161
2009 SL190
2009 SD218
2009 SX248
2009 SE289
2009 SF289
2009 SL345
2009 TY30
2009 UK58
2009 VA11
2009 VW108
2009 WO46
2009 WE99
2009 WJ188
2010 AJ33
2010 AO52
2010 CL94
2010 CW98
2010 CD127
2010 CO148
2010 CG149
2010 DH42
2010 EF41
2010 EK82
2010 EU95
2010 EE113
2010 FO2
2010 GO119
2010 JG78
2010 JA114
2010 MX36
2010 MY64
2010 MO70
2010 NG29
2010 PZ79
2010 RV4
2010 RD45
2010 RH57
2010 RB124
2010 RA155
2010 TD9
2010 TG63
2010 TB77
2010 TU96
2010 TW174
2010 UJ60
2010 VZ25
2010 VJ38
2010 VM112
2010 VY120
2010 VR206
2010 VJ207
2010 WS22
2010 WB55
2010 XA4
2010 XY71
2010 XV76
2011 AJ42
2011 BC9
2011 BT37
2011 BG44
2011 BU66
2011 BN108
2011 EU38
2011 EM78
2011 EH79
2011 ET81
2011 EW83
2011 FK21
2011 FK24
2011 FZ65
2011 FJ155
2011 GB4
2011 GU13
2011 HM63
2011 JD29
2011 KZ21
2011 QD17
2011 QS17
2011 QA77
2011 RM4
2011 SE52
2011 SC67
2011 SB79
2011 SG82
2011 SV90
2011 SQ91
2011 SX110
2011 SM111
2011 SH120
2011 SF126
2011 ST129
2011 ST183
2011 SE230
2011 SR265
2011 TV7
2011 TH14
2011 UL1
2011 UX1
2011 UA9
2011 UB59
2011 UZ241
2011 UE285
2011 UZ297
2011 UG137
2011 UJ397
2011 UZ241
2011 UV277
2011 UE285
2011 UZ297
2011 UH327
2011 VA16
2011 WA19
2011 WC35
2011 WQ59
2011 WZ84
2011 WM93
2011 WS97
2011 WG134
2011 WR135
2011 YT56
2012 BQ148
2012 CR9
2012 CA23
2012 CX29
2012 CT41
2012 DY2
2012 FL16
2012 FL59
2012 FP63
2012 GP29
2012 HT51
2012 HW80
2012 JR24
2012 JE38
2012 KP20
2012 KW24
2012 PB13
2012 PV22
2012 PK43
2012 QZ18
2012 QB49
2012 RL24
2012 RJ26
2012 SG4
2012 SB63
2012 TW29
2012 TC38
2012 TU48
2012 TF86
2012 TW117
2012 TF141
2012 TK178
2012 TP198
2012 TS215
2012 TX223
2012 TL240
2012 TM257
2012 TZ258
2012 TE265
2012 TF287
2012 TA304
2012 TL306
2012 TM306
2012 UR40
2012 UY54
2012 UX77
2012 UW87
2012 UU97
2012 UH111
2012 UY125
2012 UM147
2012 UU147
2012 VL13
2012 VM56
2012 VX78
2012 VO85
2012 VR96
2012 VZ100
2012 WK3
2012 WW4
2012 WA12
2012 XS10
2012 XD11
2012 XT56
2012 XL135
2013 AP21
2013 AZ24
2013 AD46
2013 AJ95
2013 AU100
2013 AU109
2013 AM116
2013 BN14
2013 BR22
2013 BB30
2013 BU47
2013 BX47
2013 BT48
2013 BZ48
2013 BR54
2013 CC8
2013 CX20
2013 CO44
2013 CY83
2013 CE101
2013 CC116
2013 CX130
2013 CR160
2013 CU204
2013 CC205
2013 CY207
2013 CH214
2013 EQ13
2013 EY25
2013 EV26
2013 EA27
2013 EC70
2013 EA72
2013 EH72
2013 EM79
2013 EF92
2013 FD7
2013 GU1
2013 GF38
2013 GW55
2013 GU69
2013 GK82
2013 GY94
2013 GP102
2013 HY48
2013 HJ100
2013 HP108
2013 HN118
2013 JY11
2013 JS35
2013 JT49
2013 KW16
2013 LK6
2013 PN36
2013 PE56
2013 QZ9
2013 QQ20
2013 QZ21
2013 QP55
2013 RQ32
2013 RT33
2013 RN48
2013 SJ15
2013 ST17
2013 SD38
2013 SQ38
2013 SY50
2013 SZ61
2013 TW11
2013 TC15
2013 TN17
2013 TD22
2013 TO98
2013 TG110
2013 TJ127
2013 TR142
2013 WX82
2013 WU84
2013 WB110
2013 XO14
2013 YM20
2013 YH53
2013 YN73
2013 YL97
2014 AP38
2014 BD7
2014 BK15
2014 BV20
2014 BD28
2014 BL30
2014 BN62
2014 CC6
2014 CB21
2014 CL22
2014 DU7
2014 DA27
2014 DJ49
2014 DH50
2014 DM54
2014 DZ62
2014 DF70
2014 DH129
2014 DK130
2014 DO133
2014 EB3
2014 EF16
2014 EE19
2014 EV27
2014 EK29
2014 GJ2
2014 GL4
2014 HG21
2014 HO28
2014 HF56
2014 HY73
2014 HQ127
2014 HF141
2014 HU163
2014 HB190
2014 HD195
2014 JB7
2014 JV12
2014 JT48
2014 JF59
2014 JU72
2014 KQ3
2014 KN80
2014 LS12
2014 MC9
2014 NT26
2014 NT39
2014 OQ46
2014 OZ50
2014 OM53
2014 OA54
2014 OC67
2014 OU103
2014 OO117
2014 OG378
2014 OH120
2014 OW122
2014 OA386
2014 OD143
2014 OB153
2014 OC190
2014 OL190
2014 OB209
2014 OD240
2014 OP253
2014 OV304
2014 OE352
2014 PE30
2014 PH33
2014 PO52
2014 PU65
2014 QW19
2014 QM26
2014 QL27
2014 QN36
2014 QP42
2014 QH60
2014 QP370
2014 QW374
2014 QZ377
2014 QT126
2014 QV126
2014 QL127
2014 QS397
2014 QU400
2014 QH142
2014 QH410
2014 QC418
2014 QQ427
2014 QR173
2014 QA216
2014 QX307
2014 QW319
2014 QF322
2014 QP338
2014 RX33
2014 SJ87
2014 SP91
2014 SS117
2014 SX125
2014 SP130
2014 SD230
2014 ST257
2014 SV264
2014 SZ268
2014 SM280
2014 SQ281
2014 SY291
2014 SK310
2014 SB313
2014 SM320
2014 SL334
2014 SL336
2014 TF28
2014 TA31
2014 TJ40
2014 TK42
2014 TU72
2014 TB74
2014 TH84
2014 UB5
2014 UW17
2014 UK41
2014 UJ48
2014 UB51
2014 UF68
2014 UU68
2014 UH80
2014 UR113
2014 UH119
2014 UQ130
2014 UQ134
2014 UG137
2014 UB170
2014 UJ187
2014 UX189
2014 VL4
2014 VX7
2014 VG13
2014 VK20
2014 VA27
2014 WR
2014 WC20
2014 WQ21
2014 WA25
2014 WW44
2014 WK49
2014 WH50
2014 WK52
2014 WP52
2014 WS53
2014 WH58
2014 WQ90
2014 WD123
2014 WQ141
2014 WS445
2014 WC211
2014 WO486
2014 WO226
2014 WZ231
2014 WT239
2014 XY29
2015 AT27
2015 AC38
2015 AR76
2015 AK145
2015 AD181
2015 AA232
2015 AU238
2015 BS2
2015 BC13
2015 BO16
2015 BT60
2015 BV71
2015 BY71
2015 BE78
2015 BM90
2015 BW96
2015 BC101
2015 BJ102
2015 BH119
2015 BD122
2015 BN126
2015 BQ437
2015 BV203
2015 BB242
2015 BS243
2015 BP246
2015 BA254
2015 BQ254
2015 BM256
2015 BO269
2015 BE314
2015 CW8
2015 CB16
2015 CO21
2015 CE27
2015 DX13
2015 DY63
2015 DU64
2015 DB66
2015 DG69
2015 DC78
2015 DU89
2015 DG146
2015 EO46
2015 EH51
2015 FW77
2015 FT172
2015 FR178
2015 FL195
2015 FF231
2015 FB342
2015 GT4
2015 GH31
2015 GP37
2015 HV27
2015 HB64
2015 HA79
2015 HV90
2015 HR122
2015 HT149
2015 HD169
2015 HT169
2015 HB170
2015 HC179
2015 KW27
2015 KK30
2015 KP31
2015 KF35
2015 KD53
2015 KX144
2015 MU23
2015 MV25
2015 MR26
2015 MV56
2015 MN58
2015 ML68
2015 MH80
2015 MH81
2015 MN115
2015 NT4
1995 UA79
1996 RR10
2000 US65
2001 PD52
2001 QM307
2001 SH320
2001 UZ103
2001 XY241
2002 AM126
2002 EL50
2002 GF169
2002 QK105
2002 QF136
2002 RX168
2002 RA288
2002 SL74
2002 TL35
2002 TH153
2002 VU146
2003 SO35
2003 SC57
2003 SY378
2003 SC300
2003 UR380
2003 YP7
2004 PS9
2004 PL11
2004 QX22
2004 RW171
2004 RB186
2004 TC154
2004 TL184
2004 TT194
2004 TE260
2004 TS283
2004 VM102
2004 VS104
2005 AV25
2005 EB135
2005 EM296
2005 EA304
2005 JX19
2005 JE41
2005 JB119
2005 NW12
2005 PG8
2005 QO128
2005 QE152
2005 SR121
2005 SQ126
2005 TX175
2005 UN96
2005 UR106
2005 UH369
2005 UV380
2005 UO393
2005 UU401
2005 UR435
2005 UO227
2005 UA276
2005 UO292
2005 UB326
2005 VC13
2005 VJ66
2005 VB69
2005 VF118
2005 WE13
2005 WZ45
2005 WQ52
2005 WT53
2005 WM70
2005 WU138
2005 WE160
2005 YR83
2005 YT216
2006 AF17
2006 BU155
2006 CS66
2006 EK70
2006 HF100
2006 HL141
2006 KF66
2006 QV80
2006 QP116
2006 QE160
2006 RA28
2006 RD47
2006 SL67
2006 SA104
2006 SR325
2006 TJ101
2006 TQ104
2006 UG28
2006 UK28
2006 UY167
2006 UR168
2006 UL195
2006 UU247
2006 UJ280
2006 UE281
2006 UC330
2006 VW33
2006 VN59
2006 VA75
2006 VY117
2006 VG122
2006 WB191
2007 BT85
2007 EO33
2007 EK162
2007 JQ28
2007 RV78
2007 RS87
2007 RD207
2007 RJ308
2007 TW15
2007 TT42
2007 TQ64
2007 TA124
2007 TS125
2007 TT423
2007 TP431
2007 TF437
2007 TH193
2007 TT249
2007 TX255
2007 TT300
2007 UW40
2007 UO80
2007 UV97
2007 VV100
2007 VV131
2007 VO137
2007 VA146
2007 VB146
2007 VY195
2007 VH211
2007 VY215
2007 VV255
2007 VZ282
2007 WV33
2008 AT13
2008 AD128
2008 CW56
2008 FP125
2008 GF30
2008 GW57
2008 GW64
2008 OY13
2008 RJ15
2008 RD124
2008 RM124
2008 SA38
2008 SV105
2008 SZ142
2008 SW191
2008 SA275
2008 TF19
2008 TQ31
2008 TA121
2008 TJ167
2008 UT21
2008 UG37
2008 UF56
2008 UR81
2008 UO179
2008 UQ269
2008 UL288
2008 UJ293
2008 UX302
2008 WB8
2008 WF41
2008 WK58
2008 WA128
2008 XE17
2008 XV31
2008 YP10
2008 YH77
2008 YJ107
2008 YO124
2009 BU143
2009 BN167
2009 DN18
2009 DH19
2009 DZ134
2009 EJ25
2009 FU12
2009 HP100
2009 QJ62
2009 SX18
2009 SH41
2009 SL192
2009 SW261
2009 SF314
2009 SV324
2009 SX356
2009 TH2
2009 VN12
2009 WX205
2009 WB246
2009 YC18
2010 AP13
2010 AY20
2010 AJ91
2010 AL122
2010 AT132
2010 BF13
2010 BB15
2010 BU33
2010 BF36
2010 BQ83
2010 CL24
2010 CL84
2010 CT102
2010 CD110
2010 CG126
2010 CM140
2010 CC198
2010 CO232
2010 DV5
2010 DK27
2010 DL80
2010 ED96
2010 FR17
2010 FC60
2010 FW73
2010 FO105
2010 FB110
2010 GJ2
2010 GO3
2010 GH48
2010 GN51
2010 GH83
2010 GO116
2010 HP27
2010 HP75
2010 HV109
2010 JA62
2010 JS95
2010 JN105
2010 JK129
2010 KH41
2010 KU50
2010 KY80
2010 KD96
2010 KA97
2010 LO17
2010 LU38
2010 LF47
2010 LW49
2010 ML35
2010 MF58
2010 MY96
2010 NP31
2010 NL54
2010 NW105
2010 NJ112
2010 NB116
2010 OR4
2010 OO15
2010 OC19
2010 OQ70
2010 OO78
2010 OK95
2010 ON103
2010 OQ103
2010 OG104
2010 PL27
2010 PY27
2010 PT45
2010 RY6
2010 RD7
2010 RG81
2010 RR110
2010 TG39
2010 TF88
2010 TO88
2010 TD151
2010 UT46
2010 VJ105
2010 VP114
2010 VM124
2010 VA212
2010 WV23
2010 WP62
2011 AF8
2011 BG32
2011 BS44
2011 CG26
2011 CF42
2011 DQ11
2011 EM7
2011 EP67
2011 FB14
2011 FS155
2011 KN32
2011 QR36
2011 ST40
2011 SS147
2011 SC176
2011 SD181
2011 SV243
2011 UZ51
2011 US77
2011 UD133
2011 UN205
2011 UV237
2011 UJ285
2011 UX285
2011 WZ7
2011 WV92
2012 BJ8
2012 BZ93
2012 FZ11
2012 GL4
2012 HA7
2012 HB74
2012 JW35
2012 KO23
2012 QS1
2012 QX2
2012 QL41
2012 QL43
2012 SY18
2012 SJ27
2012 TS35
2012 TN155
2012 TG223
2012 UQ2
2012 UM9
2012 VB18
2012 VG33
2012 VG41
2012 VZ59
2012 VC102
2012 WM25
2012 WL29
2012 XD4
2012 XD45
2012 XR49
2012 XG138
2013 AU40
2013 AX48
2013 AD85
2013 BW8
2013 CQ147
2013 CC173
2013 CG197
2013 DZ10
2013 EN19
2013 EB63
2013 EF97
2013 GO23
2013 HA96
2013 JD7
2013 QO24
2013 RZ61
2013 SY54
2013 SO74
2013 TL15
2013 TH23
2013 TF71
2013 TH78
2013 WG62
2013 XG18
2013 YH17
2013 YY38
2013 YO53
2013 YT106
2014 AD35
2014 CM1
2014 DY35
2014 DF56
2014 DL124
2014 DE137
2014 FP17
2014 HK142
2014 HB176
2014 HT181
2014 KB6
2014 NT11
2014 OP10
2014 ON29
2014 OW48
2014 OL362
2014 OL385
2014 OP387
2014 OL133
2014 OJ193
2014 OQ302
2014 OR303
2014 PH2
2014 PZ4
2014 PO9
2014 QF113
2014 QB117
2014 QW131
2014 QE140
2014 QY143
2014 QC424
2014 QW430
2014 QR435
2014 QT275
2014 RD5
2014 RF59
2014 SW99
2014 SB116
2014 SN118
2014 SQ118
2014 SW125
2014 SV154
2014 SR259
2014 SH334
2014 SM341
2014 TC8
2014 TK14
2014 TS26
2014 TX64
2014 UA89
2014 UY138
2014 UT193
2014 UA196
2014 WD17
2014 WO26
2014 WD44
2014 WP68
2014 WX94
2014 WL103
2014 WZ384
2014 WS429
2014 WW310
2014 XR39
2015 AC34
2015 AO37
2015 AX37
2015 AD41
2015 AD50
2015 AG101
2015 AA118
2015 AE127
2015 AU137
2015 AG145
2015 AX164
2015 AT181
2015 AC249
2015 BK7
2015 BV7
2015 BT8
2015 BY107
2015 BN124
2015 BV126
2015 BD398
2015 BA144
2015 BZ144
2015 BJ414
2015 BK164
2015 BK433
2015 BB175
2015 BC197
2015 BG468
2015 BM490
2015 BW241
2015 BL247
2015 BN249
2015 BV251
2015 BZ258
2015 BE326
2015 BD352
2015 CA7
2015 CJ14
2015 CS14
2015 CZ15
2015 CJ39
2015 CK57
2015 DV33
2015 DW35
2015 DL66
2015 DG168
2015 FB168
2015 FK231
2015 HF18
2015 HU79
2015 HO164
2015 HU168
2015 KK21
2015 LF34
2015 MV69
2015 MA88
2015 MN95
2015 MX95
2015 OQ11
2015 OE18
2015 OZ30
2015 PA26
