id
932
1379
1478
1966
2038
2113
2529
3302
3848
4030
4160
5503
5612
6336
6488
6806
6956
8210
8377
9303
9525
9585
10024
10162
10633
10972
11119
11669
11926
12147
12612
13101
13315
13509
13656
13738
13866
14158
14431
15036
15456
15510
16030
16352
16557
16705
16741
17036
17042
17192
17242
17651
18075
18157
18272
18661
19325
20079
20274
20484
20508
20532
21361
21759
23528
23728
24546
24726
24727
24932
24945
25125
25153
25386
25519
25542
25608
26021
26201
26428
26560
26794
26815
26956
27073
27392
27462
27492
27779
27852
28178
28259
28280
28737
29164
29868
30280
30316
30880
31263
31628
31637
31795
32612
32683
32687
33110
33564
33600
33608
33638
33685
34039
34092
34716
35136
35193
35267
35300
35457
35459
35461
35478
35767
36122
36266
36566
37222
37462
37648
37876
37886
38210
38279
38912
38970
39939
40038
40342
40474
40594
41596
41628
41844
42003
42118
42535
42851
43409
43524
43834
43908
44235
45892
46197
46403
46526
47339
47543
47626
48487
48584
49140
49301
49896
49992
50304
50324
50400
50484
50545
50575
51049
52573
53103
53274
53773
53965
54001
54036
54373
54964
55195
55376
55433
55486
55623
55656
56169
56217
57035
57180
57400
57947
58298
59283
59453
59496
59498
60337
61203
61362
61514
62158
62511
62533
62961
63380
63386
63441
63511
63716
63890
64457
64547
64679
64879
64935
65753
66292
66362
66679
66719
67326
67807
67826
67850
68362
68511
69112
69153
70642
70829
70862
70899
70940
71068
72108
72484
72544
73657
73659
73898
74139
74283
74311
75001
75144
75328
75616
75706
76919
77113
77171
77333
77493
77502
78146
78178
78309
78394
78519
78553
78644
79221
79248
79599
79667
80755
80784
80805
80808
81095
81166
81376
81466
81497
82397
82829
84732
85356
85893
85921
85942
86925
87118
87267
87521
88376
89127
89502
90600
90875
91015
91355
92743
92749
92783
92826
92835
92852
93063
93321
93363
93375
93413
93443
93512
93602
93647
94621
94903
95152
95218
95231
95263
95911
96777
96918
96952
97427
98272
98438
98536
98639
98747
98752
98815
98873
98911
99407
99427
99563
100046
100172
100274
100513
100983
101252
101589
101590
102004
102374
102417
102551
102899
103068
103109
103155
104434
104597
105013
106500
107136
107289
107306
107415
107564
107599
107699
107723
108813
108857
108915
109128
109366
109465
109841
110046
110377
111572
111711
111974
112178
112234
113022
113288
114212
114285
114798
114981
115485
115623
116224
116560
116963
117609
118224
118339
118670
119285
119357
119377
119537
120078
120235
120268
120509
122134
122423
122630
122842
123057
123227
123245
123312
124437
125003
125298
125312
125320
125561
125575
125696
125792
126353
126444
126523
126760
127600
127869
128505
129413
129861
130856
130891
130976
131264
132026
132215
132316
132321
132404
132528
133244
134055
134706
134747
135702
135750
136435
136578
137000
137102
137788
137814
137998
138025
138072
141915
142286
142408
142427
142496
142639
142693
142711
142911
142941
143044
143875
143964
144069
144090
144110
144397
144631
144747
145029
145331
145834
146038
146090
146309
147547
147595
147666
147867
148602
150076
150864
150875
150954
151036
151122
152157
153060
153566
153687
153693
153942
154379
154522
154834
155070
155162
155171
155206
155749
156171
156255
156860
157160
157249
159241
159328
159646
160385
160814
160831
161239
161769
161955
163287
163778
163827
164304
164322
164449
164489
164519
164982
165413
165451
165454
165562
167028
167099
167307
167731
167881
168149
168614
168912
169040
169481
169686
169701
170340
170381
170384
170528
170948
170984
171063
171064
171095
171422
172881
173308
173629
174328
174836
174884
175752
176721
176788
176868
177393
177410
177446
177470
178276
178514
178542
178851
179767
179814
180423
180454
180552
180612
180615
180705
181322
181382
181654
182038
182063
182982
183351
183901
183915
183985
184011
185141
185603
185867
188273
188881
188893
188933
190011
190238
191007
191269
191286
191316
191637
191976
192615
193341
193400
193419
194590
194655
194697
194721
194792
194908
194931
195180
195200
195341
196359
197762
197989
198143
199167
199218
199264
201474
202330
202593
203632
203657
204637
204734
205382
206462
207053
207098
207144
207515
207703
207843
209108
209123
209209
209650
209657
209675
209760
210491
210791
211207
211597
211618
211667
211670
212043
212049
212066
212075
212165
212939
213022
213024
213704
213911
213929
214214
214221
214235
214311
214338
214595
214697
214905
215458
215750
215919
216921
217267
217274
217969
218349
219069
219637
219710
220522
221023
221069
221112
222459
222465
222545
224196
224214
224265
224515
225754
225764
225789
225931
226307
227371
227390
227484
228541
228567
228609
228842
228871
229124
229458
229517
229877
230325
230609
231443
231732
232135
232138
232158
233200
233296
233665
233994
234616
234663
234669
236317
236431
236701
237350
238485
238522
238569
239076
239157
239280
240141
240369
241352
242664
242896
243670
244871
245234
245342
246715
246983
249528
249697
249825
250118
250154
250603
251562
251593
251987
253145
253300
253892
253977
254062
254595
255867
256104
256119
256746
256938
257070
257459
257562
257620
258898
258947
259216
259262
259751
262833
262839
263120
263512
263566
263918
264039
264396
264571
264983
266241
266273
266668
266717
266749
267063
267166
267318
267743
268861
269014
269358
269656
270138
270260
272241
272322
272516
272603
273627
273638
273688
273779
274141
274246
275185
275241
275977
276420
277467
278205
278254
278320
279639
280891
281169
281837
282713
282757
284023
284026
284213
284759
284915
285394
286409
286767
287409
287642
287787
288312
288587
289420
289515
289524
289873
290763
291012
291090
291618
291844
292841
292973
293260
293715
293846
293920
293979
294561
294692
294892
295198
295278
295721
296585
297223
297857
297950
298384
298906
298972
299036
299064
299070
299134
299579
299636
300535
300608
301126
301279
301412
301701
301922
302953
302984
303018
303466
303513
303514
304145
305012
305644
305662
305735
305860
306125
306210
306946
307542
307708
307737
307751
307885
307920
308016
308136
308245
308293
308636
308817
309125
309176
309429
309864
309894
311012
311656
311703
312173
312211
312272
312579
312827
314199
314265
314734
315437
315535
315537
315578
316075
317491
318624
318652
318654
319269
319366
319414
319690
319719
319762
319765
319842
319867
319899
320557
320646
320739
321624
321812
321848
322496
322644
323122
324485
324553
324991
325086
325810
326045
326968
327762
327786
327799
327833
328197
328238
328258
328281
329114
329232
329237
329288
330344
330860
331328
331475
332910
333105
333114
333198
333260
333591
333592
333876
334696
335754
335773
335809
336635
336868
336892
339244
340150
340183
340213
340231
340252
340268
340281
340294
340419
341090
341092
341104
342001
342213
342240
342273
342293
342321
343299
343490
343746
344026
344916
345441
346520
347064
348270
348292
348296
348609
349755
349976
349983
350000
351323
352266
353002
353410
356009
356110
356115
356596
356770
357266
357399
358597
359100
359117
359145
359224
359226
360230
360460
360546
360791
360799
361699
362165
362753
362784
363017
364772
365035
365867
366097
366567
366589
366591
367338
367930
368233
368430
368567
368911
368957
369086
369632
369935
371949
371951
372476
373380
373560
374308
374323
374384
374943
375236
375747
377289
377635
377662
378237
378258
378302
378684
378687
379169
379208
379213
379257
379273
379649
380769
380773
380839
382535
382610
383078
383160
383233
383585
384408
384428
384574
384944
385761
385773
386284
386369
387074
387101
387405
388941
388980
389496
390496
391829
391955
391976
394127
394973
395191
395193
395332
395350
395781
396430
396444
396759
397225
397556
397909
398715
399019
399270
399277
400589
400634
401025
401093
401431
401448
401709
401745
402548
402953
402991
402994
403318
403344
404228
404451
404456
404629
404717
406426
406566
406910
406923
406934
407301
407337
408269
408400
409848
409907
410441
410784
410801
410813
411251
411793
412038
412284
412311
412475
412911
413183
413915
414799
414808
415098
416859
418206
418229
418252
419025
419637
419840
420382
420526
421376
421768
422456
422961
423997
424526
425055
425144
425155
425238
426711
427349
427881
428234
428255
429121
429168
429660
430068
430624
430967
431848
432352
432386
432715
432798
433496
434341
435093
435607
435623
436196
436217
436556
436580
437320
438262
438743
438760
439301
439495
2001 BW64
2001 QL92
2001 TQ252
2002 NZ71
2002 QK138
2002 RS164
2003 SY31
2003 SW322
2003 SW322
2003 UQ49
2004 FD119
2004 TT78
2005 EP140
2005 GC25
2005 SC289
2005 SP291
2005 TJ108
2005 TD149
2005 UX411
2005 WV66
2005 WT76
2005 WA148
2005 YK144
2006 AL46
2006 BF52
2006 GH48
2006 HY8
2006 UM30
2006 UU165
2006 VT38
2006 XP49
2006 YS25
2007 BF22
2007 DD34
2007 HX39
2007 TG196
2007 WV16
2007 YB22
2008 AE118
2008 CP141
2008 FK135
2008 LY10
2008 OB21
2008 SV141
2008 SC183
2008 SG254
2008 TZ80
2008 TA133
2008 TO138
2008 TC149
2008 TB183
2008 UO46
2008 UB357
2008 UU119
2008 US342
2008 UB357
2008 WR33
2008 YP109
2008 YX160
2009 AR44
2009 BS31
2009 BR111
2009 BP136
2009 CX37
2009 DQ60
2009 DK112
2009 ET9
2009 FX36
2009 HG24
2009 SH35
2009 SL68
2009 TP23
2009 UJ11
2009 WL31
2010 AY139
2010 BG21
2010 MF46
2010 OL126
2010 VD123
2010 XX12
2011 BM101
2011 BD146
2011 CZ10
2011 CW43
2011 ED27
2011 GM85
2011 QR10
2011 SN70
2011 SJ122
2011 SS244
2011 UT386
2011 UK277
2011 UQ326
2011 WE70
2011 YX73
2012 AZ17
2012 BD16
2012 BW17
2012 EU
2012 FW25
2012 FU82
2012 HB12
2012 JO14
2012 QA32
2012 SW21
2012 TR96
2012 VT
2012 VB38
2012 VE72
2013 BL11
2013 BE76
2013 CN10
2013 CL48
2013 CS52
2013 CR162
2013 CY175
2013 DF12
2013 ED122
2013 GX23
2013 JO32
2013 JB61
2013 LK16
2013 NY16
2013 PP54
2013 QE77
2013 RU8
2013 RB38
2013 YV47
2013 YL97
2013 YM129
2014 CZ17
2014 DA7
2014 DP26
2014 DU50
2014 ES28
2014 FD18
2014 GC19
2014 HL23
2014 JX63
2014 KB79
2014 LC23
2014 NO48
2014 OT88
2014 OK115
2014 OW194
2014 PU29
2014 PJ48
2014 QS35
2014 QG66
2014 QT66
2014 QF142
2014 QV405
2014 QJ223
2014 SD84
2014 TZ27
2014 TD55
2014 TM56
2014 UK90
2014 UP101
2014 US182
2014 VZ5
2014 WX274
2014 WZ414
2014 WE160
2014 WT160
2014 WE183
2014 WX213
2014 WK355
2014 YB28
2014 YF41
2015 AV19
2015 BW58
2015 BJ89
2015 BA256
2015 BA262
2015 BP339
2015 DN20
2015 DV41
2015 DE90
2015 DZ222
2015 FZ215
2015 FE287
2015 FM333
2015 FJ340
2015 FQ344
2015 GS18
2015 HK141
2015 KO132
2015 LA6
2015 MZ1
2015 MV24
2015 MZ74
2015 MM129
2015 OO23
2015 OC67
1995 SC70
1998 TP1
1998 VE41
2000 GO37
2001 FC207
2001 FV234
2001 FP239
2001 YX63
2002 PB177
2003 UC84
2003 UZ155
2004 GD30
2004 TA327
2005 EB243
2005 QM134
2005 UT392
2005 UP456
2005 VR108
2006 AN13
2006 BY84
2006 CT14
2006 DV38
2006 DZ70
2006 DJ79
2006 DF190
2006 HN19
2006 HQ45
2006 RY14
2006 RT112
2006 SB375
2006 SF162
2006 SD208
2006 UZ49
2006 UQ356
2007 BT23
2007 BZ99
2007 DK57
2007 UL75
2007 UP78
2007 VS163
2007 VL236
2007 VB256
2007 VR324
2008 AG118
2008 CQ181
2008 EW53
2008 SN277
2008 UJ135
2008 UE307
2008 VU40
2009 AS3
2009 CU19
2009 CD36
2009 DU131
2009 EP13
2009 KJ32
2009 WK73
2009 WC180
2010 AY84
2010 AW88
2010 AD97
2010 AG118
2010 AO133
2010 AT138
2010 BB11
2010 BN33
2010 BJ36
2010 BP53
2010 BK63
2010 BH66
2010 BE95
2010 BQ102
2010 BX117
2010 BC130
2010 CY48
2010 CQ51
2010 CE94
2010 CE135
2010 CE201
2010 CU214
2010 CC224
2010 CS231
2010 DQ28
2010 DJ86
2010 DE90
2010 EO25
2010 ET48
2010 EE59
2010 EM145
2010 EM149
2010 EN154
2010 EL158
2010 ES158
2010 FD34
2010 FU44
2010 FY62
2010 FS78
2010 GN38
2010 GZ50
2010 GX64
2010 GP79
2010 GC93
2010 HM12
2010 HA39
2010 HO57
2010 HM64
2010 HS86
2010 HX87
2010 JD5
2010 JF7
2010 JC17
2010 JN19
2010 JA22
2010 JW50
2010 JY97
2010 JH106
2010 JL106
2010 JO108
2010 JK128
2010 JL129
2010 JR129
2010 JS137
2010 JF144
2010 KE1
2010 KD15
2010 KE27
2010 KG33
2010 KR47
2010 KC48
2010 KF65
2010 KG76
2010 KC77
2010 KF77
2010 KH80
2010 KJ115
2010 KT119
2010 LD11
2010 LB22
2010 LK22
2010 LJ43
2010 LY43
2010 LJ50
2010 LK50
2010 LO72
2010 LT75
2010 LQ84
2010 LN95
2010 LO102
2010 LY126
2010 LX132
2010 MW16
2010 MT38
2010 MN42
2010 MO55
2010 MV60
2010 MB73
2010 MT109
2010 NG7
2010 NR38
2010 NG39
2010 NR71
2010 NO73
2010 NC77
2010 ND79
2010 NP93
2010 NM95
2010 NO99
2010 NL105
2010 NQ109
2010 OC43
2010 OH84
2010 PW34
2010 PT70
2010 UJ107
2010 WT14
2011 AX49
2011 CW13
2011 GH50
2011 OC19
2011 SC104
2011 SE190
2011 SS232
2011 TZ15
2011 UU77
2011 UR238
2012 BX120
2012 BJ144
2012 CE9
2012 DP6
2012 FS65
2012 JA17
2012 QQ21
2012 UX156
2012 XD10
2013 AP76
2013 BT34
2013 CW62
2013 CG166
2013 GA5
2013 GZ83
2013 HX35
2013 HK59
2013 HH72
2013 HT92
2013 HF114
2013 HV129
2013 HC144
2013 PD42
2013 RP48
2013 YW143
2014 BU15
2014 GR25
2014 HA104
2014 HM114
2014 HK128
2014 NO54
2014 OA37
2014 ON119
2014 QB382
2014 QE188
2014 QO223
2014 QK233
2014 TJ23
2014 TK29
2014 UR190
2014 WB20
2014 WS27
2014 WA53
2014 WP360
2014 WX274
2015 AO182
2015 BQ41
2015 BC60
2015 BH75
2015 BT401
2015 BP143
2015 BZ190
2015 BN200
2015 BY214
2015 BY237
2015 BC293
2015 BU295
2015 CU29
2015 DG84
2015 EA45
2015 FM286
2015 HF7
2015 HP72
2015 HM84
2015 HY159
2015 KO124
2015 OF15
2015 OE72
2015 PH37
2015 PS41
