id
50
66
84
99
102
125
126
132
151
158
160
161
163
167
170
177
178
182
188
189
191
195
197
205
210
214
215
219
222
227
229
234
237
242
261
278
297
318
322
326
333
339
358
362
363
365
373
376
380
397
401
402
404
408
412
414
415
445
449
454
456
462
491
499
500
501
503
507
514
522
528
530
535
542
543
550
554
558
567
573
576
577
578
582
583
586
589
597
604
611
626
628
635
640
653
663
667
670
676
679
680
691
692
694
695
701
709
714
721
729
733
740
748
773
780
784
791
796
803
818
830
834
863
886
893
906
912
931
952
976
984
986
1015
1028
1036
1069
1102
1113
1162
1177
1180
1186
1241
1266
1268
1304
1390
1404
1567
1749
2223
2260
2363
2456
2674
2893
3540
3564
3596
3708
3709
4060
4086
4489
4834
5144
5254
5264
6090
7641
15436
342842
2012 CG
2012 DD86
2013 RG98