id
624
2223
4709
5126
9030
15529
22055
32464
38610
38614
51969
65111
65245
88229
99368
105808
105901
106001
110829
111770
130592
133566
139009
155326
161024
161484
178268
187692
192389
192390
196316
196488
197593
200046
217612
220351
221780
222773
222827
228005
228090
228162
229809
229902
243334
248550
249256
251534
251702
257201
257400
257495
263802
266656
291390
295644
295701
297160
310439
310871
310872
312766
315914
315925
315944
315956
321354
321570
321986
335537
337874
338343
343174
343794
349923
353801
355782
356962
359025
376532
378681
379979
386674
388876
389570
391806
391844
392197
392217
392454
395115
396140
398104
417354
421168
421338
423407
432377
435573
437728
2006 AZ93
2006 DA81
2008 GQ141
2008 HG69
2008 RG46
2009 KS5
2009 WU112
2010 UG101
2010 VE171
2012 TD52
2013 AS64
2013 AK133
2013 CA21
2013 CF39
2013 CK59
2013 CZ129
2013 RL98
2014 XD40
2015 FV140
2015 HD140
2015 JL2
2006 DL78
2008 TY97
2009 GT4
2012 BH60
2013 EC89
2014 DM71
2015 KV27