id
4579
6961
7240
7256
7570
7645
7698
7699
7706
7938
8113
8166
8406
8491
8690
8952
9296
9324
9577
9749
9792
10210
10369
10550
11281
11646
12024
12429
12548
12692
12750
12752
12755
12795
12843
13033
13084
13509
13617
13941
13951
14045
14377
14597
14910
15317
15397
16524
16694
16696
16850
17036
17058
17141
17726
17950
18035
18791
19139
19141
19142
19146
19267
19372
19420
19616
19675
19974
20163
20172
20227
20278
20550
20614
20778
20781
20809
21026
21033
21282
21335
22112
22172
22294
22821
22871
23317
23460
23705
24063
24089
24242
24488
25327
25333
25387
26402
26564
27480
27715
27724
27741
28115
28303
28311
28442
28551
29160
29318
30134
30190
31153
32621
32787
32789
33154
33416
33472
34124
34872
35069
35788
36520
36755
36943
37706
37733
38681
38734
38871
39527
41442
41602
41753
42334
42364
42613
42808
42832
43780
43781
44523
44815
45159
45882
47090
47092
48425
48526
49150
49999
50357
50384
50609
50683
50741
52862
55869
56071
56177
56202
56289
57278
58053
58163
58758
61380
65275
65678
65813
65834
67839
69271
69272
70696
71820
71894
72296
72317
72543
73054
73680
74580
74759
77985
80131
82337
85942
90706
90707
92651
92703
94558
94674
100018
100046
103500
106877
116067
130677
135014
145896
211619
241752
245224
1989 UP
1989 VB
2000 BO28