id
6556
7477
7570
7646
8166
8220
8650
8723
9224
9788
9959
10302
10329
10330
11038
11167
11592
11602
11868
11873
12263
12363
12383
12692
12814
12828
13753
14383
14847
14953
15713
15772
16253
18047
18530
18835
18889
19024
19454
19607
20278
20844
20881
21373
22061
22173
22580
23705
24183
24359
24819
25210
25387
26829
26849
27348
27721
28188
28442
29158
29163
30515
30798
31105
31592
32329
32383
32789
33236
33628
36520
36755
41048
42797
43496
44267
46443
47090
47442
48425
48440
50329
50368
52282
52470
53597
55570
57354
57607
58157
58162
58164
58623
60118
63761
64678
66223
71929
75968
78924
95843
98632
107309
133583
134717
135014