id
88452
95615
99051
99193
99247
99811
107486
107639
107775
107992
108094
108119
108234
108738
108763
108799
109078
109417
109699
109714
109737
109763
109766
109770
110192
110334
110390
110561
110678
110688
110714
110719
110733
110770
110867
110982
111018
111120
111121
111137
111153
111183
112377
113072
113667
113783
113836
114420
114519
114670
116464
116550
117025
117766
119547
119574
119590
119676
119949
120303
123737
123997
125159
125376
125779
126980
127385
127427
127443
127446
127512
127533
127583
127896
128156
128399
131248
131363
131406
131409
131442
131500
132613
132763
132856
133003
133225
133336
133421
134097
134139
134994
134995
135017
135055
135105
135135
135401
135432
135488
135983
136006
136281
136299
139151
139213
139376
139400
139407
139474
139491
139501
139518
139535
139604
139755
139760
139952
140018
140167
140276
140283
140297
140446
140484
140765
140807
140861
141463
142535
143042
143213
143320
143466
143648
144252
144336
144375
144387
144543
145174
145230
145259
145381
145469
145528
145545
145574
145580
146357
146367
146572
146620
146623
146644
146700
146713
147300
147305
147306
147385
147735
147880
148555
148574
148742
148860
148908
149121
149408
149440
149457
149492
149516
149559
150086
150637
150648
150747
150761
150822
151006
151010
151091
151105
151118
151128
151153
151492
151659
151884
152429
153272
153290
153399
153655
153682
153771
153776
153796
153797
153799
153808
153941
153951
153971
153981
154001
154005
154151
154522
154614
154615
154631
155154
155189
155206
155350
155891
156298
156323
156390
156535
157073
157566
157579
157696
158194
159197
160148
160161
160890
161169
161332
161477
161820
161938
162860
162908
162919
162969
162976
162992
163554
163599
163622
163914
164137
164192
164326
164576
164587
165502
165626
165694
165743
165748
165749
165812
165852
165906
166262
166484
166731
167500
167564
168283
169043
169059
169178
169179
169200
169269
169388
169400
169406
170103
170148
170496
170790
171044
171109
171189
171382
171411
171810
171835
171849
172785
172819
172869
173064
173722
173818
173842
173862
173964
173968
174009
174023
174024
174027
174888
175196
175257
175261
175466
175488
176232
176243
176307
176436
176508
176536
177470
177483
177602
177975
177983
177993
178250
178914
179093
179178
179306
179338
179465
179829
180532
180540
181086
182447
182452
182458
182507
182558
182563
182600
182673
182690
182839
183421
183495
183529
184117
185235
185254
185434
185998
186016
186045
186212
186223
186229
186232
186239
186853
187125
187380
187426
187462
187731
188061
188257
188302
188465
188681
188719
188764
189212
189274
189765
190032
191051
191179
191201
191488
191803
193627
193628
193759
195737
196982
197084
197121
197156
198587
198617
199159
199242
199479
199537
199694
200525
200554
200754
201164
201826
202209
202227
202650
202781
203184
203731
204041
204542
205437
205451
205452
205472
205526
206010
206342
206778
207119
207206
207604
207875
208338
208366
208422
208487
208808
209289
209365
210832
210834
210836
210878
210944
211348
211420
211596
212170
212557
212864
213320
213361
213399
213445
214261
214365
214629
214667
214699
214798
215257
215261
215282
215290
215328
215576
215701
215933
216137
216257
216319
216806
216837
216844
217050
217072
217835
217987
218744
219472
219477
219591
219596
219613
219655
219954
220335
220399
220569
221123
221267
221325
221359
221368
221845
222511
222534
222560
222570
222670
222698
223473
224253
224365
224442
224715
225207
225768
225773
225790
225815
225896
226078
226404
226567
227377
228436
228577
230726
230785
230977
231054
231919
231973
232065
232136
232279
232683
232692
232965
233415
234386
234428
234432
234881
235530
236058
236679
236888
236939
236945
237603
237646
237667
238400
239151
240384
240978
241084
241294
241474
241501
241756
241781
241798
241800
241813
241823
241832
241888
241914
242323
242428
242918
243024
243217
243272
243443
243524
243901
243933
243939
243972
244028
244056
244081
244155
244171
244206
244372
244576
245052
245238
245270
245294
245374
245656
245882
245994
246039
246728
246780
247227
247282
247339
247387
247926
248013
248140
248183
248295
248495
248786
248900
249546
250495
250552
251305
251314
252264
252280
252399
252427
252429
252537
252642
254375
254542
254637
254986
256989
257086
257332
257960
257973
258041
258058
258068
258116
258155
258283
258380
258400
258452
258454
258529
259269
260229
260282
260715
260815
260909
261000
261477
261774
262710
262777
262787
262829
263475
263666
264645
264651
264667
264713
264788
264799
265003
265683
267315
267344
267352
267395
268232
268489
268976
269347
269621
270070
270098
270100
270148
270276
270372
270409
271060
271071
271145
271146
271274
271345
273231
273627
274377
275087
275303
275725
275776
275780
275822
275942
276044
276084
276205
276999
277126
277134
277345
277517
277568
277802
278450
279103
279383
279494
279992
280207
280291
281356
281574
281883
282182
282600
282998
283027
283033
283289
283524
283578
283587
284054
284362
284376
284420
285005
285076
285832
285903
285961
286278
286352
286369
286447
286898
286951
287483
287498
287658
288113
288412
288425
289465
289480
289740
289930
291109
291833
291882
292224
292486
292711
294379
294417
294539
294795
294798
294909
295458
295541
295787
295844
296097
296436
296522
296909
297068
297581
297843
298337
298513
300115
300377
300665
300896
300901
301014
301609
301698
301742
301752
302109
302637
303090
303433
303552
305014
305145
306771
306782
306792
306811
306911
306915
306946
308282
308302
308432
308561
308778
308781
309002
309993
310068
310578
310601
310852
311333
312457
312589
312728
313137
313138
313149
313166
313195
313267
313968
314872
315682
316073
316222
316968
317012
317013
317068
317162
317190
317653
318082
318100
318117
318168
318807
319925
320565
321023
321035
321320
321460
321484
321573
321782
322134
322754
322777
322809
322814
322831
322833
322851
322882
322883
322895
322906
323283
323311
323474
323545
323755
323897
324361
324646
325326
325379
325381
325514
325598
325745
325955
326073
326466
326598
327079
327289
327578
327852
328270
328356
328465
328579
329084
329172
329560
329607
329995
330031
330039
330093
330719
330816
330819
331069
331562
331576
332184
332415
332905
333196
333344
333351
333810
334061
334090
334126
334127
334168
334201
334220
334263
334273
334339
334370
334671
334700
334752
334865
334961
335639
335852
335856
335873
335927
336002
336741
336758
336962
336996
337381
337393
337408
337486
337640
337814
337822
337847
337877
337898
337899
337928
337955
338108
338135
338443
338748
339370
339433
339457
340576
340653
340745
340751
341271
341274
341339
341560
341600
341644
341646
341711
342763
342845
342921
343004
343109
343314
343328
343487
343532
343586
343663
343800
343858
344286
344298
344303
344324
344325
344338
344364
344584
344963
344992
345543
346009
346215
346560
346866
346953
347230
347348
347662
347675
347733
347738
347807
348376
348436
348608
348816
348843
349696
350205
351841
351945
351994
353114
353307
353339
353645
353748
353822
354899
355025
357131
357369
358226
360135
360327
360348
360360
360789
360836
361026
362597
362798
363155
363166
363224
363231
363793
363796
363810
364809
365767
366041
366115
366138
366391
366837
367196
367513
367881
367979
368508
369017
369067
369127
369282
370072
370999
373097
373362
373519
373521
373560
373571
375930
376513
376850
377291
377659
378399
379486
379762
380203
380207
380230
380741
380830
380943
381258
381282
382195
382273
382333
382492
383136
383324
383774
385258
385263
385282
385294
386108
386184
386784
386905
387201
388284
389288
389452
389519
389566
389729
390588
390618
390766
391277
391285
391586
391640
392373
392594
392965
393182
393410
394296
394305
395493
395586
395916
396077
396490
396637
397372
397390
397902
398178
398687
399044
399045
399389
399926
400603
400639
400727
401180
401692
401884
402265
402285
402386
403199
403357
403939
404561
405062
405087
405380
405561
406649
406704
406771
407569
407783
408923
411875
413053
413104
413116
413512
414658
415348
415807
415817
415936
415957
416225
416278
416641
416826
416977
417299
418501
418546
420542
421061
421173
422101
422796
423184
423396
423436
424686
425027
425075
425758
426566
427249
427381
427445
427694
428333
429374
429901
430083
430459
430480
430507
431460
431478
432198
432395
432752
432831
433011
434014
434057
434070
434076
434900
436910
437012
437049
437636
437759
437887
438006
438555
438579
439613
439654
439742
2001 BO56
2001 CY10
2001 KG77
2001 OZ82
2001 OF113
2001 QQ154
2001 RQ3
2001 RS12
2001 RY152
2001 SH10
2001 SU134
2001 SY213
2001 SK301
2001 SW339
2001 SQ356
2001 TF17
2001 TC45
2001 TU126
2001 TW142
2001 TS183
2001 TA262
2001 UZ39
2001 UR64
2001 UN88
2001 UM104
2001 UO105
2001 UQ199
2001 UJ219
2001 UO229
2001 WH2
2001 WF55
2001 XO9
2001 XF91
2001 XE105
2001 XQ267
2001 YN13
2001 YG19
2001 YH44
2002 AD200
2002 GA32
2002 PS201
2004 RV7
2004 RQ213
2005 JW48
2005 NG125
2005 NP125
2005 RN51
2005 SG120
2005 UQ114
2005 UM436
2005 UK485
2005 XH29
2005 YR5
2005 YL37
2006 AR81
2006 RO7
2006 TT129
2006 UX213
2006 UD131
2006 UX213
2006 UH254
2006 UL270
2006 WC92
2006 WA122
2007 DG15
2007 EY83
2007 JY20
2007 RF29
2007 RB293
2007 SM21
2007 TA2
2007 TA80
2007 TF408
2007 TA410
2007 TX217
2007 UN109
2007 VC190
2007 VS212
2007 VA254
2007 VK315
2007 XK34
2008 AM135
2008 EJ38
2008 GO98
2008 TN152
2008 YZ97
2009 DU77
2009 EM20
2009 HE49
2010 JM94
2010 MY86
2010 UY51
2010 UN88
2010 UD95
2010 VR133
2011 CA15
2011 EG67
2011 HX8
2011 HK67
2011 JS4
2011 LO17
2011 OK1
2011 OJ22
2011 PL3
2011 SH207
2011 TW14
2011 UW204
2011 WT64
2011 WE136
2012 AJ4
2012 AO21
2012 BE19
2012 BC79
2012 BL125
2012 CS9
2012 CQ35
2012 CD53
2012 DX4
2012 DT25
2012 DA48
2012 DH97
2012 ET16
2012 FF14
2012 FC25
2012 FA33
2012 FE76
2012 GL13
2012 GY25
2012 HL6
2012 HY41
2012 HN61
2012 HR63
2012 HY68
2012 JT10
2012 JA66
2012 KY10
2012 QZ1
2012 RZ15
2012 RC37
2012 TB4
2012 TU33
2012 TN232
2012 TR248
2012 TA315
2012 UL7
2012 UO47
2012 UM76
2012 VZ43
2012 WF18
2012 XF71
2012 XQ143
2013 AM74
2013 AQ103
2013 CL71
2013 EX41
2013 EN91
2013 GM87
2013 HV4
2013 HO13
2013 HR20
2013 JC48
2013 RH61
2013 TD3
2013 WW58
2013 YD10
2013 YV55
2014 AQ9
2014 DD23
2014 FH8
2014 GV26
2014 GX35
2014 GD51
2014 KW90
2014 KT100
2014 OB6
2014 OO82
2014 OK99
2014 QK30
2014 QC167
2014 QU291
2014 QK346
2014 SJ86
2014 SY263
2014 SZ266
2014 UA50
2014 UN184
2014 VO13
2014 VP24
2014 WH497
2015 BF30
2015 BX157
2015 EE15
2015 EG30
2015 OT9