id
2456
2893
3451
3596
4068
5258
5436
5476
13475
17314
18058
21370
24279
24486
34521
35272
35276
35363
36425
38621
39270
41355
51351
51994
54596
63202
63210
63269
63287
64326
76840
83978
89934
99950
110563
110859
111198
117389
129144
133853
134329
150876
156210
179190
181773
184979
187659
190353
191108
191915
192442
193535
193592
195153
202791
215542
216034
219857
219908
223251
224782
225222
225227
228004
228099
229760
233918
241589
243323
246114
246831
248976
249755
254669
254682
257199
257383
257393
258597
258627
258698
263826
264120
266979
284447
286110
286684
286685
291316
293386
295500
296726
299552
308314
310115
310668
312464
312483
312611
312621
312793
312801
315935
316153
316165
316175
316538
316833
318101
321377
322316
322570
328732
335509
337775
337788
337860
337876
339382
340948
341021
345407
347134
349496
350053
350212
353192
353359
353748
355777
356249
356259
356904
359366
360041
362965
375259
378304
379949
379980
381739
382238
386029
386633
386645
386967
388924
389332
389334
389336
390300
390329
390330
390357
390361
392193
392209
393165
393215
396158
396159
403144
416772
417844
420716
420727
420736
420739
420748
421400
423745
425039
426049
429083
431826
433271
436241
436393
436398
436760
437280
437740
437760
2007 EH222
2008 GP141
2008 QN40
2009 SW250
2009 SX354
2009 UM124
2009 WK96
2009 WR154
2009 WG160
2010 VL19
2010 VQ177
2010 WD33
2011 OJ22
2011 OF39
2011 WU134
2011 YJ
2011 YJ2
2012 BR58
2012 QD23
2012 RB27
2012 SQ33
2012 TP146
2012 UE69
2012 UP158
2013 AQ29
2013 AX116
2013 BP14
2013 BT17
2013 BS38
2013 CF11
2013 CP211
2013 CQ213
2013 RH98
2013 TP19
2013 TD117
2014 EX16
2014 EK27
2014 FT43
2014 TG57
2014 US97
2014 WM6
2014 WJ15
2014 WD124
2015 HP120
2001 QS331
2002 EN157
2004 HR15
2006 BE89
2006 DN174
2007 RQ308
2008 FB133
2008 JH12
2008 QN42
2008 RC125
2008 RE143
2009 LJ3
2009 SZ322
2009 UM56
2009 VV35
2009 WF186
2010 UK66
2010 VC203
2010 XC43
2011 PC14
2011 WO113
2012 QA10
2012 QX25
2012 TW79
2012 TV88
2012 TL144
2012 TM178
2012 TD184
2012 TZ243
2012 TM263
2013 AU35
2013 AM166
2013 AH179
2013 BN16
2013 BV60
2013 CY221
2013 EK131
2013 TE159
2014 BY37
2014 DN83
2014 DU102
2014 EM16
2014 FT4
2014 UX182
2015 KH65
2015 KF67