id
64386
78816
78892
84810
85256
89175
91629
95835
95909
96201
96577
99872
100253
100602
104808
105006
105770
106238
110216
112481
113477
115589
117245
117470
117828
118139
120425
120508
124023
126857
127911
128377
128482
128556
130182
131443
132791
133308
133988
134302
134839
135335
136627
136751
137205
138517
138618
138695
138745
139886
140274
140782
140934
141140
141192
141194
141371
142487
144388
144909
145654
146171
146184
146221
147786
148375
148416
149002
149128
149831
150110
150258
150269
150318
150579
150582
150601
151045
152056
152194
152789
153264
154617
154801
154802
155116
155536
156665
157229
157783
157860
157910
157917
158107
159389
159694
160357
160506
161588
161737
161949
162043
163513
163668
163684
164421
165081
165789
165847
166734
166886
168374
168720
169108
169286
169366
169367
171463
171907
171908
171953
171956
172050
173876
173900
173937
174455
174466
174488
174511
175292
175439
175573
175701
176025
176499
177628
177877
178140
178459
178684
178737
178925
179289
179371
179439
179458
179468
179470
180974
181081
181226
181471
181547
181642
181704
181797
181981
182221
182226
182424
182734
182782
183563
184220
184249
184485
184833
185394
185940
186323
186616
186645
186925
186980
186995
187249
187284
187918
188179
188331
188541
188968
189016
189868
189904
189921
189941
189948
190588
191383
191404
191456
191515
191518
191557
191910
192391
193015
193696
194131
195548
195650
195732
195742
195898
196071
196684
196848
197155
197348
197393
197408
197529
198708
198709
198742
199528
199987
200345
201180
201215
201237
201291
201331
201363
201375
201400
201822
201920
201940
202313
202618
204273
204579
204788
205020
205538
205543
205573
205617
205978
206256
206834
206894
206896
207324
207552
208361
208470
208965
208985
209027
210041
210861
210897
210974
210977
211451
211894
211905
212338
213073
213364
213386
213764
214100
214422
214431
214491
214501
215589
215607
215794
217012
218965
219023
219116
219248
219281
220670
220834
221075
221484
221879
222026
223440
223480
223887
224738
225069
225464
226069
226528
226557
226860
227040
227743
227930
227959
228259
228287
228686
228892
228952
229271
229299
230008
230445
230682
230721
230747
230758
230795
231492
231665
231720
232259
232489
232606
232733
232890
233013
233604
234047
234054
234151
234367
234416
234441
234750
234862
234900
234901
234926
234941
234966
235286
235385
235400
235422
235437
235542
235996
236066
236087
236088
236099
236101
236675
236728
236995
238279
238297
238390
238706
238713
238737
238798
238823
239220
239229
239844
239897
240040
240063
240278
240433
240437
240541
240726
240774
241043
241367
241529
241568
241712
241735
241824
242025
242069
242146
242213
242407
242522
242596
242612
242673
243129
243295
243298
243319
243367
243631
243658
243718
243740
243951
244014
244126
244934
244959
244992
245014
245035
245054
245057
245498
245499
245501
245508
245536
245587
245891
245929
245992
246026
246038
246064
246445
246979
246988
246991
247010
247060
247063
247099
247128
247510
247537
247617
247684
247717
247737
247923
248022
248050
248081
248378
248387
248399
248416
248423
248524
248525
248534
248542
248544
248562
248814
248838
249235
249412
249520
249612
249619
250512
250523
250530
250784
250888
250939
250943
251797
251820
251888
252105
252151
252152
252170
252789
253371
253391
254127
254151
254159
254180
254205
254228
254242
254250
254257
254297
254325
254342
254374
255300
255432
255498
255503
256518
256531
257239
257643
257714
257730
257742
257972
259412
259424
260147
260211
260252
260272
260309
260315
260386
260491
261168
261270
261374
261457
261574
261693
261745
261799
261827
261828
261834
261859
263055
263746
264203
265030
265031
265094
265398
265469
266029
266051
266837
267148
267162
267512
267853
268547
268605
269133
269222
269248
269606
269847
269868
269910
270054
270098
270160
270596
270686
270764
270784
270898
270902
270978
271088
271092
271164
271327
271365
271926
271962
271992
272022
272039
272674
274017
274028
274030
274037
274048
274288
274438
274465
275104
275303
275421
275522
275659
275815
275826
275839
275927
276271
276315
276351
276563
276892
276967
277037
277076
278407
278426
278446
278452
278612
278923
279082
279819
279906
279912
279937
279949
279958
280141
280192
280237
280424
280735
281023
281261
281697
282145
282436
282582
282601
282666
282794
283025
283201
283413
283559
283579
283801
284101
284323
284339
284354
284376
284397
284658
285269
285350
285605
285609
285780
285781
286086
286380
286385
286508
286521
286693
286772
287201
287316
287391
287440
287469
287566
287627
287712
287774
287781
288457
288516
288588
288707
288777
288787
289147
289851
290049
290101
290617
290680
290779
291105
291133
291620
291748
292084
292100
292547
292767
292792
292823
292849
293511
293919
294059
294335
295234
295240
295458
295541
296039
296484
296516
296748
296892
296899
297087
297264
297388
297392
297399
297444
297458
297478
297490
297505
297660
297775
297841
297871
297916
297941
297945
299254
299315
299322
299331
299338
299356
299360
299762
299882
299947
299985
300121
300182
300191
300192
300233
300236
301001
301004
302047
302054
302067
302088
302321
302814
302883
303203
303215
303689
303719
303730
303743
303789
303861
304648
304717
305692
305910
306140
306155
306199
306297
306310
306587
306590
306697
306726
306864
306865
306866
306984
308350
308414
308424
308432
308506
308510
308520
308613
308992
309150
309205
309732
310061
310298
310686
311117
311351
311500
311547
311905
312441
312657
313006
313011
313014
313143
313156
313160
313294
313368
313372
313608
313909
313924
313971
313972
314375
314441
314459
314492
314545
314559
314575
314584
314948
316096
316140
316295
316492
317139
317434
317484
317673
317723
318123
318203
318216
318227
318376
319076
319081
319096
319125
319278
319295
319428
319938
320086
321028
321212
321353
321747
321762
321803
321926
322019
322326
322638
322983
322989
323010
323011
323038
323199
323253
323260
323542
323550
323622
323630
323631
324100
324240
324255
324256
324261
324299
324582
324735
324799
325372
325379
325381
325618
325690
326379
326509
326554
326576
326604
326607
326610
326623
326644
326901
326915
327037
328034
328050
328403
328416
328427
328435
328440
329536
329546
329625
329633
329874
330520
330789
330816
331513
331568
331588
331603
331811
331835
331986
332231
332239
332959
333222
333318
333320
333368
333885
334053
334065
334088
334126
334177
334201
334227
334244
334263
334273
334644
334666
334922
334944
335182
335652
335655
335659
335880
335947
335967
336024
336027
336040
336509
336530
336548
336550
336824
337001
337398
337475
337480
337520
337576
337580
337617
337621
337657
337699
337706
337712
337746
337755
337758
337820
337902
338327
338374
338417
338473
338808
338950
339034
339530
339559
339569
339579
340603
340616
340643
340668
340707
340726
340740
340754
341274
341314
341329
341363
341631
341711
341807
342835
342963
343056
343079
343144
343706
343929
344361
344390
344413
344600
344611
344839
345162
345170
345532
345533
345540
345587
345650
346221
346241
346830
347058
347378
347549
347694
347729
347733
347760
347922
347957
348155
348174
348271
348469
348550
348805
348819
348829
348859
348931
348940
348998
349033
349188
349413
349422
349468
349469
350082
350122
350432
350754
350781
350812
350821
350997
351945
352031
352038
352103
352105
352389
352632
353176
353235
353478
353630
353919
354527
354682
354687
354697
354705
355554
356195
356197
356199
356313
356331
356576
356868
357230
357494
357520
357769
358382
358417
358452
358896
359331
359367
359418
359419
359505
359510
360506
360678
360720
360958
361000
361500
361508
361938
361988
362283
362286
362395
362403
362662
363146
363294
363444
363492
363659
363709
363952
364154
364499
364523
364565
364848
365042
365251
365277
365285
365304
365367
365478
365983
366079
366255
366503
366557
366638
366666
366714
366723
367401
367591
367986
368308
368317
368318
368429
368533
369112
369183
369209
369238
369663
369777
369800
369995
370225
370319
370332
370362
370370
370409
370616
370658
370664
370666
370691
370870
371306
371801
371802
371821
372208
372271
372278
372283
372285
372293
373776
373787
373797
373807
373976
373997
374024
374032
375065
375070
375113
375517
376029
376066
376342
376832
376847
376855
376865
377019
377091
377297
377965
378373
378375
378419
378431
378433
378450
378477
378488
378503
378505
379111
379128
379933
380214
380236
380249
380386
380413
381311
381329
381333
381675
381702
381879
382133
382563
383746
383751
383812
384252
384263
384853
385229
385277
385286
385422
385869
385877
386140
386224
386258
386590
386593
386906
387090
387568
387572
387632
387713
387742
388035
388058
388403
389297
389298
389345
389531
389540
389553
389792
390246
390661
390835
390838
390861
390976
390997
391058
391064
391121
391298
391708
391772
391996
392091
392412
392428
392432
393232
393242
393371
393639
393642
393654
393667
393690
393939
394089
394277
394719
394733
394769
395363
396202
396558
396744
397190
397197
397433
397785
398067
398107
398108
398235
398290
398583
398618
398668
399026
399115
399117
399159
399283
399329
399548
399580
399633
399642
399651
399656
400439
400695
400704
400740
400750
400935
400968
400989
401129
401209
401559
402001
402006
402007
402808
403469
403486
403505
403763
403983
404772
405015
405224
405242
405243
405258
405351
405513
405708
405817
405867
406287
407084
407111
407129
407260
407262
407629
407640
407643
407756
408339
409151
409161
409170
409210
409780
410127
410130
410241
410619
410909
410990
411035
411090
411130
411593
412482
412643
412678
412879
413169
413194
413252
413442
414321
414325
414639
415585
415717
416088
416089
416144
416150
416179
416343
416414
416503
416525
416547
416555
416661
416778
418504
418616
418706
418766
418820
418826
418858
418881
418891
419183
419185
419363
419407
419420
419507
419533
420264
420568
420858
421183
421473
422151
422380
422896
422949
423094
423151
423351
423375
424227
424244
424251
424885
424904
425027
425518
425527
426762
426822
426856
427153
427203
427206
427210
427245
427459
427466
428087
428136
428144
428199
428251
428995
429295
429936
429972
430061
430315
430354
430465
430494
430513
430616
430712
430868
430875
431196
431200
431201
431465
431514
431572
431646
432092
432910
432937
433021
433745
434042
434055
434192
434328
434333
434450
434458
434631
434822
434858
434908
434915
435329
435423
436343
436371
436721
436746
437276
437606
438047
438214
438222
438244
438295
438412
438644
438983
438999
439005
439185
439199
439338
439403
439717
439719
439769
2000 SC29
2000 SF310
2000 WD13
2001 FC102
2001 OM91
2001 RW119
2001 RC150
2001 SK168
2001 TW28
2001 TL236
2001 UK105
2001 UU173
2001 VA6
2001 XN181
2002 CF158
2002 CK218
2002 GT2
2002 GN120
2002 OU26
2002 QB136
2002 RY127
2002 TR25
2002 TU167
2002 UK75
2002 VT46
2002 XK47
2002 XC57
2003 GB32
2003 HL
2003 HK8
2003 HY36
2003 KG1
2003 SH29
2003 SF207
2003 UL96
2003 WZ92
2004 DG33
2004 EZ18
2004 LW24
2004 PU82
2004 RW189
2004 RQ213
2004 RF214
2004 TC36
2004 TR119
2004 TQ328
2004 TZ110
2004 TR119
2004 TD207
2004 TQ328
2004 UH6
2004 VF19
2004 WO8
2004 YU27
2005 BG26
2005 CV26
2005 FU3
2005 GB180
2005 MN19
2005 PG29
2005 QJ42
2005 QS156
2005 RE21
2005 SJ122
2005 TZ50
2005 UE16
2005 UA27
2005 UE65
2005 UU518
2005 VK25
2005 VJ42
2005 WK150
2005 WV164
2005 WM187
2005 YC3
2005 YC59
2005 YK95
2005 YN119
2005 YA269
2006 AX7
2006 AO31
2006 DY110
2006 DN114
2006 FS20
2006 HE53
2006 HE151
2006 JQ48
2006 KY37
2006 PY1
2006 PD37
2006 PX43
2006 QL16
2006 QS85
2006 QF132
2006 RD23
2006 ST1
2006 SA61
2006 SF63
2006 SG382
2006 SH286
2006 UY267
2006 VG104
2006 WP134
2006 WC195
2007 AL29
2007 BM
2007 CN42
2007 CH50
2007 CD57
2007 DG47
2007 GH32
2007 LV37
2007 RH312
2007 RH322
2007 TS6
2007 UA38
2007 UD102
2007 VJ118
2007 VU240
2007 VE260
2007 VY324
2007 VL334
2007 WJ37
2007 XH46
2007 YQ33
2007 YS42
2007 YP49
2008 BA52
2008 CH71
2008 FT105
2008 GA
2008 GC144
2008 HU7
2008 KH40
2008 OP14
2008 PF3
2008 RT33
2008 RN142
2008 SA135
2008 SF141
2008 SU207
2008 SC267
2008 TQ175
2008 TP185
2008 UH369
2008 VM1
2008 VQ63
2008 WH97
2008 WE137
2008 XZ26
2008 YD25
2008 YZ138
2009 AG33
2009 AJ42
2009 FN25
2009 HF12
2009 HL91
2009 ON14
2009 OX22
2009 PW11
2009 QS28
2009 QQ31
2009 QF35
2009 QL51
2009 QA60
2009 QU61
2009 RD3
2009 RL7
2009 RQ32
2009 RP63
2009 SS10
2009 SA50
2009 SL66
2009 SN67
2009 SZ97
2009 SD255
2009 SK360
2009 SV108
2009 SD255
2009 SV279
2009 SC332
2009 SV359
2009 TU17
2009 TH34
2009 TK39
2009 UP121
2009 VK5
2009 VW27
2009 VZ77
2009 WV66
2009 WK173
2009 WO257
2010 AG37
2010 AJ97
2010 BM39
2010 BF49
2010 BB64
2010 BS68
2010 BL77
2010 BZ80
2010 BK87
2010 CP
2010 CF7
2010 CU20
2010 CJ76
2010 CR77
2010 DP76
2010 EW82
2010 EV113
2010 EG126
2010 FP10
2010 GU146
2010 JG133
2010 KS84
2010 KT122
2010 LS56
2010 LZ130
2010 MX84
2010 MG100
2010 ND22
2010 NT23
2010 ND118
2010 OQ12
2010 OG14
2010 OK76
2010 PA4
2010 PE47
2010 PN69
2010 PW70
2010 RY49
2010 RY75
2010 TR174
2010 UG25
2010 UJ36
2010 UL70
2010 VF37
2010 VX43
2010 VQ48
2010 VK84
2010 VB106
2010 VK195
2010 VW204
2010 WP71
2010 YG
2011 AJ5
2011 AG16
2011 AU43
2011 AT56
2011 BH11
2011 BU39
2011 BW55
2011 BT80
2011 EQ12
2011 EL66
2011 ED84
2011 FN69
2011 FB156
2011 GO68
2011 HC54
2011 LH4
2011 LS15
2011 LA17
2011 OU26
2011 QF9
2011 SQ248
2011 UK3
2011 UJ76
2011 UY91
2011 UH118
2011 UG147
2011 UX256
2011 UF271
2011 UX354
2011 WW96
2011 YR23
2011 YX45
2011 YA62
2011 YY74
2012 BR86
2012 BW131
2012 CG53
2012 DW12
2012 DE25
2012 DN29
2012 DZ55
2012 DO67
2012 DD78
2012 DF79
2012 FF14
2012 HC22
2012 HG42
2012 HV81
2012 JA38
2012 JN54
2012 KD12
2012 NC1
2012 PX13
2012 PA35
2012 TR130
2012 TO215
2012 TC254
2012 TW282
2012 TV291
2012 TU313
2012 UL69
2012 UR125
2012 UJ132
2012 UU167
2012 VC98
2012 WE6
2012 XT119
2012 XB154
2012 YU1
2013 AM32
2013 BE29
2013 CH54
2013 CE126
2013 EC94
2013 ES104
2013 EE124
2013 GV12
2013 GJ27
2013 HZ8
2013 HR12
2013 HO26
2013 JD25
2013 JL47
2013 JB49
2013 PG11
2013 QW8
2013 QR12
2013 RX35
2013 RE52
2013 RO60
2013 RH61
2013 RK69
2013 RW94
2013 RG97
2013 SY23
2013 SO30
2013 SA40
2013 TU30
2013 TL133
2013 TB137
2013 VC6
2013 VO6
2013 VT15
2013 WX5
2013 WA63
2013 XD
2013 YU8
2013 YK15
2013 YJ150
2014 AX12
2014 AK43
2014 BV5
2014 BM34
2014 CG6
2014 CU19
2014 CK20
2014 DE8
2014 DM60
2014 DC103
2014 EB32
2014 FB49
2014 JU4
2014 JP53
2014 MD36
2014 ML52
2014 MR53
2014 MP54
2014 NW34
2014 NV56
2014 OW104
2014 OK172
2014 OR199
2014 OM223
2014 QD161
2014 RV16
2014 SB221
2014 SY304
2014 SV330
2014 TG32
2014 TE39
2014 TW40
2014 UJ198
2014 VC13
2014 WK419
2014 WQ214
2014 WF504
2014 WP298
2014 WY354
2014 XO8
2015 BY7
2015 BT233
2015 CF39
2015 DO175
2015 DP194
2015 DA208
2015 EL60
2015 EZ63
2015 FV
2015 FB343
2015 HW7
2015 HW39
2015 HT60
2015 JS2
2015 KT78
2015 LN37
2015 MO49
2015 MS66
2015 MP81
2015 MO93
2015 OQ40
2015 OT74
1999 FJ69
1999 SS13
2001 QE105
2001 RO137
2001 UB96
2001 UX199
2001 VV39
2002 CM287
2003 UO375
2004 PK37
2004 SV15
2004 VX95
2004 XX11
2004 XX73
2004 XR88
2005 AQ4
2005 AB38
2005 AN55
2005 GT149
2005 MV2
2005 UC434
2005 UN214
2005 UA257
2005 VR67
2005 WC102
2005 WA122
2005 WY134
2006 BT223
2006 KB72
2006 MW2
2006 PX6
2006 SU224
2006 TH6
2006 UZ258
2006 VD125
2006 XQ63
2007 DU109
2007 EL123
2007 EZ210
2007 HR69
2007 JV15
2007 JU29
2007 PV17
2007 RO313
2007 TS147
2007 UX2
2007 VZ319
2007 VD324
2008 AX136
2008 CG95
2008 CE112
2008 SM76
2008 SM306
2008 UB122
2008 WW140
2008 YA84
2009 DR75
2009 EK14
2009 EN27
2009 FO10
2009 HZ94
2009 QD5
2009 RE19
2009 RA70
2009 RG73
2009 RH75
2009 SR97
2009 SA150
2009 SD261
2009 SC353
2009 TV37
2009 XU24
2010 AD92
2010 BE35
2010 BC93
2010 BJ96
2010 CX17
2010 CG114
2010 CT192
2010 CW192
2010 CV241
2010 DQ30
2010 ER150
2010 EQ152
2010 FY77
2010 FC121
2010 GU51
2010 GG164
2010 JC26
2010 JY70
2010 JQ93
2010 JR95
2010 JY106
2010 KQ44
2010 KS121
2010 LS32
2010 LX74
2010 MW61
2010 OQ62
2010 PG17
2010 RS131
2010 TW73
2010 VG71
2010 VG128
2011 AQ34
2011 BY9
2011 BY32
2011 BN63
2011 BF118
2011 CY2
2011 CG12
2011 CD16
2011 CQ25
2011 DG51
2011 GR51
2011 HZ1
2011 HP44
2011 LG8
2011 QP21
2011 SE51
2011 WP29
2012 DH56
2012 FN72
2012 JV39
2012 TH64
2012 TE217
2012 TQ239
2012 TQ297
2012 UO134
2013 AV12
2013 AP46
2013 AJ96
2013 AX120
2013 CR9
2013 EL25
2013 EN123
2013 FS18
2013 GG113
2013 KX1
2013 PH32
2013 QT40
2013 RR27
2013 RJ77
2013 TM47
2013 UE7
2013 YA123
2014 BX15
2014 BV45
2014 CZ5
2014 DQ12
2014 DG13
2014 KD85
2014 LM17
2014 LZ25
2014 OL155
2014 OW162
2014 OU243
2014 QZ151
2014 SO17
2014 SK263
2014 UB159
2014 YC6
2014 YM33
2014 YC41
2015 BX94
2015 BM208
2015 CV36
2015 FS175
2015 HB37
2015 HQ175
2015 KD41
2015 MP27
2015 MM76
2015 PN3
2015 PV36
2181 P-L
