id
168
733
1091
11589
13429
27719
51199
65273
79514
84873
87789
94230
94308
97560
97568
97724
111526
112452
117945
118186
119936
132948
145348
154915
164808
196161
201927
210178
220149
230787
234984
242729
250571
255540
264184
266655
270263
285018
285835
290163
293475
312705
313413
317996
326070
333126
354839
354860
359464
365313
367853
369439
373076
383433
385957
390475
391163
396143
399271
401958
403196
411948
419446
436033
437738
2002 TM92
2007 DR110
2007 WA33
2008 UT162
2008 XK39
2009 BL121
2010 NA115
2012 CH37
2012 VP93
2013 CD205
2014 HE104
2014 ON101
2014 WR212
2015 CP9
2015 KY76
2006 SJ404
2007 TH105
2007 TU323
2012 UK40
2012 VD16
2014 HR98
2014 OK30
2014 OS79
2014 QV176
2014 WQ279
2015 BS38
2015 DA84
2015 FU43
2015 FV285