id
903
1947
2137
6697
12890
14725
15493
15532
19028
20612
20707
20718
20808
23961
28703
28873
29548
29600
29719
29883
30495
32470
36253
37313
41283
42108
43236
43551
44511
45630
46260
46292
46309
47109
51254
51314
51844
51874
52744
55948
56965
59530
59882
59902
59950
60512
62308
62327
62374
63050
66653
67166
67226
68271
68791
68940
69222
71616
72470
76437
76540
76554
76605
76711
76758
77824
78247
78555
78641
80086
82782
82919
83441
83847
86182
86306
89531
90241
90576
92091
94126
94177
94252
95676
99026
99174
99866
104888
106464
106553
108563
109637
110227
110605
110966
111249
111287
111329
111399
111475
112046
112563
113723
116424
116533
117229
117383
117458
119909
119927
121834
126550
126885
126993
128059
128075
128134
128205
128244
128589
128928
130345
133475
133777
134187
135483
136733
140933
140962
141118
141325
143362
143515
145492
146847
149550
151484
152471
153297
154180
154238
154255
157775
158785
159132
162936
165776
166861
169238
169373
170134
176475
176516
177845
179497
179552
179570
181670
185480
187073
187356
187374
191203
192062
193350
193830
195798
196217
196969
197400
198680
201866
204790
207358
207784
207874
210091
211881
215578
216761
218486
220821
220893
221738
230788
232730
232956
233480
233904
233960
234794
235376
236649
239412
240513
241442
241593
242804
242930
243199
243386
243425
244090
244463
244967
245246
246088
246091
246405
246438
246442
246477
248028
248484
248799
249321
249397
251493
253082
254204
254297
254372
255473
256526
256962
258802
260334
261044
261504
262904
262969
264108
265096
265471
266006
269662
269897
271140
271356
271725
273116
273156
273211
274371
274670
276388
276700
278570
278571
279072
279082
280356
282602
282960
283233
283841
284856
285195
285225
286724
287178
287549
289217
289399
289600
289735
289783
291908
292055
293015
293227
293466
293467
293576
293884
295196
295408
295697
296168
296636
297058
297205
297807
299887
300126
301416
301803
302463
303846
303850
303867
303874
304625
305538
306192
306419
308546
308555
309666
311148
311366
311427
312711
313990
314574
315895
317195
319299
319385
319388
320076
322105
322247
322587
324222
324234
324317
324320
324777
324804
324832
324853
324855
325488
326595
327107
328768
329127
329171
330228
330230
330234
331054
331088
331103
331214
331275
331305
331443
331671
332120
332128
332242
332431
332982
333773
334411
334640
338463
340086
340790
340886
343637
345170
345586
346845
347431
347449
348156
352092
352616
353341
354363
355660
356588
357867
357873
358379
358396
358418
358423
358859
359471
359934
361478
361501
361524
361968
362881
362991
364130
364693
365316
365401
365737
365975
366009
366525
367810
367858
369592
369906
371356
372333
372730
372764
373067
373094
374283
375079
375081
375132
376009
379434
380024
380705
381291
381305
381650
381965
381985
383728
384531
384596
386229
386526
388012
388353
388785
389688
389753
390365
390702
392445
392642
392997
393217
393266
393982
394345
394784
395086
395967
396000
396056
396113
397444
397708
397991
398481
398635
398829
398883
398994
399027
399047
399444
399674
399984
400489
401478
401533
401694
401697
402380
403388
403738
403942
404496
404612
404746
404773
404991
405277
405835
405857
407498
407586
407959
408079
408347
409379
409812
410166
411094
411159
411594
411831
411927
412654
413173
413807
414752
415554
415597
417383
417386
417406
417420
418486
418749
418759
419323
420033
420162
420246
420537
420605
422290
424347
424886
424952
424983
425293
425422
425876
425881
426257
426905
427257
427370
428495
428892
429015
429021
429065
429247
431602
432121
432204
433226
434540
434897
434929
435420
436010
436985
437100
437108
438159
438436
438462
438634
438643
439127
439558
439775
439809
2002 TX314
2003 SM399
2005 JF158
2005 SA240
2005 SL282
2005 UH408
2005 UD518
2005 UU518
2005 YO88
2006 BT26
2006 EF36
2006 KT58
2006 SJ106
2006 TO112
2006 UG290
2007 BV23
2007 GR64
2007 TQ431
2007 TQ444
2007 UK113
2007 VX146
2007 YA39
2008 EK11
2008 ET59
2008 GA58
2008 GG139
2008 RG93
2008 SQ198
2008 TX16
2008 TL97
2008 UR212
2008 UK215
2008 YH43
2008 YZ120
2008 YS137
2009 BV187
2009 FZ19
2009 QB63
2009 RC45
2009 VR34
2010 AU91
2010 CW83
2010 EZ20
2010 KU59
2010 OE104
2010 TQ179
2010 VL58
2010 VX215
2010 WY31
2011 AV28
2011 CW25
2011 CM107
2011 FL1
2011 FE38
2011 HQ66
2011 UV136
2011 UX298
2011 UV136
2011 UX298
2011 UO313
2011 WJ11
2011 WF104
2011 WR130
2011 WC136
2011 YP33
2012 BR2
2012 FW63
2012 JP45
2012 JY60
2012 KD42
2012 LR
2012 TW38
2012 TF55
2012 XU21
2013 AZ170
2013 BF21
2013 CT25
2013 CE73
2013 CP76
2013 CH151
2013 CK163
2013 DX6
2013 EJ31
2013 FR5
2013 FK11
2013 FX18
2013 GH37
2013 HY8
2013 JB49
2013 QM14
2013 TT9
2013 TZ10
2013 YE56
2013 YN97
2013 YH124
2014 BR50
2014 DD33
2014 EM32
2014 FY36
2014 GV27
2014 GH37
2014 GT37
2014 HR139
2014 HG142
2014 HH161
2014 HD182
2014 JP48
2014 LX10
2014 MT31
2014 OG6
2014 OF55
2014 OA185
2014 OH202
2014 OA253
2014 OQ321
2014 PR37
2014 QU360
2014 ST217
2014 SS218
2014 UR98
2014 UB106
2014 UT168
2014 WW7
2014 WJ159
2014 WJ295
2014 WQ346
2015 BG13
2015 BE169
2015 BW446
2015 BA243
2015 DP100
2015 DM186
2015 DH193
2015 DJ197
2015 DZ209
2015 DO212
2015 EO25
2015 FY
2015 FZ211
2015 FA288
2015 FE296
2015 FJ306
2015 GY41
2015 HX36
2015 KL6
2015 KW39
2015 KD69
2015 KH76
2001 FH202
2003 SY406
2005 JM19
2005 SJ207
2005 UV514
2005 UE518
2005 UV268
2005 WF77
2005 YN76
2006 AF23
2006 CD29
2006 DM194
2006 RX71
2006 RP119
2006 SZ377
2006 SF273
2006 UK76
2006 UW172
2006 WS165
2007 FV48
2007 GB6
2007 GR71
2007 JC27
2007 RF19
2007 RH225
2007 TG133
2007 TY308
2007 TA358
2007 VC135
2007 XF55
2008 HX29
2008 TQ59
2008 UU264
2008 UK303
2008 UE338
2008 VA30
2009 AC39
2009 AK40
2009 RZ9
2009 RB45
2009 VB9
2009 WE87
2009 WZ130
2010 CY222
2010 CZ239
2010 DE57
2010 FA37
2010 GS75
2010 GA90
2010 GU93
2010 KG119
2010 LU36
2010 LC37
2010 MF18
2010 MP30
2010 MP73
2010 NK26
2010 NP70
2010 NK99
2010 OK21
2010 OH33
2010 OT52
2010 OP88
2010 OD97
2010 PA30
2010 PU33
2010 PQ68
2010 TO99
2010 VZ83
2010 VJ212
2010 VB216
2011 BG69
2011 CN5
2011 DH48
2011 EG26
2011 FU91
2011 FB149
2011 HS38
2011 HP42
2011 HW54
2011 JG25
2011 PR3
2011 SH48
2011 UO101
2011 US237
2011 UU269
2011 UZ338
2012 GP4
2012 JU44
2012 KX14
2012 QB4
2012 UE41
2012 XD31
2013 AY146
2013 AO154
2013 AF169
2013 CR107
2013 CE160
2013 CA200
2013 FK12
2013 HV60
2013 HE76
2013 HF106
2013 HS106
2013 LZ5
2013 PU1
2013 QT17
2013 WV38
2014 BA7
2014 FY1
2014 HQ121
2014 KX6
2014 KH13
2014 OY16
2014 OB145
2014 OQ199
2014 OJ225
2014 OE244
2014 OE256
2014 OF322
2014 OM323
2014 QY57
2014 QR248
2014 SS277
2014 US12
2014 UA77
2014 WF93
2014 WN372
2014 WT133
2014 WR141
2014 WA193
2014 WN232
2014 WE310
2015 AR181
2015 AK196
2015 BW69
2015 BF144
2015 BG422
2015 BB222
2015 DY15
2015 DD49
2015 DO197
2015 FS18
2015 FS212
2015 FV321
2015 GZ24
2015 KV24