id
19627
19709
19746
20573
20748
21323
21731
21770
22676
23299
24105
25482
25695
25798
26641
26952
27099
27109
27464
27930
27990
28283
28288
28786
28876
28880
29764
30267
30300
30529
31496
31512
31526
31627
31802
31822
32124
32185
32284
32994
32995
33008
33475
33616
35713
35733
35792
35988
36047
36214
36508
36629
36698
36984
37209
37236
37751
38132
38416
39113
39208
39751
43508
43948
44000
44996
45318
45371
45398
45458
45463
45517
45652
45737
45759
46266
47097
47288
47792
47878
48180
48195
48734
49394
49410
49545
49576
50182
50300
50392
50600
50820
50901
50919
51061
51104
51692
51914
53240
53895
54227
54265
54548
54652
54945
55162
55216
55884
55990
56137
56141
56329
57417
57783
58565
58838
59178
59362
60017
60082
60283
63289
64037
64236
64462
64690
65116
67074
68592
68880
69562
69797
70460
71769
72420
73938
76224
77400
77508
78248
78675
78695
78782
78926
79459
80251
80425
81595
82574
82895
83057
83336
83341
83660
84691
85454
85470
85527
85592
87647
87744
88559
88836
89044
89277
89941
90153
90200
90376
91673
92179
94097
94131
94421
94522
94746
94957
95634
96314
97404
98846
99366
100620
100695
102835
103766
103939
104190
105180
106065
107681
110407
110725
110763
110772
110774
111404
111704
112204
112633
113131
113460
114484
115533
115784
117516
117639
118370
118436
119501
119792
119941
120339
123765
125016
126681
126824
126829
127564
127631
127633
127999
128120
128244
130260
131833
131950
132885
133077
133489
134197
134767
134864
139831
140076
140301
141373
143041
143653
144094
144159
144394
145327
145398
145772
147183
148732
149994
150315
151034
154681
155041
156177
156258
156904
158082
158342
158534
159192
159998
162069
162396
163586
163894
163900
164693
164956
165947
166099
167557
169015
169016
169079
170561
171101
171639
172089
172579
172945
174713
174975
175552
177127
177131
177532
177878
181450
181551
182786
182803
183530
184190
184496
184778
186827
188395
189496
189610
189859
191149
191424
192025
192423
192434
195818
195862
196099
196825
196841
197229
197282
199306
200036
200123
201335
201368
201786
202337
202844
202912
203891
205011
207629
207824
211021
211119
211347
211769
211810
212496
214616
215776
215967
216132
216357
218068
218966
219070
220030
221757
222056
222835
222903
223590
224612
224613
224776
225218
225792
226016
228121
228122
228125
229851
230105
230955
231583
233319
233332
233832
235191
235832
235951
238495
245441
245764
246672
246896
247431
247620
247988
247994
249703
254878
255047
256075
256313
256455
257372
258942
260152
260701
260944
261309
261591
262290
263214
263624
263719
263739
263964
265805
266607
266851
266953
267457
268013
268166
268553
269121
269369
269427
272164
272196
272830
272896
274638
274651
274870
275189
275332
276471
276898
277380
277639
277862
277917
278470
278717
278972
279366
281612
282446
283151
283310
285377
290223
291412
291478
294192
295077
295253
295289
296259
298371
299236
300907
301413
301525
302672
303523
304493
305342
305631
307911
308857
308894
308903
309686
309726
315910
316468
317954
317963
318015
318107
318850
320023
320540
320644
321197
321691
322061
324281
324320
326431
330214
332120
332565
332996
333826
333870
336427
336532
336925
343332
344693
344769
351547
351793
352289
353202
355689
355707
356210
356233
357773
359432
359776
361321
362436
362855
363497
364980
365411
367317
368068
368351
369159
369648
370554
371775
372252
372571
372687
373409
375452
376236
376417
379536
379965
380069
381521
385070
386181
388772
389571
389589
389998
392222
392387
392827
393776
395808
399300
404612
407396
409633
411306
411686
417373
417394
419892
420195
421201
422504
427217
430282
437530
2002 PM190
2006 SV286
2006 SV286
2008 CL34
2008 UN233
2009 WC16
2010 NX43
2010 VK158
2012 KX5
2013 AB38
2013 EE13
2013 EX15
2013 EC119
2013 GD41
2013 PU72
2013 YC114
2014 FM14
2014 HH176
2014 LG27
2015 FT165
2015 FG297
2015 NY7