id
4004
4385
5696
7621
7720
8055
8434
8585
9250
10653
13451
17308
18214
20922
22204
22313
34914
34929
34938
36939
37446
38512
39399
39404
40155
40439
42386
42400
42408
52094
65492
65533
65607
73246
73556
73576
78819
79015
85034
90594
91841
92118
94107
96055
99969
106095
117883
117940
117946
117956
121735
123910
129382
129420
138831
141058
143532
145631
145652
149872
150094
150334
152552
153252
161966
162983
164593
168295
169375
172074
173131
174483
175110
175496
177895
178748
180170
184215
186643
187181
195636
196879
201538
205523
207962
210188
210189
213166
213427
213852
214402
214451
215088
216005
218481
219011
219884
228193
237601
239233
239742
243812
250831
260269
292618
299311
333270
369195
369956
412974
413238
2002 PJ74